430
365
378
378
374
387
381
376
373
375
377
373
375
373
391
377
381
380
378
366
373
378
372
377
386
376
373
377
378
365
383
388
381
381
383
378
375
381
375
373
388
378
381
368
382
374
383
389
382
382
362
368
374
377
373
386
375
365
363
368
383
380
388
377
377
377
374
375
374
380
361
371
372
378
367
376
375
361
371
386
382
367
382
369
366
386
372
381
387
380
378
370
370
362
373
371
375
383
365
376
380
380
378
375
378
388
386
375
378
369
383
385
384
375
384
378
384
373
387
381
370
377
373
359
380
386
364
378
360
372
365
382
376
382
383
378
371
355
371
374
376
372
372
365
370
368
379
374
381
366
367
385
383
381
376
370
375
380
373
380
375
382
367
363
372
379
385
388
387
378
385
380
375
382
373
371
369
376
371
376
363
380
374
367
388
385
391
374
377
372
374
378
378
363
373
378
382
379
384
376
384
374
386
380
366
370
369
368
368
364
375
372
368
382
373
381
377
373
350
364
379
372
379
388
381
375
389
375
386
384
369
382
384
393
376
377
379
370
391
377
359
374
379
378
376
374
381
379
368
387
378
374
383
377
378
378
370
372
371
381
382
369
381
374
377
380
373
372
376
375
380
379
378
378
384
373
374
372
379
375
382
382
378
377
385
365
380
380
358
378
374
387
390
372
361
370
361
365
363
381
378
378
376
380
383
394
375
368
374
384
378
380
375
378
386
375
385
387
376
377
382
371
365
374
376
366
365
377
371
362
377
370
366
350
375
382
372
377
383
371
368
379
377
378
392
375
373
372
363
381
375
365
375
371
377
379
374
362
377
368
381
373
382
383
382
383
380
378
377
379
367
377
369
380
372
379
378
376
376
354
359
372
383
375
367
383
376
376
387
368
384
364
363
386
373
381
378
385
377
373
382
371
372
375
387
386
376
386
373
380
380
382
374
381
381
382
383
385
368
386
375
364
369
371
387
372
382
378
379
394
394
377
378
368
383
372
374
374
387
385
373
389
381
379
379
380
385
376
367
376
380
368
381
373
377
374
382
370
377
374
384
378
387
372
367
377
377
378
369
387
382
378
373
385
377
372
370
373
379
371
378
374
380
379
377
379
378
371
363
365
375
385
374
371
366
378
374
375
375
373
379
376
381
372
376
365
383
380
375
379
376
370
375
375
383
381
372
383
374
386
369
369
370
375
374
381
378
364
370
361
363
378
384
377
380
364
374
382
380
374
384
377
383
382
383
372
375
376
368
379
375
378
359
365
370
365
381
380
384
370
388
376
380
365
383
373
371
380
382
377
378
381
367
372
366
375
376
376
378
382
372
374
370
381
378
380
385
378
379
377
390
380
379
374
381
362
369
377
364
390
365
379
377
384
375
373
379
379
374
376
391
370
357
383
370
371
376
384
366
388
387
380
376
381
376
374
389
378
379
379
379
382
374
372
373
380
359
371
374
379
377
386
379
376
353
386
389
380
376
366
383
381
367
372
367
381
392
378
386
376
374
381
375
371
378
392
372
380
378
363
373
375
380
377
377
373
378
374
390
389
382
379
365
381
376
364
385
365
374
373
377
385
373
381
383
379
380
390
380
385
385
379
386
368
378
371
380
383
372
380
383
368
385
378
380
374
361
382
374
377
373
375
368
372
369
386
385
377
370
387
381
380
379
372
372
382
390
372
377
386
375
380
379
379
379
371
378
382
374
376
380
373
364
380
381
369
378
378
387
364
387
380
378
377
376
368
380
384
366
382
385
375
381
380
385
370
373
374
379
385
380
378
380
369
372
378
375
381
367
378
384
377
373
373
356
365
383
386
378
369
389
371
380
377
366
368
369
379
381
376
382
380
378
382
383
368
382
376
367
382
376
379
371
379
385
377
370
373
389
380
378
376
380
386
375
389
367
371
370
376
380
379
365
371
384
377
375
372
390
373
387
384
372
373
390
386
385
376
391
384
370
378
384
377
377
380
381
376
380
381
382
368
378
372
379
373
378
375
374
381
385
386
381
373
381
377
366
369
363
382
385
380
377
374
377
379
374
359
382
382
387
383
376
368
381
379
387
379
377
375
376
377
387
385
374
364
368
371
373
382
377
372
383
371
382
376
383
374
379
383
373
372
375
380
385
387
378
375
383
378
374
373
366
363
381
378
378
383
369
372
372
366
383
392
377
377
381
372
375
382
384
374
361
372
368
381
373
377
384
378
378
372
369
375
372
378
381
369
376
378
374
380
375
376
372
383
384
369
364
367
385
386
376
390
382
371
372
377
369
364
376
383
381
383
386
384
388
379
383
372
378
389
381
378
378
379
374
369
378
365
383
379
372
371
390
367
377
375
376
380
378
384
371
378
370
378
369
378
383
375
389
377
368
379
381
385
380
370
379
374
382
376
387
386
375
387
379
361
383
370
374
373
389
379
372
385
384
370
372
381
387
378
381
384
378
363
367
377
379
379
377
383
386
368
375
377
375
370
372
373
371
371
379
371
385
370
387
369
367
375
379
375
382
383
370
370
387
372
373
373
388
384
384
370
368
385
364
376
366
378
386
385
371
368
380
387
374
381
382
375
388
377
380
385
384
381
374
396
385
383
380
388
377
380
386
378
381
383
383
377
374
359
369
370
377
396
375
381
377
379
381
388
383
373
377
374
374
384
389
385
371
364
366
385
383
383
371
365
374
383
381
375
386
377
372
374
378
372
390
375
377
388
382
369
370
370
384
371
386
376
368
369
381
384
378
380
377
382
377
386
383
388
385
374
370
370
382
376
370
370
370
377
368
388
369
381
375
392
368
376
391
381
372
375
377
363
382
366
369
389
379
382
365
372
381
375
381
378
376
375
383
379
377
384
370
386
380
370
375
378
382
371
375
377
377
371
378
380
379
380
387
366
369
378
375
373
382
374
378
367
373
373
375
378
383
377
379
393
380
376
392
385
381
376
368
385
379
384
384
377
378
365
381
370
389
370
375
381
374
382
377
382
386
392
374
379
369
369
368
379
386
382
376
373
376
385
379
365
376
373
368
389
378
375
375
382
376
373
377
372
366
371
371
383
383
362
385
379
383
378
383
383
378
381
384
382
368
376
383
381
385
367
375
373
371
384
377
368
379
375
378
380
389
385
385
387
373
392
392
381
373
370
372
374
390
378
374
377
374
379
374
378
371
379
377
390
379
375
378
376
364
379
381
373
376
384
370
383
379
374
384
368
375
386
379
366
373
375
381
372
364
380
372
370
371
375
376
388
382
374
388
379
366
387
381
370
369
386
383
381
366
374
369
371
363
376
372
373
375
387
386
378
379
368
369
377
377
364
370
370
366
370
384
379
376
378
383
372
374
379
379
369
385
390
357
376
378
366
368
375
378
373
390
371
381
370
371
381
365
376
378
373
382
384
382
385
386
379
380
378
371
376
377
380
376
364
381
381
376
360
370
368
385
377
373
372
370
369
385
373
384
375
371
385
387
380
376
388
381
375
380
373
378
380
389
375
371
363
383
374
379
366
378
379
373
371
388
377
382
375
371
362
364
381
385
390
376
372
359
380
374
367
368
372
357
367
383
378
371
377
383
380
379
382
378
375
372
381
376
373
371
373
382
373
376
384
379
374
379
379
372
375
387
383
379
375
389
375
356
366
362
389
367
378
380
381
373
384
372
382
381
374
376
376
372
375
365
377
377
372
379
375
373
361
359
368
377
384
382
362
389
378
376
366
378
375
375
381
378
384
373
366
377
369
376
391
371
375
383
388
373
376
385
376
391
365
381
366
365
376
376
391
379
369
366
372
367
377
372
382
380
380
379
387
379
381
385
380
375
378
383
369
377
374
378
389
378
362
374
379
367
381
381
382
374
380
381
378
366
369
381
376
371
385
377
368
361
376
389
371
370
369
384
371
384
376
380
362
385
372
382
379
379
374
386
373
390
381
371
386
380
379
390
390
370
361
370
381
381
381
374
377
376
391
374
396
382
383
375
369
375
382
376
376
372
372
374
369
383
377
379
383
373
379
379
381
365
383
377
388
385
377
378
371
380
385
380
384
374
382
387
372
363
381
361
376
383
375
386
375
378
374
393
387
370
380
369
383
390
366
363
374
366
383
379
377
379
373
389
370
379
387
380
379
373
382
366
385
382
370
373
389
382
361
380
379
390
383
376
378
384
371
376
374
363
379
382
372
381
391
382
377
373
380
382
380
385
391
384
381
380
376
370
370
368
381
364
381
379
377
383
368
375
371
382
381
384
375
368
379
380
371
363
386
377
373
373
361
360
358
391
370
365
368
389
384
378
385
392
381
375
383
372
391
373
384
377
380
378
385
383
370
379
383
373
373
372
379
381
373
384
370
375
381
376
381
374
385
386
368
367
368
387
375
378
376
374
389
384
374
377
387
387
378
380
380
377
385
371
376
380
383
367
375
364
380
376
383
380
373
379
383
386
377
383
376
379
392
389
378
379
380
385
369
389
373
373
378
388
372
382
381
383
385
371
371
380
375
364
380
383
370
375
378
375
375
384
370
383
378
375
377
384
382
381
379
379
368
370
373
376
378
376
384
387
370
371
376
372
386
389
380
381
376
381
392
373
378
377
383
367
378
382
382
383
380
377
391
379
391
376
386
388
372
381
376
384
385
376
376
389
372
388
381
371
376
371
380
379
385
386
382
372
374
386
379
381
389
380
383
377
373
374
379
376
378
376
390
372
379
376
384
388
373
389
377
373
373
367
380
383
381
386
378
372
364
370
394
383
381
374
388
382
381
382
376
362
378
378
385
384
390
380
388
378
381
374
385
370
374
380
383
379
374
372
375
375
395
374
382
382
379
373
369
379
390
385
378
369
388
381
373
374
379
386
379
376
390
377
379
369
381
374
395
378
378
391
382
388
380
376
375
387
379
377
372
381
374
373
386
386
390
376
382
368
372
372
373
372
383
370
369
372
365
366
377
379
373
377
387
377
385
389
377
383
378
376
389
381
384
373
369
383
376
380
368
376
369
386
380
384
369
371
379
385
383
381
377
382
377
374
369
387
390
372
387
389
381
384
374
379
377
379
381
376
384
376
388
382
373
388
377
393
387
384
381
373
377
388
382
379
389
372
372
383
374
372
392
378
388
380
381
386
369
389
369
377
386
384
373
380
386
382
386
381
385
389
384
360
376
363
368
379
376
379
377
372
367
391
380
386
386
388
380
382
365
381
377
377
378
375
372
379
373
392
377
365
378
369
377
389
386
383
387
374
375
374
372
390
381
377
379
378
390
389
385
378
377
384
385
380
387
375
374
370
385
391
388
389
378
377
384
389
386
382
381
382
383
387
381
377
377
372
391
382
387
373
390
372
379
375
385
379
391
379
380
377
386
387
379
386
376
380
378
384
378
387
386
384
383
388
386
391
386
381
386
387
372
391
392
383
386
382
380
387
386
374
374
380
384
391
383
392
390
382
379
384
383
387
382
385
384
387
386
378
389
405
392
386
384
389
381
383
384
365
393
383
377
392
386
396
390
384
393
387
381
388
384
382
386
397
395
390
387
394
392
380
391
382
397
388
396
387
390
394
395
389
393
392
396
390
401
399
394
392
384
385
403
399
382
394
397
387
395
395
380
395
402
409
410
402
402
412
405
404
409
407
402
405
403
410
408
405
409
405
404
404
410
415
416
416
417
416
415
417
419
419
419
421
421
422
