430
367
367
380
375
375
368
371
383
383
373
380
378
383
365
374
374
371
378
378
388
374
392
374
378
377
372
379
377
388
370
383
377
378
370
382
370
382
380
367
367
376
379
381
377
383
384
383
380
365
374
386
371
377
387
379
379
363
366
381
373
384
367
378
370
383
376
372
369
365
380
378
379
376
376
371
379
381
371
380
375
380
372
386
370
379
374
381
381
373
380
374
378
381
372
375
376
367
370
380
373
382
395
379
383
390
381
366
375
383
382
370
376
390
378
377
368
368
371
384
384
388
389
378
370
366
362
383
385
376
377
384
383
381
370
385
371
380
378
378
384
373
370
362
383
390
377
366
374
374
375
366
369
382
368
371
381
377
373
379
379
369
371
376
372
367
387
371
380
381
384
373
387
378
371
380
383
366
381
384
389
383
363
380
376
381
356
375
375
372
372
368
383
379
384
380
379
381
384
387
383
380
382
371
372
371
384
369
375
363
379
370
372
387
374
376
374
375
365
371
378
373
377
371
377
379
370
365
391
382
387
357
381
378
375
373
385
376
388
376
376
379
379
369
376
369
360
369
370
381
367
372
375
377
373
385
368
371
383
384
384
374
380
386
381
374
386
372
368
375
377
388
371
386
380
378
386
368
373
374
381
370
364
377
375
376
381
380
373
371
383
386
383
386
370
377
375
385
379
386
383
382
369
372
392
389
372
377
370
375
383
366
380
383
385
380
376
378
382
376
371
380
375
379
383
387
385
387
378
372
366
369
385
371
368
366
377
375
384
379
376
373
379
377
387
388
370
375
368
381
373
383
380
383
380
382
380
385
383
371
381
379
363
374
378
374
371
363
377
383
374
376
385
381
380
387
378
367
383
374
382
376
376
378
369
372
373
375
380
386
382
375
366
384
374
379
372
374
383
381
376
378
376
385
384
375
377
382
374
362
382
372
386
380
379
394
375
375
377
369
368
375
394
384
375
377
368
366
374
364
378
385
367
381
377
379
374
366
376
369
374
365
372
370
370
369
385
382
380
370
378
363
369
379
367
369
380
379
375
385
377
369
367
372
384
379
387
379
382
386
371
367
378
373
379
366
373
368
360
375
380
376
374
377
385
373
374
377
376
384
375
387
380
380
371
367
368
379
376
381
373
377
391
360
373
379
374
372
373
377
391
383
384
372
375
381
373
371
388
371
377
389
373
376
375
378
369
375
375
379
377
375
379
368
379
369
377
375
386
386
381
373
376
377
369
385
377
380
375
374
377
373
383
368
371
372
381
382
375
354
372
361
377
384
369
379
384
382
379
372
376
378
382
387
359
368
369
386
382
380
375
381
364
373
364
378
373
385
383
376
372
380
382
384
373
362
376
386
377
372
375
381
395
374
374
390
373
370
388
380
384
378
363
380
377
373
376
379
375
361
373
379
368
384
377
364
371
371
370
377
377
387
379
377
381
371
382
377
380
383
381
377
371
371
378
382
385
376
377
382
380
367
377
378
376
384
380
382
375
359
377
373
377
378
373
374
384
385
387
375
374
366
386
372
388
373
377
373
370
388
380
376
368
374
371
373
381
360
377
382
371
373
377
373
366
377
389
380
375
378
386
376
388
368
380
370
375
382
377
378
395
386
372
390
390
382
374
382
384
391
374
376
369
380
378
374
365
381
373
372
380
358
375
370
370
365
369
369
374
378
384
377
391
380
382
367
377
378
359
375
376
382
385
378
383
378
376
386
370
382
375
371
379
378
376
379
384
374
374
378
382
372
370
371
367
370
370
364
377
387
386
381
391
376
366
366
375
377
380
385
372
374
376
376
387
379
366
377
386
377
371
378
364
369
367
376
383
369
376
379
386
371
361
385
373
376
370
362
379
392
379
371
380
370
374
378
378
379
370
374
379
373
375
377
370
374
378
372
376
378
369
371
373
373
373
388
387
378
373
364
378
375
386
372
360
375
383
374
386
384
388
370
374
378
380
373
380
376
372
385
363
370
379
381
378
374
386
369
378
366
379
389
367
390
390
367
367
373
384
389
396
370
372
372
375
376
378
380
386
377
380
376
382
375
378
377
375
385
369
373
374
376
372
372
385
369
378
377
361
376
371
378
370
377
369
376
377
381
374
377
367
359
373
380
377
379
365
369
382
387
374
381
380
379
382
378
371
365
395
391
384
376
374
375
388
381
382
385
385
372
385
377
372
369
367
378
374
368
380
371
367
369
378
369
370
374
373
382
377
380
371
382
368
378
372
396
371
376
369
354
376
374
370
387
382
366
368
372
372
370
372
379
377
373
366
391
371
373
389
373
371
361
371
381
372
385
387
371
371
376
379
375
379
386
379
363
386
376
382
381
366
378
366
377
368
378
380
372
366
372
380
376
377
369
377
358
373
381
376
382
389
384
382
376
375
374
380
378
371
377
383
376
373
372
379
362
374
361
374
372
366
382
379
377
374
380
370
379
384
379
368
377
378
365
383
372
368
379
378
376
386
375
371
386
372
375
385
376
382
376
366
375
382
394
379
372
377
380
378
371
371
377
379
388
381
388
367
370
380
372
384
371
369
383
369
379
380
366
376
375
380
362
381
376
389
379
384
376
373
372
384
384
377
374
363
386
377
375
368
376
366
378
381
382
370
377
373
369
383
375
373
371
368
383
370
380
375
380
388
380
382
387
369
381
378
368
384
371
380
378
364
383
386
379
374
376
371
370
394
370
375
383
373
377
371
383
377
357
383
372
364
373
371
375
374
378
381
372
374
379
380
357
378
373
377
373
381
378
387
390
376
381
367
372
373
383
376
369
375
373
370
374
367
370
387
366
381
384
376
382
376
381
362
376
387
382
380
378
379
375
373
373
397
409
413
415
418
420
423
424
424
424
424
424
424
424
424
424
424
424
424
424
424
424
424
424
425
425
425
425
425
425
425
426
426
426
426
426
426
426
426
426
426
426
426
427
427
427
427
427
427
427
427
427
427
427
427
427
427
427
427
427
427
427
427
427
427
427
427
427
427
427
427
427
427
427
427
427
427
427
427
427
427
427
427
427
427
427
427
427
427
427
427
427
427
427
427
427
427
427
427
427
427
427
427
427
427
427
427
427
427
427
427
427
427
427
427
427
427
427
427
427
427
427
427
427
427
427
427
427
427
427
427
427
427
427
427
427
427
427
427
427
427
427
427
427
427
427
427
427
427
427
427
427
427
427
427
427
427
427
427
427
427
427
427
427
427
427
427
427
427
427
427
427
427
427
427
427
427
427
427
427
427
427
427
427
427
427
427
427
427
427
427
427
427
427
427
427
427
427
427
427
427
427
427
427
427
427
427
427
427
427
427
427
427
427
427
427
427
427
427
427
427
427
427
427
427
427
427
427
427
427
427
427
427
427
427
427
427
427
427
427
427
427
427
427
427
427
427
427
427
427
427
427
427
427
427
427
427
427
427
427
427
427
427
427
427
427
427
427
427
427
427
427
427
427
427
427
427
427
427
427
427
427
427
427
427
427
427
427
427
427
427
427
427
427
427
427
427
427
427
427
427
427
427
427
427
427
427
427
427
427
427
427
427
427
427
427
427
427
427
427
427
427
427
427
427
427
427
427
427
427
427
427
427
427
427
427
427
427
427
427
427
427
427
427
427
427
427
427
427
427
427
427
427
427
427
427
427
427
427
427
427
427
427
427
427
427
427
427
427
427
427
427
427
427
427
427
427
427
427
427
427
427
427
427
427
427
427
427
427
427
427
427
427
427
427
427
427
427
427
427
427
427
427
427
427
427
427
427
427
427
427
427
427
427
427
427
427
427
427
427
427
427
427
427
427
427
427
427
427
427
427
427
427
427
427
427
427
427
427
427
427
427
427
427
427
427
427
427
427
427
427
427
427
427
427
427
427
427
427
427
427
427
427
427
427
427
427
427
427
427
427
427
427
427
427
427
427
427
427
427
427
427
427
427
427
427
427
427
427
427
427
427
427
427
427
427
427
427
427
427
427
427
427
427
427
427
427
427
427
427
427
427
427
427
427
427
427
427
427
427
427
427
427
427
427
427
427
427
427
427
427
427
427
427
427
427
427
427
427
427
427
427
427
427
427
427
427
427
427
427
427
427
427
427
427
427
427
427
427
427
427
427
427
427
427
427
427
427
427
427
427
427
427
427
427
427
427
427
427
427
427
427
427
427
427
427
427
427
427
427
427
427
427
427
427
427
427
427
427
427
427
427
427
427
427
427
427
427
427
427
427
427
427
427
427
427
427
427
427
427
427
427
427
427
427
427
427
427
427
427
427
427
427
427
427
427
427
427
427
427
427
427
427
427
427
427
427
427
427
427
427
427
427
427
427
427
427
427
427
427
427
427
427
427
427
427
427
427
427
427
427
427
427
427
427
427
427
427
427
427
427
427
427
427
427
427
427
427
427
427
427
427
427
427
427
427
427
427
427
427
427
427
427
427
427
427
427
427
427
427
427
427
427
427
427
427
427
427
427
427
427
427
427
427
427
427
427
427
427
427
427
427
427
427
427
427
427
427
427
427
427
427
427
427
427
427
427
427
427
427
427
427
427
427
427
427
427
427
427
427
427
427
427
427
427
427
427
427
427
427
427
427
427
427
427
427
427
427
427
427
427
427
427
427
427
427
427
427
427
427
427
427
427
427
427
427
427
427
427
427
427
427
427
427
427
427
427
427
427
427
427
427
427
427
427
427
427
427
427
427
427
427
427
427
427
427
427
427
427
427
427
427
427
427
427
427
427
427
427
427
427
427
427
427
427
427
427
427
427
427
427
427
427
427
427
427
427
427
427
427
427
427
427
427
427
427
427
427
427
427
427
427
427
427
427
427
427
427
427
427
427
427
427
427
428
428
428
428
428
428
428
428
428
428
428
428
428
428
428
428
428
428
428
428
428
428
428
428
428
428
428
428
428
428
428
428
428
428
429
429
429
429
429
429
429
429
429
429
429
429
429
429
429
429
429
429
429
429
429
429
429
429
429
429
429
429
429
429
429
429
429
429
429
429
429
429
429
429
429
429
429
429
429
429
429
429
429
429
429
429
429
429
429
429
429
429
429
429
429
429
429
429
429
429
429
429
429
429
429
429
429
429
429
429
429
429
429
429
429
429
429
429
429
429
429
429
429
429
429
429
429
429
429
429
429
429
429
429
429
429
429
429
429
429
429
429
429
429
429
429
429
429
429
429
429
429
429
429
429
429
429
429
429
429
429
429
429
429
429
429
429
429
429
429
429
429
429
429
429
429
429
429
429
429
429
429
429
429
429
429
429
429
429
429
429
429
429
429
429
429
429
429
429
429
429
429
429
429
429
429
429
429
429
429
429
429
429
429
429
429
429
429
429
429
429
429
429
429
429
429
429
429
429
429
429
429
429
429
429
429
429
429
429
429
429
429
429
429
429
429
429
429
429
429
429
429
429
429
429
429
429
429
429
429
429
429
429
429
429
429
429
429
429
429
429
429
429
429
429
429
429
429
429
429
429
429
429
429
429
429
429
429
429
429
429
429
429
429
429
429
429
429
429
429
429
429
429
429
429
429
429
429
429
429
429
429
429
429
429
429
429
429
429
429
429
429
429
429
429
429
429
429
429
429
429
429
429
429
429
429
429
429
429
429
429
429
429
429
429
429
429
429
429
429
429
429
429
429
429
429
429
429
429
429
429
429
429
429
429
