430
366
369
376
373
366
379
383
371
364
368
379
374
379
384
375
376
384
378
372
379
380
377
376
364
377
384
373
377
373
389
369
387
385
376
375
389
376
375
370
367
382
389
390
376
385
371
374
377
392
382
375
384
383
380
375
374
384
370
373
370
383
370
384
378
377
384
384
370
376
379
377
384
377
382
376
368
386
370
375
376
383
377
383
386
370
385
375
375
381
368
380
379
373
378
374
372
379
376
370
371
374
377
376
375
372
372
364
363
381
374
370
379
375
375
375
387
376
390
364
371
385
371
381
384
384
382
376
370
373
387
374
371
377
379
371
368
373
374
382
381
366
383
380
375
380
371
373
381
384
381
382
370
386
372
370
363
374
385
375
376
381
388
379
384
379
370
383
383
378
372
369
374
371
371
376
381
373
374
375
366
378
377
382
385
375
380
377
374
379
371
369
372
373
376
379
370
375
373
376
363
372
372
372
379
379
376
371
389
388
383
378
369
392
376
382
387
382
361
380
369
378
370
368
369
369
381
372
374
374
385
382
377
394
379
380
375
377
372
364
373
377
368
376
368
378
384
384
378
383
362
372
377
384
384
369
370
371
365
376
390
373
372
375
382
374
375
380
379
381
384
377
385
381
387
385
377
374
384
376
385
380
367
370
373
374
372
377
385
368
377
378
373
371
366
371
379
365
368
378
384
390
384
380
380
366
371
373
373
391
380
375
371
376
379
389
384
383
360
360
366
377
369
381
385
383
370
387
364
383
383
373
385
379
379
386
369
378
370
377
374
385
383
373
375
378
367
370
378
391
386
379
366
369
382
374
372
390
383
370
381
371
374
370
361
386
383
378
376
377
369
385
383
388
356
368
373
370
361
368
381
370
384
378
386
376
391
365
381
366
375
389
381
379
378
378
384
377
379
381
378
390
388
389
372
376
376
373
380
375
393
370
379
380
385
373
378
378
384
380
362
372
381
387
381
379
377
372
378
365
372
373
380
384
381
372
380
387
385
386
375
373
363
368
376
382
371
381
381
377
387
375
366
375
381
388
363
388
384
375
388
382
376
373
373
383
378
376
365
376
382
385
372
381
375
382
383
387
372
373
375
371
381
381
383
363
374
384
372
373
376
381
387
374
367
370
380
360
376
370
379
375
387
374
381
378
382
368
359
373
374
386
372
382
375
373
383
381
382
370
385
383
385
377
384
364
391
374
378
368
372
379
383
378
386
366
367
382
368
370
373
381
385
376
375
379
376
378
384
381
383
364
363
375
368
377
384
380
376
370
368
380
377
365
369
379
373
376
381
376
378
372
376
386
375
389
378
374
369
378
368
378
366
380
374
385
378
395
377
364
366
368
374
381
381
385
378
380
371
376
368
389
381
374
372
380
372
381
391
384
374
365
385
386
368
370
373
379
379
378
362
374
383
390
369
372
373
367
380
377
369
383
376
380
376
384
377
389
384
369
374
371
368
378
375
377
381
382
366
376
388
373
383
377
378
386
377
380
373
382
391
368
382
365
372
381
378
371
378
397
372
370
390
390
372
375
377
373
382
366
375
373
386
376
362
376
373
379
379
373
387
370
378
377
374
380
357
369
384
384
369
376
384
378
378
380
382
369
385
384
387
375
386
374
374
383
385
383
377
394
376
372
366
367
376
385
378
369
369
387
377
382
386
375
380
382
362
375
385
386
363
379
363
370
381
392
376
385
372
380
380
372
377
374
382
379
365
369
376
362
373
379
372
379
372
368
375
370
380
383
384
375
383
382
386
370
375
382
381
371
374
376
368
376
381
381
380
375
363
368
383
368
380
381
392
385
371
369
377
382
377
379
379
379
384
366
378
361
368
374
371
383
379
381
374
382
376
367
369
368
373
377
360
375
372
376
368
370
376
368
368
372
374
380
388
378
385
376
369
376
368
386
382
372
369
376
375
371
380
370
379
373
378
382
384
377
378
381
384
373
375
379
382
387
381
387
367
380
381
385
380
381
380
377
370
382
378
374
373
378
379
372
363
381
386
377
369
373
388
380
362
381
386
381
393
379
387
384
374
378
386
381
386
384
370
375
366
380
385
378
378
375
388
378
372
379
368
374
374
377
381
378
373
376
371
371
374
383
378
389
375
368
383
376
379
379
369
379
374
383
389
378
374
386
373
379
372
372
366
383
368
374
373
372
380
372
380
384
385
379
374
382
379
373
371
379
383
383
377
367
385
366
376
379
375
382
382
375
369
373
370
389
382
377
369
367
379
376
382
363
377
375
380
369
377
384
372
382
382
377
374
386
386
386
376
396
387
370
383
376
378
384
376
372
375
367
376
384
382
372
378
378
376
389
377
379
379
377
375
384
383
383
386
378
371
380
374
374
386
372
382
370
381
373
377
376
375
380
378
368
385
381
378
376
378
370
370
379
382
391
375
394
370
380
375
380
379
384
373
393
386
391
370
382
377
385
377
376
375
374
376
379
380
381
380
381
388
383
370
389
381
373
386
370
379
371
376
380
383
372
373
383
376
372
378
376
382
378
369
380
382
377
384
369
367
382
379
384
383
378
379
374
380
374
383
386
379
378
374
377
375
388
372
378
374
387
372
376
377
377
375
372
385
392
388
393
376
382
373
378
371
377
375
376
377
372
371
376
393
379
388
365
371
382
376
375
375
378
373
379
378
377
380
376
375
385
373
392
386
383
376
374
366
385
370
365
378
368
381
380
374
379
381
380
385
386
383
376
365
372
369
382
370
364
386
373
374
386
396
361
379
374
386
378
371
390
377
384
384
381
382
387
386
388
384
373
375
370
382
382
364
374
379
389
370
369
383
388
380
385
385
376
385
385
375
380
384
384
370
369
377
381
377
389
384
385
382
365
372
381
391
384
381
374
375
378
379
388
378
378
378
367
385
365
385
384
369
373
387
390
386
382
380
373
382
383
387
381
374
378
381
380
386
388
376
378
377
380
383
378
374
376
379
367
381
393
385
376
383
383
385
386
372
390
384
380
378
380
382
388
388
378
371
381
370
382
373
385
378
374
387
385
380
384
387
387
383
380
381
384
384
378
394
379
365
365
380
383
386
385
387
366
384
380
381
387
379
375
383
387
368
375
390
374
384
379
377
383
379
381
370
371
389
378
379
378
371
371
382
380
370
385
378
369
379
386
374
366
386
379
373
371
384
380
391
370
387
375
362
385
386
389
382
375
377
368
389
377
384
376
380
387
388
368
367
379
385
383
383
381
381
383
368
377
373
379
376
378
371
383
371
383
386
384
393
379
381
380
389
384
379
376
381
378
385
383
380
377
373
389
384
383
389
392
379
371
371
384
379
387
380
375
368
372
386
383
377
382
392
379
369
388
385
376
378
382
375
376
381
370
373
376
381
383
384
378
381
371
384
369
373
377
386
377
382
392
379
384
377
391
375
384
382
391
377
382
374
387
368
384
376
379
380
380
382
388
374
381
381
376
382
391
386
390
374
382
386
379
382
396
382
372
387
383
387
380
393
379
376
381
374
367
383
392
384
387
382
384
380
380
383
382
367
379
385
394
382
375
386
383
379
376
384
381
376
393
387
387
385
383
374
385
389
379
380
388
390
394
374
387
380
396
380
393
384
379
396
377
383
381
385
381
390
379
380
384
382
394
393
371
381
380
388
388
386
389
386
394
375
386
379
389
384
383
395
386
384
388
384
377
388
380
377
379
385
385
388
379
380
380
378
379
381
381
389
383
370
378
377
383
384
394
388
384
377
385
378
387
388
392
379
373
383
390
385
385
383
392
380
387
381
384
391
382
384
383
384
388
388
382
384
386
376
374
377
387
391
383
382
375
383
396
382
384
386
385
384
393
386
379
376
383
375
379
380
395
393
391
384
382
374
373
369
384
392
370
383
387
380
390
381
387
384
389
386
381
392
393
376
386
380
384
382
385
377
378
393
377
386
384
388
379
383
379
382
380
384
377
381
381
389
369
386
384
392
390
387
383
381
374
384
374
394
377
394
378
386
395
385
378
386
385
382
384
378
383
373
392
391
381
367
383
368
382
379
376
393
376
381
384
394
391
374
379
388
380
380
391
381
388
388
379
390
389
388
382
383
384
387
382
381
383
382
382
384
379
388
384
386
388
375
385
379
381
375
374
372
372
382
382
383
381
389
386
385
390
372
390
386
382
397
371
389
382
389
391
386
379
390
387
391
390
389
392
386
394
390
385
383
398
383
398
398
393
386
382
390
387
393
384
395
385
389
382
387
375
391
395
382
380
373
373
390
389
385
383
385
378
385
387
393
380
383
385
392
394
393
379
374
391
388
392
388
386
392
382
388
381
396
389
391
380
380
375
388
381
382
401
387
390
383
382
384
382
385
384
393
399
390
396
390
378
388
387
386
399
385
380
381
387
391
388
380
385
396
387
390
385
397
389
393
391
391
388
376
384
397
393
393
383
383
390
394
386
387
389
394
383
377
383
387
395
382
391
384
376
391
387
389
377
401
388
388
393
386
386
381
385
387
387
382
387
377
392
371
385
387
387
378
388
379
388
394
400
393
385
379
388
383
394
395
394
385
387
385
395
393
388
381
384
392
393
404
396
399
384
393
392
401
395
386
388
393
398
389
387
389
392
382
394
394
384
396
399
396
376
385
388
384
397
392
396
387
393
394
398
398
394
389
404
386
390
391
389
389
390
401
393
388
390
387
385
379
381
393
397
390
387
400
379
388
399
384
390
399
392
394
397
390
395
389
393
389
383
385
384
388
391
388
383
403
391
393
396
394
389
396
393
403
395
396
390
398
400
384
390
396
402
394
391
395
389
393
398
384
392
399
391
387
385
387
389
391
394
396
403
387
398
398
397
400
391
385
393
385
385
396
387
397
393
401
395
394
397
398
393
394
402
397
402
399
402
400
405
404
388
397
391
389
396
400
387
399
402
402
401
396
385
381
390
390
402
385
398
399
395
386
390
398
397
403
403
394
382
388
393
398
387
390
395
394
394
398
397
387
399
394
392
394
390
393
399
396
378
388
397
392
390
392
402
402
401
401
390
395
398
401
401
397
391
401
405
398
396
393
392
398
396
391
393
391
392
387
391
398
393
389
391
396
399
397
404
399
391
387
389
404
411
406
400
398
397
395
391
397
399
395
394
387
393
398
399
394
398
403
401
394
401
395
389
405
405
404
399
395
392
400
395
392
393
398
406
405
406
400
393
398
407
401
401
405
401
403
398
385
396
398
395
400
396
383
404
394
393
384
389
389
393
399
398
402
395
394
396
402
413
411
409
409
401
404
405
404
397
394
391
397
387
388
395
396
398
403
403
401
403
401
396
400
405
401
401
399
401
389
386
383
400
399
391
393
400
409
409
405
403
394
399
404
392
401
405
410
403
404
407
406
409
406
410
409
404
408
408
412
413
412
413
400
400
402
398
399
402
400
403
412
406
408
406
407
408
397
394
393
394
398
393
401
399
393
407
399
407
404
398
400
407
407
404
402
411
402
399
403
401
403
402
402
407
407
404
403
405
400
400
405
400
403
399
408
406
413
413
406
405
410
402
406
414
403
398
400
400
405
410
401
404
403
406
406
403
412
407
404
405
413
407
408
408
407
409
410
395
401
394
404
406
410
406
406
407
407
408
406
404
411
403
410
403
413
404
408
398
400
403
404
408
411
415
410
411
410
403
401
406
401
406
400
405
417
