430
366
368
381
371
386
363
378
384
369
372
368
387
374
380
373
387
375
375
379
369
375
368
383
365
371
373
386
384
368
379
380
366
379
374
380
384
381
381
381
385
370
364
364
379
377
385
377
372
380
375
387
375
379
381
381
379
379
390
387
377
375
370
375
377
367
384
372
375
377
386
372
365
381
371
375
369
377
383
387
373
376
382
359
370
368
378
368
373
376
370
377
364
370
365
383
376
372
378
381
389
387
381
375
366
377
369
379
386
389
379
375
363
383
374
375
378
383
384
386
387
377
376
384
365
372
369
371
378
372
374
385
388
363
382
384
376
387
370
383
375
376
379
378
386
374
385
359
382
382
365
365
381
382
374
375
382
375
371
370
372
362
384
372
371
381
377
384
362
388
387
383
376
376
377
376
366
374
365
388
381
385
372
371
387
386
375
385
367
385
379
380
366
381
368
382
384
377
384
376
375
381
382
381
364
377
389
365
366
362
384
382
366
379
375
375
370
377
365
369
355
385
378
379
377
376
372
384
384
379
378
375
380
383
378
372
384
381
374
381
368
380
375
389
378
383
396
387
384
383
392
371
377
393
380
374
379
378
385
374
372
378
382
384
380
384
386
375
389
382
369
378
380
376
383
370
376
380
377
375
373
368
377
381
371
391
375
389
376
379
373
367
372
370
367
367
364
381
378
368
382
387
373
381
372
382
366
382
378
368
371
369
381
370
386
359
376
375
379
373
388
380
371
381
373
384
378
366
383
370
382
382
391
389
375
384
380
373
378
368
377
377
378
382
376
368
387
376
371
383
373
376
382
370
383
375
372
375
378
380
368
376
373
375
363
372
390
381
385
376
387
368
367
375
357
373
373
380
369
377
371
378
365
373
379
377
375
378
369
362
373
376
383
375
390
381
369
363
381
383
389
380
387
376
383
375
370
382
382
380
384
386
380
386
382
373
382
377
374
386
378
378
374
378
373
368
374
372
380
374
370
382
374
388
375
368
371
377
381
379
382
378
381
382
370
368
381
385
376
382
374
382
375
386
381
360
377
388
368
374
379
370
384
388
380
380
379
375
388
385
377
379
382
379
374
378
373
374
381
380
379
377
380
379
378
379
370
387
376
376
389
378
375
379
378
382
376
379
375
378
374
374
390
385
375
366
377
390
373
373
371
376
374
393
380
376
372
381
373
376
369
368
376
373
370
381
382
378
382
390
372
379
374
363
375
376
374
375
383
376
383
383
372
364
385
374
374
375
382
366
377
375
382
378
377
374
385
378
375
380
375
375
377
382
375
383
364
369
382
365
369
364
373
381
371
377
377
380
383
381
370
371
383
380
376
380
377
368
385
374
377
369
377
365
376
369
368
368
375
379
371
379
363
375
376
365
383
386
370
370
373
379
377
367
363
370
364
375
381
378
375
373
379
368
370
385
374
390
366
378
391
373
379
385
385
381
376
381
391
379
380
375
360
386
384
378
369
377
365
377
384
367
367
375
381
368
388
384
376
371
379
380
378
370
377
386
366
377
379
377
380
373
374
375
369
374
369
375
377
373
378
372
368
377
373
362
372
375
365
374
381
372
393
374
380
378
381
380
382
378
375
378
372
369
370
377
380
380
381
380
366
381
382
387
372
383
372
370
378
381
382
371
384
387
370
373
375
376
386
361
375
381
375
373
380
386
380
376
367
370
374
373
381
367
373
375
387
374
384
371
374
391
370
386
380
367
370
372
389
374
379
365
392
371
383
384
369
373
373
364
366
382
392
382
375
369
375
376
373
365
388
368
384
375
381
378
379
379
377
379
383
371
382
377
372
379
386
374
386
382
367
377
383
370
380
372
363
376
375
374
371
376
378
370
388
384
373
385
375
376
373
382
400
388
374
378
382
379
383
367
376
375
382
371
375
373
373
386
379
366
374
368
373
372
375
380
367
365
386
373
383
376
377
364
378
383
392
384
374
373
375
371
372
368
389
374
378
369
383
378
386
373
383
366
366
368
381
370
385
385
379
375
380
378
381
376
382
382
382
377
372
367
374
373
373
371
374
375
364
377
375
386
378
385
380
379
387
380
377
374
374
366
379
386
380
367
376
378
391
379
377
377
386
370
380
377
385
375
377
376
378
370
372
384
373
368
379
378
373
370
368
370
382
379
367
373
381
369
387
371
378
383
383
377
375
384
378
379
383
379
387
369
369
372
381
371
370
382
372
380
371
371
373
385
381
384
395
380
372
374
386
382
374
375
370
373
382
390
383
369
387
369
367
381
375
374
380
374
370
384
383
374
368
377
379
374
383
385
392
380
378
367
373
378
380
379
375
371
383
368
366
377
369
375
388
365
364
383
380
377
386
375
374
383
371
367
378
397
365
369
387
377
368
378
366
377
382
389
370
367
372
384
374
375
385
379
370
385
370
371
375
375
365
376
384
383
369
369
377
373
368
375
387
368
377
374
367
384
374
377
378
370
369
375
367
369
390
376
379
374
370
379
390
389
376
382
378
392
363
377
378
371
371
376
387
387
378
368
379
371
371
372
368
380
384
382
377
377
378
379
376
392
385
374
379
368
381
380
372
371
379
380
387
371
367
378
383
380
377
366
370
361
377
368
383
385
390
376
374
381
368
366
380
373
369
364
379
378
380
386
386
383
384
377
375
373
364
383
377
380
385
381
378
376
384
377
378
377
385
364
383
378
376
377
385
373
373
360
374
392
385
382
381
377
374
368
373
369
367
375
370
362
364
378
375
375
388
382
376
369
375
374
373
380
379
384
372
366
370
379
386
393
381
383
381
380
380
385
379
391
375
375
374
374
376
382
384
385
390
381
368
374
383
387
386
375
375
374
384
372
377
384
380
372
381
385
386
381
389
377
379
368
378
374
366
377
365
371
385
376
381
381
367
379
378
372
367
375
386
376
392
371
378
377
378
391
385
379
370
371
380
372
372
378
379
375
376
372
377
384
374
370
376
374
372
375
382
378
369
374
377
376
380
379
380
371
376
373
386
379
378
376
375
373
386
372
373
376
386
369
386
386
384
381
377
367
378
384
388
372
380
357
368
376
375
373
372
378
377
376
376
369
385
377
369
373
374
387
373
377
379
375
383
379
372
383
375
392
381
383
374
366
382
366
378
375
378
363
383
376
373
380
369
381
388
381
384
367
381
388
377
370
382
375
377
375
389
365
377
379
384
371
380
370
364
379
377
380
377
379
380
374
378
373
367
379
378
377
374
385
380
379
386
387
366
377
384
382
387
384
380
386
370
378
370
381
381
376
384
365
385
374
373
390
377
371
386
370
360
376
375
373
374
373
379
375
378
376
375
374
376
366
379
376
378
376
371
381
376
376
370
380
371
387
384
383
380
378
384
375
379
382
379
377
390
378
395
374
382
380
384
380
366
378
370
376
379
379
378
376
377
390
373
374
383
378
381
378
380
372
378
389
374
380
368
380
364
374
391
365
376
384
390
368
371
375
384
371
375
384
372
374
368
369
368
377
367
366
382
364
386
378
375
376
375
375
370
369
369
384
373
381
386
383
374
375
375
371
364
382
381
367
370
372
376
377
385
372
371
383
379
382
366
375
382
375
369
372
377
371
372
385
383
375
378
369
375
383
380
379
369
389
376
388
372
382
367
372
361
373
375
371
390
373
373
388
368
376
369
386
376
372
371
364
378
367
387
363
376
372
372
373
392
382
383
375
369
379
384
377
384
367
381
380
384
380
382
383
375
377
376
374
377
386
379
366
374
381
377
381
369
370
370
385
387
378
371
372
385
373
384
390
375
379
381
373
367
367
381
392
369
361
384
374
370
369
383
378
385
389
371
393
390
373
369
373
381
387
374
382
376
377
383
369
380
379
371
372
365
374
379
379
373
373
375
378
387
378
372
374
375
382
384
373
382
381
380
391
388
373
380
374
379
373
382
372
379
385
379
371
374
375
382
384
387
371
367
375
380
378
377
384
377
377
371
382
381
379
374
374
363
367
376
376
372
376
380
380
382
385
373
367
373
371
380
373
374
385
390
372
386
365
372
372
377
369
383
363
381
373
378
382
373
371
375
370
383
379
375
374
379
384
365
374
390
374
374
384
379
369
390
378
369
361
380
382
375
389
373
368
385
390
376
374
377
372
383
374
382
388
375
381
381
374
383
381
396
376
386
394
391
378
371
369
374
378
380
391
392
384
360
368
376
382
377
384
372
376
387
366
381
375
371
370
378
368
388
370
381
369
381
388
372
373
368
368
370
378
364
383
367
361
384
377
370
388
366
375
366
375
376
389
376
377
378
382
368
387
385
368
384
386
370
378
381
377
369
388
373
380
376
380
385
368
377
373
372
373
372
366
388
391
369
384
369
371
380
373
386
369
367
376
388
382
379
385
384
384
377
378
374
370
368
381
374
381
375
375
390
385
390
392
380
368
377
385
360
374
375
373
367
384
375
381
376
374
381
381
373
378
373
371
383
378
376
380
374
378
373
384
380
378
376
380
374
385
372
392
385
375
370
385
367
371
378
379
368
374
375
380
375
369
376
372
380
377
387
377
386
373
379
383
397
377
365
377
378
376
369
387
389
375
378
382
382
386
362
380
373
382
374
384
359
378
386
381
379
387
374
382
369
389
384
380
384
376
375
380
377
376
372
383
381
379
381
382
371
367
383
377
375
368
373
372
374
391
379
377
387
371
381
386
377
371
374
372
373
383
385
372
380
367
376
381
390
375
378
372
383
378
370
378
383
379
382
384
371
372
381
383
392
386
392
381
386
385
371
377
381
374
372
364
371
389
381
379
376
377
380
368
383
374
378
380
377
384
384
379
379
370
378
381
369
377
360
379
391
379
386
372
372
384
377
385
378
367
359
383
371
380
381
379
366
382
381
388
370
375
380
379
371
371
386
379
380
385
374
361
372
379
368
382
371
388
385
385
368
388
384
383
379
373
389
382
371
384
374
384
385
371
375
371
377
386
370
375
366
379
373
375
381
386
375
386
383
378
382
380
372
383
369
376
371
375
382
382
364
378
380
379
382
381
375
371
390
380
372
377
376
380
381
388
374
383
369
378
383
378
383
381
377
388
382
378
369
383
381
376
386
382
374
377
368
372
370
376
375
368
377
374
379
368
372
379
376
388
377
382
377
384
366
369
378
380
378
374
380
382
381
372
373
382
386
375
388
380
376
371
377
376
367
384
370
377
380
384
381
363
371
360
355
387
378
376
385
373
364
384
366
370
380
388
377
389
384
385
374
384
379
385
388
376
382
362
379
373
376
386
368
375
386
375
385
390
385
393
380
386
386
362
380
393
382
384
383
373
389
385
385
384
372
381
376
375
372
379
384
370
376
383
382
380
382
378
376
380
374
378
379
386
380
379
385
382
384
371
371
385
379
382
392
380
365
379
378
381
379
363
372
377
384
381
376
373
380
381
384
386
375
383
385
370
372
377
382
381
390
386
380
389
376
373
377
385
385
390
380
374
379
391
384
386
381
379
376
377
379
389
382
384
383
369
384
397
384
383
388
389
387
384
386
397
383
377
379
373
385
394
389
392
385
375
375
378
381
387
382
379
376
390
382
401
391
382
397
383
386
389
391
389
392
381
373
391
389
388
391
389
391
390
388
386
376
381
384
388
379
394
401
389
400
399
392
402
400
401
405
403
394
393
403
407
409
414
413
414
410
417
420
423
423
