430
368
363
376
376
375
376
389
369
380
367
378
378
353
373
375
368
387
379
386
372
384
378
369
375
364
359
373
374
371
364
373
366
374
377
362
385
381
380
377
383
388
371
374
377
377
366
373
365
366
374
370
362
380
389
368
366
380
376
384
375
371
374
368
356
379
377
384
384
380
371
387
373
383
368
359
373
382
364
376
384
374
381
370
382
385
379
378
365
385
380
382
380
376
382
375
392
379
356
374
377
375
383
384
366
364
370
372
378
378
371
381
374
377
375
379
368
366
387
378
374
383
386
365
374
378
373
365
360
385
381
373
380
384
376
369
377
376
375
373
374
382
383
377
380
365
368
377
373
357
364
374
368
377
373
370
382
381
389
378
381
364
362
379
380
376
378
382
370
377
374
388
375
373
375
371
374
382
371
378
371
370
381
380
382
386
383
379
374
372
381
369
377
381
383
371
375
371
372
379
375
372
367
374
371
381
374
383
388
377
367
382
375
377
385
367
381
384
375
376
387
362
380
362
379
380
366
378
387
376
368
386
381
385
375
377
373
377
376
377
370
374
382
388
382
394
374
377
380
365
382
377
371
382
380
373
378
369
368
359
369
380
375
360
372
385
386
388
380
378
386
376
382
377
375
381
382
379
371
370
377
378
369
366
379
382
366
377
374
376
394
383
377
384
374
386
386
385
387
372
374
387
368
371
378
364
381
369
375
376
368
368
386
383
376
376
371
381
379
385
381
366
379
379
386
378
375
378
381
375
382
375
378
395
372
379
377
391
374
373
368
384
384
376
363
376
363
380
381
376
370
380
382
376
371
369
380
380
388
375
383
387
381
376
372
372
380
375
370
371
376
363
384
367
380
387
394
384
375
367
378
394
381
385
382
380
370
388
379
383
376
377
371
367
376
372
383
383
376
389
378
386
386
381
374
372
382
385
387
373
368
370
379
364
367
367
366
380
380
371
381
384
385
374
367
372
383
375
378
376
382
373
375
379
364
376
384
378
388
377
380
384
366
377
380
382
377
372
376
390
385
378
377
379
376
369
379
374
386
367
368
384
380
365
384
368
378
371
372
365
386
378
390
364
386
378
379
382
372
370
373
375
374
388
388
378
372
379
383
388
386
387
361
376
374
382
382
384
379
382
370
379
359
385
382
377
359
378
378
382
378
372
377
368
376
379
379
378
371
381
373
378
372
392
387
379
382
378
364
370
379
376
386
377
385
388
369
384
391
376
380
378
384
380
370
380
379
379
380
382
390
380
384
379
364
390
378
384
361
386
381
377
383
378
369
380
375
378
378
386
375
375
375
365
378
377
383
375
368
366
376
381
379
385
381
372
373
380
382
393
375
386
377
380
383
391
380
393
369
383
380
374
367
376
379
382
379
376
380
370
374
389
382
375
392
394
380
371
366
380
368
376
388
391
382
388
380
380
380
384
376
386
385
372
382
377
375
380
372
377
368
384
363
378
397
377
368
372
372
381
383
386
369
363
380
383
375
374
372
371
377
382
382
379
387
380
374
380
389
390
391
364
384
361
373
382
380
363
374
386
369
386
376
383
380
377
374
378
379
379
383
373
380
370
374
378
369
373
374
384
375
390
383
368
368
370
376
378
373
378
384
389
370
373
384
381
389
383
382
375
384
385
370
374
383
383
382
377
385
371
363
375
375
379
379
380
377
381
378
377
387
383
369
371
388
375
384
379
375
376
392
383
382
389
384
384
369
390
385
382
374
376
385
374
376
388
384
374
376
384
376
384
388
380
378
383
374
367
382
386
383
384
395
376
374
383
385
385
377
382
384
368
384
372
385
374
376
376
392
378
386
381
364
385
389
386
385
372
379
372
381
392
377
382
384
380
394
382
384
376
372
380
386
374
381
379
375
375
385
379
375
381
391
375
379
379
378
384
389
378
381
389
371
390
378
379
383
384
386
393
387
390
379
383
380
396
393
383
381
382
389
378
379
378
382
385
382
382
391
374
382
374
384
377
387
385
382
390
390
374
380
374
384
378
384
380
393
381
388
377
382
392
373
378
390
380
378
372
377
384
384
381
377
388
375
385
384
381
382
389
389
393
383
386
394
382
382
388
381
386
366
386
383
381
383
387
372
383
383
384
385
387
391
391
383
389
390
394
379
384
384
385
383
392
393
389
382
375
373
377
375
375
376
394
380
387
382
382
393
390
381
381
382
387
383
394
387
399
390
376
378
376
386
384
389
394
385
391
387
390
383
388
387
383
387
382
377
396
379
396
382
387
379
374
387
380
379
384
380
386
388
385
374
395
391
402
385
393
383
379
393
397
384
389
385
384
386
386
395
394
396
384
377
377
397
379
380
388
387
382
385
388
383
383
384
382
382
380
395
397
400
391
382
379
387
381
397
388
386
385
391
394
388
389
387
389
399
391
391
394
387
390
395
404
391
390
394
384
397
389
387
386
381
399
396
390
384
383
384
399
390
384
389
385
402
387
389
388
383
390
395
392
386
392
397
384
387
402
395
397
395
392
389
390
398
391
393
394
382
378
387
386
377
393
394
395
384
387
397
403
400
397
398
396
392
390
395
380
380
390
389
387
392
397
392
390
400
388
391
387
399
387
394
397
393
399
394
394
397
400
398
400
399
398
396
395
394
396
385
393
390
387
387
385
396
401
387
400
396
390
392
394
392
393
397
400
397
397
400
400
397
403
402
404
405
394
395
395
391
393
391
391
397
392
388
395
394
396
387
397
390
391
395
393
404
387
399
396
397
394
396
390
395
391
406
408
399
402
403
394
400
399
402
404
401
404
404
399
387
394
396
399
405
395
396
395
400
400
408
394
400
404
395
402
405
403
395
401
406
405
399
402
397
391
395
397
401
390
394
402
401
400
397
404
409
408
402
404
400
398
401
408
399
410
403
399
393
403
403
406
401
400
400
397
403
398
393
398
397
394
402
401
402
399
397
411
410
403
399
398
395
395
399
405
397
395
404
404
406
405
405
399
402
408
405
394
393
403
405
409
406
396
392
397
401
401
405
398
399
405
403
401
406
401
406
411
412
412
414
409
403
401
401
406
405
411
413
417
412
404
405
403
404
401
401
413
414
411
412
411
411
414
415
403
411
413
409
404
412
415
416
410
416
413
416
415
406
403
406
403
404
410
410
412
409
400
401
404
400
403
408
410
412
406
404
409
413
401
404
410
413
407
413
405
413
412
411
411
411
410
414
416
415
413
414
415
407
410
412
416
411
412
409
409
408
410
412
411
409
410
409
410
408
413
409
411
414
413
412
410
411
409
409
406
408
412
417
413
413
419
416
415
415
417
416
420
420
415
421
419
415
413
415
411
412
413
412
407
416
415
418
421
421
417
416
416
417
415
414
418
420
415
414
415
414
413
411
413
414
413
419
417
420
416
410
419
417
420
418
415
418
421
419
414
420
419
417
417
416
418
420
419
414
414
420
421
421
419
418
417
422
423
422
419
419
421
424
421
425
423
423
421
421
422
424
425
424
424
424
424
419
423
423
421
420
416
416
418
419
419
418
418
421
420
420
420
420
419
418
419
415
417
419
418
417
417
417
416
418
419
420
420
421
422
423
425
423
422
422
423
424
424
421
421
423
421
422
423
424
424
423
424
423
421
423
424
426
427
425
425
425
425
423
422
423
424
423
425
424
423
423
422
425
425
424
425
426
426
425
424
424
423
426
425
424
424
424
423
423
425
426
425
426
425
424
425
423
426
425
426
426
426
425
425
426
426
425
424
427
427
426
425
425
425
426
425
427
425
423
425
426
424
424
424
425
424
426
426
427
427
427
428
427
426
426
427
427
427
428
427
427
428
427
427
429
429
429
429
429
429
429
428
428
428
428
427
427
427
427
427
427
428
428
428
428
428
428
427
428
429
429
429
428
429
429
429
429
429
429
429
429
429
429
429
429
429
429
429
429
429
429
429
429
429
429
429
429
429
429
429
429
428
428
428
428
428
428
428
428
428
428
428
428
428
428
427
427
428
428
428
428
428
428
428
428
428
428
428
428
428
428
428
427
427
428
428
428
428
428
428
428
428
428
428
427
427
427
428
428
428
428
428
428
428
427
427
428
429
429
428
429
429
429
429
429
429
429
429
429
429
429
429
429
429
429
429
429
429
429
429
429
429
429
429
429
429
429
429
429
429
429
429
429
429
429
429
429
429
429
429
429
429
429
429
429
429
429
429
429
429
429
429
429
429
429
429
429
429
429
429
429
429
429
429
429
429
429
429
429
429
429
429
429
429
429
429
429
429
429
429
429
429
429
429
429
429
429
429
429
429
429
429
429
429
429
429
429
429
429
429
429
429
429
429
429
429
429
429
429
429
429
429
429
429
429
429
429
429
429
429
429
429
429
429
429
429
429
429
429
429
429
429
429
429
429
429
429
429
429
429
429
429
429
429
429
429
429
429
429
429
429
429
429
429
429
429
429
429
429
429
429
429
429
429
429
429
429
429
429
429
429
429
429
429
429
429
429
429
429
429
429
429
429
429
429
429
429
429
429
429
429
429
429
429
429
429
429
429
429
429
429
429
429
429
429
429
429
429
429
429
429
429
429
429
429
429
429
429
429
429
429
429
429
429
429
429
429
429
429
429
429
429
429
429
429
429
429
429
429
429
429
429
429
429
429
429
429
429
429
429
429
429
429
429
429
429
429
429
429
429
429
429
429
429
429
429
429
429
429
429
429
429
429
429
429
429
429
429
429
429
429
429
429
429
429
429
429
429
429
429
429
429
429
429
429
429
429
429
429
429
429
429
429
429
429
429
429
429
429
429
429
429
429
429
429
429
429
429
429
429
429
429
429
429
429
429
429
429
429
429
429
429
429
429
429
429
429
429
429
429
429
429
429
429
429
429
429
429
429
429
429
429
429
429
429
429
429
429
429
429
429
429
429
429
429
429
429
429
429
429
429
429
429
429
429
429
429
429
429
429
429
429
429
429
429
429
429
429
429
429
429
429
429
429
429
429
429
429
429
429
429
429
429
429
429
429
429
429
429
429
429
429
429
429
429
429
429
429
429
429
429
429
429
429
429
429
429
429
429
429
429
429
429
429
429
429
429
429
429
429
429
429
429
429
429
429
429
429
429
429
429
429
429
429
429
429
429
429
429
429
429
429
429
429
429
429
429
429
429
429
429
429
429
429
429
429
429
429
429
429
429
429
429
429
429
429
429
429
429
429
429
429
429
429
429
429
429
429
429
429
429
429
429
429
429
429
429
429
429
429
429
429
429
429
429
429
429
429
429
429
429
429
429
429
429
429
429
429
429
429
429
429
429
429
429
429
429
429
429
429
429
429
429
429
429
429
429
429
429
429
429
429
429
429
429
429
429
429
429
429
429
429
429
429
429
429
429
429
429
429
429
429
429
429
429
429
429
429
429
429
429
429
429
429
429
429
429
429
429
429
429
429
429
429
429
429
429
429
429
429
429
429
429
429
429
429
429
429
429
429
429
429
429
429
429
429
429
429
429
429
429
429
429
429
429
429
429
429
429
429
429
429
429
429
429
429
429
429
429
429
429
429
429
429
429
429
429
429
429
429
429
429
429
429
429
429
429
429
429
429
429
429
429
429
429
429
429
429
429
429
429
429
429
429
429
429
429
429
429
429
429
429
429
429
429
429
429
429
429
429
429
429
429
429
429
429
429
429
429
429
429
