430
365
379
372
374
383
376
375
369
380
382
379
380
376
390
383
375
383
374
381
385
378
373
371
377
362
370
370
376
377
384
388
369
375
374
371
383
380
375
373
378
376
364
375
380
381
373
368
383
376
379
385
378
371
371
385
384
377
382
372
385
393
369
382
373
372
367
388
370
382
375
365
384
382
372
382
387
378
364
381
382
383
377
366
385
377
369
379
374
370
383
375
352
379
375
375
391
383
372
378
382
367
380
366
393
367
371
382
374
371
388
378
376
371
373
387
377
367
373
376
371
374
376
372
380
381
375
377
385
370
376
373
371
379
371
364
373
385
386
369
388
379
382
373
376
355
372
383
374
380
380
375
393
379
379
364
381
371
380
362
382
386
384
381
383
379
360
386
372
370
377
382
366
390
387
367
367
373
382
384
378
369
367
373
385
374
379
375
381
388
373
368
370
382
382
369
377
369
380
378
376
372
372
366
372
365
385
359
363
379
377
380
368
380
373
375
387
363
369
392
383
377
373
379
384
381
383
371
366
366
377
384
373
373
379
378
377
381
371
374
390
384
377
385
376
367
369
374
373
376
369
363
377
379
375
388
381
381
377
377
379
397
372
388
374
392
389
372
383
372
384
374
372
387
374
381
377
386
375
387
377
383
376
368
369
385
375
369
372
373
369
378
374
387
375
388
366
384
375
383
374
383
371
358
374
371
379
381
375
378
386
385
376
382
386
382
380
377
377
383
372
372
367
371
366
366
376
393
385
364
374
368
370
377
373
366
379
381
374
378
368
374
382
370
366
381
389
385
375
372
377
370
378
391
367
385
376
371
378
361
378
367
366
368
368
376
377
372
376
377
360
376
379
370
378
380
364
385
370
388
372
374
375
372
376
388
377
360
377
374
385
372
375
385
371
377
384
387
383
369
370
378
385
389
376
371
362
381
376
371
387
374
382
374
372
386
382
373
370
378
391
377
374
372
385
377
387
377
382
384
373
378
372
375
383
385
373
381
361
379
366
378
364
358
385
384
376
374
379
387
382
371
362
364
366
381
370
378
374
383
374
371
386
370
363
364
374
378
371
376
370
375
370
377
374
376
377
376
373
380
374
379
371
374
378
372
384
380
380
374
369
375
369
379
378
374
369
379
376
373
383
380
367
369
384
375
383
373
380
389
381
371
370
371
378
376
383
375
375
369
382
379
385
370
372
367
371
381
382
369
380
378
365
366
381
372
385
375
370
379
364
368
379
395
367
379
384
380
372
373
366
372
373
381
368
377
382
364
374
371
380
371
366
366
376
376
374
380
377
385
385
387
377
383
383
387
383
367
376
380
376
370
367
379
384
368
379
389
374
358
378
379
379
374
373
371
368
366
376
370
380
385
377
375
375
372
381
385
371
370
364
374
379
359
382
362
367
388
370
383
374
377
371
374
375
387
377
382
367
380
387
366
371
374
372
370
377
375
385
377
368
377
380
379
385
387
386
381
369
383
381
382
378
376
373
373
362
376
372
375
361
380
379
372
371
375
367
371
379
372
371
372
382
374
376
369
376
374
373
372
370
367
378
374
377
365
373
362
374
363
368
376
366
384
374
381
382
382
379
377
371
387
379
384
382
378
364
375
377
379
375
376
384
381
378
382
375
360
368
370
378
382
379
371
380
377
371
368
382
385
364
368
372
373
359
374
381
381
376
385
381
375
376
379
378
376
370
384
381
375
378
354
368
380
375
374
368
372
368
380
372
363
369
382
374
382
379
374
384
385
378
378
375
379
376
387
378
367
378
368
377
374
381
372
381
379
365
379
385
387
391
371
380
381
376
373
378
378
389
371
382
383
370
382
375
375
363
375
372
379
376
390
382
378
375
389
377
368
376
368
372
379
364
387
384
379
373
376
380
380
367
369
367
382
369
369
368
368
379
377
384
372
372
371
379
378
377
371
379
380
392
374
377
376
373
379
382
387
379
374
371
377
361
368
372
383
381
368
372
372
384
370
376
379
383
374
378
375
372
369
373
364
375
384
384
370
371
377
387
394
371
381
373
378
377
368
377
366
375
383
384
385
370
362
388
376
383
382
378
378
376
368
367
372
382
374
389
380
390
382
371
368
382
368
386
377
387
376
374
377
369
374
369
373
384
381
372
364
361
361
385
379
368
373
369
377
370
385
376
379
379
386
377
381
373
377
375
361
366
367
373
377
368
365
383
374
374
379
373
381
378
379
388
377
366
382
373
371
368
369
374
384
375
383
380
370
392
371
381
388
383
366
380
385
369
365
383
380
362
384
381
384
376
380
382
376
376
372
373
379
371
368
371
382
382
367
378
384
388
376
380
380
373
380
369
381
387
372
375
381
381
384
375
377
380
375
379
366
375
382
389
363
379
384
376
368
375
365
380
388
369
371
380
377
376
378
381
368
387
371
379
376
381
385
383
377
374
376
370
381
368
375
385
378
384
384
360
371
376
377
376
364
372
361
385
373
375
375
375
383
375
371
384
382
379
382
383
377
375
372
375
384
376
385
373
374
381
389
386
380
383
383
381
381
370
379
378
370
365
380
372
386
384
376
383
386
367
373
380
376
372
373
372
385
357
378
381
388
377
372
371
388
381
383
373
385
373
371
379
372
379
381
379
388
373
370
377
374
379
362
379
386
382
377
367
362
377
364
378
374
379
369
374
370
366
374
380
378
391
381
370
377
367
373
384
372
364
383
382
383
386
386
382
375
377
371
373
369
389
381
380
388
379
372
374
372
377
372
384
376
379
374
386
382
381
382
375
373
381
375
389
380
375
371
373
383
387
383
366
382
383
380
366
375
375
379
371
387
374
381
373
367
383
378
386
370
366
381
373
382
385
377
407
411
414
415
420
421
421
423
423
423
425
426
426
426
426
427
427
427
427
427
428
428
428
428
428
428
428
428
428
428
428
428
428
428
428
428
428
428
428
428
428
428
428
428
428
428
428
428
428
428
428
428
428
428
428
428
428
428
428
428
428
428
428
428
429
429
429
429
429
429
429
429
429
429
429
429
429
429
429
429
429
429
429
429
429
429
429
429
429
429
429
429
429
429
429
429
429
429
429
429
429
429
429
429
429
429
429
429
429
429
429
429
429
429
429
429
429
429
429
429
429
429
429
429
429
429
429
429
429
429
429
429
429
429
429
429
429
429
429
429
429
429
429
429
429
429
429
429
429
429
429
429
429
429
429
429
429
429
429
429
429
429
429
429
429
429
429
429
429
429
429
429
429
429
429
429
429
429
429
429
429
429
429
429
429
429
429
429
429
429
429
429
429
429
429
429
429
429
429
429
429
429
429
429
429
429
429
429
429
429
429
429
429
429
429
429
429
429
429
429
429
429
429
429
429
429
429
429
429
429
429
429
429
429
429
429
429
429
429
429
429
429
429
429
429
429
429
429
429
429
429
429
429
429
429
429
429
429
429
429
429
429
429
429
429
429
429
429
429
429
429
429
429
429
429
429
429
429
429
429
429
429
429
429
429
429
429
429
429
429
429
429
429
429
429
429
429
429
429
429
429
429
429
429
429
429
429
429
429
429
429
429
429
429
429
429
429
429
429
429
429
429
429
429
429
429
429
429
429
429
429
429
429
429
429
429
429
429
429
429
429
429
429
429
429
429
429
429
429
429
429
429
429
429
429
429
429
429
429
429
429
429
429
429
429
429
429
429
429
429
429
429
429
429
429
429
429
429
429
429
429
429
429
429
429
429
429
429
429
429
429
429
429
429
429
429
429
429
429
429
429
429
429
429
429
429
429
429
429
429
429
429
429
429
429
429
429
429
429
429
429
429
429
429
429
429
429
429
429
429
429
429
429
429
429
429
429
429
429
429
429
429
429
429
429
429
429
429
429
429
429
429
429
429
429
429
429
429
429
429
429
429
429
429
429
429
429
429
429
429
429
429
429
429
429
429
429
429
429
429
429
429
429
429
429
429
429
429
429
429
429
429
429
429
429
429
429
429
429
429
429
429
429
429
429
429
429
429
429
429
429
429
429
429
429
429
429
429
429
429
429
429
429
429
429
429
429
429
429
429
429
429
429
429
429
429
429
429
429
429
429
429
429
429
429
429
429
429
429
429
429
429
429
429
429
429
429
429
429
429
429
429
429
429
429
429
429
429
429
429
429
429
429
429
429
429
429
429
429
429
429
429
429
429
429
429
429
429
429
429
429
429
429
429
429
429
429
429
429
429
429
429
429
429
429
429
429
429
429
429
429
429
429
429
429
429
429
429
429
429
429
429
429
429
429
429
429
429
429
429
429
429
429
429
429
429
429
429
429
429
429
429
429
429
429
429
429
429
429
429
429
429
429
429
429
429
429
429
429
429
429
429
429
429
429
429
429
429
429
429
429
429
429
429
429
429
429
429
429
429
429
429
429
429
429
429
429
429
429
429
429
429
429
429
429
429
429
429
429
429
429
429
429
429
429
429
429
429
429
429
429
429
429
429
429
429
429
429
429
429
429
429
429
429
429
429
429
429
429
429
429
429
429
429
429
429
429
429
429
429
429
429
429
429
429
429
429
429
429
429
429
429
429
429
429
429
429
429
429
429
429
429
429
429
429
429
429
429
429
429
429
429
429
429
429
429
429
429
429
429
429
429
429
429
429
429
429
429
429
429
429
429
429
429
429
429
429
429
429
429
429
429
429
429
429
429
429
429
429
429
429
429
429
429
429
429
429
429
429
429
429
429
429
429
429
429
429
429
429
429
429
429
429
429
429
429
429
429
429
429
429
429
429
429
429
429
429
429
429
429
429
429
429
429
429
429
429
429
429
429
429
429
429
429
429
429
429
429
429
429
429
429
429
429
429
429
429
429
429
429
429
429
429
429
429
429
429
429
429
429
429
429
429
429
429
429
429
429
429
429
429
429
429
429
429
429
429
429
429
429
429
429
429
429
429
429
429
429
429
429
429
429
429
429
429
429
429
429
429
429
429
429
429
429
429
429
429
429
429
429
429
429
429
429
429
429
429
429
429
429
429
429
429
429
429
429
429
429
429
429
429
429
429
429
429
429
429
429
429
429
429
429
429
429
429
429
429
429
429
429
429
429
429
429
429
429
429
429
429
429
429
429
429
429
429
429
429
429
429
429
429
429
429
429
429
429
429
429
429
429
429
429
429
429
429
429
429
429
429
429
429
429
429
429
429
429
429
429
429
429
429
429
429
429
429
429
429
429
429
429
429
429
429
429
429
429
429
429
429
429
429
429
429
429
429
429
429
429
429
429
429
429
429
429
429
429
429
429
429
429
429
429
429
429
429
429
429
429
429
429
429
429
429
429
429
429
429
429
429
429
429
429
429
429
429
429
429
429
429
429
429
429
429
429
429
429
429
429
429
429
429
429
429
429
429
429
429
429
429
429
429
429
429
429
429
429
429
429
429
429
429
429
429
429
429
429
429
429
429
429
429
429
429
429
429
429
429
429
429
429
429
429
429
429
429
429
429
429
429
429
429
429
429
429
429
429
429
429
429
429
429
429
429
429
429
429
429
429
429
429
429
429
429
429
429
429
429
429
429
429
429
429
429
429
429
429
429
429
429
429
429
429
429
429
429
429
429
429
429
429
429
429
429
429
429
429
429
429
429
429
429
429
429
429
429
429
429
429
429
429
429
429
429
429
429
429
429
429
429
429
429
429
429
429
429
429
429
429
429
