430
365
382
374
374
373
381
378
363
378
368
370
378
376
380
370
376
381
378
380
374
361
369
382
382
383
376
385
373
375
366
373
385
364
384
382
383
378
378
380
372
382
385
383
382
375
375
377
371
374
379
377
370
373
362
379
376
369
376
372
370
381
373
375
379
379
384
378
391
387
370
383
382
378
383
364
385
376
373
374
381
385
371
372
378
393
372
381
378
384
386
378
386
386
373
368
372
375
380
377
368
376
375
372
374
384
378
374
381
376
371
380
379
358
387
385
390
373
376
377
376
377
388
372
380
380
367
370
368
381
376
380
378
377
380
376
360
377
383
374
379
384
375
373
371
363
385
382
378
373
383
362
385
375
380
380
367
378
386
372
374
380
375
376
388
383
375
373
372
381
383
381
383
380
373
366
376
381
380
381
377
384
385
373
388
370
376
380
379
376
372
366
375
377
358
370
379
366
391
374
380
383
381
369
384
370
382
373
374
378
377
368
373
378
381
391
375
388
381
386
377
365
367
373
376
381
373
379
375
369
380
374
382
378
364
372
372
381
377
374
380
377
376
372
377
375
387
365
376
371
376
376
374
371
390
382
382
387
377
372
365
375
376
377
372
380
366
382
391
377
372
374
379
373
377
365
385
382
378
373
366
391
371
377
351
366
371
373
381
368
383
368
373
378
363
375
379
373
380
364
387
387
378
385
378
379
386
362
378
381
381
379
377
370
376
381
374
377
384
380
382
385
381
385
384
387
381
367
373
379
365
383
379
380
391
384
373
365
374
380
375
390
381
383
376
378
373
369
383
376
382
384
365
373
371
382
384
384
378
381
369
375
368
372
385
368
383
365
379
386
367
379
382
381
373
380
383
369
372
378
377
391
386
365
373
371
380
387
371
377
380
378
372
387
377
376
378
380
375
379
377
384
379
372
367
369
363
382
362
379
377
373
369
377
371
378
370
378
394
373
370
374
387
362
375
384
379
374
379
391
383
376
383
365
380
380
370
391
383
379
374
379
378
377
374
369
369
371
366
365
365
364
377
378
378
375
370
374
365
383
396
378
379
374
364
380
378
378
376
370
368
378
375
360
382
383
364
384
377
378
368
371
365
378
375
370
395
382
366
381
377
381
376
371
378
379
383
384
375
375
379
368
371
383
370
369
388
381
390
380
378
370
378
383
374
381
373
378
383
392
378
381
387
368
380
371
375
378
382
378
368
383
380
378
372
377
372
376
376
373
374
374
371
380
371
378
372
371
372
380
376
379
374
384
379
383
383
376
357
372
378
375
371
367
373
379
382
372
383
380
367
363
381
371
375
389
379
378
378
369
373
375
385
357
368
370
377
380
370
371
368
380
371
385
381
370
369
382
383
379
375
393
377
385
376
376
389
362
381
377
388
386
381
381
368
369
370
380
357
385
368
379
377
384
381
380
390
374
386
385
375
382
369
373
382
384
381
389
370
366
371
388
384
383
370
369
370
381
370
370
384
370
377
370
371
380
381
371
368
380
371
368
368
373
383
376
370
385
374
378
382
369
372
375
369
370
376
379
374
382
366
391
376
385
369
383
378
369
378
374
361
384
369
373
375
379
362
366
385
387
379
367
372
387
392
384
383
375
375
372
382
387
368
386
381
378
382
389
381
380
372
382
383
379
365
367
379
385
368
379
374
377
371
362
379
371
379
385
373
377
366
381
365
367
378
368
367
377
377
377
385
385
382
372
379
391
372
381
391
391
372
379
366
379
366
381
378
391
378
386
374
379
378
372
380
370
373
376
380
383
373
384
388
382
368
360
377
372
378
378
370
368
370
382
381
384
378
382
387
367
378
379
380
382
382
375
362
375
378
382
384
374
380
388
373
365
386
370
388
379
376
387
366
372
369
381
380
383
375
376
373
376
386
376
370
378
371
373
389
385
372
375
380
378
388
378
378
390
386
383
385
385
371
374
375
380
386
376
373
375
382
377
378
374
384
378
368
374
387
379
377
377
376
371
377
387
375
391
371
378
376
351
377
368
380
385
376
372
384
372
376
380
381
384
379
368
375
373
389
388
369
381
386
377
377
381
378
375
384
389
390
373
367
386
379
384
370
366
382
387
403
372
353
370
373
387
379
376
383
377
372
382
379
378
368
371
352
364
375
376
375
381
372
375
375
381
362
364
370
377
370
387
367
373
379
371
389
366
381
369
378
379
371
374
364
373
380
373
368
383
378
382
379
390
395
383
382
374
369
378
378
380
384
376
385
370
371
379
382
374
382
383
385
372
375
377
379
382
384
377
375
372
386
375
381
376
382
381
374
390
370
387
377
370
376
381
368
371
379
380
365
371
375
366
377
378
382
371
375
370
375
375
364
365
374
375
382
381
373
375
382
377
375
378
391
382
376
386
362
384
390
383
382
382
384
377
383
375
384
380
391
375
375
383
378
382
365
386
388
377
390
370
391
388
384
382
382
379
377
378
391
376
388
372
376
374
377
372
374
379
377
367
381
370
371
380
373
376
368
372
371
377
378
383
387
385
375
368
368
372
377
379
379
387
383
376
382
374
385
384
375
372
374
388
382
383
376
375
369
380
383
379
384
387
373
376
386
371
379
391
376
374
371
377
387
376
378
374
385
378
387
373
376
378
388
366
373
374
382
382
378
383
377
375
378
371
379
382
367
379
373
379
377
380
382
386
380
374
379
387
380
380
375
375
379
395
382
376
370
375
362
380
368
375
377
374
390
386
384
377
375
385
364
372
385
375
376
383
379
385
381
377
366
376
390
379
377
395
374
374
386
388
381
386
383
378
380
371
369
382
383
382
380
371
380
382
385
382
383
384
375
392
382
375
370
368
382
379
385
378
377
386
385
380
369
377
380
371
366
380
375
380
370
380
375
376
382
388
376
381
379
368
383
384
387
379
375
390
383
382
381
373
370
390
384
384
377
377
379
380
383
376
383
385
374
383
386
395
372
377
375
384
387
382
387
388
382
389
378
373
380
385
375
374
381
383
377
392
382
389
367
382
386
378
381
377
389
368
373
371
386
369
376
391
371
375
380
377
381
385
381
377
381
387
375
386
365
382
385
382
388
379
387
386
383
384
382
365
382
369
382
380
377
379
378
380
376
380
376
386
384
393
370
386
374
394
370
389
386
379
375
386
386
379
390
373
369
371
373
384
379
376
371
387
375
387
385
383
378
375
383
374
384
387
378
381
386
377
380
389
375
388
381
386
393
375
381
375
375
383
372
379
382
383
369
389
393
393
379
384
393
376
382
384
385
377
383
383
378
369
390
387
374
389
374
380
383
380
377
390
384
380
374
374
386
389
385
376
385
386
381
381
393
378
371
385
377
369
380
377
359
376
377
368
375
382
380
375
382
386
376
374
383
376
387
381
383
382
376
385
379
381
386
379
371
374
377
388
387
384
395
384
387
387
380
376
360
378
382
382
369
387
381
371
374
377
380
384
389
380
390
384
382
382
389
394
380
385
394
394
391
377
386
387
386
394
385
381
385
379
379
380
385
386
381
390
385
370
379
395
389
381
385
378
379
376
379
378
386
380
390
379
380
383
370
385
378
383
377
386
389
385
381
382
386
385
382
390
384
379
374
381
382
383
384
375
381
379
379
376
369
380
394
372
393
367
382
379
389
390
383
384
381
387
375
389
381
368
375
373
368
385
389
383
386
377
378
391
382
383
390
382
382
388
378
385
383
378
390
378
387
384
380
388
393
392
386
389
388
381
380
390
391
389
388
386
390
379
379
399
390
383
386
379
384
384
379
383
384
393
392
385
381
387
387
380
375
378
387
389
389
386
392
391
392
391
394
384
389
382
388
374
369
383
398
386
391
383
382
385
378
382
392
384
381
382
394
387
379
383
384
387
393
363
382
382
376
379
382
378
381
380
390
376
380
388
382
379
379
382
381
387
383
384
384
382
377
373
392
389
380
378
393
381
384
382
387
381
385
381
378
378
386
379
380
386
385
380
379
383
387
386
387
384
393
387
395
385
379
383
392
391
387
377
382
392
391
384
385
388
384
390
386
386
384
385
392
392
384
392
380
385
380
387
389
393
391
392
398
397
395
382
390
376
386
392
383
383
387
387
369
377
387
385
382
384
390
391
381
393
382
389
392
376
388
395
377
388
393
392
392
387
392
388
388
390
391
382
382
390
375
390
385
385
381
384
390
388
387
385
370
386
384
375
390
394
389
388
385
375
379
386
382
378
395
388
383
386
393
392
382
388
379
385
380
377
383
386
389
385
385
386
383
390
389
387
386
387
377
383
388
376
389
389
389
390
375
386
391
384
390
383
380
391
391
393
389
387
392
384
387
387
392
390
380
389
393
397
388
391
390
390
396
392
373
389
376
390
386
394
385
383
395
380
398
382
388
391
398
383
387
386
381
401
389
377
379
383
389
391
377
386
393
385
388
388
399
401
381
382
383
387
382
381
390
389
381
383
377
381
383
386
394
371
379
391
389
383
383
396
387
393
391
393
390
377
383
391
387
395
390
380
393
377
386
388
387
382
395
396
386
385
381
392
401
399
387
386
390
396
390
376
391
392
390
392
391
393
377
392
399
393
392
390
386
384
387
396
392
397
385
387
391
393
390
384
387
392
391
392
390
388
379
389
383
387
395
398
392
390
383
395
399
385
389
396
389
388
385
394
390
392
385
393
391
393
393
388
392
387
391
386
391
388
386
386
384
385
393
388
393
399
386
393
398
398
396
391
383
387
393
391
396
394
387
394
390
384
399
394
392
399
400
399
389
390
396
392
398
396
386
392
373
398
394
394
389
389
390
403
399
389
384
388
402
395
392
390
399
397
389
382
378
397
391
402
388
393
385
389
394
393
399
396
396
393
400
400
385
400
387
394
394
400
397
399
395
387
392
396
398
386
386
396
400
396
390
399
406
397
390
385
390
403
393
394
394
404
404
395
396
392
396
395
387
398
397
403
396
397
398
403
395
400
395
390
387
391
388
405
400
399
393
401
398
394
395
393
396
401
396
392
394
405
404
398
398
397
400
389
395
406
397
404
402
397
395
404
394
384
393
395
401
396
394
399
402
400
393
390
395
391
393
399
391
386
389
401
396
399
405
406
394
400
390
388
395
395
404
411
405
404
400
402
400
399
402
404
400
402
391
391
391
405
398
397
392
397
395
416
403
398
400
396
399
404
401
398
395
401
405
397
398
403
398
398
394
393
396
400
393
391
395
401
405
406
401
401
403
399
398
403
401
399
404
406
410
389
398
400
401
400
402
401
398
402
398
393
397
399
396
399
400
392
405
401
400
390
398
399
402
404
395
391
394
404
403
399
401
395
394
407
398
409
405
402
395
396
396
398
405
402
400
403
405
408
400
400
412
408
400
414
406
402
404
402
398
399
408
407
401
395
399
404
404
412
398
393
405
410
402
402
406
398
399
402
396
397
399
404
405
402
408
413
401
399
402
406
405
396
393
396
398
405
403
399
403
403
403
402
408
401
405
404
400
397
405
404
411
407
406
401
405
407
406
403
410
406
408
396
404
400
406
400
399
405
399
405
402
402
404
400
394
397
400
407
411
410
406
402
407
403
399
398
411
412
410
410
403
411
412
409
405
405
399
405
407
406
406
407
407
414
410
411
405
407
399
398
399
407
409
401
401
405
400
399
405
401
405
405
405
408
408
410
404
403
412
410
408
411
417
