430
366
373
376
378
366
382
375
380
384
385
384
380
379
391
371
383
371
386
372
369
374
374
378
374
373
371
377
379
383
373
375
381
381
381
379
370
378
375
389
367
375
367
387
375
368
380
369
379
380
371
374
376
387
380
375
381
371
370
385
378
381
388
387
379
371
369
380
378
374
372
375
367
370
383
374
367
374
376
378
367
377
370
355
379
377
372
369
373
364
385
373
374
373
377
364
373
373
384
370
383
368
381
383
367
379
381
374
376
386
379
382
386
381
373
374
370
381
368
389
379
383
379
370
376
370
377
388
378
389
382
378
379
381
369
381
386
382
383
384
371
371
380
379
367
376
369
377
375
375
374
371
371
366
365
369
376
369
376
383
372
382
385
365
370
379
390
381
384
377
382
370
388
374
370
377
390
373
381
371
379
381
375
379
387
381
382
379
367
377
375
364
376
374
376
383
377
389
379
377
376
392
365
391
385
380
373
369
378
382
378
388
377
375
379
391
364
378
376
380
373
393
388
388
375
382
387
375
383
370
373
371
378
374
378
375
390
372
374
377
388
387
377
383
388
380
369
375
372
388
385
384
365
369
379
378
383
374
380
384
378
381
384
370
373
373
370
369
382
383
374
371
380
371
369
389
389
372
379
374
378
382
380
380
372
384
376
385
375
394
373
383
386
384
371
386
377
380
375
368
372
381
383
371
375
384
377
378
379
378
376
395
387
373
375
376
375
391
375
371
371
378
383
378
375
380
383
355
375
383
378
380
391
383
387
368
384
375
387
379
384
388
377
381
375
380
386
377
381
366
378
376
376
378
388
373
385
380
372
388
368
368
363
363
376
385
386
374
371
384
387
379
381
379
393
386
377
375
375
380
366
373
375
396
383
388
385
376
389
384
371
378
371
373
381
373
377
384
378
387
374
365
381
379
389
397
379
374
363
369
370
374
385
388
378
372
381
384
382
374
376
381
368
363
378
367
370
382
378
374
375
379
380
379
370
376
373
380
382
388
378
375
376
375
382
382
377
375
371
379
380
381
385
362
370
382
371
374
377
382
370
386
378
379
376
373
375
385
376
391
379
379
392
399
360
371
365
368
385
369
369
376
378
378
371
362
381
392
379
377
358
384
380
365
379
387
371
376
380
394
371
384
370
381
382
380
382
385
370
381
381
382
379
381
373
383
371
371
377
383
386
380
380
376
387
379
378
379
393
379
384
368
363
362
370
365
382
389
373
379
376
372
369
379
374
371
376
378
378
373
374
379
382
379
367
379
369
389
374
380
377
389
373
375
377
382
379
380
370
377
383
374
371
378
388
378
385
381
389
383
379
386
384
382
367
382
382
384
369
385
375
375
378
384
380
385
367
383
372
369
368
379
382
382
381
374
382
373
383
378
372
376
368
390
377
384
385
373
376
372
377
371
374
379
381
376
376
379
378
380
389
374
378
382
391
382
375
375
371
382
373
373
375
367
381
374
384
376
371
385
372
371
375
381
386
389
387
373
380
367
378
387
376
392
375
387
379
370
372
385
386
368
375
378
371
377
384
373
377
381
376
379
370
380
381
393
372
389
382
373
384
385
380
380
383
381
381
374
390
370
378
384
375
377
370
382
364
380
382
388
379
386
387
384
375
373
380
379
369
381
379
382
383
384
380
380
374
387
378
385
383
371
378
382
380
381
387
390
383
382
378
377
388
365
376
371
386
375
388
381
387
390
381
371
381
376
378
391
390
374
379
379
393
377
381
377
386
379
376
384
383
388
383
388
386
385
385
376
388
383
384
366
375
377
380
384
385
380
381
387
377
382
385
373
371
388
384
374
370
376
385
389
371
387
368
379
374
376
375
370
363
385
374
367
383
392
388
384
379
381
385
391
373
377
380
385
382
389
386
376
381
378
372
384
376
383
389
386
386
389
384
391
388
386
385
389
370
382
375
382
385
382
392
373
383
385
388
386
389
381
397
375
382
383
383
377
385
380
377
384
377
383
377
378
386
388
389
374
398
378
380
382
368
366
380
371
386
390
391
381
375
386
372
383
376
378
374
388
374
385
374
385
375
382
388
388
389
385
379
377
382
380
395
388
365
373
386
380
389
392
382
380
385
367
390
378
391
378
382
395
372
382
373
392
378
384
372
390
381
378
378
385
377
386
368
387
377
382
390
399
384
374
382
394
383
390
387
391
388
394
386
389
386
380
387
403
396
396
392
388
380
384
387
379
380
379
388
383
385
390
382
378
392
390
389
390
381
388
389
385
382
395
389
382
386
388
384
385
385
382
385
392
382
391
389
391
384
385
388
394
379
383
383
384
382
388
396
379
381
378
383
381
379
383
391
383
381
383
389
388
394
391
389
390
381
381
384
390
388
380
396
394
392
392
393
397
393
387
387
386
405
393
380
382
391
377
398
384
390
391
384
396
386
382
384
386
388
385
389
390
392
393
386
378
391
395
385
389
387
383
382
393
383
388
384
396
391
396
382
387
387
390
387
388
389
393
385
395
390
397
391
397
400
387
388
397
384
391
386
380
392
392
395
399
401
404
396
390
397
393
400
396
402
382
390
388
397
394
388
398
389
395
405
397
401
400
400
399
385
389
395
387
396
399
389
389
390
395
385
394
389
385
390
390
398
396
389
387
395
387
391
399
391
396
388
400
400
395
391
385
397
388
385
402
402
395
401
397
396
400
402
397
400
400
396
394
405
395
395
391
385
398
395
408
392
398
397
388
392
394
400
389
395
385
402
395
400
392
402
397
400
402
404
398
393
403
397
398
396
402
406
394
399
390
399
399
393
401
404
402
394
396
392
391
398
391
388
395
392
398
405
405
393
408
397
397
401
397
401
395
398
402
403
406
396
398
396
395
402
392
399
401
396
395
391
395
395
403
400
404
390
384
394
404
400
402
402
397
395
398
396
402
395
398
404
396
397
401
405
404
410
406
407
407
407
399
406
389
402
403
407
403
409
394
401
408
409
406
403
408
406
405
410
412
409
404
406
410
408
399
397
402
400
401
400
407
407
408
398
401
401
407
409
413
412
410
404
401
406
408
411
409
408
399
402
404
408
403
404
406
399
406
408
407
407
411
412
409
409
405
405
405
411
412
406
409
402
404
403
410
409
413
412
410
406
411
406
404
406
407
412
415
411
414
412
408
408
408
412
413
413
417
409
413
415
417
412
408
409
412
410
399
406
409
406
407
410
412
403
406
408
411
409
403
408
410
406
413
412
409
408
415
415
413
412
417
417
418
415
415
415
419
410
410
413
412
415
413
418
415
416
415
413
415
416
419
419
421
417
417
413
407
416
413
413
416
419
417
417
419
421
419
417
414
414
415
410
409
410
412
410
411
411
413
411
406
410
408
412
415
418
416
419
418
415
416
417
418
417
416
415
418
414
412
409
412
414
415
414
414
413
416
418
419
419
421
418
417
416
419
417
413
413
417
419
411
412
420
419
414
416
416
421
420
419
418
421
418
419
420
420
419
416
419
422
421
420
422
420
419
420
417
418
420
418
422
421
420
420
420
420
422
421
423
424
424
423
421
418
420
419
418
417
419
421
422
418
420
421
418
418
419
421
420
421
423
421
422
422
419
417
420
419
419
421
420
419
416
416
417
417
417
420
418
416
418
418
419
419
418
416
416
418
420
421
423
422
421
421
422
423
419
419
419
419
421
423
422
422
423
425
424
424
427
427
426
427
426
427
427
426
425
425
424
425
424
423
425
424
423
425
425
425
423
423
425
425
425
425
425
425
425
425
425
426
425
424
424
424
424
425
425
425
424
424
425
427
426
426
425
426
426
425
425
426
425
426
425
426
425
424
426
428
428
428
428
428
428
427
428
428
428
428
428
428
427
428
428
428
428
428
428
428
428
428
428
428
428
428
428
428
428
428
427
428
428
428
428
428
428
428
428
428
427
427
428
428
428
428
428
428
428
428
428
428
428
428
428
427
427
428
428
428
428
428
428
427
427
427
428
428
428
428
428
428
428
428
428
428
428
428
428
428
428
428
428
428
428
428
428
428
428
428
428
428
428
428
428
428
428
428
428
428
428
428
428
428
428
428
428
428
428
428
428
428
427
427
427
427
427
427
427
427
428
428
428
428
428
428
428
428
428
428
428
428
428
427
427
427
427
427
428
428
428
428
428
428
428
428
428
428
428
428
428
428
428
428
428
428
428
428
428
428
428
428
428
428
428
428
428
428
428
428
428
428
428
428
428
428
428
428
428
428
428
428
428
428
428
428
428
428
428
428
428
428
428
428
428
428
428
428
428
428
428
428
428
428
428
428
428
428
428
428
428
428
428
428
428
428
428
428
428
428
428
428
428
428
428
428
428
428
428
428
428
428
428
428
428
428
428
428
428
428
428
428
428
428
428
428
428
428
428
428
428
428
428
428
428
428
428
428
428
428
428
428
428
428
428
428
428
428
428
428
428
428
428
428
428
428
428
428
428
428
428
428
428
428
428
428
428
428
428
428
428
428
428
428
428
428
428
428
428
428
428
428
428
428
428
428
428
428
428
428
428
428
428
428
428
428
428
428
428
428
428
428
428
428
428
428
428
428
428
428
428
428
428
428
428
428
428
428
428
428
428
428
428
428
428
428
428
428
428
428
428
428
428
428
428
428
428
428
428
428
428
428
428
428
428
428
428
428
428
428
428
428
428
428
428
428
428
428
428
428
428
428
428
428
428
428
428
428
428
428
428
428
428
428
428
428
428
428
428
428
428
428
428
428
428
428
428
428
428
428
428
428
428
428
428
428
428
428
428
428
428
428
428
428
428
428
428
428
428
428
428
428
428
428
428
428
428
428
428
428
428
428
428
428
428
428
428
428
428
428
428
428
428
428
428
428
428
428
428
428
428
428
428
428
428
428
428
428
428
428
428
428
428
428
428
428
428
428
428
428
428
428
428
428
428
428
428
428
428
428
428
428
428
428
428
428
428
428
428
428
428
428
428
428
428
428
428
428
428
428
428
428
428
428
428
428
428
428
428
428
428
428
428
428
428
428
428
428
428
428
428
428
428
428
428
428
428
428
428
428
428
428
428
428
428
428
428
428
428
428
428
428
428
428
428
428
428
428
428
428
428
428
428
428
428
428
428
428
428
428
428
428
428
428
428
428
428
428
428
428
428
428
428
428
428
428
428
428
428
428
428
428
428
428
428
428
428
428
428
428
428
428
428
428
428
428
428
428
428
428
428
428
428
428
428
428
428
428
428
428
428
428
428
428
428
428
428
428
428
428
428
428
428
428
428
428
428
428
428
428
428
428
428
428
428
428
428
428
428
428
428
428
428
428
428
428
428
428
428
428
428
428
428
428
428
428
428
428
428
428
428
428
428
428
428
428
428
428
428
428
428
428
428
428
428
428
428
428
428
428
428
428
428
428
428
428
428
428
428
428
428
428
428
428
428
428
428
428
428
428
428
428
428
428
428
428
428
428
428
428
428
428
428
428
428
428
428
428
428
428
428
428
428
428
428
428
428
428
428
428
428
428
428
428
428
428
428
428
428
428
428
428
428
428
428
428
428
428
428
428
428
428
428
428
428
428
428
428
428
428
428
428
428
428
428
428
428
428
428
428
428
428
428
428
428
428
428
428
428
428
428
428
428
428
428
428
428
428
428
428
428
428
428
428
428
428
428
428
428
428
428
428
428
428
428
428
428
428
