430
363
386
370
368
373
380
366
374
373
374
374
378
367
381
393
372
375
371
379
377
371
375
374
372
382
367
376
374
377
377
375
385
382
378
378
380
381
376
377
377
385
374
379
390
374
373
387
382
391
376
383
379
375
372
369
384
384
382
373
374
369
370
373
363
375
370
381
375
373
387
381
377
372
374
375
379
374
366
373
373
372
390
375
383
377
374
376
379
372
375
384
386
392
381
385
376
375
369
368
375
385
374
370
372
369
372
366
380
381
383
376
380
373
368
392
382
384
385
373
379
373
385
384
381
389
388
372
379
366
380
378
375
367
386
373
371
375
376
372
378
379
369
372
371
371
386
373
390
370
375
377
374
376
383
379
384
363
378
366
382
378
384
373
380
387
374
371
381
390
373
384
382
375
380
373
389
378
367
376
380
368
387
379
374
387
383
374
369
385
375
382
376
374
369
377
380
374
369
394
385
378
383
373
384
381
382
369
363
380
384
374
381
377
380
375
378
376
380
380
365
377
382
380
372
391
371
374
387
384
371
381
383
369
365
373
388
386
377
374
376
377
376
394
376
372
369
379
384
378
374
370
378
370
378
381
384
386
370
380
379
393
375
377
383
386
372
380
367
387
386
375
373
378
366
368
378
382
378
379
383
381
370
380
370
375
384
383
373
380
385
374
363
378
379
374
387
379
365
378
378
378
376
367
372
376
384
382
375
377
378
375
371
377
382
380
378
384
377
384
378
377
361
374
378
371
369
375
378
374
388
384
377
385
374
386
384
389
375
375
369
387
390
375
374
381
376
366
385
393
393
379
370
382
384
375
382
384
380
381
380
386
367
376
377
377
380
381
383
375
368
378
372
366
381
366
379
388
374
383
376
368
378
386
382
372
371
380
372
379
381
386
376
385
364
378
385
373
383
365
373
392
376
379
380
366
374
379
366
364
381
387
375
374
374
372
371
370
374
363
375
370
377
366
373
378
383
377
379
375
375
378
372
370
384
395
386
387
380
380
379
379
377
371
385
388
385
371
366
371
386
368
383
377
375
383
387
376
388
373
376
367
372
368
381
369
368
382
370
369
383
369
375
358
375
373
378
379
369
374
376
373
373
389
381
383
365
375
382
388
381
386
379
373
364
373
375
379
379
379
385
378
375
369
385
377
379
385
366
377
373
377
371
374
374
375
376
380
381
373
377
377
378
380
380
379
383
377
364
377
380
381
379
379
374
372
364
382
382
381
379
381
369
372
372
384
376
379
378
370
381
377
382
368
373
371
373
360
372
375
374
374
379
373
388
385
386
379
367
370
364
390
379
387
384
373
370
371
383
376
379
377
381
380
362
386
382
378
376
373
372
379
374
378
371
373
377
380
380
378
376
370
373
366
382
367
371
376
376
381
368
379
376
378
369
383
386
380
386
369
374
379
381
369
397
369
375
372
387
371
374
370
378
382
378
373
375
379
386
371
370
376
373
382
360
368
372
378
366
370
383
375
369
387
375
368
378
375
375
381
381
368
387
373
370
384
371
370
379
366
369
374
366
372
372
376
383
382
379
381
367
381
371
379
368
379
381
386
370
377
378
379
366
368
381
378
381
374
367
363
386
386
377
376
379
376
376
382
378
382
384
370
372
385
381
389
384
374
374
391
382
368
371
363
385
382
379
380
374
373
363
367
378
374
380
379
370
373
376
366
379
382
376
385
380
364
366
371
382
381
378
391
391
377
372
372
375
385
381
364
381
382
382
378
380
383
390
379
377
379
377
384
373
375
378
370
371
383
384
375
374
374
387
375
370
371
379
383
383
382
389
376
375
385
369
368
376
375
385
374
382
383
385
370
377
381
381
380
375
386
384
388
374
383
374
380
384
373
373
379
379
366
367
367
386
382
376
364
388
373
378
377
375
377
383
381
362
380
365
375
383
379
369
365
376
384
370
375
384
378
380
369
378
379
382
372
367
369
389
368
387
380
375
375
379
361
367
377
373
382
372
376
375
388
375
371
379
382
370
369
381
375
376
371
374
381
359
367
381
378
366
375
381
371
371
373
379
373
377
374
367
384
382
382
368
373
386
380
368
370
372
384
379
380
371
380
371
368
382
383
387
381
381
375
373
360
380
373
376
385
372
389
380
373
385
373
378
386
379
388
387
368
375
368
382
390
383
371
388
384
376
376
379
382
384
392
385
381
376
392
388
377
371
378
375
379
380
377
376
379
370
378
365
365
370
377
380
390
381
369
367
391
374
384
378
381
371
369
358
374
374
381
388
376
372
386
375
372
381
380
373
383
369
387
380
381
372
385
364
372
371
373
370
367
380
379
376
381
376
371
391
379
386
376
368
378
362
379
374
373
383
369
379
388
373
369
378
380
372
379
385
384
382
382
373
375
367
379
373
351
377
378
383
368
387
387
367
374
381
373
382
380
381
382
381
375
374
373
376
384
376
382
376
374
361
380
378
364
371
378
379
366
382
384
386
384
389
388
362
364
365
394
378
371
363
384
370
375
381
374
373
382
374
383
374
378
374
366
364
369
373
384
374
384
376
376
368
375
375
379
378
369
381
379
379
380
384
386
391
375
382
370
367
368
375
385
380
377
373
373
389
390
375
369
368
377
375
377
368
375
385
379
384
381
372
373
382
382
379
365
378
366
375
370
371
381
374
366
376
375
360
384
373
379
372
391
384
377
375
376
375
374
388
382
383
379
368
360
375
386
377
372
380
373
363
380
390
377
365
367
380
379
379
373
377
369
383
360
360
377
391
379
385
387
371
373
371
385
382
376
376
380
382
369
369
376
369
362
378
375
381
370
375
380
370
383
377
371
378
370
381
383
360
374
377
375
374
380
381
371
374
384
384
385
374
367
386
374
361
377
373
362
373
376
371
383
377
381
382
368
383
376
375
369
389
388
381
368
381
388
387
372
376
382
370
375
391
376
377
369
384
376
379
377
392
369
375
367
366
371
364
377
371
369
374
377
376
372
388
374
387
364
363
375
376
380
378
389
373
378
374
372
372
372
375
382
386
389
385
379
380
384
376
380
378
387
384
369
374
373
380
366
372
378
379
379
380
375
368
371
385
378
384
377
374
372
369
384
379
379
387
368
373
377
385
381
387
379
385
379
379
384
380
381
370
377
387
369
382
389
384
374
372
373
375
378
367
379
377
385
388
363
380
381
370
366
392
381
390
376
367
389
380
381
386
375
382
386
371
373
388
377
361
382
381
376
386
389
381
362
381
390
383
382
377
366
381
356
369
376
378
373
366
375
373
383
381
380
385
369
366
371
369
378
375
381
377
369
372
382
363
384
372
384
386
381
377
370
380
371
383
395
382
378
377
381
390
376
371
373
381
373
385
376
379
384
375
382
381
370
367
384
390
370
373
375
356
377
372
370
379
372
381
382
379
370
384
375
386
375
361
372
375
380
376
374
385
376
381
384
378
380
379
371
362
376
391
390
377
375
379
384
365
383
381
381
368
389
376
376
380
379
381
377
376
365
370
381
381
377
381
391
373
382
388
384
382
368
381
368
386
377
378
385
374
374
384
368
384
381
379
376
376
382
380
374
392
372
384
377
377
378
373
372
371
377
378
390
378
380
377
394
378
376
378
388
374
374
383
377
369
367
376
363
380
380
375
387
383
386
382
374
380
370
379
381
382
380
380
384
373
373
372
369
383
373
369
383
386
375
370
381
372
376
388
371
378
373
379
379
379
388
376
374
369
376
383
366
377
384
374
378
380
387
368
378
384
380
373
380
374
390
370
373
379
375
379
389
374
384
388
379
382
377
380
387
381
383
386
380
376
374
361
386
387
382
377
387
391
380
381
383
382
368
376
363
369
365
375
387
378
370
376
384
375
392
380
370
381
364
386
384
377
373
375
387
388
376
379
378
381
384
375
357
372
387
378
379
379
373
378
378
389
382
377
377
372
385
380
386
371
377
380
372
383
374
379
378
375
371
365
372
377
372
372
369
372
378
384
389
385
380
387
374
381
376
374
376
388
371
371
392
376
387
388
372
381
384
370
389
388
376
384
388
387
374
379
392
380
379
376
375
379
382
382
375
372
378
371
380
386
390
384
376
382
381
381
368
379
386
381
383
373
373
368
374
374
376
373
384
377
369
379
371
380
384
375
386
369
368
374
387
377
374
373
379
384
388
376
382
382
374
382
377
383
371
366
373
384
381
379
370
374
374
392
381
377
385
387
383
376
369
384
379
376
378
378
377
382
373
368
380
383
381
372
381
374
379
381
384
377
376
377
388
375
383
382
371
381
384
376
378
386
375
370
380
373
379
379
364
382
379
389
387
379
380
378
372
384
380
380
373
384
379
389
384
377
367
374
384
360
370
373
379
377
390
391
373
379
387
376
374
370
374
379
383
377
380
385
377
387
365
390
386
382
381
375
378
382
372
384
373
378
373
372
379
379
364
376
375
378
370
377
391
380
367
386
374
372
390
383
379
389
358
373
376
386
387
384
378
380
389
378
383
388
399
384
380
387
375
382
376
373
380
385
369
393
390
387
380
373
380
380
383
380
373
381
380
367
380
375
361
375
376
380
371
372
378
384
381
377
377
381
375
375
378
377
369
391
376
376
387
383
367
378
370
394
371
385
382
373
383
367
371
381
392
376
380
391
390
389
379
375
366
384
375
387
373
389
374
379
383
380
376
377
381
387
375
378
388
379
376
365
374
384
382
375
378
385
374
390
373
374
380
380
372
371
383
379
377
376
378
380
372
386
380
377
388
374
377
377
390
382
384
383
377
381
386
377
380
377
386
377
372
381
387
382
377
377
382
388
365
366
379
395
378
389
381
384
382
382
398
387
382
381
370
384
375
376
380
381
392
376
384
382
384
379
385
392
384
365
375
376
371
358
382
371
379
384
383
385
380
382
381
382
380
384
380
366
376
382
377
381
374
389
371
377
383
381
369
374
374
386
378
367
378
372
391
374
383
374
386
389
372
395
377
380
392
388
383
374
370
375
378
386
385
385
385
386
378
368
373
379
382
369
389
373
382
386
384
369
382
379
379
364
377
386
373
381
370
387
382
377
383
380
387
392
393
374
382
379
372
370
392
384
369
378
375
399
377
387
379
376
384
373
387
373
376
388
372
390
385
383
383
377
379
377
373
360
376
379
374
381
384
378
375
372
380
378
387
380
387
376
388
374
376
388
384
379
367
389
379
384
375
387
385
381
390
386
388
388
389
368
374
377
378
384
387
378
382
375
374
368
372
387
385
382
380
382
382
375
370
391
379
397
388
382
389
383
372
391
378
385
383
383
382
387
371
380
384
379
388
376
385
388
390
387
387
382
383
382
372
389
390
378
385
363
380
388
383
390
384
394
392
383
381
383
371
389
387
392
393
375
374
371
372
380
385
384
383
383
390
384
385
392
381
392
383
384
392
386
390
384
389
361
382
372
387
384
385
386
373
377
390
381
388
386
382
385
390
388
376
365
372
383
392
380
391
391
381
385
396
395
392
393
406
393
390
392
391
386
381
378
383
388
399
387
389
390
379
390
379
393
392
388
389
401
390
388
393
393
387
393
395
402
388
394
397
391
390
393
392
398
405
393
393
393
397
396
394
396
401
392
398
396
398
397
396
398
411
406
407
402
404
401
400
410
402
404
407
408
406
411
414
408
404
408
418
414
418
415
417
418
417
420
422
422
422
423
423
425
