430
365
371
385
382
377
379
367
386
379
388
392
377
388
380
376
384
366
377
377
375
374
373
385
378
379
379
363
364
370
361
384
372
372
382
387
378
375
378
385
372
377
378
370
369
377
386
374
363
383
372
373
367
381
376
380
385
384
388
373
384
380
375
377
382
381
372
374
385
386
381
368
374
378
381
371
375
368
363
385
376
364
375
389
372
381
379
375
369
376
378
373
381
386
373
374
385
381
385
382
371
374
381
385
374
367
376
372
379
380
387
387
367
381
368
381
368
374
386
381
364
387
366
371
380
383
376
388
377
379
369
370
375
377
369
385
383
383
369
388
375
364
378
381
378
379
373
366
380
382
373
376
375
371
372
376
366
387
379
375
369
367
368
371
376
358
372
371
380
378
383
375
379
386
382
377
379
379
375
372
379
377
363
360
373
370
369
378
374
380
386
379
365
363
379
377
369
387
379
384
373
371
383
374
380
381
369
380
371
373
368
376
365
381
382
378
386
377
391
377
375
377
381
378
381
374
378
374
372
367
378
363
369
383
379
378
375
374
379
389
374
374
378
375
386
381
367
373
380
385
382
389
379
373
368
379
385
375
366
366
386
375
384
386
375
380
376
359
382
388
376
381
372
392
371
377
369
364
375
378
374
367
370
383
375
376
385
365
366
383
382
378
387
380
379
372
369
377
376
394
373
373
377
376
370
370
370
382
372
375
376
366
375
372
374
373
376
379
384
375
374
372
377
381
379
371
379
375
369
378
371
377
365
385
373
372
362
368
363
381
374
376
384
382
375
386
370
386
378
378
377
383
375
379
369
376
356
371
369
371
383
383
376
377
382
374
377
375
367
374
377
379
373
371
372
391
365
363
371
372
370
393
388
376
383
375
378
370
384
371
362
373
376
375
374
379
376
370
376
369
383
385
380
373
377
389
390
377
370
373
377
367
381
382
385
388
368
381
374
382
381
380
376
378
384
379
362
373
379
389
381
374
376
383
373
374
372
365
382
381
374
378
370
394
370
370
368
381
384
366
375
376
376
379
374
363
380
385
379
374
380
369
380
370
384
366
381
381
380
373
389
376
388
380
382
385
372
381
385
379
378
369
379
389
377
379
369
376
379
386
371
377
375
372
371
381
382
372
384
379
380
380
388
373
370
370
372
382
374
382
373
379
378
385
382
383
384
381
373
374
373
370
384
371
381
373
378
380
378
370
378
378
375
375
376
373
370
387
388
389
384
374
353
374
381
384
374
380
381
383
388
388
383
385
371
370
383
387
372
367
387
385
367
375
379
373
377
380
383
382
383
389
378
371
383
378
369
369
378
389
374
379
380
367
359
378
375
377
373
370
382
384
373
369
380
371
380
374
384
380
370
371
375
379
374
382
381
382
388
380
370
385
373
378
364
363
364
384
371
384
376
366
370
384
387
369
369
371
373
375
370
380
379
374
369
368
377
376
373
367
383
366
364
373
369
382
381
372
377
374
373
373
364
374
376
384
380
378
384
371
375
380
372
360
391
384
374
367
386
381
378
377
375
382
380
381
386
379
381
386
379
381
380
378
386
381
382
363
383
369
370
372
372
369
375
374
379
379
377
376
373
377
367
360
369
384
377
382
370
372
377
370
371
383
387
375
382
366
377
372
380
372
373
379
366
373
389
378
371
384
381
374
374
371
374
375
371
378
372
378
378
374
378
379
369
377
383
377
382
384
370
378
378
377
380
382
380
374
372
382
371
375
385
377
392
385
373
362
367
374
384
370
374
381
378
383
387
378
383
382
377
378
377
377
375
376
378
379
376
379
379
368
376
377
379
371
385
375
371
369
371
381
379
364
376
367
368
374
374
381
383
370
370
375
388
376
370
376
372
373
377
371
376
371
378
383
376
373
381
375
379
384
366
392
380
378
367
378
372
376
379
371
375
381
368
377
368
378
372
373
372
378
379
368
364
378
387
376
383
384
379
379
382
372
374
380
380
392
378
380
374
378
377
383
376
390
381
365
371
378
383
377
382
374
386
380
379
365
384
377
393
370
375
377
385
367
372
381
376
367
383
367
379
378
369
382
381
373
377
382
378
377
382
378
363
370
373
379
377
387
375
375
370
379
377
383
381
375
384
377
368
376
381
375
369
382
374
370
369
369
367
377
345
379
387
377
385
374
376
379
371
374
372
382
384
378
374
373
383
365
380
375
364
372
364
379
373
374
373
383
378
377
376
377
379
382
385
378
373
364
368
370
375
364
385
390
377
374
387
382
388
379
374
395
372
369
380
377
371
380
377
377
366
370
383
366
369
377
377
392
376
372
380
375
383
383
373
369
373
362
383
367
379
381
380
365
375
380
378
380
372
382
381
378
377
383
382
385
377
380
389
381
375
381
376
375
380
368
389
375
387
375
378
377
388
391
367
368
371
377
373
376
376
385
365
375
379
379
381
382
374
354
376
378
380
364
370
388
369
355
367
378
362
372
376
372
370
378
369
385
380
372
381
387
389
385
379
379
385
385
370
380
380
377
370
377
359
380
376
380
378
365
382
379
379
386
376
385
379
382
391
370
389
390
369
375
371
378
376
365
366
379
380
385
376
385
378
383
368
368
377
372
389
378
372
382
366
371
376
382
369
363
384
382
373
372
375
372
384
389
374
362
385
362
381
376
363
365
380
373
384
377
372
382
381
371
374
390
376
378
378
374
376
378
371
379
369
373
380
378
357
380
378
379
364
354
369
380
371
371
382
378
385
388
381
368
383
370
361
374
373
374
383
380
367
377
375
371
380
375
379
364
381
379
371
388
386
372
375
382
386
381
386
392
388
386
379
378
370
378
388
380
373
373
374
374
382
379
375
374
386
376
375
370
380
371
374
371
359
370
378
387
374
392
381
383
369
365
388
376
374
369
372
375
376
388
390
382
375
379
378
373
377
376
381
381
367
379
382
382
370
373
389
383
373
381
369
369
374
373
379
359
371
391
381
370
381
373
379
372
365
382
364
383
375
385
376
362
362
374
376
387
377
376
384
386
378
374
373
371
379
382
375
372
366
380
372
382
380
390
384
386
370
376
387
375
375
376
382
387
379
388
371
360
370
377
384
375
375
353
369
380
370
373
389
374
379
360
381
369
368
375
377
365
381
382
373
380
354
382
379
375
369
378
376
387
385
370
374
372
381
386
377
373
376
370
375
375
380
388
369
380
369
377
370
364
366
380
376
376
384
376
370
376
377
373
381
380
382
375
385
368
381
373
360
385
374
372
379
371
383
390
389
391
377
379
382
371
389
373
372
385
374
380
384
383
378
380
387
373
375
380
389
383
368
388
369
386
384
388
382
374
379
372
378
369
374
366
377
384
372
374
382
375
381
385
384
376
373
378
371
363
371
368
367
369
389
376
383
381
379
377
377
377
387
373
378
370
373
376
382
374
369
381
368
380
376
376
381
372
388
381
378
380
387
379
380
378
373
382
389
381
392
376
378
388
370
379
375
367
373
375
372
385
378
365
381
369
376
375
374
356
364
369
364
379
378
376
384
380
372
381
386
372
383
368
374
382
376
383
376
383
367
366
390
388
369
382
379
368
376
377
376
366
384
376
375
384
370
378
368
377
381
373
366
381
369
372
373
376
372
383
379
378
376
372
371
376
385
380
390
382
378
379
381
376
389
374
367
376
383
384
375
380
387
367
384
386
373
376
376
388
373
372
378
373
381
369
384
375
372
388
375
371
389
373
376
374
366
382
382
370
374
376
374
392
386
372
381
368
388
386
378
378
374
389
376
379
384
384
379
382
389
376
367
374
369
368
380
384
377
369
376
372
378
374
378
379
383
386
382
386
363
381
373
367
381
373
379
376
375
376
369
371
385
377
386
371
377
377
370
386
375
377
373
370
384
391
363
383
384
377
371
364
378
366
383
376
371
377
374
370
372
382
378
365
385
371
379
378
374
378
360
380
392
370
374
374
385
376
367
373
378
385
375
373
384
381
380
379
379
390
383
383
379
387
381
383
377
385
365
385
393
379
382
388
380
374
377
375
385
373
380
363
379
380
370
380
362
373
379
375
375
372
379
372
379
386
381
369
376
378
363
370
378
384
370
384
377
375
386
370
373
370
376
388
366
364
374
375
376
379
391
373
377
377
388
388
366
383
383
369
380
370
377
379
379
394
381
384
378
378
375
370
377
376
385
371
370
372
372
369
378
369
380
387
372
377
386
382
384
395
373
382
376
382
375
381
377
386
371
385
378
372
380
383
383
369
385
370
391
380
365
379
376
364
362
371
366
376
362
379
376
373
370
378
379
378
369
371
376
382
370
358
375
374
378
376
379
372
370
384
374
371
384
370
378
376
366
360
375
375
383
366
372
376
373
372
381
379
373
392
376
372
376
368
392
380
382
384
376
376
364
377
376
379
368
370
379
380
366
376
378
375
389
385
373
369
379
390
371
377
385
370
370
383
378
386
376
374
374
376
377
378
367
369
376
375
389
375
368
382
370
366
365
370
367
375
375
360
369
373
380
391
379
389
387
376
395
379
372
368
373
379
373
380
377
366
370
373
368
382
379
385
379
378
378
380
370
376
391
378
378
385
378
383
364
377
386
372
373
374
381
365
374
393
381
362
378
378
381
382
373
369
394
386
372
372
372
374
370
381
370
384
375
388
385
374
389
378
383
373
382
387
373
392
380
387
374
377
378
377
383
379
385
388
389
379
379
378
387
367
372
377
379
385
377
374
370
367
388
375
370
383
379
359
367
367
377
382
375
377
380
385
379
387
389
369
377
381
373
375
368
377
382
372
375
379
379
375
376
371
383
385
388
377
368
376
374
380
381
375
371
380
370
375
373
383
387
369
381
385
383
373
370
371
381
368
375
379
372
379
366
378
379
371
369
378
374
379
374
366
371
376
376
376
370
382
382
380
373
379
379
370
384
384
375
370
378
374
368
378
377
384
387
381
384
368
374
378
377
389
388
366
388
369
380
375
374
372
380
382
378
382
369
381
365
384
372
385
384
375
387
378
375
384
375
375
376
373
386
371
371
379
392
393
376
375
377
387
382
382
392
374
368
379
379
390
379
376
376
380
373
388
390
378
370
390
394
385
375
369
364
376
377
375
379
370
380
387
386
379
385
386
377
378
383
372
386
366
379
371
382
373
392
375
384
377
382
381
368
371
386
371
366
384
386
374
373
387
375
374
386
392
375
388
387
384
374
368
388
380
377
385
381
379
373
365
375
376
386
384
378
380
374
374
371
387
379
383
386
375
371
377
383
379
379
375
373
375
376
379
373
375
377
382
373
376
369
374
384
384
371
380
380
382
382
381
368
366
375
388
391
384
382
378
383
383
383
385
379
379
376
377
373
369
377
389
381
374
387
382
374
379
358
373
380
376
386
382
386
385
378
386
389
378
377
391
381
379
369
384
386
374
387
372
374
383
384
368
379
392
387
380
380
385
393
385
385
380
375
378
369
369
377
388
380
383
384
392
378
379
382
377
387
387
376
369
390
381
379
369
385
386
389
383
385
376
382
381
378
384
386
381
390
390
390
376
384
387
388
381
380
377
371
377
383
393
388
397
385
388
381
373
386
387
385
377
379
393
389
391
397
401
395
385
389
388
390
389
383
390
389
393
398
394
396
391
396
404
400
389
407
386
396
400
407
398
394
401
406
400
405
412
409
412
413
417
420
421
425
