430
361
385
361
379
381
381
378
369
377
373
372
364
380
367
374
363
358
373
377
380
373
377
368
368
376
361
375
372
372
392
372
372
372
390
377
379
376
372
387
380
374
366
374
370
386
372
381
373
373
364
383
372
364
375
373
360
380
369
377
381
362
379
389
380
378
371
376
362
384
372
367
371
376
376
376
381
381
381
373
374
364
382
369
371
378
374
376
376
377
373
371
365
374
369
372
382
378
386
382
376
376
362
376
374
380
383
373
378
382
376
378
377
376
361
370
363
392
376
380
375
380
367
373
375
382
379
386
376
379
377
382
367
363
369
377
376
372
389
359
375
381
373
378
377
377
365
379
381
375
376
372
394
380
379
374
372
387
370
392
383
379
373
375
373
375
379
369
380
386
379
380
377
379
379
377
375
376
384
369
375
384
384
376
377
376
376
359
384
381
386
379
375
375
384
364
378
370
366
380
373
389
395
377
384
381
386
369
387
381
389
381
377
378
378
366
383
386
365
367
362
376
389
388
385
379
387
378
380
379
378
383
368
376
385
389
368
381
367
367
364
377
363
366
378
371
387
377
376
376
376
381
378
376
372
372
383
377
387
382
378
385
369
371
373
385
373
380
379
378
379
386
388
390
374
382
380
379
385
380
369
366
368
371
369
361
378
375
361
376
371
373
375
379
378
381
383
364
379
372
361
386
388
384
381
372
376
378
380
368
380
377
380
376
376
376
380
386
382
388
380
375
380
383
374
377
382
367
376
390
377
371
383
378
378
375
366
375
381
389
374
374
369
370
375
385
380
378
369
369
373
372
381
383
382
370
370
375
385
372
367
373
376
381
366
374
373
376
370
383
367
372
379
363
374
382
372
386
374
383
379
357
372
377
391
382
377
367
382
377
365
372
371
365
378
375
379
377
385
385
377
377
369
377
373
365
383
386
366
378
381
373
374
370
372
389
364
370
371
366
380
380
372
384
363
372
381
390
379
381
374
383
378
371
383
371
378
382
375
378
386
363
375
375
372
376
372
377
374
369
369
372
372
367
374
385
370
387
379
371
364
372
384
372
389
379
387
377
367
381
390
369
385
374
375
369
378
376
386
384
388
382
373
381
377
374
380
380
384
369
373
378
377
371
374
379
373
373
377
385
376
379
378
377
374
383
379
369
375
369
375
381
380
384
373
382
378
386
389
378
376
374
384
369
377
377
367
385
371
363
368
373
373
380
373
379
374
385
375
374
374
378
375
384
376
382
386
373
370
373
379
377
383
371
384
374
373
366
368
376
368
375
371
383
374
366
382
365
379
384
373
389
373
382
381
367
386
380
380
382
383
377
386
386
375
377
375
375
377
376
371
382
376
384
379
384
380
369
369
392
396
374
379
379
371
377
376
387
362
375
376
384
374
370
380
375
379
376
374
374
378
390
373
370
375
365
383
374
384
376
384
372
384
382
377
371
391
381
379
372
376
386
370
372
370
372
375
380
389
379
365
385
395
380
387
369
375
370
378
379
383
384
373
376
370
373
379
375
378
376
377
385
381
386
386
384
396
382
376
385
379
389
370
365
381
370
363
387
382
374
372
385
371
366
363
370
379
376
368
383
388
379
379
379
381
372
369
376
380
385
371
369
379
372
377
373
374
379
374
387
387
369
379
387
371
371
386
378
388
380
381
373
370
386
382
384
375
368
374
385
373
372
372
391
371
379
368
377
376
387
370
376
380
370
388
374
382
387
371
385
388
377
372
373
364
386
379
379
381
372
390
389
384
383
368
370
364
372
373
367
375
374
377
384
369
369
365
382
385
376
379
369
375
378
378
370
390
378
377
383
385
371
365
384
382
385
376
379
391
382
378
378
383
366
379
375
374
381
376
379
387
375
385
374
382
368
376
371
377
381
371
382
388
388
387
376
362
387
378
372
370
375
368
380
378
375
380
379
391
390
390
387
366
375
382
378
380
378
388
388
368
381
370
381
380
386
375
372
384
376
385
384
380
384
382
371
381
375
374
369
389
378
382
382
374
378
379
387
382
368
386
382
381
370
388
375
388
381
384
379
376
382
378
365
380
373
379
384
380
381
372
382
389
389
379
373
380
394
384
388
381
384
395
372
377
376
381
390
386
384
381
384
377
375
389
388
379
381
380
380
384
391
370
381
379
376
392
386
383
384
384
389
386
382
390
385
382
383
379
379
388
383
377
383
388
383
374
387
375
372
378
380
358
376
375
382
384
372
384
386
380
392
393
377
377
375
390
377
381
385
385
384
385
376
382
378
378
378
383
372
379
383
385
371
373
369
384
377
375
369
387
389
378
375
387
390
380
384
385
386
384
381
380
383
386
381
376
383
393
385
379
385
376
376
381
390
377
371
390
387
382
368
374
392
378
374
374
383
388
376
374
369
385
392
385
383
388
386
371
379
390
378
385
389
393
387
377
393
383
391
384
384
381
377
380
380
385
378
388
387
374
381
384
383
386
385
392
397
381
383
382
393
390
376
375
377
391
389
389
392
370
384
383
382
377
378
372
380
373
380
382
379
386
390
379
395
389
381
383
378
383
385
376
403
386
379
379
387
393
387
379
385
389
375
385
388
380
383
387
379
385
391
377
385
391
389
390
388
396
384
377
377
387
386
378
387
389
381
385
380
382
383
386
381
389
393
388
387
390
390
382
374
384
379
386
383
388
388
383
386
375
383
360
376
394
387
371
386
388
387
381
394
388
388
379
387
380
389
380
373
386
387
395
387
394
393
392
387
387
390
391
389
392
381
387
375
380
392
390
385
395
389
378
383
389
379
382
390
390
388
383
401
387
391
400
385
389
380
385
385
398
394
388
391
389
382
376
390
395
384
387
387
385
385
377
384
383
390
384
402
389
390
388
395
387
399
394
396
391
391
385
390
382
388
388
399
386
384
386
400
383
384
382
395
385
389
387
395
402
390
389
391
381
379
386
397
389
393
396
367
383
396
384
389
386
387
386
390
396
400
393
385
390
398
395
381
387
392
396
381
388
391
388
395
398
394
386
382
393
403
393
399
396
402
391
384
402
403
392
387
394
397
396
400
384
378
396
392
395
391
394
391
389
400
390
397
382
388
397
384
389
386
392
381
385
401
398
395
385
392
391
388
394
395
387
400
395
388
376
400
390
396
400
392
396
400
398
394
393
396
396
400
395
397
391
398
385
389
385
391
402
393
400
398
388
387
393
386
402
397
399
399
393
406
386
393
401
390
402
395
389
389
396
401
400
397
401
400
400
397
393
401
404
406
390
399
394
399
402
400
388
394
400
402
404
394
400
398
400
406
403
398
396
396
399
399
398
399
402
393
403
403
401
400
400
399
403
394
400
400
399
402
405
398
397
387
404
397
410
413
410
408
409
402
401
404
411
401
398
400
401
396
401
397
399
394
397
399
401
400
402
406
405
401
402
409
406
400
397
405
409
400
407
403
411
412
414
415
412
410
409
401
408
414
410
407
401
398
405
406
401
402
408
413
409
406
407
410
397
401
400
403
401
410
408
411
414
415
414
409
404
411
413
411
413
407
410
405
411
406
412
411
412
409
411
414
413
406
411
409
406
409
407
404
398
409
417
413
411
409
413
413
410
412
417
415
408
413
408
412
412
406
410
417
414
415
412
408
415
416
418
412
412
414
416
410
414
417
412
412
416
417
418
417
412
416
414
411
418
414
413
418
414
416
421
420
413
417
416
409
418
420
420
421
416
408
418
419
416
418
417
418
416
416
414
415
413
416
418
419
420
419
417
421
419
426
424
422
422
420
421
419
423
424
424
421
419
424
421
422
420
424
426
418
410
412
414
415
416
418
416
412
416
414
413
415
410
419
420
418
420
422
421
416
420
419
421
419
420
417
418
420
420
424
424
422
418
417
417
419
422
425
423
424
420
425
420
418
419
416
416
417
416
415
413
417
417
418
418
421
420
419
419
418
417
418
418
412
416
412
415
415
419
418
417
415
417
417
418
420
419
418
420
421
422
422
423
424
424
421
420
418
418
415
418
419
419
422
423
423
421
422
422
420
420
419
420
417
419
421
420
419
420
422
421
420
421
421
422
421
422
422
423
421
422
423
424
423
420
420
422
423
420
420
419
422
421
423
422
422
421
422
419
420
419
420
422
421
422
422
423
423
423
423
422
422
422
420
420
421
421
421
421
421
422
422
423
423
425
425
425
425
426
425
425
424
423
424
425
423
424
422
423
423
423
423
423
423
423
423
424
424
424
425
425
426
426
426
426
426
427
427
426
426
426
427
426
426
426
427
427
427
427
427
427
427
427
427
427
426
426
426
426
425
424
426
426
427
427
426
426
425
426
426
428
427
427
428
427
428
428
428
428
428
428
427
428
428
428
428
427
427
428
428
428
428
428
428
428
428
428
428
428
428
428
428
428
428
428
428
428
428
428
428
426
427
428
428
428
428
428
428
428
427
428
428
428
428
428
428
428
428
427
428
428
428
428
428
428
428
428
428
428
428
428
427
428
427
427
427
428
428
428
428
428
428
428
428
428
428
428
428
428
428
428
428
428
428
428
428
428
428
428
428
428
428
428
428
428
428
428
428
428
428
428
428
428
428
428
428
428
428
428
428
427
427
427
427
428
428
428
428
428
428
428
428
428
428
428
428
428
429
429
429
429
429
429
429
429
429
429
429
429
429
429
429
429
429
429
429
429
429
429
429
429
429
429
429
429
429
429
429
429
429
429
429
429
429
429
429
429
429
429
429
429
429
429
429
429
429
429
429
429
429
429
429
429
429
429
429
429
429
429
429
429
429
429
429
429
429
429
429
429
429
429
429
429
429
429
429
429
429
429
428
428
428
429
429
429
429
429
429
429
429
429
429
429
429
429
429
429
429
429
429
429
429
429
429
429
429
429
429
429
429
429
429
429
429
429
429
429
429
429
429
429
429
429
429
429
429
429
429
429
429
429
429
429
429
429
429
429
429
429
429
429
429
429
429
429
429
429
429
429
429
429
429
429
429
429
429
429
429
429
429
429
429
429
429
429
429
429
429
429
429
429
429
429
429
429
429
429
429
429
429
429
429
429
429
429
429
429
429
429
429
429
429
429
429
429
429
429
429
429
429
429
429
429
429
429
429
429
429
429
429
429
429
429
429
429
429
429
429
429
429
429
429
429
429
429
429
429
429
429
429
429
429
429
429
429
429
429
429
429
429
429
429
429
429
429
429
429
429
429
429
429
429
429
429
429
429
429
429
429
429
429
429
429
429
429
429
429
429
429
429
429
429
429
429
429
429
429
429
429
429
429
429
429
429
429
429
429
429
429
429
429
429
429
429
429
429
429
429
429
429
429
429
429
429
429
429
429
429
429
429
429
429
429
429
429
429
429
429
429
429
429
429
429
429
429
429
429
429
429
429
429
429
429
429
429
429
429
429
429
429
429
429
429
429
429
429
429
429
429
429
429
429
429
429
429
429
429
429
429
429
429
429
429
429
429
429
429
429
429
429
429
429
429
429
429
429
429
429
429
429
429
429
429
429
429
429
429
429
429
429
429
429
429
429
429
429
429
429
429
429
429
429
429
429
429
429
429
429
429
429
429
429
429
429
429
429
429
429
429
429
429
429
429
429
429
429
429
429
429
429
429
429
429
429
429
429
429
429
429
429
429
429
429
429
429
429
429
429
429
429
429
429
429
429
429
429
429
