430
370
379
369
377
383
367
373
375
383
377
375
372
363
370
372
392
375
371
375
388
384
376
381
368
386
376
379
386
391
379
378
370
374
390
381
367
365
373
383
370
382
372
385
377
376
383
368
384
375
377
369
378
384
384
383
396
383
381
383
372
377
373
383
366
382
366
385
393
386
375
385
375
372
382
369
387
382
382
388
376
379
373
379
372
379
377
369
373
367
370
375
386
376
381
369
372
381
371
369
385
364
386
377
378
363
395
385
385
380
384
368
373
386
374
369
371
379
370
373
383
382
382
382
377
379
363
368
359
395
382
375
378
381
358
361
362
387
376
382
371
372
380
382
376
377
365
372
383
385
375
375
388
376
384
370
370
378
388
381
386
378
360
356
375
372
384
380
363
378
382
372
379
377
373
378
382
386
388
385
383
391
372
377
371
378
388
377
390
381
360
380
372
378
389
372
387
388
371
375
373
383
387
381
373
371
379
385
377
371
380
377
378
381
376
378
363
378
373
382
380
379
388
371
369
370
376
378
382
387
374
374
382
373
391
375
388
376
370
375
380
377
393
375
370
363
380
386
389
379
378
381
378
379
389
373
382
381
373
380
370
379
381
382
382
394
377
371
390
383
377
374
379
384
381
373
380
380
378
370
377
378
365
376
386
381
369
377
370
381
370
366
379
385
371
379
361
386
373
364
382
372
385
381
366
375
382
381
371
384
380
378
388
382
370
387
382
380
367
364
378
384
379
375
386
394
390
384
371
377
388
385
373
381
379
375
379
369
380
366
384
372
374
378
372
362
371
376
364
383
371
376
377
366
380
380
383
381
381
373
373
377
386
373
378
382
372
392
387
388
379
364
374
382
374
376
380
377
364
372
385
372
376
371
372
367
370
385
377
370
375
372
375
388
376
393
380
382
377
369
366
362
369
363
377
379
373
374
380
375
376
377
390
375
380
386
376
368
389
382
380
374
378
374
367
375
377
381
374
370
377
377
369
375
378
371
378
376
373
372
379
384
383
377
382
384
390
361
380
387
383
382
375
373
374
372
373
384
376
380
373
364
371
377
366
387
385
364
373
379
369
368
376
384
386
381
376
384
367
375
369
372
370
378
387
369
373
394
374
370
384
372
382
376
368
377
382
380
384
370
372
376
376
371
380
388
375
372
378
388
382
370
377
374
378
374
374
366
375
367
372
381
391
368
381
379
370
379
374
376
378
375
373
375
368
379
371
376
384
382
381
385
384
377
379
373
378
375
375
378
373
380
379
378
381
383
381
377
374
377
364
380
383
382
380
373
384
379
373
364
389
392
374
377
369
361
367
379
375
388
372
391
381
372
375
371
376
366
373
376
361
376
375
386
388
379
376
368
384
370
379
368
375
375
380
367
363
378
387
378
373
375
391
371
356
375
365
377
383
379
375
377
376
378
376
379
364
388
375
375
374
368
374
374
389
378
370
371
369
356
365
375
386
383
376
374
384
379
375
374
388
385
376
381
369
371
383
379
367
384
377
375
381
369
386
379
369
379
383
370
387
382
363
371
379
365
370
370
372
375
370
384
375
378
384
371
372
371
370
374
375
366
378
388
371
374
375
373
378
390
378
379
384
384
370
374
363
360
366
377
379
361
382
369
386
390
375
369
383
379
370
376
388
374
372
368
391
376
377
377
390
372
381
382
382
378
376
367
366
382
383
377
375
382
382
378
375
385
379
391
385
375
379
371
377
369
378
374
386
376
382
381
372
383
384
376
385
369
369
375
372
386
381
375
359
381
378
383
383
376
375
378
376
381
375
375
373
380
388
383
378
368
368
365
380
380
372
376
385
385
380
380
371
378
372
372
366
376
378
378
371
376
384
382
374
376
378
371
367
367
381
370
377
388
379
374
368
377
388
378
367
380
385
376
367
364
370
377
379
377
374
378
379
372
368
374
363
370
375
380
377
381
367
370
371
380
369
387
380
379
386
370
380
374
375
369
381
393
377
377
379
378
373
379
377
372
379
378
391
366
371
383
374
389
380
386
384
397
380
379
373
373
375
371
387
378
375
371
376
384
372
369
388
382
371
379
383
381
373
372
365
367
378
379
371
385
368
367
377
379
371
377
373
361
383
382
378
376
388
381
379
363
377
377
374
374
375
381
394
370
383
368
374
376
391
378
371
399
377
377
359
358
365
379
379
387
377
371
378
371
391
379
373
389
374
384
378
371
378
383
369
368
364
370
370
370
368
371
379
370
382
364
378
381
379
374
389
382
379
381
385
357
369
382
363
368
377
367
371
375
372
379
376
383
379
390
387
384
383
378
382
368
380
374
378
378
390
380
377
371
383
368
381
375
377
371
381
373
372
378
383
371
391
370
377
362
381
376
378
388
382
374
378
394
378
373
385
372
363
375
383
371
380
379
376
379
380
370
375
383
376
381
387
369
376
370
377
377
375
383
355
384
374
374
370
367
362
380
375
369
382
388
370
378
384
365
378
378
372
373
372
372
376
365
380
370
370
374
386
382
380
388
374
384
379
380
370
371
372
378
375
379
380
385
372
373
372
377
366
374
366
389
384
383
383
377
366
388
375
377
380
373
372
379
374
378
376
373
369
376
376
378
365
360
379
384
380
370
380
377
390
373
378
386
373
368
372
379
382
381
371
378
374
376
360
381
373
374
369
381
378
361
373
375
374
370
377
381
378
378
377
379
373
375
379
391
367
371
379
386
381
384
367
373
366
380
386
382
367
375
371
368
380
378
370
374
372
377
376
385
374
378
363
377
381
377
375
374
379
371
382
378
373
376
375
376
382
383
385
376
384
387
370
390
371
375
374
374
381
385
377
387
378
378
379
377
374
390
369
382
380
366
377
370
366
373
382
366
380
372
377
381
381
377
366
380
390
379
376
380
379
369
363
372
370
385
380
381
380
388
380
385
378
376
376
378
378
358
376
370
363
373
380
365
385
372
380
371
384
371
374
374
386
374
381
374
380
374
391
372
371
377
379
376
377
378
379
383
370
366
377
371
378
367
379
383
381
383
390
384
380
390
381
382
380
377
367
389
375
377
379
365
375
392
371
377
392
380
375
387
387
382
371
379
381
377
371
370
382
368
376
381
380
389
388
370
375
384
372
387
378
373
367
368
375
382
376
376
377
384
370
377
382
384
370
384
376
385
378
375
385
380
384
373
376
371
374
379
377
381
380
389
383
381
379
388
378
381
373
379
375
372
381
366
376
372
367
379
395
379
374
386
368
390
376
373
374
378
371
374
371
379
377
377
370
370
365
383
383
382
374
366
375
387
375
380
388
373
383
379
382
378
387
378
371
377
378
378
378
374
369
378
383
380
371
384
384
378
382
373
362
364
379
383
379
381
369
374
376
370
364
380
377
369
364
373
371
376
380
369
384
393
378
384
376
379
383
376
373
385
385
385
371
363
364
373
369
373
379
379
380
376
376
377
380
372
375
374
390
375
380
375
385
380
387
372
378
371
380
379
382
371
374
378
386
377
378
376
368
383
377
374
374
372
368
370
373
381
379
367
374
375
384
374
381
383
387
363
380
368
369
383
380
390
388
386
370
384
375
376
373
379
372
373
386
370
379
377
387
376
375
381
377
375
394
376
383
378
373
380
375
380
380
360
376
379
392
382
369
374
361
371
372
376
378
377
388
376
380
366
373
378
380
385
376
376
373
391
393
379
380
372
373
379
382
385
369
380
369
374
378
382
370
373
364
381
378
372
381
387
374
379
381
392
381
379
370
371
375
384
369
382
366
375
382
372
378
373
384
391
377
378
378
382
372
387
378
382
370
376
377
379
378
375
375
365
378
370
385
382
377
361
383
381
379
370
378
379
377
368
372
385
368
371
370
378
372
376
368
371
387
380
383
391
381
390
369
370
369
368
380
378
380
379
380
377
381
384
372
372
383
366
371
374
383
389
379
382
390
372
369
382
372
369
389
379
390
392
385
369
384
379
376
382
372
383
377
378
377
388
366
368
381
376
370
375
382
373
381
378
362
378
388
382
387
368
378
387
378
382
385
368
372
381
367
374
373
372
384
375
376
380
384
378
383
375
381
381
376
385
378
380
370
395
389
379
368
378
366
378
374
383
381
392
382
368
363
377
369
379
384
376
384
380
370
383
385
372
383
383
376
374
383
383
384
386
368
379
372
383
373
376
380
386
388
372
373
374
379
384
384
379
387
379
391
375
380
367
379
368
383
388
359
378
381
372
373
364
377
392
373
365
376
371
384
378
384
376
395
378
384
367
373
380
379
372
379
380
387
370
377
376
382
373
382
380
381
389
383
371
371
364
380
377
381
388
380
393
372
380
378
381
380
381
381
386
375
372
369
375
376
377
378
374
376
376
385
381
366
381
372
382
380
372
379
375
375
381
388
376
368
376
378
376
385
387
386
384
381
379
377
386
384
379
377
356
374
378
371
370
380
369
384
386
375
398
384
377
370
382
369
388
373
370
371
372
371
377
377
376
363
378
357
377
394
378
374
378
375
383
386
371
379
377
369
377
379
372
366
382
391
390
377
370
374
378
380
386
371
377
380
374
362
373
389
373
380
380
384
374
378
377
372
381
374
364
370
367
378
367
382
378
389
366
376
370
382
372
376
370
383
380
379
366
374
376
378
379
359
373
383
379
374
383
372
388
369
388
366
384
381
370
376
381
373
372
378
378
376
377
381
378
381
376
378
374
374
392
382
378
379
367
388
388
382
373
374
363
375
375
375
388
377
380
376
384
378
391
381
376
383
373
377
368
366
381
382
374
377
385
366
378
374
385
386
377
370
366
382
380
385
376
386
372
385
378
395
362
373
372
376
378
378
376
384
380
381
377
369
380
382
385
386
386
374
383
379
377
366
375
380
388
365
373
383
378
369
382
388
384
372
378
379
392
367
378
385
386
362
378
376
381
360
380
395
382
378
373
372
382
382
382
379
394
385
375
381
382
390
369
395
372
384
382
377
372
390
378
375
388
381
380
385
387
374
379
376
370
381
377
381
377
383
389
388
362
384
378
384
386
381
381
391
396
377
374
381
370
383
373
374
371
382
373
379
377
366
378
383
379
393
383
377
373
379
373
384
382
367
382
395
389
381
378
381
389
369
386
386
395
385
386
377
375
383
383
383
386
382
379
383
383
374
381
381
383
383
383
388
384
387
382
376
379
387
381
377
382
364
390
384
375
378
391
370
386
383
384
384
387
382
379
377
387
385
374
377
384
377
374
381
386
383
379
384
385
364
386
376
381
383
378
371
381
379
387
384
377
379
384
381
382
384
379
368
382
382
384
380
384
382
377
379
389
387
377
364
385
382
377
389
395
390
390
392
387
382
389
370
378
388
374
387
377
389
392
383
387
386
394
387
382
373
388
389
379
396
391
388
392
392
383
380
385
383
378
377
374
393
376
386
389
385
386
393
381
390
394
383
387
381
382
380
374
384
393
373
393
384
387
381
387
392
398
385
381
390
387
386
388
386
386
392
387
384
395
383
389
384
386
387
390
384
379
389
389
384
396
396
386
385
396
392
391
385
389
394
385
395
392
391
386
386
390
389
386
381
393
397
397
393
382
388
398
396
397
391
394
399
388
381
401
398
401
393
386
399
398
405
403
402
395
390
401
397
404
403
407
406
412
406
410
409
414
412
412
414
415
415
416
419
416
417
416
417
421
420
419
420
420
423
