430
363
374
373
362
389
373
373
384
371
368
372
382
382
369
373
376
370
377
372
373
377
374
369
388
377
370
374
382
383
367
382
381
376
367
388
367
382
372
366
375
371
368
375
379
383
387
372
377
375
372
389
384
370
371
391
376
371
378
372
385
383
376
375
374
374
379
367
382
373
380
378
369
364
374
373
363
379
373
368
379
381
385
379
375
370
385
359
373
378
378
378
371
370
381
374
382
382
380
380
371
380
365
365
375
384
378
380
381
370
375
366
384
378
372
376
371
383
376
361
375
372
370
379
376
368
380
369
370
374
371
378
375
379
370
374
371
378
382
372
361
370
379
374
387
389
384
389
384
374
377
367
371
385
376
375
368
373
373
367
366
390
369
369
378
378
379
368
365
379
373
375
379
387
392
371
373
375
377
371
383
382
374
377
373
378
373
373
379
378
370
372
377
368
378
386
373
379
378
374
368
380
383
374
379
391
385
378
370
372
378
379
364
373
385
380
383
372
374
371
387
376
376
384
376
369
377
367
371
384
385
371
371
376
382
387
376
387
370
377
373
382
380
371
369
372
370
389
380
379
366
378
381
368
374
380
373
374
365
378
379
374
383
377
372
372
381
370
371
381
374
376
380
382
372
378
370
376
373
378
367
370
375
374
380
381
379
388
367
377
376
382
370
376
382
374
387
378
368
365
375
370
369
371
378
362
367
369
382
377
386
382
360
371
376
380
373
370
383
385
379
383
373
369
376
372
389
370
369
372
379
373
369
371
368
367
371
370
374
367
366
374
386
383
381
381
381
370
384
376
365
369
383
374
381
371
377
366
388
379
376
365
372
371
383
377
389
372
375
370
368
365
376
372
383
390
375
380
371
373
379
373
388
377
379
382
377
385
379
379
375
375
378
385
387
385
374
370
383
364
379
378
383
369
378
366
376
375
382
383
377
376
360
372
389
375
372
385
378
375
363
380
364
376
368
373
375
384
387
372
381
375
385
380
373
379
376
384
373
390
385
373
373
376
373
365
376
379
375
379
379
384
379
360
375
374
381
378
381
371
358
374
387
382
375
377
364
381
381
382
379
376
373
385
369
386
377
368
371
375
379
372
384
370
373
366
375
388
389
373
371
369
376
380
393
383
365
377
378
378
390
362
375
380
365
368
363
370
386
370
377
376
379
370
374
379
385
367
382
381
387
381
378
381
379
383
372
377
383
379
380
371
378
378
376
370
367
375
384
369
381
379
361
373
373
375
380
375
383
376
371
372
378
390
380
380
370
371
372
377
377
380
370
381
381
382
378
369
374
370
375
383
390
370
373
380
388
390
375
376
369
370
373
373
364
377
377
375
380
369
375
388
375
379
371
378
373
384
373
387
377
372
380
376
374
372
370
375
381
378
377
379
360
388
378
366
388
369
369
372
382
376
367
370
374
383
372
369
368
369
370
368
373
374
376
374
380
385
376
380
376
382
360
372
381
384
383
383
384
370
384
376
385
375
376
378
385
382
379
382
383
368
374
378
380
378
373
376
373
379
377
362
372
385
375
370
375
385
378
374
375
386
388
396
372
370
375
380
374
361
369
385
381
376
365
378
376
360
373
375
384
385
379
380
378
384
376
380
372
376
384
383
379
372
369
367
378
385
372
376
383
377
369
369
374
382
376
384
359
378
373
384
381
375
371
371
372
361
377
390
371
374
372
379
381
370
375
371
372
376
378
378
373
377
373
368
382
382
372
375
386
383
374
372
376
377
380
372
376
379
397
385
378
373
393
368
361
371
371
378
374
378
370
380
380
382
380
384
379
394
378
374
377
381
368
359
382
380
380
379
376
384
386
374
386
378
368
383
375
373
376
387
374
375
383
373
366
376
390
379
384
383
370
377
375
387
371
382
374
371
372
374
384
381
386
370
364
371
374
377
378
378
378
386
368
376
382
376
383
376
381
372
377
384
382
379
367
362
371
374
369
389
375
382
378
383
380
385
368
385
371
383
370
374
374
369
362
378
369
385
395
380
381
376
373
372
377
382
381
378
377
370
382
368
359
382
387
380
372
375
375
365
372
374
370
372
372
371
368
378
383
381
379
381
385
370
372
376
370
380
374
373
389
387
364
381
376
374
378
376
370
385
372
381
372
377
381
378
379
367
380
378
387
382
381
376
365
385
385
378
367
382
368
370
377
375
375
374
381
372
381
373
388
371
387
369
378
375
369
367
378
379
379
377
377
378
369
370
380
379
383
373
377
367
380
371
382
369
376
379
384
374
384
365
381
374
381
380
388
381
375
378
383
371
371
377
377
378
373
376
381
384
369
367
376
368
369
383
377
379
375
377
370
372
383
377
383
375
388
378
373
384
382
373
367
356
375
377
380
383
382
383
381
386
377
366
375
368
370
386
383
380
376
382
369
363
373
378
378
379
370
358
366
377
385
371
378
382
370
380
385
382
374
380
381
383
374
384
369
377
376
384
384
379
376
381
378
376
384
370
375
373
380
373
383
387
376
376
379
369
377
375
375
377
370
383
372
370
389
377
377
373
377
380
367
383
383
372
385
373
379
384
367
378
381
383
378
358
371
375
381
373
377
366
373
361
368
381
375
376
385
372
383
380
383
380
373
383
361
363
377
376
387
360
385
378
379
376
389
367
381
386
370
379
367
362
373
387
383
369
374
378
392
368
375
378
386
369
383
375
387
392
371
385
376
375
380
376
377
369
378
383
382
372
373
375
374
372
358
377
369
363
375
368
369
373
374
363
382
372
371
368
389
377
368
382
373
377
378
368
384
372
379
372
374
389
382
384
375
369
380
370
368
365
383
381
374
369
374
382
384
373
383
379
380
382
374
384
371
378
377
368
368
375
375
383
360
386
385
378
371
376
378
374
368
368
368
363
371
368
381
362
376
371
375
377
360
367
384
384
372
373
371
367
376
377
377
376
379
374
377
376
377
385
374
377
377
385
384
373
386
365
364
377
367
369
377
382
378
380
375
388
377
364
365
383
373
372
380
368
374
390
394
368
378
381
382
390
395
387
389
388
378
376
374
382
371
371
379
387
376
375
366
373
382
385
391
378
375
378
384
374
381
373
381
382
376
385
376
367
394
375
375
381
385
364
377
384
380
382
380
382
375
373
378
372
385
383
380
379
377
367
365
382
381
378
373
376
372
381
378
372
372
382
376
379
374
375
366
378
370
373
393
385
381
386
380
367
376
392
380
369
382
380
385
378
382
380
383
378
373
378
383
381
388
382
376
380
378
379
372
372
372
384
367
380
375
375
367
370
370
362
380
379
379
383
377
375
369
387
380
368
376
392
387
371
374
379
388
383
372
380
371
372
374
371
382
379
382
376
391
377
373
381
389
370
389
371
379
375
371
377
377
381
371
381
388
384
366
369
367
379
377
372
375
379
362
370
376
387
375
361
375
387
380
378
377
378
382
381
380
379
380
380
387
370
388
376
382
386
371
370
381
388
375
381
378
367
376
377
394
381
375
380
377
380
373
362
385
366
365
378
383
374
370
390
372
384
378
368
366
387
370
371
383
386
376
381
373
375
378
369
363
380
375
382
374
378
382
380
380
368
378
376
374
380
384
374
386
369
377
367
379
382
371
376
371
377
381
390
377
376
387
380
378
381
374
380
379
375
366
377
373
391
375
372
388
379
367
387
387
374
374
374
376
393
376
384
375
384
372
370
381
374
384
377
375
385
369
377
382
384
375
367
377
376
378
381
365
366
368
375
382
374
379
371
384
377
376
380
380
383
373
378
381
361
359
373
380
383
384
368
359
375
372
375
384
389
380
374
384
372
388
383
381
378
381
368
364
383
381
378
379
369
369
376
379
383
368
363
368
374
376
368
376
386
370
363
383
381
370
389
378
373
374
382
368
375
381
378
375
370
382
381
381
366
379
383
377
381
370
371
375
382
376
382
365
373
376
373
368
369
370
373
388
368
375
378
361
386
380
379
375
387
372
372
370
377
382
377
370
373
386
373
375
398
385
385
372
370
377
375
387
386
374
379
376
382
372
368
364
364
376
378
370
373
370
365
379
372
385
371
381
381
368
375
389
378
385
365
362
389
374
382
391
375
379
380
367
365
375
365
382
376
381
377
383
381
386
363
379
370
385
383
387
371
363
377
371
380
370
370
363
389
389
384
385
368
393
379
376
366
368
364
371
383
367
380
373
376
386
375
369
372
389
367
372
381
383
372
377
374
377
389
390
361
367
379
402
383
375
375
384
384
389
384
371
371
386
368
375
379
374
373
388
374
384
377
385
378
377
370
380
389
385
374
367
381
370
380
373
375
380
381
367
388
375
376
382
369
381
376
387
377
376
377
379
378
371
374
378
384
363
378
379
373
374
383
382
374
372
373
380
376
393
388
374
375
383
381
374
384
377
373
371
369
374
376
380
379
377
366
383
383
386
383
370
382
379
378
382
377
396
370
368
378
391
383
380
369
373
383
376
379
384
379
373
371
381
386
377
380
372
377
381
382
379
387
373
384
387
375
381
373
382
389
386
385
381
392
368
377
379
383
385
389
379
378
388
354
384
378
379
366
391
389
374
376
376
383
380
372
362
380
371
368
376
383
383
381
376
362
372
382
383
367
378
377
375
367
371
382
375
389
384
378
390
375
393
375
377
384
382
373
382
386
379
379
371
379
375
381
389
380
378
373
373
386
385
367
369
365
369
372
380
375
381
380
376
369
375
368
383
373
384
384
368
382
369
387
370
375
375
381
371
370
387
386
367
378
383
381
367
388
378
378
373
385
396
373
373
378
384
363
379
389
390
374
386
391
358
381
379
376
370
375
384
380
376
374
374
378
378
376
381
376
374
382
370
362
376
389
369
380
376
377
378
378
381
379
367
382
374
367
383
379
366
369
380
383
372
379
387
375
384
372
381
382
372
379
369
369
384
385
380
380
379
382
379
386
381
372
377
372
387
386
380
389
376
374
382
382
379
376
380
376
373
377
385
382
377
367
367
387
374
364
380
373
391
381
389
367
380
373
378
380
374
382
374
380
377
368
366
377
371
389
374
381
378
382
372
370
376
381
366
376
374
381
384
376
375
380
378
372
391
371
373
384
377
381
377
391
385
386
374
370
374
373
358
389
367
381
380
372
385
378
385
383
392
380
385
375
370
376
384
378
379
385
379
379
374
385
381
369
375
387
379
393
375
382
381
370
382
391
375
387
364
384
371
379
378
389
374
375
382
370
378
386
388
382
373
379
374
379
372
374
374
388
383
385
380
374
390
385
375
380
353
386
383
381
387
390
375
378
380
388
387
371
383
383
378
382
382
382
386
383
372
372
380
385
375
368
376
382
384
392
372
370
394
375
385
378
385
381
378
384
383
392
377
382
374
374
379
375
379
389
380
389
381
382
377
376
383
379
377
387
385
384
359
372
376
380
382
372
373
381
377
380
376
376
388
384
385
397
377
377
376
387
384
386
377
384
378
367
375
383
381
383
382
373
383
391
382
383
391
379
386
375
372
387
390
383
378
370
378
382
379
372
383
372
386
389
377
385
377
386
387
387
383
385
382
385
382
390
395
383
387
386
382
380
377
386
396
394
387
388
377
379
379
386
383
379
391
386
393
389
387
377
392
398
394
383
378
387
397
397
396
398
407
397
399
395
393
393
394
398
400
392
396
401
401
413
410
406
406
411
413
414
415
418
421
