430
365
380
369
370
375
381
376
380
378
375
370
373
379
386
380
383
380
375
373
382
379
374
371
378
372
375
386
380
380
377
380
368
381
374
368
379
387
372
382
379
373
366
378
375
377
378
379
378
391
384
376
377
376
381
381
387
388
376
372
382
384
375
375
378
382
377
386
360
377
363
377
373
370
373
386
367
377
375
379
377
388
372
381
389
382
382
369
366
374
370
372
379
391
370
366
376
384
379
378
378
378
384
374
390
377
371
385
378
369
376
381
380
375
374
376
382
377
376
375
385
379
380
380
376
367
376
383
368
380
377
379
377
378
373
379
385
369
366
371
368
368
370
371
379
376
378
366
380
378
378
376
376
378
381
379
366
379
376
378
377
379
385
380
365
387
370
383
375
383
369
368
371
371
382
387
379
392
379
377
368
369
371
380
371
378
376
369
375
383
380
360
374
379
374
378
363
377
364
380
366
373
369
367
374
373
377
371
387
370
368
367
384
375
372
380
364
366
365
372
381
382
380
382
378
377
366
370
390
371
370
378
376
385
365
378
376
377
388
372
379
389
371
385
377
381
371
362
380
373
386
384
382
364
365
386
371
373
382
376
376
380
384
377
373
379
382
378
375
365
371
380
373
374
384
373
366
368
367
382
366
372
385
390
372
370
370
374
369
376
382
374
382
383
379
374
373
364
370
367
376
370
382
375
376
371
372
368
387
363
360
371
383
377
386
384
378
380
373
376
366
381
372
389
379
387
380
391
389
377
368
376
372
384
382
382
383
347
366
382
386
375
385
382
373
370
379
381
384
355
378
380
382
395
377
383
381
373
373
370
369
377
373
369
378
380
371
383
370
381
383
377
390
376
378
367
373
384
377
371
377
385
386
382
381
379
379
375
389
382
387
367
385
393
364
371
385
380
378
373
383
385
384
390
374
381
379
373
381
365
375
365
374
379
378
378
386
375
370
381
383
378
378
359
384
370
374
391
380
387
379
384
370
374
371
360
370
375
375
372
392
383
367
385
383
376
387
381
381
373
371
372
388
370
365
380
375
378
377
369
381
359
368
372
371
368
384
389
376
372
366
371
372
382
385
377
383
371
368
385
383
380
376
379
371
379
375
380
376
375
376
384
380
367
372
371
361
371
367
377
375
373
378
382
386
382
369
374
376
381
377
372
377
380
374
371
378
379
383
386
375
367
378
358
377
375
383
376
362
372
387
383
373
369
385
388
364
379
369
381
378
367
368
382
375
380
379
389
380
378
380
367
385
373
367
381
377
385
367
378
384
382
375
370
387
372
392
379
379
373
380
383
372
389
375
384
381
379
380
368
386
375
385
371
379
378
393
381
378
362
361
380
382
377
380
370
371
392
390
382
383
370
370
375
386
380
386
384
372
377
361
377
369
367
366
379
375
375
384
370
377
378
378
371
380
374
378
369
369
371
382
366
379
372
373
383
387
375
384
374
378
374
375
372
368
358
393
388
368
374
380
370
367
368
377
361
365
376
371
392
378
381
384
365
390
370
380
367
382
382
373
371
378
384
383
374
371
385
376
374
388
375
372
377
381
376
372
383
383
377
385
378
373
370
378
369
378
376
382
387
378
365
364
371
369
383
372
376
384
370
384
376
388
371
379
369
376
368
368
367
371
362
375
378
374
374
374
378
369
364
375
371
371
380
381
373
377
372
380
377
379
379
382
381
370
366
370
377
376
384
383
393
378
381
373
373
375
377
383
378
374
368
369
380
373
373
373
377
375
383
375
386
369
381
373
374
358
374
383
386
386
381
369
384
376
386
384
386
380
363
381
376
366
374
386
368
379
382
375
368
382
368
379
369
374
392
371
377
386
378
376
372
365
382
379
382
380
373
375
370
371
379
372
372
372
376
372
385
377
379
371
374
367
387
379
388
373
387
383
373
376
371
369
368
375
377
369
395
371
374
371
369
368
375
375
390
376
377
378
383
374
367
375
376
384
383
377
380
383
375
381
366
374
368
390
383
364
379
375
373
372
380
377
373
379
374
375
377
379
384
378
378
386
379
369
380
375
380
382
385
380
372
381
380
374
392
371
382
378
377
368
375
377
373
383
376
376
379
379
391
388
378
381
390
389
386
382
384
368
369
377
374
380
372
376
378
376
383
378
378
378
381
378
384
379
371
374
369
366
377
388
381
371
379
383
386
374
373
373
369
368
375
383
389
375
374
368
383
362
372
383
380
366
376
377
378
373
383
379
375
380
382
376
388
377
386
384
370
366
374
382
381
371
375
390
388
376
374
382
387
381
379
384
381
384
375
383
380
380
373
383
387
380
382
377
375
372
374
377
388
387
371
383
369
383
384
387
379
378
376
370
386
373
377
392
372
375
376
382
378
384
379
381
383
380
381
381
371
373
370
377
371
374
376
367
383
374
382
380
367
367
376
384
354
376
376
379
387
375
367
382
371
385
384
387
374
385
371
372
381
380
384
373
384
374
385
371
369
381
380
384
391
377
389
392
369
379
369
384
367
394
380
379
369
365
372
369
375
385
374
378
376
376
383
372
366
390
390
380
378
369
378
376
376
377
377
369
365
390
384
382
374
369
382
381
374
376
376
380
381
382
375
384
378
372
382
375
376
373
379
380
378
366
383
370
369
378
387
373
371
364
378
375
381
377
365
373
374
361
383
372
381
374
379
379
375
371
375
381
376
371
382
383
384
375
385
378
372
378
373
362
374
364
371
388
361
383
377
378
384
374
371
378
382
383
365
378
383
384
379
381
379
358
381
372
368
369
375
370
372
376
383
385
366
376
368
372
384
366
376
384
386
379
382
380
375
381
384
368
381
372
377
384
369
385
374
373
384
383
376
376
381
369
372
386
383
385
372
366
374
366
393
384
379
380
374
386
377
368
379
378
379
384
381
372
381
378
384
375
372
384
383
386
386
375
368
377
379
384
370
382
379
380
373
381
377
379
379
380
380
382
375
377
387
379
369
379
394
375
363
385
378
378
380
370
371
378
381
384
372
379
383
375
373
376
369
388
386
378
384
375
375
390
383
384
386
365
373
376
382
376
391
366
375
369
371
366
377
379
371
379
375
371
381
368
374
385
367
376
375
376
377
383
381
376
386
375
393
387
368
366
382
379
381
377
378
388
371
379
379
381
381
379
369
378
391
369
383
384
374
377
374
381
382
374
379
378
385
377
372
384
371
370
374
380
381
382
390
373
384
368
377
379
369
379
370
370
394
383
387
373
380
368
383
378
379
379
383
375
374
367
375
388
376
382
375
385
376
376
382
376
383
380
380
381
374
381
376
382
383
385
381
364
371
385
382
382
383
383
383
379
378
366
369
377
359
369
385
382
373
375
379
378
366
382
375
386
391
379
374
388
371
381
372
372
389
382
382
374
380
374
383
374
387
374
384
376
365
378
366
376
360
377
387
384
381
384
382
372
370
374
383
378
387
383
374
377
374
378
379
381
375
383
378
376
378
371
375
388
376
371
378
367
373
375
378
385
386
378
389
383
381
384
379
385
381
369
374
390
390
383
387
384
382
382
373
373
371
385
384
374
374
373
381
380
370
375
378
384
375
379
371
378
371
382
380
380
379
381
371
375
390
381
375
378
377
375
374
387
374
379
375
375
387
377
384
375
386
375
380
385
382
383
382
368
377
378
370
366
385
380
393
382
368
378
376
382
373
369
388
371
375
376
379
380
390
391
375
380
385
386
375
364
366
388
370
373
387
379
376
380
379
373
388
363
386
387
388
378
379
376
370
385
389
384
378
371
388
365
375
365
376
378
381
365
374
366
378
387
388
375
382
368
374
368
381
389
375
382
371
361
372
376
382
374
371
377
375
378
377
371
367
373
384
372
382
379
368
376
375
389
388
390
383
385
363
382
371
386
372
375
370
391
371
391
378
380
376
379
368
378
382
388
374
379
392
371
374
381
390
381
376
384
377
385
371
393
370
383
380
382
379
376
391
378
387
377
374
381
383
374
375
379
383
384
371
382
379
384
368
372
382
384
384
385
383
384
381
388
372
377
387
373
363
378
375
374
387
372
384
375
377
388
373
374
375
365
390
374
380
379
375
392
359
360
389
378
375
377
375
375
377
383
381
384
388
381
374
368
363
372
369
370
379
378
369
387
381
374
383
365
372
366
379
383
378
379
386
383
366
378
370
380
380
388
372
370
376
365
381
374
379
366
374
385
379
380
382
373
380
367
381
383
370
384
386
374
379
381
388
357
380
381
383
382
369
374
382
391
362
374
364
367
367
373
384
380
371
365
376
388
388
385
381
383
369
373
358
385
375
382
374
381
389
374
388
389
387
383
389
374
380
369
378
371
376
375
381
387
379
379
385
364
370
368
378
382
371
381
390
375
392
382
377
369
369
375
370
382
389
371
370
380
371
387
367
383
386
384
380
387
379
372
376
372
373
377
372
384
375
379
364
370
379
373
372
388
365
369
380
380
388
383
387
387
384
382
375
381
380
384
389
375
368
373
382
380
376
392
381
381
381
376
377
377
367
383
377
380
384
378
377
386
381
387
375
376
382
375
377
390
387
388
377
381
375
373
377
375
384
399
383
373
402
387
368
378
380
389
382
378
392
386
366
372
376
382
363
389
375
371
387
378
377
375
389
386
388
382
377
379
388
379
382
384
390
377
365
383
376
373
384
378
378
380
378
375
387
388
383
369
374
381
369
373
379
383
380
384
377
380
386
379
370
386
380
372
381
386
377
381
381
381
378
380
395
384
372
381
378
383
389
359
375
385
388
379
382
378
375
372
389
366
380
375
379
375
377
374
382
376
380
375
374
381
378
383
372
382
381
372
388
366
381
387
395
373
381
383
393
386
391
388
380
390
383
371
390
372
359
380
381
374
372
378
379
385
378
385
386
376
384
373
384
377
383
372
391
379
385
385
382
371
385
381
393
371
371
368
371
373
382
377
376
386
372
381
380
388
366
377
369
367
375
376
370
381
378
385
389
380
378
378
378
371
385
385
370
383
386
386
396
381
378
390
383
385
375
378
384
386
379
393
384
374
375
377
379
375
372
371
391
382
375
374
384
374
382
383
381
385
385
390
390
380
374
375
379
388
377
383
367
369
389
377
372
380
380
382
373
369
372
373
379
385
383
378
379
372
381
370
389
395
383
381
387
379
381
378
378
374
386
387
381
378
388
385
379
381
381
379
377
380
382
374
383
383
386
375
385
374
380
388
384
380
371
378
386
393
394
386
379
393
378
381
384
382
378
384
381
384
384
378
391
377
390
388
381
390
391
383
377
381
376
387
379
372
386
376
379
370
380
382
387
383
379
382
379
381
382
377
389
387
380
387
385
389
369
373
376
390
375
378
376
379
392
378
384
383
381
389
387
377
391
384
380
381
376
382
387
384
382
392
385
378
376
388
385
373
398
383
393
382
379
381
381
389
379
382
386
379
383
385
388
380
390
383
378
371
384
392
387
385
387
376
395
388
383
388
391
389
396
388
390
384
396
385
391
389
382
380
383
370
376
386
385
386
399
393
394
385
387
391
390
386
387
391
394
390
388
385
390
386
383
393
386
392
387
396
401
389
390
390
393
395
398
391
393
400
392
401
394
403
395
400
394
396
398
406
400
403
404
399
407
414
409
404
404
412
409
414
411
413
414
416
418
417
417
421
420
418
415
417
418
419
423
424
424
424
424
424
