430
365
383
381
372
382
374
395
384
384
380
382
379
363
367
385
368
371
378
371
384
378
381
376
377
369
371
375
369
371
372
366
365
381
376
376
386
373
383
368
365
382
369
377
364
376
375
371
385
374
365
371
374
364
373
375
371
364
376
367
376
385
360
383
379
380
372
372
363
375
384
384
383
370
383
381
382
386
384
372
369
376
382
386
390
362
384
385
368
370
373
366
374
388
378
384
375
378
375
368
370
388
379
383
369
375
372
375
384
388
383
387
380
385
377
366
378
386
367
372
370
373
367
368
395
382
378
378
374
377
376
380
377
372
375
382
385
376
371
375
384
380
371
378
376
367
383
372
380
378
355
383
374
374
383
373
378
377
383
374
375
381
374
376
388
379
368
374
377
376
375
379
375
378
383
375
381
375
378
383
382
369
381
380
362
382
386
366
375
373
371
379
366
373
381
362
372
377
380
384
387
376
378
375
377
379
380
380
386
381
378
366
374
371
370
372
380
377
377
372
381
373
381
378
366
362
381
378
387
388
371
387
378
372
383
372
377
382
371
378
380
378
386
378
369
374
369
367
377
386
381
363
381
377
379
379
372
381
379
370
382
371
386
395
380
373
371
374
383
380
376
377
380
381
369
387
386
383
376
371
389
384
378
385
376
372
365
382
375
366
377
368
364
371
381
374
374
383
381
374
383
364
382
381
379
386
380
379
364
370
376
380
370
380
385
378
377
371
377
373
373
374
368
392
375
386
369
374
385
377
371
380
382
371
380
374
393
365
382
376
385
370
374
386
379
372
372
374
368
369
377
372
377
381
382
370
378
389
379
365
380
392
382
380
388
387
372
381
364
375
374
384
373
378
384
384
378
382
377
365
375
366
357
383
366
358
374
386
392
377
382
381
381
380
385
378
386
373
362
374
374
367
369
368
375
382
375
372
381
373
377
386
368
369
381
380
371
367
375
375
376
364
373
380
380
373
367
382
378
386
381
371
390
386
381
379
373
386
380
380
376
374
372
381
384
377
373
370
378
378
374
374
379
383
378
379
372
378
380
381
378
391
396
383
390
365
381
364
383
374
372
375
378
381
388
367
378
386
375
370
379
382
384
371
372
372
379
383
389
376
377
375
386
374
386
370
373
377
375
380
380
382
371
385
382
389
377
379
378
381
397
378
371
386
376
386
379
377
377
377
372
365
376
375
393
364
373
380
380
381
377
370
371
371
377
376
381
372
375
379
372
380
375
373
394
381
379
373
377
376
383
367
379
379
374
373
374
377
378
369
366
384
374
379
377
384
381
386
376
374
375
362
381
393
379
374
381
373
369
378
376
375
377
379
376
375
374
375
376
371
368
380
395
378
370
362
386
371
380
373
368
375
367
377
394
375
376
371
367
379
371
383
366
380
369
363
368
368
388
383
377
381
373
371
382
381
387
369
379
368
381
375
385
377
375
374
377
363
389
371
377
370
376
374
371
369
373
363
367
376
377
379
377
378
375
372
373
385
365
377
378
370
376
377
372
371
370
369
372
367
375
374
378
379
370
374
374
379
374
386
371
366
381
373
380
377
376
372
370
386
375
377
393
379
380
377
382
376
367
386
377
376
382
391
377
385
395
370
364
381
360
378
378
370
384
382
385
370
378
365
369
390
366
383
364
376
377
384
392
375
382
391
377
376
379
380
382
378
376
383
377
376
374
381
387
378
379
374
375
389
383
390
370
379
373
370
379
368
376
373
385
386
379
368
380
375
379
384
375
380
383
387
373
387
384
379
373
376
385
374
379
374
372
383
361
370
381
384
379
381
376
375
378
382
374
385
370
380
368
373
373
368
369
371
364
382
390
381
380
373
381
374
377
369
386
378
374
376
369
393
387
380
380
374
388
379
380
384
386
386
375
380
367
373
378
376
358
378
375
370
380
379
384
366
370
374
375
372
374
366
386
394
383
375
385
386
379
373
380
399
379
377
370
375
377
378
373
371
378
378
370
384
381
359
384
382
393
381
369
366
372
373
391
374
380
378
383
381
379
377
370
377
384
384
385
378
379
377
373
386
377
386
383
377
382
384
385
387
366
363
372
377
370
368
369
373
384
385
382
368
387
377
379
374
386
367
382
382
380
382
382
377
376
357
368
380
382
375
396
380
373
375
379
381
377
397
371
373
371
380
370
392
387
377
378
385
378
381
374
377
380
386
381
377
377
383
383
386
372
371
376
380
366
369
375
383
373
384
369
382
373
379
373
370
372
385
375
379
379
382
382
381
383
381
382
377
379
378
378
391
392
381
380
386
377
382
366
369
381
379
365
381
385
375
377
377
373
380
378
370
381
378
389
374
382
363
383
377
378
367
368
370
370
391
383
374
380
375
378
385
377
396
381
384
377
384
376
370
378
369
369
368
378
378
374
362
372
370
369
374
369
388
383
379
375
373
371
386
373
374
371
378
374
387
379
377
382
377
371
378
388
370
383
378
376
386
371
379
384
369
370
373
379
371
377
391
371
371
367
372
387
380
361
365
383
387
373
391
380
384
390
384
388
382
369
389
376
384
381
383
383
392
387
369
377
390
376
382
369
387
376
369
385
376
389
373
381
367
386
385
378
383
373
378
367
377
368
372
375
387
379
371
378
384
379
390
387
377
384
374
374
387
387
376
384
372
371
385
368
372
382
385
373
379
383
376
380
387
385
400
379
370
385
375
378
382
376
380
386
380
373
374
386
386
377
385
378
373
386
382
382
379
376
386
368
376
387
380
368
377
370
370
379
386
383
368
375
383
376
377
383
387
383
386
370
381
370
390
381
383
382
384
373
381
377
379
381
379
380
365
369
376
364
382
388
382
375
377
362
377
373
378
382
378
385
372
381
378
384
379
385
375
384
380
382
374
369
378
377
361
379
371
373
375
375
379
384
385
379
379
379
391
380
386
384
362
385
378
389
380
381
384
376
371
379
380
383
375
386
384
371
380
370
379
385
369
380
385
380
384
381
399
394
363
380
378
362
383
379
379
380
388
380
378
378
383
379
378
379
380
374
389
383
375
375
390
376
379
369
380
374
380
375
377
370
374
378
374
381
384
380
378
375
369
376
388
380
372
382
378
385
381
382
385
385
372
386
377
378
367
383
378
378
379
382
373
391
376
391
388
386
379
394
391
368
383
381
396
373
383
381
386
375
374
385
390
374
381
380
388
369
373
379
377
382
371
377
373
392
381
377
362
377
393
383
379
382
370
378
367
385
383
388
390
390
379
386
373
374
382
364
377
382
382
376
372
372
373
374
361
377
375
379
383
385
382
368
371
372
385
375
373
380
371
382
377
377
393
388
383
385
388
390
375
380
377
389
385
386
388
387
382
386
372
379
386
378
387
379
384
379
384
378
367
380
373
372
391
380
370
386
374
375
382
386
375
381
376
379
399
381
376
385
377
370
386
372
376
381
376
379
374
379
368
377
383
389
383
389
375
386
383
369
370
385
370
375
390
384
375
382
381
377
372
379
378
382
387
389
382
383
387
374
379
385
384
382
391
379
382
377
375
377
376
387
389
374
381
378
369
389
379
384
379
386
389
377
391
388
380
377
381
388
391
390
383
391
389
384
384
384
378
375
383
389
396
379
389
384
386
384
386
380
392
385
378
369
380
371
368
373
392
379
393
381
376
376
372
372
383
388
388
382
388
371
378
389
387
372
382
378
372
378
393
379
387
380
372
397
388
390
383
372
386
391
380
395
383
390
382
380
384
380
380
386
385
392
377
384
369
379
380
384
381
374
379
386
385
388
386
381
392
394
388
392
382
380
381
387
373
381
395
387
379
379
378
386
384
376
386
392
391
382
383
383
382
393
393
378
384
377
385
391
380
372
370
387
389
373
379
370
378
377
389
388
394
393
393
386
387
386
395
380
374
390
382
375
393
383
383
377
387
391
385
380
389
377
382
377
383
375
393
387
376
386
382
383
392
385
389
390
380
388
392
378
385
376
383
377
388
384
387
380
392
382
381
389
393
382
377
389
378
396
371
383
381
379
379
397
383
380
384
381
379
378
386
394
391
390
384
389
393
392
395
384
387
391
400
386
387
380
375
382
385
377
396
387
373
390
383
381
385
380
381
387
388
387
394
389
383
387
390
376
381
393
385
386
390
384
388
386
378
371
378
383
393
390
385
389
383
377
379
393
389
393
384
388
384
384
374
382
388
385
389
391
397
394
396
393
384
366
388
387
397
391
388
379
392
388
388
391
393
377
389
376
381
387
398
389
374
371
366
379
391
390
388
387
379
377
386
375
393
384
391
392
381
384
376
400
395
377
375
391
396
387
378
388
384
389
391
389
388
385
379
388
397
380
384
389
395
392
386
391
372
386
386
385
383
381
382
392
393
382
401
385
383
376
379
391
391
390
381
375
374
387
388
386
386
385
390
398
390
391
385
384
389
393
390
385
388
387
390
388
386
394
395
391
386
386
390
383
391
390
394
385
376
385
382
385
404
395
384
399
397
400
396
379
387
395
377
386
390
389
400
402
391
379
391
387
396
388
387
393
396
388
393
388
398
384
380
381
393
396
394
398
399
395
383
385
378
387
391
406
392
388
394
392
385
376
391
387
388
390
385
386
399
380
396
388
383
383
397
389
388
384
380
389
395
385
395
389
394
398
396
389
388
384
390
391
378
373
391
388
390
393
383
390
397
392
390
398
401
401
394
394
400
391
388
398
390
384
402
393
385
393
391
395
384
385
382
386
397
398
387
389
395
392
394
391
393
397
392
394
393
397
391
395
388
397
389
387
396
386
394
399
404
398
402
398
393
403
382
384
385
395
395
400
389
386
386
393
398
402
402
401
396
398
408
396
391
397
402
393
404
398
392
389
401
400
399
411
404
397
390
394
400
378
397
394
391
388
396
393
391
389
396
397
399
382
398
400
410
396
401
398
399
394
385
386
388
385
397
392
402
397
394
393
406
398
384
392
393
403
387
394
390
394
391
395
405
398
395
402
402
408
393
388
390
385
393
397
395
400
399
404
397
396
399
399
397
394
381
387
399
399
404
385
391
400
389
388
390
398
394
399
398
396
401
396
395
397
397
393
388
398
399
393
394
396
403
401
404
394
406
405
403
407
392
405
390
406
392
395
408
411
406
409
397
399
398
404
398
395
397
397
406
397
395
399
395
401
404
394
394
408
401
404
397
402
391
391
394
404
395
396
389
402
395
390
407
409
412
397
400
410
404
402
391
397
400
403
405
398
409
402
402
403
403
401
403
394
402
395
393
393
394
397
393
393
399
401
405
396
405
398
397
398
400
392
407
400
401
400
392
393
399
402
397
402
397
396
405
403
400
395
400
404
404
406
407
407
411
406
408
397
396
396
399
407
404
401
399
400
407
396
395
398
398
398
394
396
400
403
408
400
400
390
401
400
404
399
401
405
406
408
413
416
413
399
397
401
402
404
398
408
400
405
402
400
408
410
410
410
406
406
409
406
408
404
404
398
402
405
404
404
404
399
407
409
409
403
404
404
401
408
414
405
403
404
414
410
410
411
412
407
408
410
411
409
401
404
411
412
406
403
416
408
406
405
405
403
394
399
401
405
400
404
405
408
402
410
407
412
408
399
402
404
406
401
407
410
403
396
399
401
408
408
402
405
410
407
415
412
408
410
405
410
413
407
404
407
405
406
408
405
403
407
413
412
410
419
