430
365
363
365
350
383
376
371
387
372
373
375
359
375
366
376
389
383
370
372
388
378
371
374
384
373
382
379
369
380
387
383
380
374
373
376
377
375
383
380
384
376
379
371
384
375
366
376
388
383
375
392
383
385
376
380
383
367
379
370
381
366
372
374
367
362
379
374
375
379
381
373
379
375
372
377
368
382
376
372
380
374
375
380
384
378
366
374
383
370
366
377
371
374
375
378
368
361
375
376
377
381
369
375
376
371
382
372
393
387
376
374
366
371
373
381
382
372
371
378
376
381
384
377
378
380
382
386
387
382
384
378
378
368
389
386
372
363
364
375
371
385
378
388
387
372
377
375
380
374
376
370
380
384
378
386
376
377
362
372
380
384
374
383
383
369
379
387
372
379
373
380
380
386
387
383
379
379
367
366
373
366
386
385
380
359
390
376
376
369
367
381
358
385
380
377
376
371
368
372
378
364
372
390
378
366
373
379
362
369
382
372
379
391
375
369
386
376
378
368
383
379
367
380
381
370
388
376
371
375
389
374
372
380
386
374
377
374
364
378
374
382
376
382
385
372
377
373
386
377
372
389
380
379
380
375
377
372
376
364
376
391
373
370
385
386
379
372
377
376
363
385
368
379
378
377
380
368
375
378
378
372
377
381
380
380
368
375
376
380
364
366
370
384
378
381
385
376
378
374
383
367
369
373
371
380
369
386
375
373
374
393
376
378
381
372
372
382
373
376
373
388
377
382
381
380
376
383
388
379
379
370
357
371
376
383
379
378
373
377
370
375
372
381
378
364
383
372
369
365
366
372
370
385
372
377
381
376
375
382
376
384
364
374
375
382
376
378
384
374
378
383
380
390
366
364
379
384
379
370
382
369
372
390
379
379
379
382
376
376
381
381
377
382
391
385
380
378
378
376
375
377
378
366
386
366
368
370
368
382
371
378
368
382
370
379
381
374
377
370
382
374
381
375
373
382
376
374
377
377
374
374
390
380
369
376
369
370
373
368
377
378
384
377
377
369
383
380
382
373
381
384
374
389
377
363
381
372
372
377
363
362
376
371
387
372
376
377
377
364
376
383
378
378
384
388
367
370
373
370
376
385
371
358
374
373
381
383
383
369
370
372
374
375
375
367
373
371
375
372
377
374
359
374
379
389
371
387
371
367
370
372
371
383
381
382
381
371
373
385
392
377
388
367
378
379
380
380
377
373
371
375
378
377
371
369
371
381
375
373
384
367
381
376
377
364
386
392
386
376
380
376
373
384
382
379
377
372
377
386
375
377
368
383
371
372
379
371
369
376
376
365
388
375
374
372
385
380
372
375
375
372
369
369
380
370
381
365
374
379
364
376
396
380
371
380
373
378
378
392
370
372
380
364
376
372
370
354
371
376
387
366
364
378
377
376
384
374
386
378
369
360
391
392
391
388
380
378
368
375
365
387
384
391
385
371
365
377
378
376
399
370
375
372
380
385
383
387
372
372
376
380
382
372
377
385
375
372
366
372
380
387
378
366
370
372
388
376
382
385
375
392
370
379
374
382
381
380
370
379
371
381
378
381
372
363
373
386
376
372
380
373
373
379
388
379
383
365
378
361
367
374
372
378
379
382
382
379
387
377
380
370
376
366
368
390
381
381
372
382
381
384
382
386
379
373
388
376
366
377
370
376
376
392
382
374
385
372
385
378
379
378
369
374
386
378
375
377
370
377
358
382
387
375
380
384
375
372
372
385
385
387
381
382
381
374
385
373
368
387
379
382
369
380
386
380
361
392
381
385
380
388
381
378
379
381
376
376
371
381
384
389
381
367
374
378
368
375
376
367
385
378
375
384
367
368
384
388
378
372
388
382
377
375
386
384
370
383
370
373
380
380
372
387
379
372
377
375
385
372
383
379
367
371
378
384
378
375
366
393
370
370
390
376
373
378
385
375
385
384
375
373
380
373
381
385
372
376
380
383
367
373
387
388
366
378
376
384
375
375
390
384
377
380
376
383
387
379
380
373
375
384
383
378
374
387
383
372
376
383
377
378
382
377
377
387
371
379
376
381
372
374
381
381
377
374
371
375
375
381
368
374
375
378
378
387
373
375
370
380
380
379
383
374
377
391
367
382
381
380
375
388
379
374
384
370
373
382
374
375
382
383
375
374
370
385
382
378
379
366
366
371
372
382
375
386
373
385
383
372
380
382
376
382
378
372
364
371
368
387
379
373
375
378
381
383
382
391
371
368
386
375
382
378
381
391
369
378
370
386
384
378
383
380
368
370
377
379
385
378
385
388
374
384
373
379
376
376
385
384
375
378
375
372
366
375
366
382
381
397
376
388
373
384
380
372
387
381
373
366
375
366
381
376
377
378
377
383
378
372
371
379
365
379
385
384
383
378
383
379
383
383
383
375
375
368
373
376
368
357
388
375
381
376
376
377
374
385
380
379
379
372
389
387
387
375
374
369
382
383
375
372
379
381
388
383
377
378
381
365
379
372
387
379
374
384
386
384
390
384
386
377
378
378
387
377
385
395
379
372
374
383
385
386
380
383
377
371
378
383
369
379
382
379
379
378
388
385
378
387
378
384
377
377
396
374
378
376
378
377
385
378
389
384
380
378
380
384
377
370
363
387
380
382
379
389
376
382
388
374
377
386
377
384
377
379
367
374
382
374
383
384
377
385
376
373
368
380
381
384
368
375
381
386
377
383
364
381
378
378
374
377
381
388
372
384
384
385
381
383
384
364
388
385
387
381
386
376
385
368
377
369
379
390
381
384
385
382
376
387
388
375
384
374
380
385
384
388
385
389
380
379
368
373
370
381
371
384
383
375
382
379
385
390
386
383
373
386
376
372
379
367
391
375
377
380
385
380
367
380
376
379
384
388
375
377
379
383
380
370
377
368
371
384
380
378
391
383
382
380
372
378
380
376
383
381
381
384
375
379
384
375
376
381
388
372
378
391
370
376
368
370
369
373
383
374
377
374
376
374
375
385
369
380
378
384
385
378
366
383
379
380
377
378
377
386
378
381
390
377
370
376
386
386
370
378
366
377
376
373
378
388
378
371
383
374
374
381
382
380
376
364
357
373
377
387
381
378
390
373
382
383
383
387
378
381
373
383
384
369
385
382
394
383
382
377
383
388
370
381
393
378
377
372
383
383
376
373
383
378
372
379
394
388
385
373
382
392
379
380
383
377
388
384
380
388
380
382
377
383
385
393
373
377
387
377
376
379
374
376
386
394
390
386
387
393
388
378
379
381
367
382
374
391
378
371
367
380
385
382
377
376
381
385
381
386
374
380
380
387
388
376
384
380
383
381
374
379
372
382
391
385
376
383
373
386
376
397
372
387
381
380
377
386
388
382
379
380
382
369
375
374
382
386
383
370
393
387
372
379
381
386
385
382
384
383
371
386
386
374
387
384
381
386
380
378
384
386
378
381
377
381
392
390
383
390
368
392
382
374
376
381
386
396
385
382
380
382
384
376
383
383
387
385
394
383
382
375
369
379
384
372
375
379
383
396
386
393
386
378
375
381
381
381
381
381
382
391
376
380
381
377
378
377
385
383
378
389
393
387
381
377
385
375
393
379
393
384
388
386
378
387
385
380
382
388
380
398
381
382
375
393
377
378
387
384
376
370
380
387
382
388
380
377
392
382
384
376
388
390
377
384
380
377
375
380
386
371
383
392
379
388
390
385
376
388
386
386
380
377
386
384
382
375
382
372
384
377
377
383
392
381
382
375
375
370
376
387
392
383
381
373
374
377
386
394
387
388
384
383
392
394
379
391
373
385
395
387
375
378
388
385
386
382
381
386
385
375
385
383
385
387
378
388
392
390
391
385
382
387
389
382
386
396
385
376
381
379
382
371
374
367
388
369
376
381
389
387
378
388
381
380
389
385
386
386
389
386
398
386
383
381
371
376
373
374
385
383
391
385
383
385
395
388
376
383
383
386
390
375
378
377
388
390
380
391
385
391
390
382
374
383
379
380
383
380
382
395
394
383
394
384
387
395
387
387
392
385
374
363
393
385
388
389
384
370
388
378
397
385
389
376
403
397
371
401
393
398
384
370
360
375
375
385
382
378
384
385
385
395
394
390
376
384
382
385
390
372
383
380
388
387
385
378
389
389
392
394
389
386
394
398
374
401
383
387
393
384
385
384
390
386
386
395
388
382
392
378
398
388
378
387
388
387
389
376
386
389
387
380
385
387
393
397
381
386
383
390
393
379
389
389
385
386
365
384
396
393
380
392
396
379
388
396
390
390
381
381
385
393
388
387
387
388
390
389
380
383
384
390
398
387
387
393
389
375
386
394
378
385
389
404
390
392
393
388
391
384
389
388
394
395
398
394
399
397
382
386
382
390
382
385
386
389
392
385
374
389
392
391
375
393
389
399
397
378
387
394
383
390
374
382
388
399
394
392
384
391
380
385
389
392
397
389
399
397
400
394
376
386
383
393
399
381
392
379
392
379
386
390
395
389
389
383
381
387
383
381
396
396
393
394
395
397
399
391
388
395
391
385
384
386
375
396
397
388
387
390
384
389
385
388
396
386
397
394
396
397
405
388
392
394
402
389
391
388
397
400
389
398
386
394
386
395
385
385
386
395
388
390
387
395
391
387
388
387
401
396
388
399
391
392
393
396
397
398
383
386
392
393
391
385
393
394
406
393
388
386
383
389
387
398
390
398
396
387
393
384
382
393
386
398
393
397
398
385
390
389
386
394
399
402
402
392
384
394
394
387
384
396
395
389
394
393
393
392
396
388
396
394
391
390
391
390
396
400
395
393
388
392
390
400
390
384
385
387
391
384
390
399
397
390
393
384
403
393
394
390
399
392
384
392
393
389
397
395
402
401
395
388
394
397
389
398
393
391
385
389
402
406
393
389
394
399
397
394
395
396
396
388
394
392
381
394
393
400
399
393
398
389
392
393
397
384
389
396
397
393
395
399
397
400
399
396
393
399
392
388
393
400
383
397
397
396
393
395
400
397
392
393
385
389
397
391
397
396
403
388
398
403
397
395
395
395
398
389
397
400
393
393
399
392
386
395
393
393
398
399
397
399
405
402
395
388
398
399
395
394
392
400
403
403
403
403
397
404
402
391
392
402
398
395
396
397
397
390
406
400
401
404
398
391
396
399
406
391
399
400
395
405
389
384
391
402
398
389
394
399
401
399
386
402
397
400
399
399
400
396
392
401
398
400
402
398
405
398
395
396
401
403
401
400
399
397
399
403
405
397
399
400
393
403
398
407
401
401
404
400
394
393
399
386
394
399
393
403
404
388
392
399
400
402
405
399
398
401
386
393
390
394
397
394
400
398
404
399
400
398
402
403
397
400
398
391
399
399
396
397
395
399
391
393
399
399
407
404
401
407
404
401
400
407
402
399
399
404
401
408
408
409
409
404
400
395
404
397
402
404
408
403
397
402
395
401
399
387
392
398
387
393
404
407
402
406
405
406
401
397
397
404
397
398
403
399
401
406
402
403
404
405
405
411
408
407
413
404
410
405
410
412
403
404
405
409
416
404
408
403
406
403
403
402
406
405
402
409
410
410
413
407
405
409
400
409
405
405
405
406
406
400
411
401
400
405
395
396
398
410
406
410
401
404
404
403
408
405
407
409
406
403
410
406
411
409
413
412
407
401
404
405
400
403
404
411
410
410
405
404
412
413
418
