430
365
374
374
374
382
380
380
371
379
379
363
356
388
364
375
379
377
381
367
370
375
385
382
378
379
376
371
387
390
362
383
375
368
387
385
364
366
371
375
382
372
373
386
377
371
379
367
363
374
387
381
373
373
373
390
381
368
379
371
375
381
385
374
378
377
363
379
381
382
383
378
372
377
374
369
372
385
368
387
365
383
386
381
388
375
370
382
366
369
368
369
367
358
382
386
382
377
374
372
385
379
377
370
385
379
387
372
369
381
382
372
378
377
373
369
373
385
370
377
388
375
380
382
367
375
381
381
364
386
377
378
379
373
380
390
381
380
384
379
382
371
390
376
380
373
390
383
367
374
361
381
388
375
382
378
375
376
380
368
389
372
377
383
380
372
375
360
389
376
379
366
375
365
375
376
379
378
391
371
367
375
374
376
365
372
381
377
378
375
373
376
375
392
369
381
376
368
378
366
368
358
367
377
369
379
375
377
367
372
390
391
388
381
369
373
370
377
369
360
376
384
371
378
384
375
384
374
384
365
380
383
374
374
384
379
390
379
362
373
374
372
361
379
366
372
364
373
381
377
368
381
372
378
378
383
387
382
375
384
382
374
380
388
377
373
367
372
377
373
379
366
370
380
370
377
381
381
380
377
380
372
373
372
380
381
379
380
362
376
381
373
386
380
378
382
372
368
374
381
382
368
375
377
367
378
369
384
381
363
376
365
370
382
375
375
375
374
370
371
384
374
374
369
373
370
376
380
373
367
378
367
378
369
384
377
372
373
378
380
390
381
383
367
374
374
370
385
371
380
384
366
377
392
378
383
372
379
379
378
379
388
378
381
375
375
376
389
381
375
376
374
373
378
372
379
374
371
381
383
363
379
374
378
379
383
374
385
378
383
378
373
374
380
370
376
387
380
378
378
381
375
386
379
374
371
381
381
383
372
382
381
373
371
375
371
375
379
379
363
382
382
385
381
383
374
377
387
378
372
375
385
381
372
370
381
371
375
396
368
367
363
388
380
372
366
373
375
367
381
375
370
382
374
376
379
373
381
376
368
378
380
386
371
376
384
375
379
376
370
364
374
371
373
368
372
374
382
381
379
371
380
390
378
393
394
377
377
377
371
383
370
369
374
374
393
378
382
374
372
377
385
379
374
378
387
374
376
382
367
371
368
373
384
366
375
372
379
368
379
368
365
367
371
355
376
375
379
377
384
378
372
373
371
373
379
369
373
367
378
377
372
374
378
365
370
353
380
378
386
377
379
378
375
379
379
367
372
373
372
379
374
376
370
362
371
378
382
370
374
379
377
377
380
368
380
376
383
370
370
384
382
372
371
379
382
377
377
378
381
370
380
380
374
379
367
374
377
379
377
383
379
385
367
365
362
370
386
364
373
372
387
380
378
382
381
380
378
369
374
382
386
382
374
373
383
382
374
384
388
384
381
375
372
383
372
376
371
369
373
379
365
375
378
361
381
377
377
373
379
373
375
382
372
373
377
379
371
385
377
376
377
381
385
369
380
373
371
385
388
375
380
373
377
377
372
381
371
382
379
381
384
367
369
378
386
382
370
371
370
368
375
366
379
370
366
379
365
380
377
374
374
382
376
374
375
378
372
365
374
378
375
386
378
374
375
380
378
382
369
373
380
363
373
367
374
386
378
370
369
377
382
376
375
377
389
366
370
386
376
378
380
376
371
376
367
366
365
379
374
378
375
375
377
387
375
380
384
376
388
391
370
378
377
380
370
368
378
376
381
380
378
394
382
367
360
372
381
371
377
367
375
391
380
387
373
361
379
373
377
365
374
371
366
369
371
363
373
375
387
376
373
383
373
373
374
374
361
376
377
379
374
384
385
370
380
372
366
376
379
375
369
382
382
386
380
377
389
370
366
377
380
375
380
384
370
377
375
369
377
384
386
376
372
371
383
360
372
368
384
378
374
365
368
392
387
379
372
372
373
380
375
368
376
380
381
380
368
376
371
377
373
376
366
373
374
375
365
385
388
370
389
373
376
381
379
382
372
375
369
376
380
376
375
378
366
383
390
379
371
381
388
373
383
370
389
378
368
375
370
384
365
372
372
384
373
379
374
373
377
371
374
382
368
383
371
390
386
369
364
372
376
392
383
377
376
362
380
380
383
370
382
373
384
375
383
360
375
368
378
381
371
373
372
366
375
373
383
387
372
380
371
394
379
375
382
364
384
377
368
368
373
376
370
388
377
375
381
377
371
371
360
384
375
372
369
377
372
379
368
374
378
388
391
383
380
389
377
381
378
378
370
387
384
392
378
368
374
377
369
370
382
378
367
374
368
384
376
382
380
378
381
376
385
382
375
372
381
384
369
368
378
370
383
377
377
372
376
381
383
381
387
380
376
379
372
378
371
385
382
376
391
383
378
375
377
380
383
386
373
372
370
373
375
380
376
375
367
374
382
380
365
370
380
378
386
369
380
375
384
384
362
372
382
374
388
370
377
375
376
374
370
377
377
366
382
383
382
370
370
372
383
376
378
378
372
374
384
358
382
379
384
375
375
388
382
383
378
386
371
373
371
374
383
379
376
377
379
384
377
381
373
379
378
376
370
368
374
373
380
372
376
375
373
371
386
383
377
382
380
374
367
381
384
389
375
374
384
381
376
380
377
383
379
371
373
383
375
379
372
378
369
380
364
386
373
373
370
382
372
370
384
382
373
366
372
378
382
362
369
374
368
372
373
371
373
376
376
374
372
380
387
379
371
381
383
383
373
382
369
382
385
375
377
381
365
368
385
376
374
374
377
385
374
377
372
374
382
378
374
376
383
384
381
370
379
362
373
378
363
365
380
382
392
389
387
374
390
375
380
382
380
380
375
386
387
377
379
375
351
378
384
380
365
389
377
385
376
384
378
371
381
370
381
383
368
373
379
388
382
389
374
386
381
364
384
392
381
379
378
382
371
366
374
374
368
373
377
376
370
374
382
373
377
377
377
382
377
383
384
373
380
375
369
370
377
388
377
377
377
377
376
362
381
387
365
374
373
371
379
380
371
382
391
381
389
386
390
377
375
371
386
380
378
376
361
381
372
370
384
369
367
357
375
381
388
380
374
383
394
388
378
379
371
386
382
367
374
372
385
373
372
369
377
368
374
374
377
376
368
372
371
373
365
377
399
381
366
369
373
382
372
384
379
378
373
379
369
374
379
383
375
383
369
380
367
383
380
373
385
385
380
381
374
368
375
377
382
367
372
386
362
368
370
373
382
382
368
387
370
378
380
382
380
384
375
383
384
369
372
381
388
379
385
382
377
381
368
383
374
380
376
374
380
369
376
378
377
368
365
384
388
377
384
371
367
381
385
368
376
374
367
370
378
363
366
375
389
380
374
369
377
377
374
376
366
370
367
371
379
370
388
379
379
366
364
379
382
376
384
372
381
365
383
377
377
382
385
380
389
383
384
386
392
379
357
377
373
365
381
373
374
380
382
393
381
383
387
381
375
379
379
365
370
382
369
375
363
376
376
378
397
380
383
380
373
388
390
382
383
375
370
378
377
378
379
370
371
385
380
389
372
375
390
371
368
361
364
375
379
385
382
379
378
378
376
374
379
364
377
387
370
370
380
381
372
384
369
379
383
366
371
377
374
369
372
365
383
379
383
377
380
371
368
375
375
383
373
378
373
374
389
377
386
372
385
374
370
369
387
380
377
377
379
370
375
375
376
384
381
368
379
375
380
370
385
376
373
388
375
380
379
373
377
389
387
387
377
389
378
382
382
372
380
380
389
383
388
378
362
378
378
379
383
378
378
378
369
369
373
377
373
377
377
378
363
385
377
378
381
377
368
369
381
387
371
372
377
372
372
380
390
378
378
391
383
388
378
373
370
385
370
368
364
379
365
369
378
386
373
389
373
377
382
378
386
379
376
375
372
383
370
384
382
381
377
357
379
366
382
379
390
391
373
380
383
383
379
389
379
375
387
377
371
369
380
380
377
387
383
378
388
374
382
380
387
377
374
389
385
378
377
376
381
373
382
389
373
383
377
390
379
380
379
372
367
370
388
381
369
385
384
371
370
379
375
385
387
376
385
384
364
384
378
372
381
380
375
385
372
370
387
372
363
382
386
370
379
384
376
379
379
381
374
368
386
363
371
372
380
382
369
370
386
383
378
386
383
381
385
379
380
387
372
359
378
385
366
366
383
376
371
371
377
386
380
375
396
377
389
369
381
378
370
375
380
378
383
380
377
383
379
374
375
381
388
383
375
376
374
378
380
383
381
378
379
372
371
380
385
372
369
374
385
381
384
389
387
381
381
384
378
376
377
366
373
380
376
382
376
382
380
378
372
375
371
378
380
390
380
393
381
384
373
387
374
381
368
376
379
387
389
384
377
388
386
386
377
370
382
376
382
375
369
370
384
381
372
383
387
379
368
382
382
386
387
375
388
386
386
371
374
378
380
383
379
374
381
369
367
381
368
367
376
385
383
370
376
374
386
371
373
373
379
372
373
376
382
374
378
371
382
384
380
388
383
374
375
380
376
384
383
381
384
372
376
377
371
375
374
397
379
380
381
380
383
382
387
383
377
385
384
379
365
376
378
379
386
374
376
371
369
382
390
382
388
377
375
384
383
381
390
387
377
382
381
378
369
389
388
375
392
374
385
365
381
372
379
383
379
375
373
388
388
377
373
379
379
380
377
370
371
377
387
390
383
368
365
375
380
380
387
377
380
369
371
377
380
371
373
367
380
362
377
376
370
379
393
390
391
377
379
381
373
376
375
378
381
372
380
386
373
374
378
380
380
379
385
374
377
377
382
378
382
371
379
384
370
375
377
383
383
370
373
378
379
391
381
383
385
370
379
377
381
379
367
376
397
376
382
379
391
384
386
376
385
383
376
378
382
385
388
374
376
392
383
390
379
386
386
384
385
390
380
377
385
373
382
381
382
389
384
376
389
384
381
384
370
380
382
370
392
382
379
383
385
379
374
382
386
385
378
390
377
373
366
381
381
393
384
380
374
383
371
380
377
377
385
380
382
380
377
392
379
381
383
373
376
376
385
386
387
382
392
376
389
382
382
386
387
382
396
377
376
387
379
391
390
377
377
373
374
380
384
377
395
394
382
385
380
372
379
376
379
384
372
387
394
380
388
378
383
396
383
387
384
389
394
395
384
385
394
385
381
376
389
382
377
389
393
388
393
381
387
383
379
382
380
393
388
388
389
393
389
380
375
382
392
394
383
386
392
396
385
395
389
388
391
395
389
386
386
388
386
395
383
393
392
380
385
397
387
396
393
386
387
397
388
396
383
389
389
388
380
397
393
389
388
385
385
393
391
403
413
403
393
384
394
384
384
399
399
382
389
390
392
392
396
387
384
400
400
405
402
393
394
403
393
402
403
400
397
393
396
392
393
393
393
400
399
397
398
406
403
395
403
397
397
404
401
399
404
400
395
402
402
406
404
404
406
396
402
402
401
408
408
415
414
415
411
414
415
414
417
419
418
415
409
408
409
413
415
419
418
418
419
416
412
416
419
420
417
416
418
420
419
421
421
419
422
422
422
424
424
422
422
421
422
423
423
424
424
424
424
424
423
424
424
424
424
424
424
424
424
424
424
424
424
424
424
424
424
424
424
424
424
424
425
425
425
425
425
425
425
425
425
425
425
425
425
425
425
426
426
426
426
426
426
426
426
428
