430
366
358
370
379
396
371
374
370
385
377
377
376
370
375
378
380
376
385
382
378
384
373
373
365
373
380
375
388
367
370
376
378
368
379
369
370
391
369
389
383
376
370
364
375
377
379
384
382
377
373
377
380
377
366
375
377
370
381
379
360
378
378
375
380
368
379
386
366
371
380
378
370
369
391
382
381
374
385
390
390
371
371
369
362
384
376
379
392
380
378
380
378
368
385
376
360
367
378
369
384
376
381
373
383
368
372
373
384
368
366
373
383
381
383
384
368
383
367
374
376
373
373
369
378
395
378
368
380
369
375
367
375
371
375
381
378
381
367
386
382
373
372
371
379
373
381
381
385
379
372
380
366
379
376
370
386
366
372
374
379
379
376
379
376
385
387
374
373
387
382
384
373
392
374
377
366
373
382
382
379
366
374
378
384
380
377
376
371
385
376
388
388
374
384
376
372
366
383
385
386
380
375
371
368
366
372
378
377
377
364
366
380
376
386
374
378
386
379
375
367
385
375
379
364
374
370
372
381
375
381
372
372
373
383
369
380
386
382
367
366
378
373
375
378
368
373
365
361
372
380
372
373
370
378
374
371
374
370
371
381
371
369
368
369
371
366
378
374
376
367
385
369
375
379
388
373
369
371
386
375
385
372
378
387
379
379
383
374
380
373
364
368
375
368
393
380
383
368
361
373
371
376
371
382
374
369
373
377
380
383
374
377
383
377
372
373
381
374
376
367
377
379
385
374
382
366
368
387
389
381
377
371
377
376
378
376
381
386
379
367
372
384
375
378
379
384
382
391
385
374
378
376
374
376
375
381
379
365
375
373
368
382
371
375
385
380
382
386
380
378
370
370
377
380
384
375
382
381
378
377
380
378
385
371
377
376
375
367
379
370
386
382
373
379
372
374
378
372
365
382
380
380
364
375
374
375
379
373
379
376
384
362
366
373
371
384
379
380
378
378
375
382
367
362
364
380
370
379
382
376
360
384
386
378
372
373
373
382
389
383
387
388
385
388
388
377
375
370
374
373
379
374
390
380
367
378
383
378
370
373
381
382
378
378
383
376
376
366
379
374
376
380
372
372
383
374
370
380
374
377
382
378
378
386
369
373
373
373
367
377
372
379
376
377
368
373
376
380
379
387
371
377
369
382
374
382
378
386
375
367
372
369
379
381
366
373
381
369
379
378
378
388
370
379
377
376
366
393
386
389
383
380
384
368
377
369
382
376
360
370
388
360
372
384
378
380
372
388
373
387
383
382
373
371
376
374
381
373
362
373
380
369
368
366
378
374
384
379
376
367
377
383
381
375
377
380
378
374
387
384
371
379
377
373
385
367
366
386
375
380
370
379
383
392
371
358
378
366
366
373
372
379
376
384
372
378
387
379
373
380
377
381
374
377
367
382
380
375
368
369
377
374
376
373
376
388
387
374
373
366
372
380
370
377
375
377
370
382
368
374
368
387
383
382
376
378
378
381
381
370
386
380
374
368
368
382
373
382
377
385
384
374
368
381
373
379
382
376
387
384
376
373
379
371
374
383
374
385
377
380
376
378
385
384
380
368
362
379
368
393
374
379
365
369
375
383
372
386
379
385
378
373
379
379
379
375
371
383
376
376
378
372
361
369
387
375
367
376
368
361
372
385
366
386
368
355
379
382
374
375
382
383
382
363
375
382
375
361
373
372
373
383
369
371
390
387
378
370
383
371
380
372
374
382
386
373
370
379
377
374
379
373
367
364
384
386
386
386
369
372
385
368
376
376
390
376
375
372
386
375
379
381
373
375
361
381
368
385
372
372
377
374
383
370
381
380
381
382
386
377
378
376
367
374
375
371
373
359
383
387
374
373
376
376
370
369
377
363
375
372
376
363
378
372
376
376
380
378
372
383
387
381
381
369
385
373
385
385
382
376
379
371
372
383
368
362
373
375
375
375
379
377
386
374
375
380
369
383
368
374
391
377
384
368
386
387
377
376
372
376
378
387
377
378
371
383
384
383
370
387
377
369
382
366
377
382
374
375
382
379
376
387
393
382
377
375
379
380
389
374
378
366
375
385
385
367
371
378
367
370
375
375
383
371
383
382
384
373
377
368
364
371
366
376
368
377
383
369
376
371
382
380
385
380
381
375
386
370
376
384
386
374
368
371
378
384
373
379
380
394
375
377
364
377
374
369
382
374
376
383
372
378
382
372
371
380
385
385
381
384
373
386
382
369
374
382
373
365
377
381
378
374
370
384
378
376
364
375
371
384
382
362
377
369
374
371
368
381
367
367
375
375
376
392
382
385
393
388
381
379
380
368
373
366
381
380
376
381
378
383
371
370
371
377
377
373
375
382
384
375
376
382
382
370
377
369
385
372
384
379
377
387
390
365
384
385
367
397
370
377
381
374
371
381
374
379
373
375
384
379
378
383
376
384
376
374
378
377
373
373
378
384
380
383
369
382
389
370
370
377
370
368
367
367
373
380
389
383
372
373
379
381
383
378
380
365
371
374
369
375
381
387
370
377
382
372
378
375
367
381
365
379
378
377
400
384
358
385
374
376
384
366
377
375
379
374
368
365
370
377
388
383
381
368
375
378
389
380
379
381
366
376
370
365
383
379
380
386
373
387
376
371
373
374
372
368
378
371
373
373
377
372
380
376
375
380
377
379
374
377
353
386
374
376
367
395
379
370
383
386
364
364
371
381
375
381
376
376
382
382
383
370
386
382
372
375
369
371
381
374
382
381
383
372
375
386
391
372
386
380
375
379
372
381
378
364
373
379
373
371
368
372
369
387
378
376
384
374
378
352
378
369
382
379
380
369
374
374
372
380
378
383
369
383
375
376
372
379
371
373
372
368
363
373
368
372
374
382
393
380
379
369
375
381
389
373
386
384
380
371
389
373
373
389
376
371
385
370
376
372
379
375
370
374
380
376
385
372
373
372
389
375
386
374
368
370
367
389
370
380
389
391
392
381
377
373
375
379
376
370
362
379
370
376
361
372
383
375
374
371
381
371
376
369
375
383
373
379
382
385
369
381
377
373
376
384
368
381
382
382
395
388
374
368
376
365
383
384
384
380
377
390
384
385
387
370
375
369
367
373
375
372
369
382
372
373
374
373
381
374
373
376
370
377
384
386
387
374
367
380
387
383
372
371
375
377
364
373
383
373
385
372
379
373
374
370
382
370
384
371
376
373
371
375
381
381
382
375
373
382
383
370
372
372
371
384
373
364
376
367
378
378
373
381
380
376
379
382
381
370
383
381
376
382
376
371
369
373
386
370
363
375
386
384
378
367
379
367
364
374
377
384
374
381
374
379
360
373
389
376
370
383
368
381
373
363
388
381
378
377
390
378
373
373
373
369
383
381
371
383
375
365
375
381
382
373
381
387
370
375
376
388
378
373
376
383
376
393
373
376
381
376
377
371
374
373
383
374
379
366
385
373
382
369
368
369
381
383
383
377
373
384
376
370
373
372
387
372
371
386
372
378
380
370
382
378
374
384
373
366
365
388
373
369
372
380
386
388
379
372
386
373
374
382
393
374
386
370
379
387
380
381
375
379
375
379
378
372
387
381
377
374
384
371
375
376
382
379
394
387
351
369
386
372
381
381
385
373
377
382
385
369
373
375
371
371
386
374
387
376
366
368
374
391
382
375
380
375
381
378
383
381
383
380
383
388
392
382
383
378
385
370
381
360
383
368
386
382
376
393
376
392
374
376
372
382
387
375
386
378
376
367
371
371
391
375
379
377
381
379
377
389
374
380
373
381
369
369
373
361
378
379
384
370
380
376
375
376
377
375
375
381
374
373
382
378
374
386
387
374
378
373
372
374
372
379
379
374
380
375
380
393
380
376
364
376
392
389
379
391
364
375
375
381
380
383
380
381
388
383
370
373
367
385
382
375
367
375
381
385
369
364
376
384
374
379
374
379
389
371
388
367
371
380
380
388
378
379
382
356
379
382
371
379
390
382
372
376
376
386
385
378
378
373
388
375
380
374
376
387
392
367
380
384
389
382
368
375
385
365
380
380
372
371
385
376
375
378
377
370
368
373
375
376
380
371
363
369
379
374
383
364
379
367
382
373
376
374
373
376
367
373
375
383
386
386
381
384
372
381
376
367
370
377
370
388
390
386
391
378
381
384
376
387
363
372
390
371
377
371
379
379
382
380
382
375
372
388
381
380
380
387
382
382
367
392
384
373
391
380
364
369
370
379
373
367
383
372
373
385
371
381
365
378
383
367
380
377
375
362
386
377
375
383
385
375
375
377
375
382
381
376
381
371
379
384
384
385
385
372
384
368
366
387
377
381
372
378
380
367
382
377
377
379
384
385
381
383
391
381
383
392
378
382
375
378
383
380
377
383
390
378
380
392
380
381
381
385
379
380
378
362
376
370
374
377
368
382
372
386
373
372
380
379
377
388
382
375
372
368
379
374
383
386
374
390
372
370
373
373
386
382
367
368
387
396
375
369
383
372
377
391
374
377
377
380
377
383
381
378
373
388
372
385
383
379
385
381
382
389
365
381
388
379
373
376
372
378
375
371
377
378
391
380
376
377
379
371
383
381
381
363
373
367
374
385
366
378
384
390
382
383
381
382
382
379
375
378
385
388
364
375
375
377
378
374
374
375
371
379
382
364
379
376
387
373
366
377
381
383
379
379
383
384
372
382
383
394
383
380
379
380
389
393
376
381
374
374
377
388
377
374
369
374
392
376
386
382
381
380
376
389
368
382
375
373
371
379
384
375
390
371
383
372
378
366
383
379
379
375
382
380
372
370
382
380
382
371
381
380
377
373
382
366
387
387
373
382
387
383
379
369
384
392
371
373
366
378
370
376
375
370
369
379
368
386
381
375
380
386
374
380
385
381
382
378
381
389
386
373
367
370
384
374
397
372
378
384
370
381
375
384
380
368
386
383
390
371
388
381
389
385
373
381
368
373
377
374
379
376
374
380
369
372
370
375
370
387
380
380
388
388
368
364
380
379
381
377
386
383
381
394
379
387
384
383
386
370
363
368
377
374
378
370
379
372
382
387
371
385
381
379
372
385
389
380
387
374
389
370
380
386
376
377
379
378
378
378
386
382
375
386
372
382
388
384
370
366
375
387
382
374
374
382
393
379
375
378
387
377
381
373
379
374
379
376
376
383
378
384
374
378
377
373
383
384
376
373
374
391
369
384
383
375
370
394
389
387
380
380
369
385
374
385
366
383
393
385
371
392
378
381
377
384
383
379
372
382
387
383
379
380
377
379
371
375
382
381
384
382
389
376
383
378
384
387
385
384
373
379
381
374
380
387
378
380
370
369
383
381
388
384
376
380
372
379
381
385
379
384
383
370
372
372
396
379
388
384
389
394
390
385
377
382
383
391
381
388
379
390
383
380
384
380
372
373
382
378
373
381
387
385
374
388
386
379
385
379
390
388
385
391
388
383
389
396
401
389
388
377
377
386
384
395
394
391
394
394
391
386
381
376
383
390
391
391
379
390
389
403
393
386
386
386
391
391
383
379
397
389
401
391
390
392
381
383
392
396
392
396
390
390
391
385
394
390
388
392
401
386
376
400
395
387
384
388
392
399
391
395
393
395
381
397
395
394
402
396
399
403
398
404
404
408
410
404
408
406
410
400
403
407
399
402
405
406
411
411
413
414
415
416
419
418
421
421
420
420
423
423
