430
366
380
391
375
372
385
382
381
380
375
372
378
382
377
367
378
376
379
384
382
371
374
378
366
372
376
368
361
382
369
373
381
375
377
374
375
382
367
371
382
368
375
369
381
374
371
385
389
380
377
367
372
369
379
374
371
367
374
385
382
371
375
370
377
373
371
375
369
379
392
374
382
391
380
377
372
370
379
384
380
384
376
378
367
367
369
373
372
362
374
380
382
369
382
365
366
385
374
367
379
389
386
374
377
377
370
372
375
376
384
370
373
367
391
382
373
380
364
371
383
373
372
369
361
379
386
378
374
369
361
379
386
383
363
381
376
376
376
383
390
382
373
378
377
382
377
378
384
379
379
371
385
384
378
383
379
383
370
385
362
386
364
360
364
388
377
390
368
383
373
375
386
377
371
378
377
374
383
370
374
383
377
375
363
376
369
366
373
371
380
384
363
382
384
383
368
378
371
371
364
380
379
389
376
380
384
375
386
369
373
383
387
370
369
371
364
377
369
373
374
384
383
380
372
382
377
380
378
375
370
380
388
373
366
371
374
385
372
364
366
376
377
376
373
380
383
369
379
376
370
383
386
391
378
379
371
370
372
375
375
376
379
370
373
374
371
377
377
365
387
374
386
380
371
382
390
374
363
367
379
378
361
377
368
374
385
369
368
378
390
371
365
379
379
374
376
385
370
376
373
365
377
363
384
374
375
373
384
375
375
374
373
377
387
380
375
380
372
377
380
373
374
384
382
385
385
383
392
366
362
370
382
376
357
381
387
371
385
374
379
378
385
388
378
383
376
373
368
368
372
370
365
370
376
370
374
376
380
377
372
380
377
387
371
375
385
378
386
381
378
373
382
377
382
380
373
361
374
384
380
381
379
377
388
383
379
377
382
380
382
366
381
375
383
371
378
369
368
381
391
381
372
377
373
357
364
377
369
387
382
379
378
379
368
380
375
378
372
378
369
391
383
363
383
381
390
378
373
362
377
381
380
373
375
360
377
387
357
376
382
385
380
393
373
384
377
367
374
373
385
375
379
391
366
378
374
375
380
372
375
374
371
372
376
380
380
387
383
379
381
376
391
376
398
371
385
376
371
369
376
373
383
386
384
378
393
374
381
388
373
366
373
383
384
374
374
375
381
366
374
373
371
388
378
369
378
380
386
377
371
380
366
383
391
371
374
364
377
379
365
385
359
377
377
390
383
383
382
375
365
372
376
367
373
379
385
373
379
363
379
381
376
387
382
380
371
379
376
383
382
380
375
379
375
374
366
373
371
384
376
368
380
383
384
365
371
375
375
357
360
379
361
381
371
378
381
380
365
374
383
378
360
362
378
371
370
384
373
377
372
383
385
370
384
384
374
386
374
382
376
377
381
381
369
372
371
371
366
385
382
373
379
378
381
388
379
382
374
371
390
380
383
366
364
385
376
372
377
379
375
372
369
362
379
378
372
393
380
378
377
378
375
390
385
386
374
376
378
381
369
373
374
385
368
376
369
369
366
391
369
363
373
375
378
380
380
383
384
375
378
374
376
374
373
376
376
378
378
389
376
371
372
373
378
388
382
380
381
381
365
368
379
386
384
367
375
375
373
370
385
384
370
378
383
390
374
366
382
366
375
365
373
366
376
380
359
381
382
388
387
360
383
379
374
369
375
375
378
385
377
382
374
371
389
372
375
369
370
366
378
378
384
378
370
378
385
377
362
376
383
376
378
373
369
366
372
376
386
377
380
382
368
379
389
374
366
382
382
374
393
377
385
369
353
369
370
374
361
371
377
389
381
374
384
379
366
364
376
380
375
374
380
381
373
371
373
380
379
378
376
373
372
385
372
392
382
372
381
373
384
369
386
384
377
365
368
377
375
378
374
378
367
380
371
377
379
369
371
371
383
367
377
370
364
362
371
367
377
379
386
379
380
368
380
376
378
373
374
373
385
370
380
375
371
375
369
370
374
387
375
372
380
380
366
382
376
377
384
371
375
365
370
381
370
379
380
385
380
374
375
378
375
374
382
385
379
384
373
382
376
373
373
387
376
385
380
378
376
372
376
360
382
375
375
375
369
381
385
348
378
373
380
374
371
384
372
377
379
360
373
368
372
366
372
375
362
375
371
361
369
387
371
382
363
377
379
372
382
368
384
365
374
383
377
372
371
375
376
369
381
375
383
373
374
382
384
378
376
379
373
389
364
386
382
372
381
378
384
375
382
378
375
380
379
370
371
381
378
381
374
373
376
392
372
378
380
365
385
374
377
368
370
376
376
381
364
385
370
387
372
378
374
377
367
370
377
377
377
386
369
379
371
379
381
376
368
374
379
375
382
374
375
376
380
377
385
366
376
378
374
367
371
386
381
370
386
364
373
371
387
376
370
377
376
370
379
377
373
370
372
378
385
385
378
380
370
364
364
375
379
370
378
371
380
365
384
379
366
385
380
375
389
378
386
363
388
373
379
388
372
378
368
369
386
385
373
378
386
384
375
379
387
379
374
394
381
381
372
380
372
373
371
370
374
389
375
392
375
374
373
382
377
380
381
367
376
381
378
373
384
377
383
377
379
380
375
391
366
391
388
386
375
382
385
380
383
375
377
371
389
377
386
384
373
371
370
374
389
369
376
383
381
368
381
365
376
382
388
371
362
367
384
365
370
376
380
377
375
375
384
385
376
384
380
369
365
377
383
366
362
383
369
372
367
367
375
374
377
379
378
368
376
376
368
374
381
369
368
378
368
374
366
379
372
372
378
364
377
379
367
369
368
369
379
386
375
370
379
384
380
365
385
379
378
374
377
379
376
372
386
375
366
372
379
373
376
378
386
380
376
370
375
375
377
374
372
380
383
367
383
374
380
378
381
382
381
385
374
365
376
377
378
366
372
372
376
367
374
382
391
384
379
377
389
379
381
382
371
376
367
384
368
386
386
367
374
378
377
389
365
373
391
382
398
363
364
371
373
377
376
374
378
371
375
386
379
377
385
382
379
385
380
394
374
372
379
385
380
363
381
371
375
371
388
380
370
376
367
373
386
376
372
386
370
369
380
377
379
375
376
371
378
381
368
379
379
375
376
364
368
382
381
386
363
377
388
378
379
393
380
385
380
370
380
377
368
369
372
373
370
368
368
372
370
383
377
375
388
375
380
374
377
383
379
373
376
367
379
382
380
373
372
366
377
369
368
382
368
372
389
367
370
375
375
382
383
385
387
374
371
371
367
374
374
370
367
366
359
371
374
384
382
388
373
378
385
384
388
375
380
379
384
381
374
371
391
383
374
377
377
373
382
385
379
373
381
376
377
375
384
372
374
375
372
374
370
379
369
361
375
369
377
376
381
378
379
380
379
364
386
376
374
381
381
369
375
381
366
370
375
361
378
381
380
378
378
373
381
372
380
380
391
377
379
370
393
383
364
372
381
386
361
383
377
365
390
374
384
373
389
377
391
384
384
383
378
370
379
388
373
374
365
389
381
383
380
373
378
382
386
382
395
378
373
376
376
380
376
364
367
377
369
383
357
379
380
364
384
379
377
371
371
364
370
377
375
379
380
357
372
384
382
365
373
374
369
381
381
384
384
376
382
369
379
367
375
376
372
384
383
373
388
383
375
388
374
384
379
370
376
373
370
379
375
373
379
378
383
390
377
371
382
373
379
387
374
381
375
380
374
381
384
381
378
387
369
378
374
378
381
366
366
376
378
370
372
380
382
376
379
384
375
375
383
377
381
376
382
365
374
377
362
371
379
376
375
383
390
381
389
382
377
385
378
372
375
363
378
389
377
389
388
368
370
379
374
375
373
393
380
373
368
366
369
371
381
371
374
368
364
370
383
380
374
373
385
375
378
367
390
372
379
380
385
390
373
380
385
375
379
374
377
371
381
375
378
366
372
371
381
362
376
388
385
386
380
382
380
385
374
388
368
385
380
363
376
385
375
382
368
370
369
366
372
387
388
381
383
392
380
385
374
381
376
374
386
381
366
359
375
381
373
387
366
378
372
363
381
385
378
375
382
385
391
365
378
385
389
364
364
383
395
377
376
368
363
374
373
371
376
368
389
373
375
362
375
372
381
366
369
370
388
375
385
378
385
381
375
374
377
371
370
388
379
375
372
360
381
373
380
381
370
373
373
377
370
367
364
390
387
365
373
383
378
380
377
375
374
382
384
371
372
384
374
379
382
378
371
363
362
382
381
366
373
384
374
375
377
385
378
386
374
367
381
369
369
375
381
376
386
383
388
387
381
370
377
385
383
377
376
392
371
364
380
375
383
377
378
376
368
378
371
369
373
373
382
380
381
376
370
385
380
369
372
384
369
381
383
372
374
381
380
374
370
379
375
367
393
367
372
381
384
385
385
367
371
377
375
377
366
386
385
392
362
370
377
376
378
378
380
372
380
373
375
373
383
361
372
374
377
376
376
383
385
383
376
376
378
367
373
378
376
384
366
371
377
387
363
389
380
373
388
371
382
378
371
375
376
383
376
374
369
366
381
380
364
382
374
377
383
388
384
378
382
380
380
383
375
382
370
382
375
372
378
378
363
377
386
379
387
378
371
375
377
386
369
372
379
380
389
383
379
378
374
374
376
387
377
385
379
383
375
374
374
400
373
379
368
384
387
373
377
365
370
388
382
366
377
371
377
375
378
383
363
378
387
379
373
380
380
377
379
378
374
384
387
377
372
377
373
377
384
373
373
379
382
378
385
384
382
373
385
380
381
364
366
381
389
379
370
383
370
383
380
385
376
374
371
382
384
369
365
375
393
370
379
381
375
379
392
366
373
390
380
373
380
383
375
369
375
369
365
380
378
376
387
367
359
378
379
362
381
376
380
387
380
372
380
382
387
380
372
374
385
390
384
384
378
371
387
375
388
376
383
381
382
365
370
379
379
384
381
385
381
369
366
356
370
374
379
377
378
378
370
364
384
381
369
362
367
381
380
373
368
374
381
370
385
378
373
383
371
382
390
368
375
380
385
388
384
370
377
372
377
368
376
391
379
373
367
379
389
383
378
382
381
379
380
364
373
371
379
374
383
393
378
365
385
391
374
375
363
383
379
376
380
377
372
376
375
372
380
357
388
380
382
375
381
381
386
378
373
379
370
368
389
385
372
379
379
376
363
383
379
371
382
379
377
371
376
387
384
370
384
373
388
382
375
384
379
367
381
378
366
384
387
379
373
383
385
368
378
383
383
369
373
373
373
373
378
372
389
376
380
384
373
382
378
379
374
377
377
383
371
365
379
380
378
373
371
367
383
393
385
384
378
383
375
371
374
380
381
377
377
387
388
389
379
380
370
379
374
381
382
381
378
382
385
379
383
380
372
371
379
375
374
389
397
384
381
377
383
385
370
377
378
373
378
385
375
387
374
378
389
381
380
384
389
387
371
384
380
370
369
378
375
377
379
374
376
384
390
381
386
369
379
386
367
369
377
384
380
376
370
381
374
382
376
381
392
374
379
390
380
388
371
383
372
375
388
378
377
390
394
375
374
384
377
373
392
385
377
385
373
393
388
381
381
385
377
376
378
369
376
383
387
385
381
381
389
378
385
391
383
382
373
379
383
393
383
386
393
382
390
388
384
383
381
377
393
384
381
385
382
391
385
391
403
396
398
392
384
379
382
406
392
394
394
404
392
398
396
398
396
390
395
396
412
403
403
406
407
412
408
415
415
417
420
421
421
