430
365
379
371
379
373
368
375
382
385
377
383
361
375
375
383
369
375
377
383
379
370
365
377
389
378
382
371
383
388
380
384
379
381
373
375
382
382
376
374
373
377
381
366
386
366
384
376
378
379
387
385
373
371
382
367
363
378
370
374
377
379
380
367
384
376
382
382
377
371
364
370
362
374
367
370
369
372
369
369
383
376
380
385
381
377
373
375
373
378
375
388
376
389
383
375
373
368
387
381
373
387
376
382
374
382
380
389
369
375
377
369
375
372
372
374
365
375
384
374
381
377
362
373
372
378
385
380
376
366
377
379
372
380
380
387
380
381
382
373
370
375
382
370
365
381
381
375
371
386
371
380
366
384
378
368
382
387
365
378
372
390
387
392
380
369
382
370
377
375
370
377
377
378
379
371
373
382
382
394
371
371
373
387
374
378
375
373
381
376
378
378
369
372
379
372
377
370
382
364
376
378
376
371
374
380
367
373
375
370
387
388
378
376
388
368
364
364
383
387
377
376
388
375
377
376
361
370
382
379
378
377
374
386
377
371
379
375
370
373
374
373
371
379
364
361
371
378
383
386
371
374
373
377
371
362
369
375
377
391
380
383
367
374
382
376
378
371
381
385
367
366
380
368
377
370
388
382
364
383
378
381
371
385
388
386
366
378
390
367
384
375
369
381
381
381
377
373
375
378
369
378
373
369
385
372
378
385
380
369
372
376
388
383
377
386
375
379
373
378
374
380
371
379
384
378
369
374
376
378
380
372
382
370
369
379
367
381
377
387
379
380
371
378
383
378
374
368
374
376
370
365
384
384
367
378
378
384
374
377
370
381
379
371
381
387
390
378
367
373
368
379
376
382
373
368
381
386
380
373
380
384
375
365
370
371
377
383
379
377
382
374
394
380
374
377
372
368
373
372
374
381
377
381
379
383
386
386
375
376
387
377
355
371
366
370
371
369
370
393
364
369
365
363
374
379
383
367
377
388
373
376
376
375
383
374
383
373
379
373
385
383
364
386
381
375
372
370
380
384
386
375
371
383
372
375
367
378
377
377
379
384
363
379
379
374
379
362
377
384
374
386
370
382
373
379
377
374
376
379
387
376
379
384
384
372
367
369
386
368
377
378
376
379
381
370
380
379
372
377
382
370
381
377
366
382
378
377
396
377
377
374
376
374
368
369
380
374
376
374
376
385
375
377
370
385
377
371
367
383
380
369
384
380
374
365
378
369
378
369
377
374
379
380
381
368
374
372
377
380
383
386
372
381
371
380
361
389
380
374
375
381
374
372
373
378
366
387
369
376
390
378
385
378
391
373
377
375
386
385
380
374
377
373
371
370
377
373
370
369
380
376
370
372
360
384
376
390
371
378
373
390
370
384
372
366
367
381
368
383
376
375
378
377
381
378
378
380
376
379
371
375
372
370
390
371
385
376
372
375
375
369
382
381
382
382
386
373
369
379
377
380
370
362
384
374
385
380
369
379
367
377
368
369
375
377
380
373
380
360
364
372
384
375
374
351
379
365
365
381
372
369
374
377
377
379
378
373
373
368
376
363
370
368
365
372
385
369
376
377
374
379
387
387
369
372
380
372
381
374
377
374
376
371
390
382
372
372
366
373
369
382
367
371
375
363
379
376
387
370
363
377
376
373
379
382
375
376
370
370
368
378
370
373
372
377
378
386
376
384
383
381
382
368
364
365
372
373
389
385
381
381
379
371
375
374
377
382
376
386
381
375
373
377
379
381
374
364
378
371
378
370
377
380
375
366
378
373
379
379
384
380
374
364
366
377
376
379
378
379
383
389
389
377
371
380
373
371
381
362
380
374
372
375
373
379
369
373
369
367
377
377
370
391
385
377
378
379
384
376
366
374
379
389
373
368
365
373
371
389
380
380
372
366
370
376
389
377
378
375
384
362
360
363
372
363
382
375
379
386
374
377
369
384
380
381
375
372
379
382
384
380
376
380
373
375
374
374
377
372
384
374
373
376
372
376
362
377
381
371
375
374
377
370
370
372
383
363
366
367
379
371
382
376
370
386
375
357
375
389
376
378
370
367
382
371
382
383
377
382
373
382
384
378
382
383
375
387
381
381
377
382
367
389
375
388
369
381
379
370
379
380
389
374
376
379
373
371
369
380
371
393
376
393
377
385
367
383
381
380
368
382
373
368
382
362
378
368
371
386
386
386
383
374
372
355
369
371
378
379
373
374
373
381
373
373
377
380
382
369
378
379
362
383
371
371
371
379
370
381
378
373
377
379
387
378
389
385
370
373
376
374
386
368
377
378
377
377
390
383
388
389
372
378
369
388
384
377
385
383
387
370
377
383
377
390
384
389
377
377
375
373
376
373
371
376
387
378
367
387
375
374
372
385
380
378
380
372
376
383
378
378
393
377
372
380
378
377
382
384
374
376
367
380
370
392
392
384
372
379
367
381
385
386
376
380
379
375
379
371
388
381
375
384
374
378
376
372
383
372
367
387
366
376
378
380
383
380
366
388
377
386
376
373
378
373
375
376
375
378
371
371
375
375
362
370
384
379
372
374
377
376
375
368
377
370
379
373
371
373
382
389
373
378
375
369
384
376
379
386
369
383
370
383
380
386
362
384
373
389
373
390
383
380
386
369
376
368
383
366
374
388
382
388
375
372
370
385
377
363
370
380
383
381
383
381
380
368
384
371
368
376
368
374
375
368
374
376
376
359
373
364
373
383
378
364
362
364
367
371
359
374
375
385
369
380
362
372
389
372
382
388
368
392
382
379
374
371
382
378
376
377
375
383
389
383
379
382
372
378
380
371
372
377
385
380
369
373
378
378
363
364
379
369
363
383
373
370
385
382
378
374
394
412
412
415
416
419
421
422
422
422
423
423
423
423
423
425
425
425
425
425
425
425
425
425
425
425
425
425
425
425
425
425
425
425
425
425
425
425
425
425
427
427
427
427
427
427
427
427
427
427
427
427
427
427
427
427
427
427
427
427
428
428
428
428
428
428
428
428
428
428
428
428
428
428
428
428
428
428
428
428
428
428
428
428
428
428
428
428
428
428
428
428
428
428
428
428
428
428
428
428
428
428
428
428
428
428
428
428
428
428
428
428
428
428
428
428
428
428
428
428
428
428
428
428
428
428
428
428
428
428
428
428
428
428
428
428
428
428
428
428
428
428
428
428
428
428
428
428
428
428
428
428
428
428
428
428
428
428
428
428
428
428
428
428
428
428
428
428
428
428
428
428
428
428
428
428
428
428
428
428
428
428
428
428
428
428
428
428
428
428
428
428
428
428
428
428
428
428
428
428
428
428
428
428
428
428
428
428
428
428
428
428
428
428
428
428
428
428
428
428
428
428
428
428
428
428
428
428
428
428
428
428
428
428
428
428
428
428
428
428
428
428
428
428
428
428
428
428
428
428
428
428
428
428
428
428
428
428
428
428
428
428
428
428
428
428
428
428
428
428
428
428
428
428
428
428
428
428
428
428
428
428
428
428
428
428
428
428
428
428
428
428
428
428
428
428
428
428
428
428
428
428
428
428
428
428
428
428
428
428
428
428
428
428
428
428
428
428
428
428
428
428
428
428
428
428
428
428
428
428
428
428
428
428
428
428
428
428
428
428
428
428
428
428
428
428
428
428
428
428
428
428
428
428
428
428
428
428
428
428
428
428
428
428
428
428
428
428
428
428
428
428
428
428
428
428
428
428
428
428
428
428
428
428
428
428
428
428
428
428
428
428
428
428
428
428
428
428
428
428
428
428
428
428
428
428
428
428
428
428
428
428
428
428
428
428
428
428
428
428
428
428
428
428
428
428
428
428
428
428
428
428
428
428
428
428
428
428
428
428
428
428
428
428
428
428
428
428
428
428
428
428
428
428
428
428
428
428
428
428
428
428
428
428
428
428
428
428
428
428
428
428
428
428
428
428
428
428
428
428
428
428
428
428
428
428
428
428
428
428
428
428
428
428
428
428
428
428
428
428
428
428
428
428
428
428
428
428
428
428
428
428
428
428
428
428
428
428
428
428
428
428
428
428
428
428
428
428
428
428
428
428
428
428
428
428
428
428
428
428
428
428
428
428
428
428
428
428
428
428
428
428
428
428
428
428
428
428
428
428
428
428
428
428
428
428
428
428
428
428
428
428
428
428
428
428
428
428
428
428
428
428
428
428
428
428
428
428
428
428
428
428
428
428
428
428
428
428
428
428
428
428
428
428
428
428
428
428
428
428
428
428
428
428
428
428
428
428
428
428
428
428
428
428
428
428
428
428
428
428
428
428
428
428
428
428
428
428
428
428
428
428
428
428
428
428
428
428
428
428
428
428
428
428
428
428
428
428
428
428
428
428
428
428
428
428
428
428
428
428
428
428
428
428
428
428
428
428
428
428
428
428
428
428
428
428
428
428
428
428
428
428
428
428
428
428
428
428
428
428
428
428
428
428
428
428
428
428
428
428
428
428
428
428
428
428
428
428
428
428
428
428
428
428
428
428
428
428
428
428
428
428
428
428
428
428
428
428
428
428
428
428
428
428
428
428
428
428
428
428
428
428
428
428
428
428
428
428
428
428
428
428
428
428
428
428
428
428
428
428
428
428
428
428
428
428
428
428
428
428
428
428
428
428
428
428
428
428
428
428
428
428
428
428
428
428
428
428
428
428
428
428
428
428
428
428
428
428
428
428
428
428
428
428
428
428
428
428
428
428
428
428
428
428
428
428
428
428
428
428
428
428
428
428
428
428
428
428
428
428
428
428
428
428
428
428
428
428
428
428
428
428
428
428
428
428
428
428
428
428
428
428
428
428
428
428
428
428
428
428
428
428
428
428
428
428
428
428
428
428
428
428
428
428
428
428
428
428
428
428
428
428
428
428
428
428
428
428
428
428
428
428
428
428
428
428
428
428
428
428
428
428
428
428
428
428
428
428
428
428
428
428
428
428
428
428
428
428
428
428
428
428
428
428
428
428
428
428
428
428
428
428
428
428
428
428
428
428
428
428
428
428
428
428
428
428
428
428
428
428
428
428
428
428
428
428
428
428
428
428
428
428
428
428
428
428
428
428
428
428
428
428
428
428
428
428
428
428
428
428
428
428
428
428
428
428
428
428
428
428
428
428
428
428
428
428
428
428
428
428
428
428
428
428
428
428
428
428
428
428
428
428
428
428
428
428
428
428
428
428
428
428
428
428
428
428
428
428
428
428
428
428
428
428
428
428
428
428
428
428
428
428
428
428
428
428
428
428
428
428
428
428
428
428
428
428
428
428
428
428
428
428
428
428
428
428
428
428
428
428
428
428
428
428
428
428
428
428
428
428
428
428
428
428
428
428
428
428
428
428
428
428
428
428
428
428
428
428
428
428
428
428
428
428
428
428
428
428
428
428
428
428
428
428
428
428
428
428
428
428
428
428
428
428
428
428
428
428
428
428
428
428
428
428
428
428
428
428
428
428
428
428
428
428
428
428
428
428
428
428
428
428
428
428
428
428
428
428
428
428
428
428
428
428
428
428
428
428
428
428
428
428
428
428
428
428
428
428
428
428
428
428
428
428
428
428
428
428
428
428
428
428
428
428
428
428
428
428
428
428
428
428
428
428
428
428
428
428
428
428
428
428
428
428
428
428
428
428
428
428
428
428
428
428
428
428
428
428
428
428
428
428
428
428
428
428
428
428
428
