430
367
386
366
372
370
369
381
382
378
373
381
368
373
386
374
369
388
381
369
372
389
392
381
392
380
378
382
379
374
382
380
374
378
378
377
382
381
383
373
383
369
388
377
360
380
373
381
375
376
375
381
390
387
378
379
368
370
384
376
385
373
376
365
365
372
377
369
377
387
371
377
369
362
374
373
379
376
375
368
372
376
379
374
384
376
372
373
387
362
381
377
387
380
373
371
374
382
367
378
369
366
380
376
379
382
379
388
377
372
371
380
366
377
383
386
378
376
377
370
368
378
382
380
386
373
381
382
383
385
372
381
383
387
377
372
379
379
383
365
379
376
377
373
376
383
382
383
370
378
391
383
377
379
375
380
373
365
370
382
373
387
363
380
381
371
394
378
380
376
387
379
368
375
370
383
369
380
375
374
378
370
379
384
383
380
386
380
365
366
370
377
384
369
387
367
378
361
379
372
378
399
382
368
380
384
373
376
382
376
377
377
375
375
379
376
374
377
372
367
368
387
376
380
384
381
377
373
383
379
377
374
372
377
363
387
372
374
376
378
374
370
387
377
383
380
383
377
373
390
374
381
375
380
375
361
375
383
366
378
387
369
370
369
380
375
377
367
375
365
353
378
370
378
376
377
376
375
370
381
376
367
391
378
374
382
380
370
375
368
374
357
362
380
377
376
377
376
369
384
379
369
369
390
379
369
379
389
366
369
361
371
368
376
381
386
380
386
371
380
380
373
375
381
376
371
365
371
370
384
384
382
365
384
369
382
371
369
379
391
383
392
380
369
375
373
377
369
369
381
376
384
374
381
380
389
376
380
362
368
366
374
381
381
380
368
359
386
371
362
369
382
381
373
364
366
382
385
372
383
384
382
385
370
368
377
385
381
354
372
374
362
373
377
375
382
376
365
384
393
378
384
384
379
370
390
373
389
370
374
378
379
366
386
385
386
388
374
385
381
377
366
369
377
374
386
369
382
377
374
366
382
369
380
381
377
387
377
385
389
382
384
381
373
381
384
379
379
384
377
383
375
386
366
372
383
366
380
381
380
383
370
370
373
372
382
378
376
376
384
374
374
392
389
385
384
383
376
377
386
374
374
380
370
372
381
381
371
370
381
377
367
379
373
371
371
374
378
376
380
376
378
380
381
372
378
375
372
374
371
371
382
367
369
382
384
377
366
377
380
379
373
386
372
383
377
368
375
376
379
374
389
381
370
379
371
374
370
371
371
369
377
380
372
378
369
373
387
380
383
371
373
382
370
383
376
379
382
384
370
388
382
380
372
374
371
358
376
364
371
365
373
397
380
369
379
382
379
380
375
383
360
377
369
379
377
390
386
372
388
383
375
368
369
374
373
372
376
371
380
375
369
385
375
371
382
377
382
377
374
375
372
364
380
370
385
367
377
375
385
387
377
384
382
376
375
383
390
375
370
379
374
370
379
386
384
391
385
379
387
374
377
376
388
369
380
378
373
368
370
382
368
368
382
377
377
372
379
377
371
381
382
381
366
376
373
382
384
378
389
390
380
372
379
376
374
370
375
376
371
369
366
384
378
379
375
377
377
375
373
381
378
370
384
381
374
385
377
363
368
378
365
377
380
380
374
373
382
373
378
367
385
365
369
375
370
374
372
380
366
368
371
369
365
377
383
365
376
372
379
371
381
375
373
380
366
377
386
375
372
385
384
375
379
382
381
385
358
370
378
383
382
375
367
381
367
378
376
386
385
381
380
376
372
375
387
380
375
362
373
372
384
376
372
378
346
376
379
371
381
377
371
381
369
369
368
372
370
381
374
372
374
378
378
382
377
370
376
374
371
366
393
386
379
367
363
369
382
374
387
372
364
373
388
388
377
368
371
383
365
366
372
368
369
372
376
377
387
371
382
369
386
381
376
380
382
382
367
379
373
381
370
378
390
376
380
371
374
365
374
380
369
381
383
371
379
386
368
379
376
371
369
364
368
381
377
388
379
375
389
390
391
380
380
371
375
384
371
382
380
383
369
376
378
372
382
376
376
371
369
378
370
381
383
376
381
379
387
377
382
383
380
357
361
386
379
385
376
371
359
371
372
369
380
379
374
371
378
379
376
360
371
379
381
370
370
391
377
380
364
373
382
379
385
383
377
363
378
373
368
379
373
373
362
364
380
380
386
373
367
387
379
370
370
364
379
373
377
385
388
372
384
381
385
371
381
373
385
382
370
376
366
379
375
392
379
375
378
382
375
368
378
385
373
384
370
375
370
382
377
381
375
382
394
376
388
363
377
387
360
368
383
375
382
374
374
380
372
374
369
388
381
391
364
358
368
380
381
378
379
370
382
373
372
363
378
379
374
382
369
367
375
381
378
379
381
373
386
382
367
367
381
378
380
381
371
376
377
365
383
381
382
360
383
369
378
375
382
386
381
375
370
375
381
378
382
381
373
363
367
379
375
362
367
378
386
372
376
382
377
388
367
379
380
386
374
380
377
391
372
370
372
365
379
373
376
381
374
380
376
375
377
386
375
384
381
374
381
377
375
379
372
375
383
377
372
370
384
384
373
371
390
390
377
385
382
382
378
373
374
378
367
374
356
375
368
375
373
374
378
374
375
370
393
381
372
369
386
378
377
378
383
383
362
378
383
380
380
369
378
371
379
362
374
372
379
374
373
385
368
386
360
377
386
379
377
385
387
375
387
368
371
379
377
391
373
372
377
383
376
382
380
386
384
382
380
382
367
378
374
376
369
371
384
383
371
380
382
369
366
365
381
374
386
365
388
376
380
373
376
376
369
377
375
377
371
370
378
383
379
384
380
372
382
385
388
388
393
376
374
366
371
375
364
388
376
371
366
377
377
374
368
371
380
394
378
378
365
371
378
374
379
379
386
378
368
384
376
378
361
382
376
375
383
378
373
363
383
392
372
386
377
373
386
387
385
376
374
378
386
379
377
372
373
381
381
386
367
377
375
376
378
379
382
382
390
368
367
376
380
373
379
387
375
382
374
375
381
380
381
372
376
380
367
385
377
385
363
386
370
368
366
373
386
369
374
382
378
384
375
382
380
367
382
390
376
382
370
377
380
373
381
375
368
381
383
389
384
373
373
364
380
371
375
375
368
376
384
381
371
378
371
362
370
365
377
372
385
377
382
387
391
376
378
377
378
379
375
390
378
375
377
381
388
375
388
378
375
371
382
383
387
366
380
374
368
370
390
373
385
377
379
384
388
374
389
368
376
383
376
374
374
367
382
375
375
377
379
374
377
372
365
375
372
383
383
371
384
374
377
372
367
367
376
378
393
365
383
372
376
382
372
381
374
385
378
373
380
378
393
393
390
369
375
370
377
387
382
367
377
372
371
384
381
391
371
380
383
375
382
378
371
383
370
373
393
367
381
376
385
374
379
378
380
384
381
384
371
386
379
361
375
367
376
381
380
368
375
373
363
375
379
381
381
365
380
365
374
384
387
367
374
360
375
380
383
364
375
373
378
365
380
375
384
373
375
377
378
377
371
375
366
375
380
376
369
379
373
383
378
379
377
377
382
372
371
385
379
383
365
366
368
385
358
377
377
390
388
375
381
380
384
383
369
373
390
387
384
366
375
373
383
367
383
370
380
372
376
362
377
373
377
379
374
377
377
382
383
370
368
373
360
373
374
369
379
386
377
380
365
372
380
382
370
382
379
380
372
379
364
374
376
386
380
378
375
372
379
365
379
374
363
376
376
382
365
365
381
370
374
376
377
366
370
376
375
382
391
369
377
383
388
370
378
375
372
372
380
374
368
381
367
379
371
381
384
372
391
383
371
374
376
380
372
393
378
372
385
384
390
385
377
378
378
374
381
387
375
384
372
368
374
389
370
375
375
379
367
380
385
385
378
379
375
378
365
380
367
362
374
384
391
395
371
380
380
383
383
369
377
377
391
383
383
378
385
374
386
378
377
382
380
385
375
384
375
373
380
373
381
377
374
368
381
379
387
381
389
376
364
369
376
370
378
373
370
382
389
377
378
382
369
380
381
383
389
383
367
368
385
376
388
381
379
369
373
370
376
382
379
385
374
377
384
380
372
386
377
382
387
380
379
388
370
381
382
387
378
380
381
371
375
382
384
383
384
380
370
378
387
377
383
371
375
380
365
384
375
384
378
376
380
369
376
372
369
383
377
371
398
384
376
384
380
384
387
372
373
383
371
378
370
378
378
380
374
372
387
385
382
375
379
383
387
369
375
389
379
392
379
385
377
375
388
380
374
372
382
377
374
372
372
365
381
384
376
372
363
383
382
374
382
375
376
378
379
383
391
381
381
390
380
366
374
375
371
373
375
385
373
364
384
369
376
384
391
377
380
373
373
375
377
369
378
372
382
383
366
373
381
383
371
385
380
381
375
366
364
384
379
375
381
385
374
376
387
380
382
375
378
387
382
374
374
378
385
381
375
378
369
383
383
363
363
371
376
380
383
383
373
386
376
381
382
384
391
375
375
375
376
374
384
381
382
380
375
371
373
372
383
375
371
389
375
379
379
383
379
373
387
364
387
384
389
384
371
369
385
383
373
386
381
375
387
385
381
373
371
373
374
376
387
382
374
389
380
379
386
389
383
370
383
387
384
384
371
373
373
370
369
384
377
371
371
374
377
383
387
378
380
384
375
378
373
382
384
388
376
373
382
371
376
373
383
375
386
379
363
368
374
373
382
376
364
364
382
367
372
377
377
386
385
380
370
376
380
379
389
395
387
385
386
378
387
378
382
381
377
382
372
370
370
378
377
381
376
388
380
373
382
380
385
386
372
383
378
376
378
391
384
384
382
376
378
383
384
379
383
369
389
375
384
371
384
389
385
375
382
381
373
378
385
379
373
374
365
376
374
368
383
375
381
374
383
377
381
366
377
380
387
374
380
377
376
375
376
372
384
372
381
382
382
389
387
377
373
384
383
382
379
376
389
389
375
377
378
380
369
374
381
373
374
378
386
390
381
389
372
378
374
380
380
391
384
397
384
397
386
374
366
379
385
380
379
388
370
384
380
374
376
388
376
379
381
382
369
388
380
383
377
378
377
379
376
378
371
386
373
381
386
395
375
382
377
382
384
382
384
385
383
376
382
378
383
379
393
386
394
386
390
383
378
393
393
392
382
390
382
374
372
385
387
390
387
382
383
380
378
390
392
381
375
389
388
388
387
381
390
394
394
388
385
386
390
376
384
379
390
378
397
382
378
378
382
384
387
389
383
389
390
393
385
387
386
393
386
383
392
388
391
391
393
397
390
399
387
392
389
388
390
393
383
384
403
390
392
396
385
394
398
394
390
392
395
392
388
384
383
396
387
393
392
394
395
389
397
392
397
393
387
388
394
379
387
390
390
387
395
393
397
398
402
405
406
397
396
396
397
402
405
401
399
395
398
399
403
405
393
404
396
394
404
400
406
404
407
409
405
402
409
412
417
404
404
402
407
412
410
412
403
398
405
406
411
409
412
409
410
413
412
416
407
405
410
417
417
420
420
421
423
420
420
418
418
419
422
419
417
420
414
420
419
418
420
417
416
415
413
419
422
423
423
423
423
422
423
423
422
422
423
422
424
424
424
424
424
424
424
424
424
424
424
424
424
425
424
424
424
425
425
425
426
426
426
426
426
426
426
426
426
426
426
426
426
426
427
427
427
427
427
427
427
427
428
428
428
428
428
428
428
428
