430
365
372
377
379
392
385
362
390
370
381
372
378
368
371
377
387
375
384
367
370
361
368
377
369
370
376
370
390
387
378
366
383
385
376
373
385
367
370
376
385
377
367
380
374
377
384
386
382
371
372
382
382
377
375
380
376
379
372
374
369
372
390
384
387
391
371
385
378
371
378
367
380
382
378
377
383
381
380
377
378
365
384
369
379
374
371
384
385
389
361
384
381
380
386
382
368
377
371
380
379
378
378
386
369
379
358
372
369
378
380
366
380
375
379
361
364
373
396
382
379
369
372
383
366
380
379
374
375
371
376
372
378
376
374
379
379
382
378
372
357
367
382
373
371
382
368
364
383
384
364
368
378
372
381
373
366
367
376
393
381
377
377
364
380
382
382
379
380
370
385
377
374
380
380
379
367
379
372
387
366
374
377
377
375
371
374
372
363
384
367
377
385
370
376
384
382
385
366
374
380
376
363
383
377
377
390
373
389
370
379
378
374
378
380
370
380
367
365
376
381
371
380
389
383
379
384
390
367
369
371
386
378
371
388
374
382
384
369
373
369
374
374
364
378
369
382
379
374
365
376
382
371
376
365
373
381
366
371
370
381
376
361
381
351
378
369
382
379
367
374
379
378
375
378
367
377
368
365
383
379
378
368
383
389
376
381
381
369
378
378
381
378
373
377
356
372
377
376
369
372
377
382
383
372
369
368
393
370
378
365
377
366
386
376
382
368
379
382
373
379
376
371
374
384
374
386
377
377
373
373
371
375
385
385
384
376
378
375
371
378
378
375
385
379
381
387
366
377
374
382
383
373
382
380
377
357
372
385
378
382
383
372
370
376
383
369
383
373
386
392
365
378
379
388
371
385
379
377
390
368
377
374
374
376
372
377
375
376
372
391
387
374
382
380
374
376
383
375
383
379
374
373
370
379
381
374
383
377
380
377
370
379
385
379
384
372
376
378
374
380
373
379
381
380
374
384
378
375
377
386
372
378
370
374
375
378
377
370
369
374
378
362
372
378
379
367
374
374
386
380
376
385
384
382
384
378
363
377
365
369
377
386
376
378
377
385
381
381
370
385
388
388
378
374
369
381
381
379
379
357
369
371
375
377
382
394
367
373
384
377
387
389
384
374
380
377
393
382
370
378
380
365
378
369
381
384
377
387
378
374
378
367
382
372
374
374
382
381
377
375
373
371
375
374
368
376
384
377
371
375
388
385
375
373
374
382
388
389
384
385
381
382
375
379
377
375
371
374
379
370
387
367
375
376
382
383
388
372
386
375
370
383
380
383
390
376
379
382
387
374
380
361
370
382
378
375
377
385
381
384
391
380
369
394
374
386
386
374
368
392
368
375
376
371
371
376
377
366
381
378
382
379
381
368
383
380
376
383
381
385
380
386
367
372
372
373
379
376
392
381
373
372
385
373
377
363
378
378
366
382
374
380
388
373
371
380
369
379
374
383
380
368
382
378
378
368
387
364
374
383
377
371
370
376
379
387
375
383
376
382
368
379
370
371
374
371
386
369
372
381
374
367
373
369
383
372
369
379
377
383
384
384
382
375
373
382
372
370
369
364
381
379
378
386
377
374
384
384
382
373
371
381
383
376
377
375
400
382
378
384
380
386
374
378
388
377
385
373
379
376
377
385
382
372
379
381
389
378
378
380
386
380
376
368
369
376
374
365
383
387
384
381
375
386
390
372
375
383
386
390
374
379
379
384
381
372
376
376
389
366
378
379
363
383
383
384
380
384
376
383
373
373
374
376
369
364
378
380
368
377
371
386
393
386
374
371
381
385
391
372
382
389
368
374
366
385
374
373
369
368
378
377
373
380
380
382
371
381
376
367
384
371
386
384
387
369
380
371
387
380
362
367
374
377
376
377
378
376
370
390
374
382
374
381
373
373
378
376
386
374
374
369
367
371
378
384
375
381
384
373
377
375
372
366
384
389
378
386
389
360
376
378
381
373
371
375
381
375
378
375
369
379
381
376
364
384
364
377
363
377
385
385
373
364
374
387
364
382
390
375
377
375
374
384
380
378
379
376
376
377
372
374
381
373
377
380
380
372
363
374
380
387
371
386
379
384
374
379
382
374
372
364
371
380
373
371
373
367
391
371
390
385
382
381
381
376
378
390
384
381
367
379
373
376
372
369
377
369
375
375
381
373
383
380
376
389
375
378
376
382
379
382
384
376
386
365
385
385
380
371
377
369
384
376
378
378
379
377
377
385
380
379
373
388
386
383
370
381
380
383
381
367
373
367
382
389
379
379
379
383
373
384
374
380
378
374
379
378
377
381
379
379
386
393
377
371
372
367
370
378
379
370
373
387
372
379
368
375
378
371
371
379
387
385
377
378
385
375
388
379
368
369
379
379
375
376
370
382
379
393
393
389
386
385
376
368
379
381
382
374
382
378
381
370
367
366
375
378
376
368
385
382
386
380
383
378
380
360
380
377
394
384
376
390
382
383
383
380
380
382
362
384
379
375
369
377
383
371
372
379
386
382
390
387
378
372
377
384
374
375
372
370
375
372
385
391
384
379
377
369
368
383
374
395
383
379
370
371
391
387
377
380
366
382
381
383
372
363
364
369
378
379
375
381
361
381
378
375
382
380
389
378
386
383
372
381
378
377
398
387
383
378
388
372
387
376
378
379
384
380
371
365
386
390
375
385
381
379
385
364
376
380
376
377
374
392
385
384
384
381
371
379
373
374
374
381
378
379
379
370
381
373
380
382
372
371
380
387
373
373
371
389
387
368
380
379
375
387
386
379
375
380
370
387
378
385
379
368
385
390
387
373
379
377
385
360
380
376
383
380
371
374
372
385
383
379
378
392
382
373
382
372
374
390
374
375
383
384
380
377
382
384
376
385
379
372
363
385
372
387
383
380
389
385
374
378
376
381
380
376
372
382
368
366
384
369
380
376
385
382
388
378
370
376
377
385
385
376
371
377
373
379
380
375
384
387
380
377
373
373
364
376
385
385
384
388
389
379
381
384
395
384
390
380
369
380
380
377
393
390
369
384
367
379
380
388
381
383
379
379
385
370
387
382
376
383
382
395
376
383
386
371
379
386
387
384
383
367
374
370
363
383
377
388
371
376
388
378
388
384
383
376
378
378
392
382
376
376
389
373
378
368
384
384
395
389
381
377
389
387
372
379
377
385
390
387
377
395
376
378
382
377
387
371
377
383
387
381
380
384
394
380
390
374
373
383
375
384
375
383
379
380
372
375
369
379
392
383
388
386
388
386
374
374
379
384
379
378
379
383
383
384
381
382
378
373
381
380
374
380
373
396
381
385
380
375
395
381
378
384
377
385
385
386
388
384
380
381
377
376
388
389
379
382
386
381
382
393
374
387
385
376
378
380
386
381
381
379
368
380
371
384
374
379
379
380
374
378
365
381
376
390
390
395
380
381
390
379
383
385
396
380
388
387
384
394
388
388
380
383
383
381
381
387
387
376
386
384
368
385
372
382
385
387
381
387
397
388
387
388
374
387
379
385
383
385
385
393
379
388
376
386
384
387
393
376
387
381
377
374
383
374
376
377
390
387
390
380
388
377
364
389
388
381
379
394
380
395
385
381
372
379
366
373
386
383
383
391
394
381
375
381
381
388
374
381
387
381
381
397
381
389
385
386
382
384
376
386
371
374
378
380
386
382
374
383
377
379
390
373
377
383
387
382
388
389
388
391
374
377
383
386
389
380
384
378
384
376
375
378
383
376
377
376
371
377
376
385
393
379
374
382
393
387
380
370
391
372
377
389
391
391
383
386
390
383
382
382
380
385
379
396
382
384
389
377
385
377
386
393
386
380
387
386
384
386
380
397
381
386
377
376
385
386
375
392
386
379
373
377
381
385
382
380
382
381
378
391
389
388
378
381
388
386
381
380
383
379
381
380
385
391
392
383
376
388
376
382
385
385
372
386
381
387
377
390
379
381
380
375
391
374
389
386
382
373
392
389
394
374
386
383
377
387
381
387
383
382
394
394
384
384
386
394
377
383
383
377
394
381
375
376
389
386
391
380
388
392
384
391
394
382
384
381
385
381
375
389
387
398
394
383
390
383
390
383
385
388
376
385
386
385
389
388
393
384
393
383
377
390
381
375
381
375
367
389
389
390
379
404
391
390
384
384
386
383
380
377
386
382
376
386
388
381
384
388
389
393
385
382
397
382
396
388
389
379
392
396
391
380
395
389
395
397
394
387
383
401
393
392
385
379
382
381
394
385
385
385
382
387
385
394
397
394
403
385
385
381
391
390
394
388
383
381
374
396
391
393
382
382
381
384
387
384
383
387
383
389
390
390
396
376
377
387
382
384
397
374
389
395
399
388
381
383
386
386
395
373
392
386
387
391
392
386
391
394
399
397
397
395
392
391
386
387
391
390
389
393
394
385
388
398
393
386
395
393
386
389
390
397
393
385
398
386
388
378
380
398
394
397
379
388
391
397
393
391
399
391
388
390
391
401
388
390
389
380
377
384
389
390
390
387
399
392
392
385
386
389
394
386
396
380
391
393
380
386
389
400
390
377
392
383
392
390
387
387
388
393
393
387
374
388
382
401
386
394
388
395
373
393
384
391
391
379
379
393
388
379
388
387
388
395
390
389
385
382
368
391
388
388
395
390
386
397
402
392
398
387
386
389
385
371
387
388
385
383
391
386
390
391
389
393
390
387
385
388
398
389
381
383
380
394
380
390
387
383
392
391
391
385
396
396
388
373
385
387
396
386
394
392
395
395
394
386
392
406
400
388
392
392
403
409
402
407
392
394
389
388
389
393
397
394
395
405
399
394
408
393
397
387
396
401
402
396
389
392
397
388
394
402
391
394
390
402
389
392
399
395
393
391
385
383
395
396
399
390
392
404
393
399
403
399
393
396
391
397
392
393
398
394
398
399
392
400
394
398
407
395
398
400
392
386
398
392
393
394
400
394
396
396
393
389
400
393
398
391
395
400
398
391
400
394
394
396
404
396
393
396
389
394
385
379
394
388
396
389
394
383
399
395
399
402
397
396
402
399
400
392
394
402
392
390
399
398
403
393
405
407
402
400
398
396
396
392
394
392
397
404
404
399
403
402
400
408
394
396
404
408
395
399
397
400
388
401
397
402
394
393
391
396
400
384
387
397
392
392
397
398
397
399
397
408
406
405
399
394
396
400
397
397
392
395
388
382
395
397
401
395
391
400
405
404
410
407
405
400
403
401
404
408
397
402
393
397
399
404
406
402
400
392
403
396
398
398
403
403
392
399
404
405
404
394
396
406
406
400
399
395
397
396
399
399
407
404
405
418
403
407
405
399
398
390
393
397
403
395
390
398
396
394
401
403
408
392
408
403
400
402
403
396
398
393
396
398
399
397
396
397
398
399
401
395
401
397
402
406
404
412
401
406
404
402
405
402
411
408
402
400
403
399
403
392
398
400
393
393
405
395
401
403
402
402
411
407
406
406
406
402
408
408
409
413
412
404
407
403
406
405
406
402
411
405
395
403
409
403
411
409
408
405
412
414
411
410
406
409
400
400
394
405
414
411
401
406
403
406
409
417
416
414
415
411
407
415
412
408
412
408
405
395
396
408
409
409
411
408
409
405
404
411
411
405
404
407
410
412
412
411
406
410
402
408
413
406
408
405
407
404
402
408
407
413
412
403
402
406
403
403
402
420
