430
365
382
384
377
380
373
373
381
375
388
384
375
380
381
385
381
390
378
387
377
377
388
381
384
378
376
374
379
387
363
370
378
381
373
375
367
367
387
375
377
387
384
391
381
377
364
370
378
375
368
370
365
365
387
369
379
378
389
377
376
387
385
389
369
366
366
384
368
382
368
386
380
373
389
378
387
362
380
374
377
382
371
372
379
387
381
377
381
382
368
378
365
383
383
374
370
384
378
373
385
385
369
374
382
378
379
377
378
370
379
391
386
366
370
373
370
383
379
376
378
378
369
375
374
370
379
369
370
383
383
391
369
375
367
371
383
373
381
387
382
386
374
385
377
375
386
385
392
375
364
382
384
381
379
378
369
367
381
378
374
367
375
378
371
357
378
380
373
378
387
375
380
367
373
373
376
373
372
383
375
380
372
387
384
387
379
372
383
376
367
378
375
367
364
376
371
376
378
375
379
372
375
373
378
372
360
365
366
375
361
380
375
375
361
379
385
386
378
381
374
370
385
371
372
377
379
378
381
383
381
384
381
372
372
377
378
383
380
380
390
384
376
389
369
374
363
372
377
373
378
381
377
382
377
381
381
370
378
384
380
377
376
369
362
379
377
373
376
389
382
385
384
370
371
384
372
367
380
376
363
388
374
390
358
386
371
378
392
382
377
374
381
387
372
374
383
372
369
383
376
377
375
386
376
384
370
382
382
372
376
382
378
378
390
375
375
376
381
373
375
384
384
383
368
372
377
376
379
373
376
375
380
370
378
382
376
373
375
377
369
374
382
380
371
370
375
377
373
384
376
387
379
383
378
377
376
383
379
381
380
381
370
386
386
353
375
385
381
376
371
375
375
374
375
385
392
377
386
368
378
371
369
372
380
382
384
381
376
366
374
365
373
375
380
385
367
381
369
379
373
372
363
365
378
379
391
380
362
377
377
380
374
373
373
384
371
381
373
377
377
366
380
371
387
373
374
381
378
380
369
382
384
375
381
384
382
373
380
371
386
364
373
370
375
388
380
385
369
384
374
377
374
375
389
380
381
374
374
383
397
379
368
390
377
378
375
376
382
386
372
377
381
378
373
372
375
370
377
384
367
386
384
382
380
376
369
375
374
377
371
377
386
384
382
396
376
390
377
387
388
375
364
393
387
376
387
379
371
369
380
388
385
373
369
375
379
380
374
369
379
382
386
371
374
373
378
360
378
379
357
380
376
383
376
381
380
377
371
380
378
383
376
376
379
379
382
386
379
378
376
380
385
371
380
381
372
376
371
371
383
378
372
389
376
369
370
382
373
374
379
367
381
381
379
377
384
377
378
382
370
391
383
376
382
371
377
373
376
387
364
385
370
393
380
387
385
377
378
374
376
376
386
383
387
378
376
378
383
378
378
377
384
377
371
375
381
376
367
371
374
387
376
368
367
383
384
370
371
373
381
379
383
377
378
393
363
382
393
379
386
382
387
378
377
378
371
369
381
375
386
386
386
390
381
374
378
383
379
375
378
381
376
377
385
366
382
379
373
382
388
381
382
372
375
378
382
377
388
376
377
379
397
381
384
390
374
368
387
383
384
374
386
388
376
378
377
373
380
388
371
373
377
382
388
383
378
378
379
379
375
371
371
383
386
381
375
390
373
380
381
382
384
378
374
382
385
376
389
382
385
382
399
381
382
374
389
377
386
378
377
385
382
382
384
375
385
377
373
387
389
380
372
372
387
380
388
379
393
373
375
374
365
380
379
380
379
389
383
376
365
380
379
374
382
383
392
380
376
378
373
391
389
363
387
369
369
382
391
386
376
386
380
385
380
378
384
378
375
390
374
379
378
377
380
393
378
386
391
389
379
376
389
384
380
372
375
381
386
377
385
385
381
392
387
381
384
392
384
386
361
373
371
374
388
377
383
395
383
370
375
381
385
377
387
384
379
386
389
380
383
373
382
384
377
376
380
384
373
376
386
379
378
389
388
381
380
372
382
399
390
383
377
378
392
390
367
368
386
385
392
391
376
389
381
398
384
389
377
389
385
380
383
385
382
379
378
393
381
398
380
379
381
387
380
383
374
371
376
392
381
391
382
397
388
380
384
379
390
393
384
380
385
378
386
385
386
384
385
396
392
383
387
373
391
377
392
377
383
392
389
377
388
387
383
381
384
375
383
397
382
387
380
383
386
392
387
385
385
386
393
390
367
379
386
384
388
382
397
394
396
383
391
388
384
396
393
388
383
391
394
391
378
387
393
382
386
392
388
380
386
393
372
377
382
392
387
386
382
376
382
387
380
395
390
381
383
388
388
393
384
390
390
387
390
391
390
380
388
383
380
371
379
389
388
388
395
391
395
396
390
391
396
382
399
376
389
396
394
389
386
388
389
386
388
385
393
397
389
397
393
389
387
371
383
383
392
384
386
391
395
376
389
395
398
393
391
382
388
387
383
380
380
391
385
381
381
389
384
393
391
376
390
395
387
386
391
386
385
379
395
396
385
388
391
391
395
395
394
387
389
385
396
393
380
390
391
405
379
395
392
401
393
394
388
385
376
394
405
400
391
389
392
397
392
394
382
376
389
392
392
397
388
384
392
387
384
397
390
389
397
391
392
398
390
393
400
401
387
393
391
392
384
388
406
404
399
398
400
394
392
399
393
383
396
388
390
392
397
389
396
394
388
394
391
390
397
394
393
398
398
395
389
400
393
400
397
394
403
403
405
401
400
401
394
401
393
398
399
401
392
403
393
384
395
392
394
397
387
394
393
401
399
396
401
400
399
387
395
391
398
397
393
393
396
395
392
389
392
399
401
394
396
397
405
398
403
396
393
403
397
395
396
395
403
401
391
401
402
397
403
395
402
401
406
401
402
397
404
399
407
399
390
398
409
405
404
411
405
400
400
398
388
405
394
407
404
402
390
402
394
402
400
403
410
399
404
410
408
402
400
408
405
391
399
402
409
394
404
398
404
403
394
405
404
408
401
404
414
406
407
406
394
395
397
401
399
408
406
401
402
403
401
402
408
407
400
412
411
402
401
406
411
413
408
413
402
402
403
409
410
406
409
406
410
404
408
405
405
406
399
400
402
411
410
416
407
409
411
406
410
406
407
404
403
406
411
412
412
412
407
409
414
413
411
411
410
408
410
407
413
416
416
418
417
415
413
412
409
417
412
408
411
410
405
415
417
413
416
419
416
405
401
404
401
403
405
412
409
407
404
408
408
409
409
411
411
417
415
415
418
418
413
413
409
405
410
412
410
412
412
411
412
409
410
413
410
415
410
413
408
405
411
415
415
417
416
415
415
415
410
411
410
404
408
411
410
408
406
415
416
413
420
419
413
410
413
413
412
410
410
412
414
411
412
412
412
411
409
409
412
411
412
411
414
409
412
416
416
416
412
414
410
414
417
414
418
417
420
416
418
414
418
419
418
418
416
420
420
423
423
423
424
423
420
423
421
420
417
422
418
418
421
421
423
423
422
421
422
423
425
425
427
421
422
422
425
428
426
424
424
425
424
421
419
417
420
421
423
423
423
423
421
419
420
417
416
415
422
422
418
419
424
423
423
422
421
418
417
420
419
423
421
419
421
422
422
422
422
425
425
422
421
422
421
424
423
423
424
424
425
424
425
422
424
425
423
421
420
421
422
420
419
420
422
424
425
425
423
422
424
423
425
424
425
424
427
426
426
424
424
423
422
425
425
425
426
426
426
426
426
427
426
425
424
425
425
425
425
424
423
423
423
425
425
426
426
425
425
425
425
425
426
426
426
426
425
426
426
426
426
425
425
425
424
425
426
426
424
425
425
427
426
428
427
427
427
427
427
427
426
425
425
425
427
427
427
426
428
428
428
428
427
427
427
428
427
428
427
427
427
427
427
427
426
426
426
425
425
426
427
427
428
428
428
428
428
428
428
428
428
428
428
428
428
428
428
428
428
428
428
428
428
429
427
427
427
427
427
428
428
429
429
429
429
429
429
429
429
429
429
429
429
429
429
429
429
429
429
429
429
429
429
429
429
429
429
429
429
429
429
429
429
429
428
428
428
428
428
428
428
428
428
428
428
428
428
428
428
428
428
428
428
428
428
429
429
428
428
428
428
428
428
428
428
428
427
427
428
428
428
428
428
428
428
429
429
429
429
429
429
429
429
429
429
429
429
429
429
429
429
429
429
429
429
429
429
429
429
429
429
429
429
429
429
429
429
429
429
429
429
429
429
429
429
429
429
429
429
429
429
429
429
429
429
429
429
429
429
429
429
429
429
429
429
429
429
429
429
429
429
429
429
429
429
429
429
429
429
429
429
429
429
429
429
429
429
429
429
429
429
429
429
429
429
429
429
429
429
429
429
429
429
429
429
429
429
429
429
429
429
429
429
429
429
429
429
429
429
429
429
429
429
429
429
429
429
429
429
429
429
429
429
429
429
429
429
429
429
429
429
429
429
429
429
429
429
429
429
429
429
429
429
429
429
429
429
429
429
429
429
429
429
429
429
429
429
429
429
429
429
429
429
429
429
429
429
429
429
429
429
429
429
429
429
429
429
429
429
429
429
429
429
429
429
429
429
429
429
429
429
429
429
429
429
429
429
429
429
429
429
429
429
429
429
429
429
429
429
429
429
429
429
429
429
429
429
429
429
429
429
429
429
429
429
429
429
429
429
429
429
429
429
429
429
429
429
429
429
429
429
429
429
429
429
429
429
429
429
429
429
429
429
429
429
429
429
429
429
429
429
429
429
429
429
429
429
429
429
429
429
429
429
429
429
429
429
429
429
429
429
429
429
429
429
429
429
429
429
429
429
429
429
429
429
429
429
429
429
429
429
429
429
429
429
429
429
429
429
429
429
429
429
429
429
429
429
429
429
429
429
429
429
429
429
429
429
429
429
429
429
429
429
429
429
429
429
429
429
429
429
429
429
429
429
429
429
429
429
429
429
429
429
429
429
429
429
429
429
429
429
429
429
429
429
429
429
429
429
429
429
429
429
429
429
429
429
429
429
429
429
429
429
429
429
429
429
429
429
429
429
429
429
429
429
429
429
429
429
429
429
429
429
429
429
429
429
429
429
429
429
429
429
429
429
429
429
429
429
429
429
429
429
429
429
429
429
429
429
429
429
429
429
429
429
429
429
429
429
429
429
429
429
429
429
429
429
429
429
429
429
429
429
429
429
429
429
429
429
429
429
429
429
429
429
429
429
429
429
429
429
429
429
429
429
429
429
429
429
429
429
429
429
429
429
429
429
429
429
429
429
429
429
429
429
429
429
429
429
429
429
429
429
429
429
429
429
429
429
429
429
429
429
429
429
429
429
429
429
429
429
429
429
429
429
429
429
429
429
429
429
429
429
429
429
429
429
429
429
429
429
429
429
429
429
429
429
429
429
429
429
429
429
429
429
429
429
429
429
429
429
429
429
429
429
429
429
429
429
429
429
429
429
429
429
429
429
429
429
429
429
429
429
429
429
429
429
429
429
429
429
429
429
429
429
429
429
429
429
429
429
429
429
429
429
429
429
429
429
429
429
429
429
429
429
429
429
429
429
429
429
429
429
429
429
429
429
429
429
429
429
429
429
429
429
429
429
429
429
429
429
429
429
429
429
429
429
429
429
429
429
429
429
429
429
429
429
429
429
429
429
429
429
429
429
429
429
429
429
429
429
429
429
429
429
429
429
429
429
429
429
