430
365
369
367
378
370
389
374
381
369
383
378
379
382
383
380
381
381
375
374
371
373
374
380
379
383
371
364
380
380
372
371
383
382
375
372
384
380
381
371
370
383
383
384
373
384
373
383
382
377
376
375
379
396
368
382
368
378
389
377
392
375
377
375
378
378
384
376
371
378
384
388
369
386
378
374
384
375
376
382
369
372
385
378
380
379
388
387
393
369
380
372
380
378
368
368
366
367
371
380
378
366
382
371
372
377
370
381
385
363
378
368
384
375
389
362
378
375
379
377
370
366
373
382
376
364
383
379
376
372
370
378
379
384
384
378
384
382
386
366
375
380
370
370
376
366
379
374
378
373
381
368
373
361
372
385
383
374
374
371
377
370
388
386
374
363
382
379
372
371
380
380
361
368
376
382
377
381
382
378
376
378
386
375
383
381
378
375
382
378
377
382
378
378
386
371
367
382
376
376
381
376
374
367
384
390
390
378
370
373
383
381
376
378
380
383
371
374
386
392
369
372
375
384
375
374
383
376
382
373
370
370
380
376
373
363
382
375
386
372
372
376
380
373
389
378
383
378
374
370
374
377
371
375
387
368
375
379
375
382
379
376
364
374
372
372
368
374
366
380
386
371
369
370
383
381
375
383
373
379
378
378
363
378
376
382
379
374
373
367
380
393
382
378
376
373
358
378
376
383
367
371
372
383
369
380
382
383
381
376
374
385
386
368
381
380
372
373
373
378
379
365
382
372
380
383
375
373
385
383
385
380
381
387
376
374
372
376
377
376
382
376
383
377
383
378
376
375
371
380
367
379
374
379
376
380
372
378
376
384
372
390
387
376
389
376
371
376
376
380
369
375
385
370
383
384
375
389
375
365
369
376
377
376
385
377
382
375
359
376
369
376
385
374
366
384
370
376
375
368
385
382
376
380
372
377
374
368
369
357
362
374
375
379
388
389
384
375
383
372
381
381
374
373
373
378
378
379
385
379
382
375
384
371
382
381
379
379
382
390
372
378
381
377
370
385
373
380
392
383
381
386
367
376
365
391
380
368
388
384
374
386
386
374
381
380
372
374
375
379
369
389
379
387
369
377
369
373
374
372
381
368
381
375
377
379
374
381
374
380
392
378
386
371
374
384
382
388
386
376
381
388
376
369
367
385
389
372
385
384
389
381
379
374
377
386
366
374
369
378
382
385
383
383
376
384
388
376
376
374
371
357
377
374
382
376
367
381
371
376
370
389
382
384
381
368
384
383
373
374
369
377
375
371
381
382
384
382
381
366
389
381
372
379
371
385
382
384
373
383
374
369
367
375
377
370
375
382
381
376
377
385
375
380
381
378
384
378
384
381
384
378
367
371
375
385
372
375
380
375
379
382
375
374
377
370
380
367
382
379
378
377
371
366
384
373
380
386
375
376
376
374
372
389
371
385
373
379
384
381
382
376
386
373
381
370
381
380
381
373
379
392
376
378
384
378
372
379
376
385
391
383
382
390
384
376
374
390
384
382
368
374
380
391
375
378
374
381
385
388
364
379
367
378
374
378
378
379
375
382
388
389
390
377
369
381
381
382
372
373
380
373
383
375
377
379
381
380
376
371
381
375
370
361
386
377
394
390
378
388
374
378
380
366
375
383
386
383
391
382
365
379
367
381
387
384
384
369
377
388
377
385
384
381
383
381
366
370
380
386
384
379
380
364
382
380
374
380
379
386
371
372
380
380
385
374
367
382
377
379
391
374
375
374
378
375
365
372
381
381
373
374
381
377
381
380
378
385
367
372
381
381
380
382
387
384
378
376
376
377
378
389
364
383
380
384
371
379
374
375
384
380
369
384
380
380
386
383
374
385
377
388
376
389
385
377
382
393
378
380
383
382
385
378
376
388
383
391
377
374
373
393
384
379
386
380
376
386
391
379
396
379
380
392
388
394
385
378
390
378
370
370
374
382
387
392
381
380
377
379
388
384
379
385
375
379
377
386
387
376
375
368
387
399
387
387
375
376
382
378
385
384
379
383
390
382
370
381
393
382
385
375
385
378
379
371
386
379
380
376
376
380
387
371
374
379
388
383
390
379
377
385
386
376
368
380
386
383
382
393
388
380
396
380
383
383
385
386
382
374
373
389
369
381
392
375
378
381
395
390
387
385
382
386
377
387
386
391
388
393
400
385
382
388
383
383
374
368
380
396
379
382
382
381
382
388
386
380
387
393
384
378
385
382
388
379
388
386
382
383
393
392
380
388
376
383
381
395
391
381
376
397
386
375
375
387
381
392
382
391
387
396
388
388
389
379
382
386
394
391
373
391
385
378
388
399
391
384
394
387
392
392
384
379
373
386
396
387
395
382
386
382
383
390
397
389
395
383
388
392
396
398
390
391
394
384
394
390
378
384
378
393
393
383
390
385
376
384
389
394
380
380
393
388
389
397
396
395
385
395
386
381
396
391
395
390
399
386
395
386
385
391
403
387
383
388
383
388
397
402
393
384
382
391
391
408
398
393
385
381
383
387
394
389
391
389
399
396
393
403
389
388
393
393
393
390
389
395
392
390
385
394
382
400
394
395
397
388
388
386
389
391
390
398
400
387
389
390
393
399
395
399
395
388
388
389
383
390
384
374
396
384
377
391
396
397
393
395
397
397
400
400
397
393
393
389
383
394
389
388
382
388
387
383
387
394
401
392
389
391
382
385
389
392
403
402
388
397
394
388
390
391
390
398
397
397
394
387
392
398
387
393
391
394
392
406
390
402
402
397
398
401
400
402
397
379
398
397
407
407
399
394
393
402
411
402
402
400
407
398
405
403
392
396
400
404
410
403
402
397
397
400
387
396
398
402
394
400
400
402
398
394
397
399
399
394
401
398
402
400
400
399
402
394
395
406
395
393
405
395
405
406
399
401
396
391
405
406
395
398
404
410
408
401
403
404
404
405
402
405
401
400
405
402
408
404
398
409
406
408
405
408
404
410
397
402
398
402
393
400
406
403
397
406
406
401
407
400
400
402
402
412
401
402
402
405
402
409
408
412
409
405
405
405
395
406
411
408
401
403
406
406
408
408
408
410
406
408
407
403
406
412
408
410
409
403
404
402
405
400
405
402
404
404
407
403
413
413
411
412
410
412
404
405
401
411
411
411
399
403
401
413
406
412
412
415
420
419
416
415
412
404
409
412
412
409
414
409
411
407
411
412
411
407
413
409
412
410
410
417
408
408
410
411
417
418
417
415
410
413
414
415
417
417
417
418
414
414
417
417
416
415
418
411
415
419
418
413
412
413
413
412
411
411
410
413
413
413
418
416
412
411
413
413
411
412
415
417
410
414
411
415
413
410
417
413
418
414
413
415
412
414
416
419
417
412
412
415
414
417
414
416
416
414
411
412
417
410
411
413
419
420
416
419
419
418
414
412
416
417
413
414
414
412
413
411
415
420
421
420
419
419
419
417
420
417
416
414
418
418
418
420
420
420
420
422
422
418
419
422
420
422
423
418
415
416
420
418
418
416
420
420
424
425
425
425
421
420
424
425
423
423
421
421
417
420
421
421
420
419
418
415
414
420
422
421
420
419
420
422
422
420
423
424
425
425
424
423
424
425
424
422
423
421
420
420
421
421
420
420
421
423
424
424
424
423
422
421
422
424
423
423
425
427
427
427
427
427
425
424
425
425
425
425
425
423
424
423
422
424
424
424
424
424
424
425
425
423
423
423
423
425
424
425
425
425
426
426
424
420
424
423
425
425
424
425
427
428
427
426
427
428
428
428
428
428
428
427
427
427
427
427
426
426
426
427
427
426
427
427
427
426
426
426
427
426
425
424
426
425
425
425
425
425
426
426
428
428
428
427
428
426
427
427
427
427
427
427
427
427
427
426
426
426
427
427
427
428
428
428
428
429
429
429
429
429
429
429
429
428
428
429
428
428
427
427
428
428
429
429
429
429
429
428
428
428
429
429
429
428
429
429
429
429
429
429
429
429
429
429
429
429
428
427
429
429
429
429
429
429
429
429
429
429
429
429
428
428
428
428
428
429
429
429
429
429
429
429
429
429
429
429
429
429
429
429
429
429
429
429
429
429
429
429
429
429
429
429
429
429
429
429
429
429
429
429
429
429
429
429
429
429
429
429
429
429
429
429
429
429
429
429
429
429
429
429
429
429
429
429
429
429
429
429
429
429
429
429
429
429
429
429
429
429
429
429
429
429
429
429
429
429
429
429
429
429
429
429
429
429
429
429
429
429
429
429
429
429
429
429
429
429
429
429
429
429
429
429
429
429
429
429
429
429
429
429
429
429
429
429
429
429
429
429
429
429
429
429
429
429
429
429
429
429
429
429
429
429
429
429
429
429
429
429
429
429
429
429
429
429
429
429
429
429
429
429
429
429
429
429
429
429
429
429
429
429
429
429
429
429
429
429
429
429
429
429
429
429
429
429
429
429
429
429
429
429
429
429
429
429
429
429
429
429
429
429
429
429
429
429
429
429
429
429
429
429
429
429
429
429
429
429
429
429
429
429
429
429
429
429
429
429
429
429
429
429
429
429
429
429
429
429
429
429
429
429
429
429
429
429
429
429
429
429
429
429
429
429
429
429
429
429
429
429
429
429
429
429
429
429
429
429
429
429
429
429
429
429
429
429
429
429
429
429
429
429
429
429
429
429
429
429
429
429
429
429
429
429
429
429
429
429
429
429
429
429
429
429
429
429
429
429
429
429
429
429
429
429
429
429
429
429
429
429
429
429
429
429
429
429
429
429
429
429
429
429
429
429
429
429
429
429
429
429
429
429
429
429
429
429
429
429
429
429
429
429
429
429
429
429
429
429
429
429
429
429
429
429
429
429
429
429
429
429
429
429
429
429
429
429
429
429
429
429
429
429
429
429
429
429
429
429
429
429
429
429
429
429
429
429
429
429
429
429
429
429
429
429
429
429
429
429
429
429
429
429
429
429
429
429
429
429
429
429
429
429
429
429
429
429
429
429
429
429
429
429
429
429
429
429
429
429
429
429
429
429
429
429
429
429
429
429
429
429
429
429
429
429
429
429
429
429
429
429
429
429
429
429
429
429
429
429
429
429
429
429
429
429
429
429
429
429
429
429
429
429
429
429
429
429
429
429
429
429
429
429
429
429
429
429
429
429
429
429
429
429
429
429
429
429
429
429
429
429
429
429
429
429
429
429
429
429
429
429
429
429
429
429
429
429
429
429
429
429
429
429
429
429
429
429
429
429
429
429
429
429
429
429
429
429
429
429
429
429
429
429
429
429
429
429
429
429
429
429
429
429
429
429
429
429
429
429
429
429
429
429
429
429
429
429
429
429
429
429
429
429
429
429
429
429
429
429
429
429
429
429
429
429
429
429
429
429
429
429
429
429
429
429
429
429
429
429
429
429
429
429
429
429
429
429
429
429
429
429
429
429
429
429
429
429
429
429
429
429
429
429
429
429
429
429
429
429
429
429
429
429
429
429
429
429
429
429
429
429
429
429
429
429
429
429
429
429
429
429
429
429
429
429
429
429
429
429
429
429
429
429
429
429
429
429
429
429
429
429
429
429
429
429
429
429
429
429
429
429
429
429
429
429
429
429
429
429
429
429
429
429
429
429
429
429
429
429
429
429
429
429
429
429
429
429
429
429
429
429
429
429
429
429
429
429
429
429
429
429
429
429
429
429
429
429
429
