430
367
355
394
381
388
372
364
375
380
372
367
375
380
378
382
385
374
380
380
368
377
383
387
378
377
396
383
377
367
377
380
380
382
381
378
376
374
378
381
381
383
378
386
379
376
376
380
370
367
384
386
375
379
373
363
380
388
382
369
378
378
377
375
382
371
374
369
379
376
388
378
372
380
388
379
377
389
380
380
383
383
377
387
382
380
379
382
383
371
382
382
380
368
376
389
379
381
376
373
365
381
369
380
383
373
375
364
376
380
392
380
379
387
376
374
377
375
361
380
368
382
372
380
380
374
386
382
377
374
373
380
375
385
383
380
382
367
383
375
368
376
374
380
368
367
366
382
370
386
381
372
369
371
377
375
380
376
376
384
382
378
382
379
378
375
385
382
384
382
383
380
387
380
365
379
368
378
363
372
376
378
373
385
372
387
380
377
378
385
385
378
373
379
377
375
373
370
376
382
379
373
379
383
373
375
383
378
381
370
376
373
384
374
376
373
387
372
379
367
377
385
393
380
378
379
387
370
384
380
375
386
380
375
386
388
394
381
374
371
386
392
372
385
376
383
372
379
374
379
380
382
380
377
374
362
379
375
377
391
384
380
376
384
381
371
368
388
386
376
375
372
371
376
371
378
379
374
382
374
374
377
367
369
366
379
372
383
379
385
376
375
377
376
371
372
361
376
365
366
368
376
380
368
380
376
384
370
383
377
380
391
381
383
371
375
371
389
388
372
385
382
393
385
370
379
368
374
365
376
385
380
382
381
378
377
382
370
393
378
375
372
372
373
368
373
377
370
378
386
378
372
368
377
379
381
376
382
371
389
373
379
379
379
367
375
370
371
377
381
378
367
368
380
377
392
365
381
390
377
381
375
374
374
382
375
374
386
381
379
374
374
379
380
382
379
380
367
373
373
380
375
373
370
377
381
374
371
375
375
369
377
369
377
372
388
383
383
360
368
376
377
368
390
374
364
380
362
377
362
371
380
370
387
382
377
387
365
366
366
373
372
384
369
384
369
370
377
377
373
381
374
376
365
379
370
383
373
376
382
385
374
364
368
367
385
369
389
379
363
384
386
386
388
386
376
371
370
386
372
386
376
388
377
376
374
376
384
373
373
381
374
367
372
383
379
382
372
368
386
373
379
376
382
390
375
365
378
377
377
374
367
373
370
376
377
383
383
386
373
369
373
379
376
383
394
380
386
389
384
371
364
380
383
373
368
379
373
377
377
376
383
371
375
381
376
374
384
378
383
376
375
381
384
378
370
368
374
381
376
379
371
384
382
384
384
392
371
376
385
380
373
380
383
377
378
377
378
376
366
385
380
371
359
388
377
376
376
372
375
384
379
374
363
377
385
396
380
377
383
369
375
372
372
378
376
369
381
393
391
388
391
382
364
384
387
381
374
369
378
374
380
362
376
373
391
381
387
380
383
376
372
377
372
368
379
370
378
371
372
380
373
367
354
370
380
377
384
378
365
382
380
378
391
367
370
372
384
380
365
383
373
377
378
370
384
371
366
381
373
391
362
371
389
376
383
376
383
381
373
395
399
383
379
373
375
386
387
387
372
381
370
387
376
383
376
372
372
378
362
382
376
365
382
390
377
379
376
395
366
380
378
366
384
375
380
373
371
368
376
381
365
386
378
364
377
373
370
378
392
381
381
372
374
390
373
388
371
364
391
382
382
383
382
378
384
384
384
375
384
379
395
379
379
367
376
379
377
381
365
385
377
382
365
381
380
382
378
375
390
392
391
378
380
373
376
392
390
387
377
383
384
376
387
388
379
368
378
377
375
383
384
382
381
378
374
381
370
378
371
386
384
380
376
383
381
366
385
370
395
384
380
369
376
389
368
382
355
361
377
386
387
383
386
376
384
382
376
379
386
383
387
372
381
373
380
380
372
365
386
380
385
377
367
385
376
364
391
370
377
365
366
376
373
381
377
382
376
384
391
385
383
382
382
377
390
389
380
380
386
385
392
389
381
383
380
377
367
375
389
382
383
380
382
374
392
384
377
379
371
385
389
376
385
385
390
385
371
387
379
392
375
380
379
375
382
373
386
386
386
378
385
371
371
379
370
372
376
362
383
373
374
367
364
383
367
384
381
381
386
379
386
381
383
384
376
387
381
382
380
369
379
388
385
378
375
375
377
370
375
377
384
392
379
380
388
376
385
378
363
382
386
377
390
386
386
365
383
373
390
390
379
378
384
380
385
367
378
375
393
380
393
372
379
384
381
363
370
382
383
380
381
368
373
371
380
385
379
379
383
382
387
376
382
380
384
383
375
383
379
381
382
378
373
373
388
387
386
382
379
381
369
384
385
380
385
385
389
387
382
385
385
388
396
373
387
381
368
371
378
370
385
389
383
386
380
381
393
384
386
384
385
379
382
384
381
381
387
377
381
387
376
377
397
387
385
377
379
389
373
390
397
388
385
389
374
380
379
385
392
387
385
389
382
391
392
386
386
383
391
378
387
392
380
383
389
387
392
380
390
380
391
388
375
385
383
380
390
392
373
394
392
399
383
379
395
387
395
392
385
384
380
387
388
385
392
386
371
376
393
383
378
381
379
389
386
379
377
390
384
386
384
397
392
381
385
372
386
381
379
396
381
377
385
371
377
386
386
393
384
380
373
382
384
381
397
397
384
378
387
381
396
371
388
371
378
393
382
382
388
388
391
397
391
387
383
376
377
400
383
380
399
389
377
384
388
399
389
377
385
370
383
375
374
395
387
381
386
387
382
396
391
382
375
394
392
398
382
384
382
385
402
394
392
385
379
386
375
397
386
385
384
390
382
398
390
386
389
394
395
398
395
385
392
394
385
386
383
384
387
391
386
389
387
396
381
381
396
403
388
390
385
392
391
379
383
396
392
389
385
391
387
385
396
392
371
385
387
388
383
387
384
397
387
384
387
384
394
402
389
388
396
391
379
386
390
389
388
392
392
390
391
388
392
397
397
389
375
391
385
393
392
393
388
390
389
389
393
391
390
388
384
385
378
386
394
388
393
394
398
391
394
384
383
389
386
382
393
405
399
397
388
393
391
382
389
382
384
390
397
391
386
375
385
389
389
396
399
396
393
400
391
395
395
390
379
394
391
393
402
387
400
396
392
388
402
401
400
394
393
391
389
398
395
396
395
392
395
395
399
403
397
393
402
394
396
390
395
388
390
398
400
399
396
401
399
391
392
398
403
392
398
397
404
392
394
393
401
402
401
408
394
404
398
397
397
397
392
402
405
401
406
400
393
391
401
403
410
402
402
400
401
400
400
400
400
396
390
378
396
399
401
404
402
395
402
401
402
402
399
399
400
402
405
400
392
405
405
401
402
409
401
405
408
402
397
400
401
398
401
400
399
401
409
408
404
406
397
401
403
401
397
410
411
407
399
407
409
400
403
402
400
401
402
405
409
406
408
413
409
407
406
400
408
402
403
400
402
404
405
408
405
402
406
389
397
407
398
397
402
400
401
403
411
406
408
406
405
406
409
405
407
404
409
408
407
414
405
407
400
406
411
409
412
408
411
405
407
407
406
408
406
405
403
403
404
405
406
410
409
416
415
411
405
401
404
406
409
409
403
404
405
407
403
409
404
406
403
410
412
409
406
406
411
410
414
417
404
411
410
411
410
411
411
411
402
408
410
405
407
407
408
404
403
406
405
407
412
409
413
410
411
412
417
411
410
411
413
415
408
417
414
416
413
413
412
410
412
414
417
420
419
417
416
414
416
416
415
417
416
419
419
415
414
414
412
416
414
407
410
415
414
412
413
415
416
418
417
417
412
414
415
412
409
411
411
412
417
418
416
414
413
416
416
412
415
414
414
414
416
420
417
416
413
409
410
416
413
418
417
418
416
416
418
419
420
419
417
417
421
416
417
420
420
417
421
419
419
421
421
416
414
416
415
415
419
419
421
420
425
423
423
423
425
424
421
421
422
423
421
422
419
422
422
423
423
420
420
423
424
424
423
423
422
419
419
418
421
422
423
423
423
421
418
415
416
415
418
418
422
422
419
419
421
421
420
422
421
421
421
421
421
417
419
419
420
420
422
420
419
417
419
420
421
423
423
423
421
421
420
421
421
420
421
421
421
421
422
421
418
419
422
420
423
423
423
421
421
422
422
422
418
417
417
417
419
420
419
419
421
422
422
421
421
421
421
420
420
420
421
421
421
421
422
422
422
423
423
422
423
420
421
420
420
420
421
423
423
423
423
425
425
425
425
423
422
421
423
422
423
423
424
424
424
424
424
423
424
424
424
423
423
421
423
423
423
423
421
422
422
422
421
422
421
421
423
422
421
421
423
423
423
422
422
422
423
423
423
423
423
423
423
423
423
423
424
424
423
423
423
423
423
425
425
425
425
425
425
425
425
425
425
425
425
425
425
426
426
426
426
426
426
426
426
426
426
425
426
426
426
426
426
426
426
426
426
425
425
425
425
425
425
425
425
425
425
425
425
425
424
424
425
425
425
425
425
425
425
425
425
425
425
424
424
424
424
423
423
423
423
424
424
424
424
424
424
424
423
423
424
424
424
424
424
424
424
424
424
424
424
424
424
424
424
424
424
424
424
424
424
424
424
424
424
424
424
424
424
424
424
424
424
426
426
426
426
426
426
426
426
426
426
426
426
426
426
426
426
426
426
426
426
426
426
426
426
426
426
426
426
426
426
426
426
426
426
426
426
426
426
426
426
426
426
426
426
426
426
426
426
426
426
426
426
426
426
426
426
426
426
426
426
426
426
426
426
426
426
426
426
426
426
426
426
426
426
426
426
426
426
426
426
426
426
426
426
426
426
426
426
426
426
426
426
426
426
426
426
426
426
426
426
426
426
426
426
426
426
426
426
426
426
426
426
426
426
426
426
426
426
426
426
426
426
426
426
426
426
426
426
426
426
426
426
426
426
426
426
426
426
426
426
426
426
426
426
426
426
426
426
426
426
426
426
426
426
426
426
426
426
426
426
426
426
426
426
426
426
426
426
426
426
426
426
426
426
426
426
426
426
426
426
426
426
426
426
426
426
426
426
426
426
426
426
426
426
426
426
426
426
426
426
426
426
426
426
426
426
426
426
426
426
426
426
426
426
426
426
426
426
426
426
426
426
426
426
426
426
426
426
426
426
426
426
426
426
426
426
426
426
426
426
426
426
426
426
426
426
426
426
426
426
426
426
426
426
426
426
426
426
426
426
426
426
426
426
426
426
426
426
426
426
426
426
426
426
426
426
426
426
426
426
426
426
426
426
426
426
426
426
426
426
426
426
426
426
426
426
426
426
426
426
426
426
426
426
426
426
426
426
426
426
426
426
426
426
426
426
426
426
426
426
426
426
426
426
426
426
426
426
426
426
426
426
426
426
426
426
426
426
426
426
426
426
426
426
426
426
426
426
426
426
426
426
426
426
426
426
426
426
426
426
426
426
426
426
426
426
426
426
426
426
426
426
426
426
426
426
426
426
426
426
426
426
426
426
426
426
426
426
426
426
426
426
426
426
426
426
426
426
426
426
426
426
426
426
426
426
426
426
426
426
426
426
426
426
426
426
426
426
426
426
426
426
426
426
426
426
426
426
426
426
426
426
426
426
426
426
426
426
426
426
426
426
426
426
426
426
426
426
426
426
426
426
426
426
426
426
426
426
426
426
426
426
426
426
426
426
426
426
426
