430
366
371
370
386
382
381
381
383
375
374
377
379
375
378
369
380
360
371
355
371
379
374
370
370
360
365
366
366
362
382
387
368
379
378
369
371
378
376
374
388
382
371
373
374
377
370
371
372
368
374
374
377
364
364
373
364
363
375
385
382
376
373
384
376
377
378
382
374
373
380
374
368
378
381
377
374
382
375
358
374
370
373
380
383
373
379
379
392
373
378
390
384
375
375
366
384
367
374
372
380
381
370
369
368
379
384
368
377
369
365
375
397
380
377
372
370
390
384
384
381
382
360
368
388
375
377
357
375
373
384
367
369
370
386
362
374
388
371
371
386
384
381
386
378
376
380
376
395
382
387
376
381
360
367
381
380
376
377
376
379
377
373
379
379
385
366
383
373
370
379
378
373
379
372
379
374
374
375
377
381
387
382
369
369
381
385
376
379
390
375
377
370
379
365
366
363
387
370
384
377
378
383
377
369
376
383
369
374
384
372
378
375
374
371
373
383
374
366
378
385
388
368
376
380
391
375
375
375
378
380
363
382
374
368
377
387
379
373
376
379
372
378
379
371
372
380
377
379
381
377
381
364
382
379
374
373
386
370
381
358
379
381
381
368
370
381
363
367
381
368
384
371
374
383
372
378
364
365
382
380
386
383
377
376
380
376
364
394
377
379
361
381
375
378
374
377
373
375
380
382
372
377
379
374
378
375
379
371
366
369
374
380
374
377
370
378
369
387
375
380
378
372
387
377
372
368
372
378
378
377
385
382
369
381
371
376
380
381
378
377
365
367
380
380
385
365
371
377
379
386
380
374
376
378
374
367
372
371
374
375
387
376
379
379
374
385
369
382
374
385
373
367
367
366
367
387
369
379
392
379
384
375
371
371
373
371
379
387
378
369
373
381
375
361
376
374
379
383
379
382
384
381
382
378
383
376
383
368
381
371
373
379
372
375
375
369
366
379
370
371
367
374
369
379
382
382
376
381
383
377
387
382
376
377
377
380
373
382
377
381
388
385
373
379
372
371
382
373
377
369
377
382
388
371
370
380
368
368
375
388
374
382
380
379
358
364
371
368
373
371
374
378
377
370
374
390
385
377
374
381
372
368
392
376
374
376
392
376
361
369
380
373
375
376
374
381
381
375
371
373
375
377
382
379
380
379
378
367
370
378
384
377
366
377
361
365
377
373
371
378
391
378
385
388
385
365
391
370
370
370
380
382
379
380
385
375
382
371
376
362
380
366
373
376
378
366
381
384
376
375
376
380
371
382
371
376
379
385
384
379
364
376
373
385
377
382
381
378
379
377
380
365
369
381
388
375
379
368
377
377
380
373
374
376
386
380
382
381
369
377
378
361
377
376
387
379
370
386
380
379
369
370
370
381
375
372
375
362
370
378
385
385
373
372
380
377
379
376
383
374
384
371
371
373
384
384
371
379
382
377
383
385
382
378
375
384
377
392
370
373
377
359
366
378
374
386
375
375
377
370
377
383
369
379
364
372
370
381
369
376
361
377
377
366
374
377
377
386
372
373
374
373
380
375
382
366
383
382
377
363
372
387
386
381
373
376
368
380
371
377
369
377
382
382
370
373
387
374
367
374
370
368
384
375
377
389
376
370
380
380
360
365
377
372
392
390
379
372
371
376
375
376
375
383
371
375
370
365
377
374
375
385
369
381
379
377
382
373
380
386
383
382
385
378
387
380
377
368
382
385
382
384
376
378
376
378
382
371
369
368
368
370
370
378
372
373
380
377
377
371
391
366
373
389
376
378
375
367
369
378
385
367
377
371
386
394
380
387
382
374
388
388
389
375
375
372
369
390
381
378
368
373
386
377
375
384
372
379
368
368
379
378
373
370
384
376
371
379
367
367
377
384
380
370
372
381
383
379
383
367
370
383
379
383
381
385
383
383
378
379
380
375
382
376
360
377
377
385
375
382
373
380
394
376
382
376
364
362
378
370
383
383
389
389
381
374
369
369
372
376
381
370
381
371
379
380
380
375
380
378
374
392
394
376
388
380
363
378
386
373
383
368
367
374
376
381
372
362
372
367
372
381
372
381
368
376
366
381
375
373
367
374
374
378
371
366
371
371
376
370
379
381
366
380
382
390
372
371
367
377
375
388
371
381
377
370
374
365
389
386
386
380
385
372
375
369
368
374
370
378
382
378
389
379
380
376
368
369
378
377
368
381
389
379
374
380
373
391
374
391
382
372
376
372
367
370
376
374
374
382
376
381
371
367
371
375
372
380
362
366
378
379
382
385
375
380
374
370
377
372
368
387
370
374
374
388
379
376
378
385
381
382
354
376
372
377
374
373
386
371
385
379
374
374
369
381
382
379
374
384
383
380
377
380
373
377
363
375
376
376
380
367
374
375
371
372
362
375
376
376
382
384
369
371
379
376
376
378
377
376
389
374
384
377
375
368
379
377
362
385
378
377
367
375
377
384
375
379
376
389
364
373
390
375
376
393
372
371
380
380
386
384
380
379
379
375
372
372
378
381
368
360
387
373
371
381
376
382
370
364
370
384
380
390
371
377
377
376
379
365
375
374
375
381
388
379
380
381
390
378
372
381
371
383
371
383
374
387
383
370
387
384
380
357
368
375
385
373
380
370
382
383
381
381
373
389
377
372
386
370
384
379
385
372
387
366
373
386
386
383
379
365
381
385
382
367
377
368
375
385
365
371
362
378
372
378
381
371
373
362
356
381
377
382
388
376
382
376
374
362
377
394
365
375
387
371
383
380
389
382
368
363
378
369
387
368
384
379
378
385
377
376
380
383
377
369
374
379
383
378
368
372
372
381
373
379
376
380
376
375
377
391
386
380
365
368
373
378
381
368
378
401
409
416
417
418
419
419
421
422
422
422
423
423
423
423
423
423
423
423
423
423
423
423
423
423
423
423
423
423
423
423
423
423
423
423
423
423
423
423
423
423
423
423
424
424
424
424
425
425
425
425
425
425
425
425
425
425
426
426
426
426
426
426
426
426
426
426
426
426
426
426
426
426
426
426
426
426
426
426
426
426
426
426
427
427
427
427
427
427
427
427
427
427
427
427
427
427
427
427
427
427
427
427
427
427
427
427
427
427
427
427
427
427
427
427
427
427
427
427
427
427
427
427
427
427
427
427
427
427
427
427
427
427
427
427
427
427
427
427
427
427
427
427
427
427
427
427
427
427
427
427
427
427
427
427
427
427
427
427
427
427
427
427
427
427
427
427
427
427
427
427
427
427
427
427
427
427
427
427
427
427
427
427
427
427
427
427
427
427
427
427
427
427
427
427
427
427
427
427
427
427
427
427
427
427
427
427
427
427
427
427
427
427
427
427
427
427
427
427
427
427
427
427
427
427
427
427
427
427
427
427
427
427
427
427
427
427
427
427
427
427
427
427
427
427
427
427
427
427
427
427
427
427
427
427
427
427
427
427
427
427
427
427
427
427
427
427
427
427
427
427
427
427
427
427
427
427
427
427
427
427
427
427
427
427
427
427
427
427
427
427
427
427
427
427
427
427
427
427
427
427
427
427
427
427
427
427
427
427
427
427
427
427
427
427
427
427
427
427
427
427
427
427
427
427
427
427
427
427
427
427
427
427
427
427
427
427
427
427
427
427
427
427
427
427
427
427
427
427
427
427
427
427
427
427
427
427
427
427
427
427
427
427
427
427
427
427
427
427
427
427
427
427
427
427
427
427
427
427
427
427
427
427
427
427
427
427
427
427
427
427
427
427
427
427
427
427
427
427
427
427
427
427
427
427
427
427
427
427
427
427
427
427
427
427
427
427
427
427
427
427
427
427
427
427
427
427
427
427
427
427
427
427
427
427
427
427
427
427
427
427
427
427
427
427
427
427
427
427
427
427
427
427
427
427
427
427
427
427
427
427
427
427
427
427
427
427
427
427
427
427
427
427
427
427
427
427
427
427
427
427
427
427
427
427
427
427
427
427
427
427
427
427
427
427
427
427
427
427
427
427
427
427
427
427
427
427
427
427
427
427
427
427
427
427
427
427
427
427
427
427
427
427
427
427
427
427
427
427
427
427
427
427
427
427
427
427
427
427
427
427
427
427
427
427
427
427
427
427
427
427
427
427
427
427
427
427
427
427
427
427
427
427
427
427
427
427
427
427
427
427
427
427
427
427
427
427
427
427
427
427
427
427
427
427
427
427
427
427
427
427
427
427
427
427
427
427
427
427
427
427
427
427
427
427
427
427
427
427
427
427
427
427
427
427
427
427
427
427
427
427
427
427
427
427
427
427
427
427
427
427
427
427
427
427
427
427
427
427
427
427
427
427
427
427
427
427
427
427
427
427
427
427
427
427
427
427
427
427
427
427
427
427
427
427
427
427
427
427
427
427
427
427
427
427
427
427
427
427
427
427
427
427
427
427
427
427
427
427
427
427
427
427
427
427
427
427
427
427
427
427
427
427
427
427
427
427
427
427
427
427
427
427
427
427
427
427
427
427
427
427
427
427
427
427
427
427
427
427
427
427
427
427
427
427
427
427
427
427
427
427
427
427
427
427
427
427
427
427
427
427
427
427
427
427
427
427
427
427
427
427
427
427
427
427
427
427
427
427
427
427
427
427
427
427
427
427
427
427
427
427
427
427
427
427
427
427
427
427
427
427
427
427
427
427
427
427
427
427
427
427
427
427
427
427
427
427
427
427
427
427
427
427
427
427
427
427
427
427
427
427
427
427
427
427
427
427
427
427
427
427
427
427
427
427
427
427
427
427
427
427
427
427
427
427
427
427
427
427
427
427
427
427
427
427
427
427
427
427
427
427
427
427
427
427
427
427
427
427
427
427
427
427
427
427
427
427
427
427
427
427
427
427
427
427
427
427
427
427
427
427
427
427
427
427
427
427
427
427
427
427
427
427
427
427
427
427
427
427
427
427
427
427
427
427
427
427
427
427
427
427
427
427
427
427
427
427
427
427
427
427
427
427
427
427
427
427
427
427
427
427
427
427
427
427
427
427
427
427
427
427
427
427
427
427
427
427
427
427
427
427
427
427
427
427
427
427
427
427
427
427
427
427
427
427
427
427
427
427
427
427
427
427
427
427
427
427
427
427
427
427
427
427
427
427
427
427
427
427
427
427
427
427
427
427
427
427
427
427
427
427
427
427
427
427
427
427
427
427
427
427
427
427
427
427
427
427
427
427
427
427
427
427
427
427
427
427
427
427
427
427
427
427
427
427
427
427
427
427
427
427
427
427
427
427
427
427
427
427
427
427
427
427
427
427
427
427
427
427
427
427
427
427
427
427
427
427
427
427
427
427
427
427
427
427
427
427
427
427
427
427
427
427
427
427
427
427
427
427
427
427
427
427
427
427
427
427
427
427
427
427
427
427
427
427
427
427
427
427
427
427
427
427
427
427
427
427
427
427
427
427
427
427
427
427
427
427
427
427
427
427
427
427
427
427
427
427
427
427
427
427
427
427
427
427
427
427
427
427
427
427
427
427
427
427
427
427
427
427
427
427
427
427
427
427
427
427
427
427
427
427
427
427
427
427
427
427
427
427
427
427
427
427
427
427
427
427
427
427
427
427
427
427
427
427
427
427
427
427
427
427
427
427
427
427
427
427
427
427
427
427
427
427
427
427
427
427
427
427
427
427
427
427
427
427
427
427
427
427
427
427
427
427
427
427
427
427
427
427
