430
366
378
378
380
379
385
393
376
385
359
365
368
374
382
384
374
372
366
382
377
366
373
369
376
375
378
372
383
368
379
381
372
381
379
380
366
379
381
374
376
384
384
375
373
383
377
369
374
381
369
387
379
379
380
377
388
376
374
374
380
375
388
382
370
388
379
375
371
391
380
374
369
385
373
372
375
371
370
373
364
379
383
372
372
368
373
369
378
383
384
364
376
368
388
377
387
366
369
375
365
373
379
366
374
380
370
360
374
376
369
380
376
379
382
371
381
385
369
383
392
379
388
387
380
366
366
378
378
372
377
378
379
375
366
381
387
373
373
377
372
374
388
364
368
370
376
361
380
366
366
369
369
371
368
370
385
370
366
390
385
373
371
378
383
377
366
376
372
374
375
382
377
389
369
365
379
380
365
368
380
383
383
374
382
376
378
370
380
385
374
386
375
386
379
359
375
380
382
377
385
390
380
385
374
381
385
375
377
375
385
394
379
373
384
374
375
385
378
374
371
375
369
380
373
377
379
373
376
367
378
380
381
389
375
377
366
379
379
368
376
372
375
383
378
385
371
366
378
387
382
371
365
382
376
376
357
373
378
378
371
387
367
374
366
378
367
384
385
375
373
379
361
369
371
373
373
379
381
366
356
375
379
372
374
372
383
379
383
373
365
373
368
365
377
376
379
373
379
377
379
376
373
370
378
379
379
381
371
382
375
370
375
380
383
381
368
380
381
375
378
378
371
384
374
372
373
375
381
384
384
378
370
378
386
379
382
385
373
373
371
371
376
375
370
371
367
385
387
390
376
369
377
364
376
375
386
384
372
372
380
390
383
383
375
370
373
373
375
374
369
371
378
374
396
380
381
365
369
383
383
366
368
373
373
374
385
381
379
373
378
372
388
370
387
379
350
377
373
386
383
375
386
375
380
373
386
369
378
387
379
373
375
371
375
381
377
360
366
357
377
375
369
369
365
381
372
376
364
373
369
374
383
384
374
377
371
371
380
375
377
370
387
392
375
375
372
371
370
370
368
377
382
375
389
381
378
377
378
367
373
379
369
367
374
380
366
372
378
377
386
378
371
366
380
374
379
377
368
377
373
368
378
373
374
381
380
381
378
381
364
373
375
383
381
376
386
367
387
378
379
376
374
373
376
377
382
382
376
393
392
385
376
364
376
383
370
380
376
389
372
369
376
380
362
375
384
378
385
381
384
380
382
373
381
372
373
372
374
386
375
370
362
375
388
373
373
375
381
382
373
370
372
385
375
376
390
374
375
377
380
384
387
375
375
391
383
375
364
374
380
370
382
381
370
374
375
383
367
364
373
374
371
374
377
372
370
374
380
386
380
374
377
375
375
379
375
377
384
375
367
375
382
374
373
375
370
372
366
378
381
366
382
373
373
383
376
369
379
377
366
372
372
382
380
373
368
386
372
383
381
375
375
374
371
375
384
392
367
373
374
376
383
380
379
381
368
373
380
366
375
374
390
376
373
382
386
390
378
377
368
371
370
374
374
377
377
378
377
386
378
378
383
367
371
373
385
376
367
385
384
372
380
382
386
375
377
382
377
372
367
387
378
382
372
368
379
381
384
378
387
378
380
376
384
381
372
375
378
381
365
380
376
377
382
366
373
379
383
375
369
374
373
377
370
379
384
369
374
381
373
385
382
378
379
376
375
381
369
375
376
382
368
386
378
368
368
378
381
389
366
386
372
381
393
372
381
376
386
370
371
381
379
376
373
369
376
383
385
376
373
375
373
375
370
373
375
384
378
383
376
370
385
380
386
385
386
376
365
370
375
374
383
391
383
390
375
378
376
376
381
377
385
375
384
378
371
371
398
374
389
371
380
378
377
368
386
390
380
371
376
376
376
382
374
384
361
375
387
376
375
374
375
387
377
383
381
392
378
382
378
369
372
379
378
378
374
379
382
377
373
377
384
373
383
377
376
391
381
378
383
382
389
367
381
377
378
373
368
376
375
385
379
385
381
377
368
372
367
389
385
380
371
378
373
369
380
378
388
378
384
376
367
383
368
380
377
372
364
372
378
370
372
371
374
373
372
385
375
379
380
369
383
368
364
375
368
390
375
376
385
380
373
382
364
377
375
382
372
377
383
376
379
374
377
357
372
370
377
370
382
379
376
379
380
379
365
378
369
376
391
383
381
373
379
376
372
371
384
367
385
380
398
378
385
375
378
380
374
377
370
371
386
372
392
386
379
377
376
385
383
381
358
372
370
382
376
360
370
382
382
387
377
372
369
377
383
374
371
369
383
373
378
387
386
384
365
376
370
373
382
383
364
390
373
372
382
372
360
382
380
374
361
369
375
382
378
378
374
375
366
372
384
383
379
373
384
375
366
364
365
376
385
366
380
379
376
368
367
378
373
375
374
389
372
374
376
372
375
375
380
365
384
373
375
381
371
359
377
369
385
390
371
388
386
378
382
381
381
389
389
371
379
361
381
376
373
372
377
381
375
381
375
376
389
377
381
392
382
382
364
376
380
390
376
383
379
376
369
371
368
384
382
373
368
387
373
388
382
371
373
373
367
362
377
376
378
362
383
378
377
382
374
364
380
381
384
376
377
375
375
368
375
379
380
380
385
366
369
393
370
377
380
374
380
380
378
368
370
379
386
369
368
379
385
382
382
374
366
374
375
366
384
376
369
385
376
372
381
364
376
367
366
376
378
377
370
379
374
369
381
383
370
379
376
375
375
370
381
388
378
364
375
377
377
365
367
373
367
377
362
374
376
369
382
376
379
381
376
374
382
378
378
372
360
388
388
387
369
386
384
383
378
379
384
371
378
380
381
380
363
373
369
377
359
380
370
386
379
377
369
387
382
375
373
372
376
382
385
375
383
377
376
375
374
379
377
383
393
367
370
374
379
378
371
378
372
373
386
368
375
371
376
373
380
387
379
393
380
371
375
374
378
381
372
369
380
366
383
388
381
375
372
373
379
377
369
377
365
375
379
380
389
386
373
389
381
363
383
378
371
371
371
378
383
372
385
379
374
369
391
382
374
376
371
375
389
385
382
371
375
382
385
379
386
369
377
371
371
376
376
376
377
380
371
384
377
383
381
386
373
377
364
372
382
377
374
384
359
381
378
375
388
383
375
368
372
377
367
377
366
386
376
375
381
382
382
374
382
387
371
378
386
384
370
375
373
383
368
379
386
387
386
379
380
383
395
369
376
374
357
385
380
384
369
384
376
378
381
371
382
387
372
374
375
386
367
378
373
371
364
375
374
377
359
368
373
375
366
374
384
384
380
366
384
372
370
388
382
376
391
374
378
378
378
367
378
368
372
384
378
372
380
383
374
381
382
374
381
375
370
385
380
381
366
376
374
367
376
376
381
382
383
379
371
368
370
373
373
381
386
382
374
378
376
376
372
374
374
384
381
381
377
374
392
382
383
380
380
385
378
368
383
396
379
388
384
374
383
386
364
385
380
355
368
375
377
367
376
392
385
373
377
371
383
371
381
374
394
376
367
375
375
367
370
379
379
366
371
369
384
375
380
379
373
384
383
380
379
381
371
370
387
378
368
369
371
371
378
375
375
370
373
381
365
382
373
383
366
374
381
371
376
395
373
376
381
378
371
384
373
378
375
377
376
369
369
376
365
377
373
370
371
386
376
366
375
380
381
374
378
382
378
370
379
374
376
378
370
359
383
373
377
379
375
378
380
378
364
385
389
375
380
378
377
377
379
374
384
374
381
376
374
372
386
375
384
379
382
368
368
376
378
380
379
377
375
388
375
375
372
371
380
371
375
374
388
365
380
379
380
376
370
360
377
377
383
376
376
396
375
382
382
369
376
376
372
371
376
393
387
376
382
377
373
374
375
386
384
383
378
385
371
371
379
366
370
364
382
369
373
374
387
377
376
390
373
378
392
384
369
375
380
384
384
378
375
387
385
379
382
363
384
373
376
394
373
378
385
371
367
384
378
376
374
379
374
364
369
391
383
379
374
385
382
380
380
377
368
376
376
381
370
378
385
377
376
380
376
370
373
371
373
377
381
369
372
385
394
365
379
381
379
379
381
390
376
388
375
360
390
383
383
370
373
383
368
378
373
372
367
371
381
379
378
368
370
375
377
374
380
380
371
382
376
389
384
380
382
386
383
371
369
364
378
372
371
374
376
375
372
381
374
378
380
385
376
379
376
379
372
378
376
372
375
381
375
384
381
369
374
382
369
376
385
373
389
372
385
382
377
390
385
368
377
373
387
373
375
378
372
377
374
379
380
374
376
369
385
376
383
362
385
383
380
371
381
374
375
382
373
377
385
387
379
382
389
373
383
382
384
383
379
376
379
384
382
371
383
386
377
378
363
374
381
378
371
378
375
386
370
377
362
365
366
376
384
376
379
382
382
388
366
373
366
373
386
375
376
373
381
381
366
371
368
385
378
367
382
388
375
375
390
376
381
376
370
379
376
376
380
385
383
387
384
381
384
377
385
384
395
388
386
386
376
378
387
386
380
396
380
385
385
370
390
381
384
374
368
373
366
379
381
375
379
381
379
386
381
370
372
382
383
375
386
378
377
374
383
379
376
378
380
365
380
387
378
384
381
387
375
383
388
378
377
374
374
367
376
377
373
371
381
383
385
385
372
381
372
383
371
370
379
387
388
389
380
381
369
384
376
377
372
384
373
379
379
392
369
374
382
379
381
386
389
381
382
376
371
390
388
390
374
371
384
378
378
375
380
376
374
370
379
377
369
373
377
375
379
369
384
375
367
371
373
386
371
387
377
368
383
386
380
376
381
381
365
377
377
378
365
371
389
376
369
378
382
380
381
380
377
377
375
362
374
382
380
372
370
362
369
378
379
384
385
385
377
389
378
376
371
386
367
381
374
385
385
376
374
376
383
377
384
383
391
385
384
368
389
376
384
381
384
386
390
379
382
386
381
370
386
382
380
381
385
378
382
393
379
370
376
382
379
368
383
377
387
378
385
379
384
377
379
390
388
389
384
374
381
381
378
378
379
385
387
391
387
384
387
388
384
368
378
371
375
374
366
385
384
395
375
367
389
377
376
386
390
394
392
377
387
395
378
390
376
378
379
383
377
385
381
377
375
375
382
391
385
385
379
385
381
377
381
389
389
391
385
384
390
387
385
378
392
392
387
381
374
390
381
381
391
390
392
380
385
383
392
387
383
375
390
394
388
382
390
383
384
385
386
385
380
383
373
383
404
385
392
386
384
387
378
388
384
390
384
391
380
377
384
383
382
384
383
389
386
399
395
390
388
388
394
391
394
388
390
395
372
382
390
394
381
388
396
380
394
390
391
387
398
389
391
389
393
401
389
386
396
387
386
390
390
391
386
391
393
398
390
401
389
399
399
395
396
403
406
399
402
391
394
398
394
390
395
394
398
401
399
401
409
401
404
400
404
411
405
403
407
394
396
403
404
405
404
399
398
394
403
411
409
406
406
406
404
413
411
408
414
413
414
411
411
411
416
415
414
413
414
413
413
415
416
416
417
414
411
413
414
415
412
418
420
422
418
419
418
422
419
422
422
421
420
421
422
421
422
423
425
425
426
426
426
425
425
425
424
424
423
424
424
424
425
425
425
425
425
425
426
426
426
426
426
426
426
426
426
426
426
426
426
426
426
426
426
426
426
426
426
426
426
426
426
426
426
426
426
426
426
426
426
426
426
