430
365
371
376
367
378
383
391
371
381
375
375
377
376
355
381
379
380
381
366
378
371
374
370
373
380
379
376
388
367
369
377
372
375
377
375
371
381
377
372
363
376
381
376
378
379
372
369
359
375
375
369
375
370
372
380
374
385
388
375
373
376
382
377
389
375
378
368
371
375
369
380
369
378
379
363
384
384
372
396
388
385
370
383
370
374
372
382
379
370
383
375
375
370
370
380
385
369
368
378
372
389
375
381
374
386
367
370
387
372
377
374
371
384
372
390
384
371
372
364
368
375
368
389
380
380
369
363
376
377
383
381
381
388
378
375
386
381
377
378
366
384
373
396
366
377
374
385
387
377
375
374
376
372
377
368
377
372
390
381
379
374
366
378
377
374
370
376
375
365
374
378
378
368
387
376
369
364
373
380
388
368
374
366
380
374
370
377
365
366
373
379
369
387
394
370
369
370
373
374
380
370
386
385
380
373
374
372
382
380
376
379
371
375
394
380
381
378
385
376
384
374
376
381
375
381
366
370
374
374
385
385
363
369
367
369
380
378
383
380
380
370
376
384
382
379
374
356
368
372
364
378
369
380
385
377
377
375
373
375
383
392
391
379
378
383
384
376
390
368
380
374
380
377
371
380
383
390
382
377
375
369
369
369
381
367
373
380
374
358
389
364
381
375
374
374
377
384
366
386
376
388
375
391
381
393
387
375
382
370
367
380
376
376
362
388
378
376
381
374
382
387
387
360
376
363
375
366
381
371
376
376
380
374
387
373
373
373
374
383
390
362
363
382
372
375
374
369
380
380
366
376
383
377
379
370
371
377
361
379
382
377
376
385
366
365
388
376
383
376
365
373
378
379
380
372
373
369
386
363
377
382
379
386
372
387
387
386
369
375
387
371
386
362
374
380
364
376
377
387
375
365
385
372
362
372
384
368
381
377
374
368
366
371
379
376
375
384
374
370
382
378
387
363
389
375
376
375
375
376
384
377
389
376
369
369
376
388
384
385
377
381
386
381
372
384
374
373
389
372
383
380
365
373
371
378
364
369
370
373
379
379
383
379
384
371
380
376
387
380
381
381
370
368
373
368
381
373
381
379
388
377
387
383
381
387
375
381
385
385
380
366
375
382
372
386
375
386
382
379
375
377
384
372
366
367
370
371
381
378
370
382
378
387
383
367
384
380
380
373
384
381
372
367
390
382
381
375
375
378
374
374
384
379
377
382
377
375
378
382
375
384
375
378
379
379
367
384
379
360
375
378
373
375
378
386
366
364
376
377
380
370
377
381
388
374
379
382
373
376
366
379
372
375
380
359
366
372
368
370
370
364
365
378
372
376
375
384
373
386
380
377
378
389
383
371
378
380
383
369
391
381
363
382
383
373
363
373
387
375
374
378
366
372
371
389
377
382
382
378
384
370
378
386
377
379
378
367
383
389
385
364
376
378
382
377
372
362
382
377
378
381
380
368
380
388
373
387
384
386
382
383
369
375
382
384
374
379
382
381
372
371
377
374
376
369
381
373
385
377
384
391
393
376
387
387
371
382
373
369
365
383
361
376
374
373
371
376
363
379
370
382
376
378
389
369
370
383
377
369
380
380
372
380
388
378
360
377
380
380
375
387
382
371
379
377
374
380
384
380
374
382
377
385
375
380
385
373
369
390
373
361
378
378
374
374
371
375
374
378
366
373
378
373
378
377
380
377
379
379
367
383
372
372
381
375
368
383
380
385
374
381
381
370
367
374
382
383
377
380
386
381
390
371
385
380
376
379
382
380
374
386
377
379
379
381
380
371
381
378
371
380
373
387
381
389
373
368
388
380
376
378
375
374
385
382
383
385
381
374
378
382
375
369
383
380
375
382
390
390
378
383
385
375
381
385
381
372
374
372
392
387
385
382
384
364
381
395
388
391
378
372
386
377
375
374
391
376
379
376
377
385
384
380
376
375
388
376
385
370
381
389
373
385
374
371
392
378
371
376
376
382
367
392
376
387
383
390
379
373
380
385
372
386
374
377
377
379
382
383
374
375
380
365
381
378
373
376
382
375
378
366
383
392
389
378
376
371
374
376
377
376
386
383
381
374
375
381
377
376
387
381
383
378
384
385
380
375
387
377
389
384
377
373
368
381
384
382
376
394
386
387
379
376
372
394
378
369
372
385
380
383
389
380
380
386
378
363
374
371
374
360
374
373
384
374
376
378
371
377
393
368
377
366
373
375
381
372
390
376
380
382
369
382
388
366
377
374
393
390
395
383
372
382
379
382
390
385
381
371
388
368
373
388
383
380
386
386
381
372
388
393
391
383
378
374
378
372
388
380
381
385
387
382
386
381
383
384
396
391
388
379
382
385
384
363
384
383
376
380
380
387
387
370
382
380
371
382
380
381
375
371
379
380
378
381
383
374
386
382
370
373
370
388
380
382
393
378
381
380
378
387
389
380
383
376
391
377
374
375
389
386
386
385
401
392
396
394
392
390
376
370
376
373
390
372
389
376
376
382
372
382
384
385
390
372
391
391
387
373
384
383
379
391
390
392
370
373
385
381
382
383
399
387
383
384
383
384
385
383
374
383
385
377
384
380
386
384
390
385
381
370
372
387
377
383
379
377
374
390
388
396
382
387
389
397
386
390
381
394
392
390
379
372
390
383
386
379
385
383
382
389
382
388
386
380
382
385
381
386
381
386
395
384
378
388
403
394
386
386
399
385
384
378
385
390
391
399
383
391
380
381
394
385
382
376
391
399
402
394
376
375
387
391
393
385
381
389
386
391
392
391
396
387
382
379
398
389
396
393
387
385
392
386
393
392
395
389
392
387
393
384
383
391
387
389
390
381
373
393
388
392
389
388
382
393
388
391
383
397
392
388
385
388
387
393
400
387
390
393
391
382
387
376
385
391
382
393
387
386
386
393
395
394
396
393
391
386
380
380
393
384
387
392
402
386
390
391
402
396
388
395
389
390
388
393
400
381
398
389
388
377
391
389
393
390
386
391
388
397
388
384
393
388
386
392
390
391
384
388
391
389
384
393
395
400
399
388
395
388
393
392
377
400
397
394
397
393
395
398
401
399
398
395
400
399
394
398
402
391
404
403
393
397
389
389
395
391
387
391
398
390
397
397
405
389
394
400
395
395
395
397
389
388
381
394
388
394
401
388
397
409
412
404
397
397
399
403
395
402
407
401
394
391
392
398
394
396
398
392
393
392
398
397
399
396
401
400
396
406
396
390
398
398
397
389
399
396
403
405
396
401
389
399
404
402
400
396
395
397
391
400
406
397
405
402
389
399
399
408
395
395
397
402
399
400
409
402
395
403
396
404
400
399
404
402
408
407
406
404
405
399
396
391
398
400
402
399
400
404
406
399
395
405
406
406
404
403
407
409
412
405
400
395
400
408
408
407
403
403
405
400
406
399
398
399
403
400
402
407
404
408
409
409
395
389
411
403
413
412
407
404
410
410
407
408
404
403
400
405
412
413
407
402
407
406
399
407
405
410
408
407
405
408
417
405
407
414
413
404
406
412
402
404
404
401
405
412
407
414
414
405
406
407
411
409
417
416
417
414
415
418
409
416
408
412
405
407
407
409
406
414
414
403
407
408
410
410
413
414
411
413
407
413
412
413
411
413
410
410
410
410
406
407
404
409
410
410
418
418
415
416
413
414
411
416
418
415
412
409
413
413
410
412
410
407
408
414
411
414
418
413
413
410
411
410
413
411
409
413
408
412
410
413
413
408
412
417
416
417
414
413
412
413
415
417
412
413
414
416
418
420
416
413
409
411
411
417
416
412
411
414
411
413
411
409
417
415
418
418
419
418
419
420
418
417
417
420
418
418
417
421
422
422
424
422
419
422
420
424
421
418
420
418
422
418
419
420
417
420
420
420
420
422
420
419
423
421
419
421
423
421
425
419
424
424
422
420
415
418
420
420
419
418
421
422
423
421
423
421
425
428
428
425
426
427
427
426
425
424
425
426
422
425
424
423
420
422
420
420
423
422
422
423
420
422
422
424
426
427
426
423
422
422
421
420
424
423
425
426
426
426
426
426
427
425
425
426
423
422
422
421
424
423
425
424
424
424
421
424
422
420
422
423
422
423
425
425
426
426
426
426
422
424
424
425
426
426
424
425
426
427
427
426
426
426
426
429
429
427
427
427
427
426
427
428
428
428
428
426
426
426
423
421
424
425
427
426
425
425
426
425
425
426
426
427
427
428
427
427
427
427
428
428
429
428
429
429
429
428
429
429
429
428
428
428
428
428
427
427
427
428
428
427
428
427
427
428
428
427
428
428
427
428
428
428
428
428
429
429
428
428
428
427
429
428
429
429
429
428
429
429
429
429
429
427
426
426
424
425
426
426
426
425
426
426
426
427
427
428
428
428
428
428
428
428
428
428
429
429
429
429
429
429
429
429
429
429
429
429
429
429
429
429
429
429
429
429
429
429
429
429
429
429
429
429
429
428
428
428
428
427
427
426
427
426
426
428
429
429
429
429
429
429
429
429
429
429
429
429
429
429
429
429
429
429
429
429
429
429
429
429
429
429
429
429
429
429
429
429
429
429
429
429
429
429
429
429
429
429
429
429
429
429
429
429
429
429
429
429
429
429
429
429
429
428
429
429
429
429
429
429
429
429
429
429
429
429
429
428
429
429
429
429
429
429
429
429
429
429
429
429
429
429
429
429
429
429
429
429
429
429
429
429
429
429
429
429
429
429
429
429
429
429
429
429
429
429
429
429
429
429
429
429
429
429
429
429
429
429
429
429
429
429
429
429
429
429
429
429
429
429
429
429
429
429
429
429
429
429
429
429
429
429
429
429
429
429
429
429
429
429
429
429
429
429
429
429
429
429
429
429
429
429
429
429
429
429
429
429
429
429
429
429
429
429
429
429
429
429
429
429
429
429
429
429
429
429
429
429
429
429
429
429
429
429
429
429
429
429
429
429
429
429
429
429
429
429
429
429
429
429
429
429
429
429
429
429
429
429
429
429
429
429
429
429
429
429
429
429
429
429
429
429
429
429
429
429
429
429
429
429
429
429
429
429
429
429
429
429
429
429
429
429
429
429
429
429
429
429
429
429
429
429
429
429
429
429
429
429
429
429
429
429
429
429
429
429
429
429
429
429
429
429
429
429
429
429
429
429
429
429
429
429
429
429
429
429
429
429
429
429
429
429
429
429
429
429
429
429
429
429
429
429
429
429
429
429
429
429
429
429
429
429
429
429
429
429
429
429
429
429
429
429
429
429
429
429
429
429
429
429
429
429
429
429
429
429
429
429
429
429
429
429
429
429
429
429
429
429
429
429
429
429
429
429
429
429
429
429
429
429
429
429
429
429
429
429
429
429
429
429
429
429
429
429
429
429
429
429
429
429
429
429
429
429
429
429
429
429
429
429
429
429
429
429
429
429
429
429
429
429
429
429
429
429
429
429
429
429
429
429
429
429
429
429
429
429
429
429
429
429
429
429
429
429
429
429
429
429
429
429
429
429
429
429
429
429
429
429
429
429
429
429
429
429
429
429
429
429
429
429
429
429
429
429
429
429
429
429
429
429
429
429
429
429
429
429
429
429
429
429
429
429
429
429
429
429
429
429
429
429
429
429
429
429
429
429
429
429
429
429
429
429
429
429
429
429
429
429
429
429
429
429
429
429
429
429
429
429
429
