430
364
385
379
373
384
383
386
376
369
378
375
381
373
374
388
372
376
362
377
372
374
379
382
376
373
367
379
382
390
376
385
388
388
381
369
370
371
383
370
369
379
385
384
379
381
364
386
386
394
386
373
383
381
367
377
385
366
375
386
379
371
382
371
365
380
378
383
399
380
373
373
369
370
374
356
372
379
365
382
374
369
380
373
374
379
375
370
379
369
366
374
365
376
380
376
381
370
380
385
384
380
375
377
372
379
385
383
379
364
368
381
387
376
377
391
377
364
381
370
373
384
380
377
374
378
386
377
372
370
376
388
370
379
389
372
382
384
382
381
382
378
372
387
380
372
382
368
372
374
372
382
371
381
388
372
383
379
365
379
378
375
379
380
372
384
381
383
381
356
382
374
392
377
378
376
379
381
366
369
373
383
377
390
377
382
386
376
382
372
374
378
376
379
355
370
379
366
380
376
379
365
381
373
374
377
374
384
365
376
371
382
384
372
367
375
368
366
382
381
376
376
372
387
374
382
371
387
377
381
384
383
376
375
380
370
382
379
371
374
378
370
371
372
378
358
373
372
387
359
359
379
374
368
379
379
384
385
380
376
366
381
376
386
387
387
396
364
366
379
390
379
383
369
369
357
360
384
381
373
372
366
385
383
378
378
381
377
384
384
373
377
374
377
383
379
379
374
365
378
375
384
381
386
384
362
375
366
390
381
370
372
365
369
377
370
385
357
365
365
373
377
371
379
394
388
380
374
365
381
377
379
367
377
370
368
378
367
390
368
372
371
374
373
381
377
376
364
372
372
380
373
383
377
372
366
377
382
380
386
377
382
374
384
378
390
388
374
367
371
374
383
353
383
370
374
371
387
375
366
384
361
379
385
374
377
380
376
374
372
383
379
370
380
383
382
378
373
376
375
373
381
378
380
383
365
371
376
360
373
385
379
374
369
377
380
377
380
389
378
378
376
382
379
372
390
384
368
382
384
382
379
370
378
387
376
366
370
382
371
366
368
375
395
380
374
367
373
397
375
372
381
384
373
371
379
371
367
375
372
370
369
374
367
373
372
376
366
385
379
392
376
380
378
380
378
367
374
378
386
377
372
384
384
377
384
384
360
369
378
378
377
371
365
378
382
373
386
378
375
380
380
373
376
376
368
377
377
392
370
389
377
386
378
366
366
378
372
381
380
379
377
375
384
374
377
367
373
373
375
373
365
382
369
369
374
378
376
373
372
377
383
362
383
371
385
368
385
383
375
380
383
381
375
375
388
390
383
376
378
374
384
373
387
365
371
374
381
378
371
381
374
372
372
379
383
377
376
371
385
387
369
369
375
368
383
372
379
386
376
390
381
369
375
378
370
377
381
384
370
379
379
379
372
376
379
376
380
370
380
361
378
361
371
379
366
382
377
377
377
380
371
364
371
381
390
364
380
362
382
382
376
373
373
366
364
380
380
374
379
381
381
382
373
389
368
377
384
384
386
379
378
382
388
382
380
385
380
385
386
376
377
394
367
379
368
378
382
386
390
388
377
375
382
373
384
372
378
378
383
377
386
371
380
382
387
381
371
371
365
377
366
375
383
384
373
388
359
379
383
378
371
369
374
379
380
376
378
377
379
384
379
369
379
378
366
380
384
377
389
387
364
379
380
376
383
371
379
377
378
382
367
380
368
375
381
374
372
374
374
378
381
378
371
380
377
370
382
376
383
369
373
366
369
381
373
358
382
379
380
380
377
376
370
378
393
381
378
380
381
384
378
379
387
377
386
374
371
391
386
381
381
385
379
360
384
371
388
389
370
385
378
395
379
371
374
378
375
373
386
376
385
384
377
378
386
367
375
370
372
376
383
370
386
377
372
385
374
386
378
369
378
382
378
370
389
383
382
379
384
377
372
384
382
384
381
372
384
375
372
380
368
371
378
381
375
380
368
383
381
378
372
383
386
375
381
372
378
377
383
385
374
374
368
373
373
378
380
387
389
387
372
382
391
384
383
384
386
378
373
387
392
385
387
371
389
394
389
374
377
374
383
394
375
369
372
383
389
387
378
378
382
376
386
394
373
382
384
380
384
386
384
374
376
389
368
376
366
385
374
366
378
369
391
382
373
381
377
387
377
387
390
379
386
385
380
381
390
381
380
377
381
384
384
375
378
375
376
384
379
382
390
387
375
389
374
375
379
383
372
385
378
385
393
376
391
387
372
393
393
390
381
373
370
380
388
394
388
380
388
372
384
385
382
381
374
371
390
382
378
373
378
382
382
384
401
381
384
373
398
389
386
392
386
385
384
370
381
378
377
374
386
389
379
377
381
379
382
378
377
376
385
380
379
375
380
380
378
378
393
385
375
386
392
394
383
376
383
378
376
377
372
385
377
392
387
392
372
373
382
389
389
392
385
384
386
373
375
388
399
379
374
373
379
387
382
384
386
391
379
378
371
375
379
398
387
372
389
381
391
390
395
381
373
372
379
381
392
380
393
386
379
375
389
383
384
389
380
387
375
380
375
385
383
383
382
388
387
385
383
378
373
379
386
380
376
381
397
392
395
389
388
386
386
400
379
383
392
378
378
395
372
387
388
380
384
387
369
382
390
380
386
388
390
390
392
379
393
388
381
400
376
392
390
396
395
387
377
384
381
376
384
387
383
392
401
389
380
392
383
376
380
381
386
378
383
387
393
394
378
377
380
388
390
380
391
396
379
376
390
382
380
387
385
396
383
386
385
391
386
389
387
391
381
385
385
388
386
382
384
398
389
371
381
393
388
390
368
379
381
379
393
380
381
382
368
386
388
394
388
392
377
388
386
384
372
372
382
390
397
387
391
395
391
376
387
384
381
382
387
393
384
395
383
375
381
384
387
382
402
391
388
400
399
386
385
382
392
387
405
401
393
385
390
388
394
393
391
385
396
390
394
390
389
381
384
400
394
376
394
391
398
401
387
394
383
397
389
386
374
382
392
394
381
384
394
392
402
402
392
387
390
384
381
388
391
394
400
385
379
381
384
397
404
389
387
391
390
387
401
401
393
393
393
387
399
388
391
396
388
390
393
391
387
392
389
392
394
392
399
392
391
392
395
381
382
377
382
388
392
383
403
395
393
381
399
399
396
393
392
397
396
401
399
398
399
389
391
394
404
394
388
393
396
408
399
401
395
395
398
393
397
397
400
393
402
398
403
394
394
396
392
387
392
400
398
396
386
387
398
397
398
405
398
399
401
391
397
406
398
395
396
402
405
394
400
395
392
395
406
399
401
397
392
398
393
405
404
392
399
393
400
405
396
402
403
404
398
399
402
396
402
402
396
395
393
394
394
401
397
400
404
408
400
406
402
403
398
394
389
399
397
399
392
389
402
406
408
399
390
392
401
401
410
393
395
394
409
394
400
389
390
398
406
400
397
399
401
393
404
398
402
399
393
401
400
409
408
404
411
407
402
409
410
400
396
403
399
404
408
410
403
403
405
400
407
406
406
408
401
399
407
409
402
404
399
407
412
413
407
406
410
410
412
406
410
408
410
406
404
402
400
401
398
393
401
406
412
409
413
408
403
403
409
411
410
409
408
394
406
403
405
410
404
407
410
412
411
408
416
415
415
412
417
416
410
404
409
404
409
401
415
415
409
406
406
408
413
405
409
410
407
402
406
411
415
413
414
417
415
415
413
416
420
421
413
413
412
416
412
409
407
415
409
412
413
417
415
414
410
409
405
412
416
412
409
414
410
411
411
414
413
413
410
414
414
412
407
409
410
409
411
416
415
409
410
418
419
412
412
412
411
413
412
412
410
411
412
417
416
412
412
413
414
415
417
418
420
419
421
422
422
419
418
416
418
417
417
419
420
421
419
415
411
413
415
421
423
421
416
416
416
416
416
412
413
417
418
420
420
420
419
417
417
420
421
417
419
421
418
414
412
415
412
413
417
421
422
420
419
421
421
423
419
421
420
419
421
422
423
422
424
423
425
422
421
423
421
417
422
421
421
421
420
423
420
422
423
424
423
422
422
421
421
418
419
416
418
420
419
419
420
422
423
421
422
424
423
423
423
423
424
424
422
423
423
424
425
423
422
423
423
423
425
424
426
427
427
424
425
424
426
426
426
426
426
424
424
424
423
423
425
424
422
425
426
424
425
425
426
426
426
427
427
425
425
425
425
425
422
420
420
421
422
425
425
426
425
424
425
428
428
428
427
426
427
427
427
425
426
426
427
425
425
424
424
426
427
426
423
424
424
424
424
426
426
426
427
427
426
425
426
426
426
426
425
425
425
426
426
427
426
425
425
425
426
427
427
428
428
428
428
427
427
427
428
427
428
428
427
428
428
427
428
427
427
428
427
427
428
427
427
427
427
427
427
427
428
428
428
428
428
428
427
428
428
428
428
428
427
427
426
426
427
427
427
427
427
427
427
427
427
428
428
428
427
428
428
428
427
428
428
428
428
428
428
428
428
428
427
428
428
428
428
428
428
428
428
428
428
428
428
428
428
428
428
428
428
428
428
428
428
428
428
428
428
428
428
428
428
428
428
428
428
428
428
428
428
428
428
428
428
429
429
429
429
429
429
429
429
429
429
429
429
429
428
428
428
429
429
429
429
428
428
428
428
428
428
428
429
429
429
429
429
429
429
429
429
429
429
428
429
429
429
429
429
429
429
429
429
429
429
429
429
429
429
429
429
429
429
429
429
429
429
429
429
428
429
429
429
429
429
429
429
429
429
429
429
429
429
429
429
429
429
429
429
429
429
429
429
429
429
429
429
429
429
429
429
429
429
429
429
429
429
429
429
429
429
429
429
429
429
429
429
429
429
429
429
429
429
429
429
429
429
429
429
429
429
429
429
429
429
429
429
429
429
429
429
429
429
429
429
429
429
429
429
429
429
429
429
429
429
429
429
429
429
429
429
429
429
429
429
429
429
429
429
429
429
429
429
429
429
429
429
429
429
429
429
429
429
429
429
429
429
429
429
429
429
429
429
429
429
429
429
429
429
429
429
429
429
429
429
429
429
429
429
429
429
429
429
429
429
429
429
429
429
429
429
429
429
429
429
429
429
429
429
429
429
429
429
429
429
429
429
429
429
429
429
429
429
429
429
429
429
429
429
429
429
429
429
429
429
429
429
429
429
429
429
429
429
429
429
429
429
429
429
429
429
429
429
429
429
429
429
429
429
429
429
429
429
429
429
429
429
429
429
429
429
429
429
429
429
429
429
429
429
429
429
429
429
429
429
429
429
429
429
429
429
429
429
429
429
429
429
429
429
429
429
429
429
429
429
429
429
429
429
429
429
429
429
429
429
429
429
429
429
429
429
429
429
429
429
429
429
429
429
429
429
429
429
429
429
429
429
429
429
429
429
429
429
429
429
429
429
429
429
429
429
429
429
429
429
429
429
429
429
429
429
429
429
429
429
429
429
429
429
429
429
429
429
429
429
429
429
429
429
429
429
429
429
429
429
429
429
429
429
429
429
429
429
429
429
429
429
429
429
429
429
429
429
429
429
429
429
429
429
429
429
429
429
429
429
429
429
429
429
429
429
429
429
429
429
429
429
429
429
429
429
429
429
429
429
429
429
429
429
429
429
429
429
429
429
429
429
429
429
429
429
429
429
429
429
429
429
429
429
429
429
429
429
429
429
429
429
429
429
429
429
429
429
429
429
429
429
429
429
429
429
429
429
429
