430
364
366
370
371
370
365
377
385
382
377
375
388
384
378
367
390
375
369
371
376
382
379
363
378
371
368
377
387
383
375
367
382
376
382
375
382
383
367
375
378
374
379
378
375
388
382
373
376
376
380
373
374
380
369
368
371
377
382
381
367
378
374
368
377
381
379
385
366
366
376
390
392
378
377
361
378
389
394
380
370
370
389
383
380
380
382
380
382
375
381
377
380
373
379
375
369
387
385
388
382
373
374
378
367
375
378
373
365
378
383
377
376
364
375
370
372
366
386
387
372
369
386
368
370
380
379
383
384
382
369
389
373
381
371
373
375
380
366
385
378
370
375
367
371
359
378
365
385
388
375
382
377
372
371
375
383
379
382
382
386
379
379
372
379
375
381
377
375
370
370
380
381
374
390
385
380
375
373
378
372
388
394
385
372
371
385
385
381
370
373
384
391
382
376
373
383
381
380
373
384
369
379
382
370
375
372
378
374
369
370
367
377
385
377
374
385
374
367
376
371
368
378
380
367
375
379
370
385
366
383
379
373
380
377
369
365
376
377
379
384
381
378
380
386
377
388
368
372
378
371
384
370
378
389
395
379
384
380
377
387
382
384
380
369
368
374
379
381
374
389
378
380
374
391
369
385
378
370
381
369
380
376
369
365
365
384
362
372
386
380
379
384
377
384
383
384
372
371
390
393
369
381
363
381
374
381
374
382
377
382
377
368
369
365
359
370
373
374
384
374
376
381
369
378
372
384
374
375
379
381
377
374
373
372
380
371
369
384
378
372
388
384
381
361
379
375
373
372
383
368
366
378
377
377
373
374
366
362
376
370
372
388
384
383
383
378
383
373
365
381
373
376
376
388
373
373
375
385
374
376
358
386
381
391
382
386
373
382
390
373
385
382
373
362
368
382
386
388
383
382
382
380
373
379
372
376
372
372
378
379
384
386
386
380
369
367
387
367
366
382
384
380
367
378
369
381
376
375
377
379
385
371
379
379
372
370
378
381
373
375
378
390
381
378
366
375
379
375
372
374
372
369
365
371
371
391
374
383
387
369
376
376
381
376
379
388
376
386
367
382
373
386
383
381
379
375
387
387
377
384
385
365
376
362
373
374
372
376
377
386
367
368
382
386
392
382
374
375
370
372
371
377
367
366
376
383
375
380
375
377
378
382
386
377
374
383
376
383
372
382
377
382
369
378
379
378
387
381
376
368
394
392
368
370
383
382
376
376
381
382
373
384
385
384
383
382
382
385
380
388
374
376
382
374
371
380
379
384
368
384
374
356
374
384
381
386
374
377
380
362
371
383
385
382
380
373
369
365
380
378
373
380
373
374
382
377
367
398
368
388
366
385
378
389
375
369
369
372
370
380
377
387
378
393
386
386
374
382
368
380
369
380
383
361
373
374
388
374
380
377
390
386
372
364
375
384
386
380
380
373
392
383
372
378
367
378
379
381
380
368
372
379
372
383
381
365
374
382
366
379
386
378
373
379
376
373
373
383
384
387
378
371
374
373
382
376
378
376
379
367
382
387
365
380
379
373
370
372
382
376
374
371
378
367
371
387
372
372
375
374
365
372
374
377
367
386
372
371
382
366
382
369
378
373
391
373
383
375
384
390
383
371
388
370
383
372
384
383
380
378
380
364
378
374
385
381
380
385
383
379
378
384
376
372
377
368
375
382
383
387
362
388
384
378
383
376
382
396
386
380
371
374
378
372
380
381
383
380
369
394
379
379
374
378
366
372
385
380
379
379
384
383
389
388
380
386
383
376
375
374
385
369
374
370
366
372
379
386
379
380
381
367
379
386
372
376
379
376
373
382
378
380
366
373
368
372
379
387
380
371
386
380
381
382
373
376
374
377
382
382
379
386
384
383
369
378
376
371
383
372
376
379
379
385
389
369
375
372
377
383
373
374
383
389
378
382
385
384
390
382
377
383
383
383
385
385
361
391
371
384
383
380
373
380
382
377
378
383
373
388
377
377
387
369
385
378
386
390
384
382
387
369
377
378
387
360
377
375
373
370
385
377
380
391
372
383
386
386
375
373
383
384
376
389
367
380
366
390
388
380
380
377
380
378
388
384
375
365
384
380
385
374
381
382
385
378
382
381
385
389
378
374
379
389
383
381
381
391
387
383
373
373
386
384
378
389
383
382
379
391
370
370
379
381
386
381
381
385
383
385
389
384
385
374
384
380
383
376
386
375
386
383
385
376
377
386
385
376
379
385
367
382
374
386
388
384
378
383
369
392
397
389
374
358
381
373
390
382
386
380
369
376
391
385
384
394
380
380
377
386
375
384
388
387
381
384
389
387
374
386
382
383
379
382
374
389
376
368
378
382
377
378
387
386
383
384
382
390
386
375
368
371
378
379
372
389
377
381
393
386
387
389
380
375
382
386
374
375
379
370
368
381
386
385
379
370
393
377
376
379
383
382
380
385
364
391
385
387
384
383
382
384
383
381
385
388
382
391
382
378
378
385
383
373
382
383
371
386
379
390
390
378
386
382
390
384
379
388
386
375
385
397
394
378
388
384
387
381
384
378
378
374
378
389
385
386
383
384
370
378
397
370
389
380
375
377
387
380
388
390
381
386
379
382
387
387
391
378
383
395
396
384
383
386
376
363
394
389
376
374
379
380
389
392
404
388
379
379
388
387
379
376
383
388
393
391
387
392
377
385
378
389
387
385
387
391
375
389
393
377
388
395
384
385
387
382
375
381
391
380
373
383
396
385
381
370
385
394
398
387
394
388
375
387
374
390
385
380
397
387
392
383
370
385
384
377
385
397
403
387
396
395
393
385
390
395
383
387
380
398
374
397
394
397
397
391
383
383
385
391
393
385
399
392
388
393
390
381
395
399
378
401
403
389
392
392
394
379
389
395
385
386
389
387
381
395
387
389
387
397
381
396
387
391
383
386
389
394
396
391
390
376
396
396
396
391
386
388
395
387
388
391
389
388
392
392
388
387
387
387
392
394
398
398
386
383
399
409
394
401
384
392
393
391
403
394
399
392
394
399
397
382
388
381
392
395
392
381
400
394
400
397
398
380
388
383
384
394
398
388
388
390
390
388
397
403
396
390
397
392
399
395
400
394
398
391
397
397
402
401
390
396
396
402
401
388
396
402
388
395
396
394
390
388
385
399
384
399
393
403
394
397
409
401
409
401
397
400
394
395
407
395
391
393
398
400
399
395
396
385
397
397
394
392
398
405
392
395
398
387
395
393
407
397
388
395
394
396
400
403
406
393
402
398
397
397
396
400
392
391
392
399
395
394
394
399
399
390
401
397
403
400
401
394
396
397
403
400
399
393
399
401
400
406
393
398
381
401
409
402
396
405
400
399
393
396
403
396
407
404
397
404
405
397
403
400
399
397
390
396
408
402
408
397
401
403
406
407
408
402
411
400
400
406
394
405
402
399
400
407
407
412
411
404
407
408
406
405
408
407
409
409
406
402
403
409
407
404
399
404
409
403
403
401
402
401
407
406
410
414
407
410
403
408
405
400
400
402
410
406
403
400
408
404
402
410
406
406
410
411
409
404
409
409
410
413
408
408
412
410
412
408
412
408
408
406
404
408
409
406
405
409
409
413
406
411
412
405
409
409
408
409
406
409
417
415
413
412
412
415
414
412
413
414
412
412
413
408
412
410
415
410
412
411
410
412
404
407
403
408
417
414
414
413
415
414
409
412
414
412
414
412
414
414
412
416
407
408
415
412
415
411
410
414
411
408
406
410
415
414
412
411
415
418
415
419
417
410
415
415
412
414
413
415
419
419
420
419
418
422
420
423
421
418
417
420
418
413
417
420
419
421
414
412
418
416
413
417
415
412
409
418
418
421
418
419
420
415
415
414
413
415
416
417
420
422
419
417
421
417
414
420
418
419
420
415
418
418
418
418
412
412
413
416
409
414
417
420
417
420
417
419
419
416
416
415
421
420
421
420
423
423
423
421
422
421
423
422
423
422
420
424
423
424
422
423
425
423
421
422
423
422
422
421
420
422
419
424
424
422
425
425
423
421
418
422
421
422
424
423
424
426
427
426
426
425
427
426
427
427
426
428
426
426
425
425
425
426
426
427
427
426
427
427
426
427
427
425
425
426
426
426
425
425
425
425
426
425
425
424
426
426
426
426
426
428
428
428
428
428
428
428
427
426
425
426
427
426
426
426
426
426
428
428
429
428
428
427
427
427
427
425
426
427
428
428
428
427
427
427
428
425
427
427
426
426
426
426
427
427
427
428
428
428
427
427
427
427
425
425
427
426
426
426
427
427
428
427
426
426
427
427
426
426
426
426
426
426
426
424
424
424
424
424
424
425
425
425
425
424
425
426
426
427
427
427
426
425
426
426
426
426
426
427
427
427
428
428
428
428
428
428
428
428
427
428
428
428
428
428
428
428
427
427
428
428
428
428
428
428
428
428
428
428
428
428
428
428
428
428
428
428
428
428
428
428
428
428
428
427
427
427
428
428
428
428
428
428
428
428
428
428
428
428
428
428
428
428
428
428
428
428
428
427
427
427
428
428
428
428
428
428
428
428
428
428
428
428
428
428
428
428
429
429
429
429
429
429
428
428
428
428
428
429
429
429
429
429
429
429
429
429
429
429
429
429
429
429
429
429
429
429
429
429
429
429
429
429
429
429
429
429
429
429
429
429
429
429
429
429
429
429
429
429
429
429
429
429
429
429
429
429
429
429
429
429
429
429
429
429
429
429
429
429
429
429
429
429
429
429
429
429
429
429
429
429
429
429
429
429
429
429
429
429
429
429
429
429
429
429
429
429
429
429
429
429
429
429
429
429
429
429
429
429
429
429
429
429
429
429
429
429
429
429
429
429
429
429
429
429
429
429
429
429
429
429
429
429
429
429
429
429
429
429
429
429
429
429
429
429
429
429
429
429
429
429
429
429
429
429
429
429
429
429
429
429
429
429
429
429
429
429
429
429
429
429
429
429
429
429
429
429
429
429
429
429
429
429
429
429
429
429
429
429
429
429
429
429
429
429
429
429
429
429
429
429
429
429
429
429
429
429
429
429
429
429
429
429
429
429
429
429
429
429
429
429
429
429
429
429
429
429
429
429
429
429
429
429
429
429
429
429
429
429
429
429
429
429
429
429
429
429
429
429
429
429
429
429
429
429
429
429
429
429
429
429
429
429
429
429
429
429
429
429
429
429
429
429
429
429
429
429
429
429
429
429
429
429
429
429
429
429
429
429
429
429
429
429
429
429
429
429
429
429
429
429
429
429
429
429
429
429
429
429
429
429
429
429
429
429
429
429
429
429
429
429
429
429
429
429
429
429
429
429
429
429
429
429
429
429
429
429
429
429
429
429
429
429
429
429
429
429
429
429
429
429
429
429
429
429
429
429
429
429
429
429
429
429
429
429
429
429
429
429
429
429
429
429
429
429
429
429
429
429
429
429
429
429
429
429
429
429
429
429
429
429
429
429
429
429
429
429
429
429
429
429
429
429
429
429
429
429
429
429
429
429
429
429
429
429
429
429
429
429
429
429
429
429
429
429
429
429
429
429
429
429
429
429
429
429
429
429
429
429
429
429
429
429
429
429
429
429
429
429
429
429
429
429
429
429
429
429
429
429
429
429
429
429
429
429
429
429
429
429
429
429
429
429
429
429
429
429
429
429
429
429
429
429
429
429
