430
363
370
374
372
373
376
372
369
378
373
376
374
379
375
382
382
361
373
376
385
367
366
361
377
380
384
378
370
386
381
379
375
368
389
374
383
371
382
380
383
378
369
385
370
382
375
387
370
372
380
372
394
381
371
375
380
377
382
379
372
381
372
376
373
382
381
370
371
378
384
368
369
379
379
373
373
372
380
381
382
373
377
382
374
382
383
373
371
372
373
374
372
374
370
371
380
379
383
380
383
377
376
378
380
367
371
378
378
363
357
372
374
377
386
385
381
371
375
366
360
371
372
371
377
390
373
377
358
378
378
387
382
378
369
378
389
375
388
381
377
384
368
379
381
375
378
373
366
375
367
376
368
378
381
385
376
366
383
370
363
375
374
381
379
384
377
377
378
369
369
369
369
379
387
380
380
378
380
375
388
374
388
387
377
376
378
376
382
364
375
377
383
377
378
367
372
381
368
378
375
364
379
385
357
371
385
370
373
377
378
386
383
375
389
372
368
383
384
375
364
373
369
384
379
373
381
381
383
368
360
379
360
377
378
385
380
375
366
378
381
378
398
375
372
373
370
376
385
382
387
377
369
374
378
380
376
378
370
381
377
376
378
376
373
381
376
374
381
378
389
391
383
374
368
372
370
369
380
382
361
371
369
377
369
376
370
379
373
374
384
376
390
369
385
370
377
381
378
380
374
379
387
377
381
373
374
364
378
379
387
387
388
375
382
379
380
381
376
377
377
384
379
379
376
378
390
373
379
387
379
371
365
380
382
384
366
377
365
384
378
376
378
370
387
381
379
368
364
382
384
377
389
385
384
374
387
368
372
378
372
371
379
383
375
379
378
382
366
379
384
373
369
377
387
387
378
369
379
381
388
381
367
372
380
376
382
368
371
384
390
372
368
373
366
384
380
382
377
384
371
368
380
375
373
380
377
372
384
379
371
379
367
380
373
372
385
375
386
376
382
385
386
360
371
370
369
386
376
377
366
373
379
390
374
386
368
390
369
378
367
371
375
385
375
378
384
387
383
388
369
368
371
380
385
378
380
380
382
390
383
389
376
375
363
372
371
379
382
388
378
380
382
377
381
375
376
385
372
379
382
375
378
377
382
376
368
376
380
376
385
381
369
388
384
372
375
371
371
382
371
378
388
373
375
379
384
374
386
383
360
373
373
388
374
365
383
381
380
359
371
385
371
377
365
372
380
381
380
368
366
381
375
373
373
364
375
372
368
383
376
380
377
376
378
365
373
363
375
381
379
364
372
389
379
376
375
370
385
374
371
377
379
372
367
366
369
378
374
385
388
381
378
385
366
374
370
381
375
391
375
381
380
376
377
372
379
358
385
390
381
382
364
385
382
375
375
366
370
373
381
370
376
379
376
375
376
369
377
381
374
374
383
374
383
375
372
382
367
377
389
382
370
384
372
379
380
374
365
375
385
373
375
384
384
384
379
375
366
391
362
381
380
365
375
374
372
372
389
377
374
364
375
385
370
385
375
373
380
388
381
379
390
394
379
382
382
373
366
377
372
369
380
372
364
371
374
373
375
387
378
374
379
387
385
381
379
372
374
373
393
382
379
387
379
380
382
380
382
366
378
382
371
369
379
367
380
382
359
372
389
372
368
373
374
377
376
374
377
372
381
370
375
381
380
383
383
386
373
367
375
387
377
387
380
368
370
385
380
373
385
368
385
376
379
369
358
376
380
382
376
381
385
377
381
375
379
386
379
377
366
367
379
380
375
384
366
383
372
382
381
385
380
367
375
374
383
378
370
376
366
368
367
378
379
384
380
375
386
364
376
385
377
369
376
364
373
374
384
376
370
385
372
373
379
385
371
381
377
362
380
391
373
374
375
382
385
369
372
378
381
366
364
370
369
376
371
378
378
373
384
367
370
378
370
383
381
363
366
375
376
382
374
371
361
380
386
377
375
373
370
380
383
383
385
373
377
368
363
361
380
364
374
379
376
380
388
380
385
368
383
381
384
366
375
361
379
372
383
368
373
392
365
368
378
372
382
373
369
380
373
382
375
378
378
382
388
366
379
377
382
375
363
372
380
379
375
383
365
382
372
375
383
378
386
374
380
387
379
376
376
367
377
383
372
384
376
378
370
394
379
377
384
376
381
381
380
378
386
374
379
376
383
370
382
376
384
380
372
383
380
373
378
380
376
374
379
380
376
373
375
378
385
365
374
374
384
381
378
380
382
388
371
372
376
380
375
376
378
374
380
377
377
373
378
388
394
378
367
373
392
371
378
378
375
375
380
381
375
370
371
353
371
381
366
379
377
356
375
363
383
389
382
385
384
380
369
367
375
371
377
389
371
383
380
374
368
377
380
369
366
379
382
374
370
376
382
380
375
370
378
378
370
375
385
387
380
385
378
376
381
375
383
380
389
379
375
377
363
384
381
369
379
373
376
369
375
377
375
365
367
375
379
367
386
379
383
372
376
383
371
378
380
374
383
374
373
375
378
375
376
376
378
375
377
377
367
382
373
379
381
373
373
378
380
377
375
386
369
368
374
378
375
383
385
371
379
382
380
377
366
374
381
376
375
376
377
372
364
386
374
370
375
385
376
373
378
375
383
383
367
374
375
383
383
380
375
382
376
383
384
380
386
366
366
379
379
379
374
383
384
379
373
374
370
369
374
374
388
391
377
378
372
379
378
388
378
386
362
379
374
383
378
372
373
378
364
370
384
371
382
371
374
374
365
372
380
385
374
389
384
375
363
375
376
370
373
372
365
381
383
377
383
371
385
374
375
369
374
372
365
373
392
377
382
379
372
359
382
382
394
381
375
369
389
373
376
386
365
376
390
378
366
378
379
374
383
389
381
371
373
368
402
419
421
422
424
424
426
427
427
427
427
427
427
427
427
428
428
428
428
428
428
428
428
428
428
428
428
428
428
428
428
428
428
428
428
428
428
428
428
428
428
428
428
428
428
428
428
428
428
428
428
428
428
428
428
428
428
428
428
428
428
428
428
428
428
428
428
428
428
428
428
428
428
428
428
428
428
428
428
428
428
428
428
428
428
428
428
428
428
428
428
428
428
428
428
428
428
428
428
428
428
428
428
428
428
428
428
428
428
428
428
428
428
428
428
428
428
428
428
428
428
428
428
428
428
428
428
428
428
428
428
428
428
428
428
428
428
428
428
428
428
428
428
428
428
428
428
428
428
428
428
428
428
428
428
428
428
428
428
428
428
428
428
428
428
428
428
428
428
428
428
428
428
428
428
428
428
428
428
428
428
428
428
428
428
428
428
428
428
428
428
428
428
428
428
428
428
428
428
428
428
428
428
428
428
428
428
428
428
428
428
428
428
428
428
428
428
428
428
428
428
428
428
428
428
428
428
428
428
428
428
428
428
428
428
428
428
428
428
428
428
428
428
428
428
428
428
428
428
428
428
428
428
428
428
428
428
428
428
428
428
428
428
428
428
428
428
428
428
428
428
428
428
428
428
428
428
428
428
428
428
428
428
428
428
428
428
428
428
428
428
428
428
428
428
428
428
428
428
428
428
428
428
428
428
428
428
428
428
428
428
428
428
428
428
428
428
428
428
428
428
428
428
428
428
428
428
428
428
428
428
428
428
428
428
428
428
428
428
428
428
428
428
428
428
428
428
428
428
428
428
428
428
428
428
428
428
428
428
428
428
428
428
428
428
428
428
428
428
428
428
428
428
428
428
428
428
428
428
428
428
428
428
428
428
428
428
428
428
428
428
428
428
428
428
428
428
428
428
428
428
428
428
428
428
428
428
428
428
428
428
428
428
428
428
428
428
428
428
428
428
428
428
428
428
428
428
428
428
428
428
428
428
428
428
428
428
428
428
428
428
428
428
428
428
428
428
428
428
428
428
428
428
428
428
428
428
428
428
428
428
428
428
428
428
428
428
428
428
428
428
428
428
428
428
428
428
428
428
428
428
428
428
428
428
428
428
428
428
428
428
428
428
428
428
428
428
428
428
428
428
428
428
428
428
428
428
428
428
428
428
428
428
428
428
428
428
428
428
428
428
428
428
428
428
428
428
428
428
428
428
428
428
428
428
428
428
428
428
428
428
428
428
428
428
428
428
428
428
428
428
428
428
428
428
428
428
428
428
428
428
428
428
428
428
428
428
428
428
428
428
428
428
428
428
428
428
428
428
428
428
428
428
428
428
428
428
428
428
428
428
428
428
428
428
428
428
428
428
428
428
428
428
428
428
428
428
428
428
428
428
428
428
428
428
428
428
428
428
428
428
428
428
428
428
428
428
428
428
428
428
428
428
428
428
428
428
428
428
428
428
428
428
428
428
428
428
428
428
428
428
428
428
428
428
428
428
428
428
428
428
428
428
428
428
428
428
428
428
428
428
428
428
428
428
428
428
428
428
428
428
428
428
428
428
428
428
428
428
428
428
428
428
428
428
428
428
428
428
428
428
428
428
428
428
428
428
428
428
428
428
428
428
428
428
428
428
428
428
428
428
428
428
428
428
428
428
428
428
428
428
428
428
428
428
428
428
428
428
428
428
428
428
428
428
428
428
428
428
428
428
428
428
428
428
428
428
428
428
428
428
428
428
428
428
428
428
428
428
428
428
428
428
428
428
428
428
428
428
428
428
428
428
428
428
428
428
428
428
428
428
428
428
428
428
428
428
428
428
428
428
428
428
428
428
428
428
428
428
428
428
428
428
428
428
428
428
428
428
428
428
428
428
428
428
428
428
428
428
428
428
428
428
428
428
428
428
428
428
428
428
428
428
428
428
428
428
428
428
428
428
428
428
428
428
428
428
428
428
428
428
428
428
428
428
428
428
428
428
428
428
428
428
428
428
428
428
428
428
428
428
428
428
428
428
428
428
428
428
428
428
428
428
428
428
428
428
428
428
428
428
428
428
428
428
428
428
428
428
428
428
428
428
428
428
428
428
428
428
428
428
428
428
428
428
428
428
428
428
428
428
428
428
428
428
428
428
428
428
428
428
428
428
428
428
428
428
428
428
428
428
428
428
428
428
428
428
428
428
428
428
428
428
428
428
428
428
428
428
428
428
428
428
428
428
428
428
428
428
428
428
428
428
428
428
428
428
428
428
428
428
428
428
428
428
428
428
428
428
428
428
428
428
428
428
428
428
428
428
428
428
428
428
428
428
428
428
428
428
428
428
428
428
428
428
428
428
428
428
428
428
428
428
428
428
428
428
428
428
428
428
428
428
428
428
428
428
428
428
428
428
428
428
428
428
428
428
428
428
428
428
428
428
428
428
428
428
428
428
428
428
428
428
428
428
428
428
428
428
428
428
428
428
428
428
428
428
428
428
428
428
428
428
428
428
428
428
428
428
428
428
428
428
428
428
428
428
428
428
428
428
428
428
428
428
428
428
428
428
428
428
428
428
428
428
428
428
428
428
428
428
428
428
428
428
428
428
428
428
428
428
428
428
428
428
428
428
428
428
428
428
428
428
428
428
428
428
428
428
428
428
428
428
428
428
428
428
428
428
428
428
428
428
428
428
428
428
428
428
428
428
428
428
428
428
428
428
428
428
428
428
428
428
428
428
428
428
428
428
428
428
428
428
428
428
428
428
428
428
428
428
428
428
428
428
428
428
428
428
428
428
428
428
428
428
428
428
428
428
428
428
428
428
428
428
428
428
428
428
428
428
428
428
428
428
428
428
428
428
