430
366
368
363
379
383
368
388
374
387
386
377
375
378
385
373
372
388
375
376
373
367
365
369
378
371
385
365
373
377
385
371
381
377
373
378
389
379
381
371
372
372
362
370
375
381
385
375
357
361
376
379
380
376
377
376
380
367
382
378
391
386
388
373
387
361
375
381
374
380
386
386
386
376
368
370
378
383
370
367
366
375
370
372
380
370
376
382
378
380
380
380
383
378
373
387
377
373
387
379
381
377
383
387
374
363
366
363
380
369
370
379
375
385
373
385
380
385
383
361
368
369
376
375
373
370
368
383
376
364
371
383
388
372
379
371
373
381
380
369
376
371
362
383
360
378
375
390
375
383
372
365
377
379
380
378
377
369
380
383
380
374
373
367
371
376
375
374
389
375
369
383
387
391
359
376
380
387
377
377
378
367
376
368
364
368
370
376
367
383
374
372
375
389
384
379
370
376
362
379
384
373
367
365
372
372
379
386
385
377
373
357
380
378
385
377
376
365
384
383
380
384
363
367
373
387
375
378
384
383
380
378
367
368
378
377
375
385
374
383
383
381
382
384
373
368
377
378
371
371
383
366
377
376
373
375
393
377
366
378
383
377
382
375
365
380
384
380
384
386
360
380
370
376
369
383
381
375
385
372
384
386
390
370
386
380
362
371
385
377
380
370
374
377
377
374
372
378
383
377
379
373
371
380
371
380
364
376
375
379
384
368
366
367
377
379
368
379
381
395
375
367
376
391
375
366
372
374
378
382
380
374
372
380
389
373
379
369
376
368
369
376
382
375
376
378
375
373
374
376
380
384
377
381
374
380
376
374
386
375
370
379
383
386
372
360
381
354
387
373
384
364
369
375
379
380
372
379
366
373
369
389
377
374
379
365
372
383
385
379
372
375
372
371
378
377
369
373
379
378
384
376
376
366
374
376
382
375
367
369
371
366
380
383
379
383
378
383
380
382
367
370
365
370
368
378
384
375
374
380
386
375
382
377
371
382
384
378
371
375
373
383
372
372
375
371
381
378
378
385
372
384
365
370
367
368
381
379
390
376
377
371
372
375
373
368
375
375
368
381
370
368
382
384
377
380
370
368
377
372
371
379
382
379
374
364
378
371
379
385
384
367
379
379
380
385
382
386
378
385
373
376
374
370
366
362
380
372
369
379
369
384
381
381
380
371
370
377
379
378
379
371
379
381
367
377
383
367
372
369
379
384
379
365
377
372
376
377
381
387
380
380
378
371
369
377
373
367
362
368
377
360
366
381
379
365
384
367
370
390
376
381
380
387
384
369
367
373
373
381
369
390
382
366
379
376
378
371
381
372
382
377
393
379
365
375
377
373
393
381
385
380
376
380
372
371
381
385
386
382
368
375
378
382
375
375
376
372
374
374
370
364
375
380
377
374
393
390
384
383
372
370
380
390
370
370
371
370
370
374
382
376
381
386
364
373
377
372
373
389
377
367
378
374
377
365
377
381
370
383
374
377
376
373
373
381
380
383
369
381
371
378
383
379
372
368
367
378
370
375
372
380
373
372
387
377
369
366
381
375
376
373
368
368
384
372
387
381
375
366
371
374
373
387
384
384
383
371
372
364
367
380
384
382
374
379
378
371
372
381
376
369
385
379
377
381
381
376
376
388
384
370
366
378
371
380
378
382
374
380
372
369
382
379
370
372
385
365
373
380
381
380
367
368
365
375
375
372
367
346
377
375
389
380
376
378
369
372
374
372
378
379
375
373
370
369
372
373
373
381
380
379
367
383
384
376
378
374
373
382
383
368
372
381
386
371
372
378
368
368
372
384
370
377
362
371
379
376
377
370
366
360
367
379
388
384
384
390
378
379
367
382
372
374
387
368
388
379
378
386
379
383
377
370
371
377
387
376
382
380
366
383
387
372
366
376
379
378
382
371
364
375
361
369
369
369
383
367
369
382
368
381
386
385
387
360
378
368
377
374
380
381
375
373
379
376
373
379
387
373
380
362
380
369
374
374
386
384
377
379
369
381
370
382
360
378
378
373
387
375
389
383
376
386
373
363
364
373
378
389
380
372
363
379
385
384
378
376
372
383
374
372
372
371
370
376
374
372
375
375
374
381
376
371
371
379
376
377
382
382
373
374
374
379
381
373
376
385
388
375
365
377
371
373
373
373
368
369
394
368
378
378
377
374
375
386
376
381
377
381
373
378
383
370
382
374
379
372
361
377
363
374
374
390
384
377
386
373
385
382
382
377
372
380
373
382
379
387
380
372
373
374
383
372
378
372
372
366
373
364
380
381
376
377
373
374
387
370
372
367
369
371
384
385
369
374
372
386
380
381
381
369
385
383
384
380
380
364
374
380
375
367
390
380
377
370
369
376
382
374
379
380
364
374
361
380
389
380
369
371
381
382
356
369
381
378
375
369
358
386
393
391
375
378
366
369
384
367
375
367
378
367
384
382
378
377
376
373
381
364
376
375
375
380
376
384
384
376
374
380
385
368
376
360
367
375
370
378
371
371
380
382
376
390
383
374
384
387
370
379
374
371
380
395
376
372
371
379
379
386
379
377
377
387
369
368
385
388
378
376
370
373
371
376
381
378
363
388
384
374
369
377
391
381
382
372
389
385
373
375
387
381
376
370
381
381
374
379
364
384
381
376
373
376
383
376
376
371
368
376
381
385
375
386
382
360
367
382
365
377
377
379
369
381
373
375
386
367
383
380
362
380
383
365
367
378
381
381
369
364
371
379
372
383
379
381
366
373
375
378
381
382
381
370
377
380
386
372
375
375
379
370
372
374
381
363
368
381
385
383
385
363
390
373
372
383
369
371
365
367
362
365
362
368
380
378
380
380
393
374
378
379
404
413
415
420
420
421
422
423
423
423
423
423
423
423
423
424
424
424
425
425
425
425
425
425
425
425
425
425
425
425
425
425
425
425
425
425
425
425
425
426
426
426
426
426
426
426
426
426
426
426
426
426
426
426
426
426
426
426
426
426
426
426
426
426
426
426
426
426
426
426
426
426
426
426
426
426
426
426
426
426
426
426
426
426
426
426
426
427
428
428
428
428
428
428
428
428
428
428
428
428
428
428
428
428
428
428
428
428
428
428
429
429
429
429
429
429
429
429
429
429
429
429
429
429
429
429
429
429
429
429
429
429
429
429
429
429
429
429
429
429
429
429
429
429
429
429
429
429
429
429
429
429
429
429
429
429
429
429
429
429
429
429
429
429
429
429
429
429
429
429
429
429
429
429
429
429
429
429
429
429
429
429
429
429
429
429
429
429
429
429
429
429
429
429
429
429
429
429
429
429
429
429
429
429
429
429
429
429
429
429
429
429
429
429
429
429
429
429
429
429
429
429
429
429
429
429
429
429
429
429
429
429
429
429
429
429
429
429
429
429
429
429
429
429
429
429
429
429
429
429
429
429
429
429
429
429
429
429
429
429
429
429
429
429
429
429
429
429
429
429
429
429
429
429
429
429
429
429
429
429
429
429
429
429
429
429
429
429
429
429
429
429
429
429
429
429
429
429
429
429
429
429
429
429
429
429
429
429
429
429
429
429
429
429
429
429
429
429
429
429
429
429
429
429
429
429
429
429
429
429
429
429
429
429
429
429
429
429
429
429
429
429
429
429
429
429
429
429
429
429
429
429
429
429
429
429
429
429
429
429
429
429
429
429
429
429
429
429
429
429
429
429
429
429
429
429
429
429
429
429
429
429
429
429
429
429
429
429
429
429
429
429
429
429
429
429
429
429
429
429
429
429
429
429
429
429
429
429
429
429
429
429
429
429
429
429
429
429
429
429
429
429
429
429
429
429
429
429
429
429
429
429
429
429
429
429
429
429
429
429
429
429
429
429
429
429
429
429
429
429
429
429
429
429
429
429
429
429
429
429
429
429
429
429
429
429
429
429
429
429
429
429
429
429
429
429
429
429
429
429
429
429
429
429
429
429
429
429
429
429
429
429
429
429
429
429
429
429
429
429
429
429
429
429
429
429
429
429
429
429
429
429
429
429
429
429
429
429
429
429
429
429
429
429
429
429
429
429
429
429
429
429
429
429
429
429
429
429
429
429
429
429
429
429
429
429
429
429
429
429
429
429
429
429
429
429
429
429
429
429
429
429
429
429
429
429
429
429
429
429
429
429
429
429
429
429
429
429
429
429
429
429
429
429
429
429
429
429
429
429
429
429
429
429
429
429
429
429
429
429
429
429
429
429
429
429
429
429
429
429
429
429
429
429
429
429
429
429
429
429
429
429
429
429
429
429
429
429
429
429
429
429
429
429
430
430
430
430
430
430
430
430
430
430
430
430
430
430
430
430
430
430
430
430
430
430
430
430
430
430
430
430
430
430
430
430
430
430
430
430
430
430
430
430
430
430
430
430
430
430
430
430
430
430
430
430
430
430
430
430
430
430
430
430
430
430
430
430
430
430
430
430
430
430
430
430
430
430
430
430
430
430
430
430
430
430
430
430
430
430
430
430
430
430
430
430
430
430
430
430
430
430
430
430
430
430
430
430
430
430
430
430
430
430
430
430
430
430
430
430
430
430
430
430
430
430
430
430
430
430
430
430
430
430
430
430
430
430
430
430
430
430
430
430
430
430
430
430
430
430
430
430
430
430
430
430
430
430
430
430
430
430
430
430
430
430
430
430
430
430
430
430
430
430
430
430
430
430
430
430
430
430
430
430
430
430
430
430
430
430
430
430
430
430
430
430
430
430
430
430
430
430
430
430
430
430
430
430
430
430
430
430
430
430
430
430
430
430
430
430
430
430
430
430
430
430
430
430
430
430
430
430
430
430
430
430
430
430
430
430
430
430
430
430
430
430
430
430
430
430
430
430
430
430
430
430
430
430
430
430
430
430
430
430
430
430
430
430
430
430
430
430
430
430
430
430
430
430
430
430
430
430
430
430
430
430
430
430
430
430
430
430
430
430
430
430
430
430
430
430
430
430
430
430
430
430
430
430
430
430
430
430
430
430
430
430
430
430
430
430
430
430
430
430
430
430
430
430
430
430
430
430
430
430
430
430
430
430
430
430
430
430
430
430
430
430
430
430
430
430
430
430
430
430
430
430
430
430
430
430
430
430
430
430
430
430
430
430
430
430
430
430
430
430
430
430
430
430
430
430
430
430
430
430
430
430
430
430
430
430
430
430
430
430
430
430
430
430
430
430
430
430
430
430
430
430
430
430
430
430
430
430
430
430
430
430
430
430
430
430
430
430
430
430
430
430
430
430
430
430
430
430
430
430
430
430
430
430
430
430
430
430
430
430
430
430
430
430
430
430
430
430
430
430
430
430
430
430
430
430
430
430
430
430
430
430
430
430
430
430
430
430
430
430
430
430
430
430
430
430
430
430
430
430
430
430
430
430
430
430
430
430
430
430
430
430
430
430
430
430
430
430
430
430
430
430
430
430
430
430
430
430
430
430
430
430
430
430
430
430
430
430
430
430
430
430
430
430
430
430
430
430
430
430
430
430
430
430
430
430
430
430
430
430
430
430
430
430
430
430
430
430
430
430
430
430
430
430
430
430
430
430
430
430
430
430
430
430
430
430
430
430
430
430
430
430
430
430
430
430
430
430
430
430
430
430
430
430
430
430
430
430
430
430
430
430
430
430
430
430
430
430
430
430
430
430
430
430
430
430
430
430
430
430
430
430
430
430
430
