430
359
373
377
365
375
371
379
380
372
377
373
363
368
372
386
370
381
377
379
377
391
384
369
370
378
377
381
381
371
363
384
377
379
381
385
372
372
378
384
377
382
384
381
368
376
376
378
372
368
369
383
384
382
379
388
377
376
369
377
363
382
380
380
386
376
376
375
369
378
387
375
385
381
379
386
378
374
367
385
384
373
380
374
387
362
378
380
373
376
378
388
373
367
373
360
365
371
384
377
379
369
375
381
370
381
384
370
379
374
376
381
389
369
369
389
370
384
367
374
361
375
382
371
375
382
376
362
380
370
370
388
374
375
378
384
372
359
375
381
378
380
373
381
379
394
378
377
381
375
384
375
380
370
377
380
372
371
374
387
379
381
378
375
380
379
381
364
374
381
384
382
382
379
371
379
367
369
363
371
382
386
383
384
376
363
385
379
383
372
367
393
384
375
375
376
380
371
378
355
385
379
379
361
382
373
375
365
386
378
376
377
378
385
373
375
378
374
378
374
368
376
383
387
383
372
376
379
377
388
375
390
386
369
372
380
380
364
384
371
378
374
379
369
370
372
386
384
392
380
379
379
375
378
377
379
377
380
373
376
391
372
368
365
381
370
376
376
371
377
384
385
380
377
385
381
376
365
374
373
383
382
373
370
372
370
365
383
382
376
379
378
381
382
365
385
376
376
378
380
377
379
395
370
382
378
371
377
378
374
365
378
374
388
394
368
373
376
384
393
386
386
381
369
369
383
377
378
377
388
379
379
378
381
378
382
377
371
386
380
386
381
380
359
376
381
395
377
373
371
381
381
380
377
376
389
377
375
389
372
371
375
378
377
378
360
370
374
377
363
368
378
387
368
373
368
374
372
380
379
378
371
373
369
379
377
395
389
379
378
372
378
381
387
375
379
367
378
368
372
371
383
367
378
367
375
381
373
378
379
369
378
374
371
365
372
376
375
387
378
378
382
371
385
379
382
375
375
370
378
371
384
385
373
371
379
381
362
381
381
375
379
377
379
371
378
372
376
371
386
365
355
374
366
388
377
370
383
384
390
386
378
374
380
386
371
377
379
375
375
363
386
369
377
370
365
380
389
374
394
380
382
372
377
365
378
378
375
371
373
383
375
382
375
382
371
386
375
378
390
382
390
382
367
375
378
380
370
378
371
360
373
391
369
368
368
379
383
375
377
371
384
383
378
377
380
391
383
386
386
387
372
380
380
383
380
380
376
380
371
376
376
366
373
363
366
374
370
384
386
371
388
351
375
360
377
378
361
379
381
375
380
376
374
376
375
371
380
383
376
377
371
375
380
378
381
368
383
363
376
383
381
381
372
368
377
382
367
371
383
383
369
380
376
380
371
372
380
379
387
389
387
377
376
374
379
371
371
365
359
373
372
372
376
388
369
368
374
366
378
370
372
373
385
386
385
371
376
378
371
393
379
365
372
372
375
376
385
379
379
385
383
368
388
380
382
371
368
367
364
385
370
383
388
367
379
368
381
368
380
372
384
380
372
391
361
365
380
382
381
378
375
375
373
367
370
361
371
381
390
377
377
381
372
373
380
392
384
381
367
381
376
384
388
376
373
367
385
377
381
365
363
371
381
367
364
385
377
353
362
380
369
375
387
373
362
367
385
381
394
374
375
387
384
376
382
375
381
380
382
380
369
373
382
369
372
373
391
366
366
379
376
380
374
398
383
370
389
376
373
366
373
379
378
373
375
380
379
364
372
366
368
373
370
371
372
367
384
380
355
377
386
375
380
377
375
388
376
370
386
375
359
389
382
387
380
369
365
383
381
387
380
373
374
373
370
372
377
375
371
383
370
381
373
372
374
378
373
364
373
388
376
381
385
370
374
355
379
371
372
376
373
383
362
378
378
385
387
380
377
374
372
380
370
371
371
366
381
373
380
381
374
383
385
386
371
379
366
366
365
377
378
379
372
376
379
382
382
371
369
364
371
358
381
386
385
379
371
370
371
375
381
364
372
370
368
377
385
375
377
363
370
366
365
379
378
386
371
380
379
387
378
371
369
370
367
387
381
384
381
383
363
377
373
373
366
377
371
373
375
382
374
380
370
372
379
366
374
369
373
378
379
380
390
386
388
372
379
377
378
384
371
381
370
360
375
374
373
379
375
369
379
374
384
384
380
385
378
382
383
368
362
387
374
354
370
374
377
371
368
372
371
387
368
378
372
367
382
375
372
385
377
377
381
378
380
375
383
375
368
378
371
377
377
377
376
372
374
375
371
375
373
370
374
380
362
365
380
383
370
382
379
372
379
381
376
374
368
368
367
385
376
372
376
380
380
372
370
376
382
379
365
376
360
374
368
369
369
383
382
389
365
370
365
372
387
377
372
374
367
375
368
378
385
381
363
371
384
384
382
368
378
370
375
375
391
377
376
374
369
366
378
390
374
379
396
381
380
365
363
365
372
371
374
376
372
379
372
374
383
378
379
375
382
371
370
377
378
372
367
373
381
385
370
371
386
371
378
369
383
382
380
384
379
375
382
359
375
384
378
380
371
384
377
374
368
375
396
391
374
364
382
381
375
382
382
368
385
385
381
378
378
365
377
382
378
362
379
382
383
376
375
376
377
386
381
378
379
369
371
380
383
370
384
383
385
378
375
370
367
373
371
377
369
372
385
376
376
374
384
387
381
374
377
390
386
377
381
375
365
384
388
377
366
387
376
387
377
375
374
388
378
376
354
376
372
373
385
378
384
379
381
372
372
377
387
385
383
373
382
378
385
371
367
390
376
369
373
375
384
378
371
369
378
379
376
369
367
373
383
376
376
377
382
373
368
377
373
378
390
384
380
376
374
386
376
369
374
382
369
379
381
382
379
384
369
372
366
378
378
371
373
370
383
388
371
383
369
377
364
390
383
373
380
383
377
390
379
377
372
377
372
375
387
378
378
374
372
379
383
389
392
374
384
367
373
374
377
376
373
379
392
389
374
385
376
383
379
389
375
379
391
383
397
378
371
369
374
376
376
376
384
382
377
372
358
371
385
389
376
374
378
381
385
368
371
368
369
373
367
387
382
371
389
390
369
374
368
377
379
375
381
371
378
376
371
366
383
385
381
375
380
383
378
374
388
383
368
373
374
375
383
378
380
369
385
381
375
379
367
371
363
377
360
371
365
378
371
366
378
379
376
382
363
384
381
376
367
384
381
372
381
374
376
370
382
377
376
378
380
371
386
377
375
379
382
382
367
372
369
383
377
376
375
377
373
378
364
374
379
377
372
391
377
389
384
367
371
376
383
370
371
365
376
372
378
379
368
377
369
360
381
370
382
377
382
376
386
389
371
381
376
384
380
380
375
379
376
380
377
373
389
391
373
385
358
369
383
379
375
375
371
370
373
378
368
377
379
380
386
379
371
368
384
371
369
382
377
360
373
385
380
374
365
372
366
364
379
366
381
383
381
373
375
374
361
370
373
369
377
389
386
382
381
369
378
373
383
383
360
373
382
368
384
371
387
374
371
371
377
375
378
373
379
371
377
370
384
385
381
371
368
377
375
385
374
372
380
377
364
378
375
379
362
376
374
366
381
376
387
392
380
379
379
373
379
376
375
363
381
390
381
376
380
361
371
379
378
367
369
376
381
378
384
372
373
377
382
374
363
379
373
385
378
388
377
381
377
366
368
380
386
382
375
380
374
376
385
370
375
371
368
382
388
377
384
398
380
379
388
384
394
383
390
388
373
376
374
380
378
385
377
380
381
380
378
370
379
372
378
371
372
378
378
384
373
385
372
366
372
379
379
374
387
369
364
382
375
374
375
368
375
373
379
384
375
392
374
381
373
374
378
375
376
378
380
382
378
385
367
368
382
377
383
372
369
374
377
384
368
377
358
372
383
374
379
375
382
379
376
381
376
382
385
383
370
372
371
379
375
369
375
384
386
368
386
369
384
371
380
372
386
383
367
361
370
370
389
394
378
374
381
382
374
378
387
367
385
380
380
382
388
379
377
379
372
370
372
382
373
373
388
375
378
379
381
381
390
380
375
382
371
379
388
382
368
378
371
376
375
398
370
380
379
374
375
380
389
384
378
373
370
385
382
371
381
373
368
378
373
380
372
363
377
370
379
385
371
371
369
390
368
366
387
379
370
388
368
357
367
379
375
372
379
385
384
377
366
373
380
379
382
367
362
361
378
379
391
376
367
372
374
363
375
366
363
380
373
368
378
371
381
382
366
359
370
376
378
364
373
372
378
359
371
366
373
379
374
381
370
367
364
378
375
388
369
384
377
373
377
383
372
370
371
377
374
380
381
386
368
380
377
377
375
378
381
381
384
372
379
380
379
371
379
381
376
378
374
371
374
378
365
387
384
373
370
355
372
377
375
378
383
395
377
365
374
368
369
377
374
368
381
364
375
375
385
381
377
377
375
387
378
359
374
377
380
383
389
386
385
379
386
376
380
374
376
373
377
383
375
380
386
382
390
375
374
364
366
363
378
376
370
370
380
376
367
377
373
380
381
381
379
378
385
389
375
365
370
375
370
388
388
379
380
378
376
377
363
386
379
371
381
387
394
375
370
376
366
379
372
380
374
377
379
383
393
382
377
373
376
389
372
380
382
380
381
385
385
376
375
390
386
378
378
376
378
384
372
369
367
375
379
368
378
384
377
372
382
377
377
389
370
385
376
383
378
366
365
374
373
379
374
382
383
371
385
368
387
383
375
364
375
377
371
372
377
369
386
382
362
365
383
378
387
372
381
362
369
379
387
365
378
382
381
371
383
389
382
381
381
372
368
377
370
387
386
385
368
365
373
375
384
375
373
371
374
376
369
364
372
365
385
382
376
371
380
374
370
373
368
376
385
381
368
374
369
375
364
364
379
392
384
375
374
394
381
374
367
378
383
383
381
362
370
388
391
370
369
380
377
378
364
377
388
365
370
368
385
379
361
375
382
385
380
381
374
383
376
378
381
374
372
371
377
378
372
389
387
387
375
380
369
380
388
389
380
377
383
376
387
376
386
376
379
390
378
391
382
382
379
382
378
383
378
364
372
390
380
388
382
370
372
387
360
371
377
375
373
380
368
364
378
378
365
365
382
383
383
376
376
390
382
379
384
368
376
367
375
379
370
389
378
377
382
392
359
372
382
378
380
362
385
372
371
378
376
378
376
376
384
388
383
373
374
380
375
371
381
372
369
365
385
380
389
384
384
383
383
379
388
379
373
370
385
381
383
387
380
380
386
392
385
382
383
383
360
371
372
383
379
382
364
384
377
391
377
375
385
390
373
372
386
380
371
371
382
379
381
387
388
387
374
365
380
387
389
375
361
370
378
377
382
379
364
385
372
377
384
371
370
378
377
381
380
372
390
378
379
384
390
380
370
385
391
383
381
385
377
388
389
381
381
388
385
387
384
385
386
379
384
375
385
378
380
379
375
384
388
370
375
366
382
380
380
388
387
386
387
387
388
388
382
373
388
372
383
380
382
372
377
386
389
374
378
400
385
367
370
384
381
372
396
388
376
387
387
388
386
377
375
376
394
371
385
386
396
379
374
386
367
384
381
383
378
385
390
388
388
388
381
393
380
386
378
389
388
368
380
390
386
383
386
379
401
387
391
390
384
389
381
386
379
383
388
391
397
391
392
389
382
385
399
395
394
396
401
403
404
405
404
407
408
405
406
411
411
412
414
418
418
419
