430
365
378
373
362
380
376
377
380
384
379
370
390
375
379
371
379
372
381
373
377
384
382
389
373
361
375
382
383
375
375
377
369
382
383
371
372
370
384
380
381
384
379
383
373
375
383
374
381
383
391
385
376
369
368
375
378
354
376
375
364
385
378
374
378
378
384
360
356
387
378
384
374
373
370
375
382
386
366
382
365
384
376
367
381
384
381
375
374
378
373
368
379
360
379
378
384
379
386
379
369
371
370
385
380
374
370
363
372
373
375
373
369
378
379
377
372
382
381
378
382
369
376
375
377
377
384
382
387
379
386
384
371
375
375
377
387
369
384
378
379
375
361
374
381
369
364
374
383
383
388
385
369
367
368
387
372
381
387
377
378
378
379
393
367
384
382
376
377
388
379
386
367
369
380
388
373
362
380
386
382
375
367
379
380
373
362
378
387
378
377
385
372
387
363
379
372
370
384
375
367
373
377
377
372
378
376
384
378
372
378
380
386
387
368
372
376
373
384
389
372
372
378
383
382
375
367
364
383
382
367
382
376
363
380
373
382
379
384
382
381
375
368
381
377
381
378
372
383
381
376
378
375
377
388
391
387
372
367
377
383
385
382
381
361
373
373
376
367
377
383
381
366
372
361
376
372
381
379
373
383
383
377
387
375
377
369
382
369
381
380
370
385
379
387
380
366
378
371
372
369
382
380
375
376
371
378
374
374
378
376
376
381
372
376
374
379
376
378
377
383
377
368
362
383
386
372
382
375
385
362
375
371
372
369
384
381
383
382
373
378
382
382
385
382
389
370
377
376
379
382
383
368
357
369
372
368
370
371
379
378
374
375
370
372
386
378
388
377
367
371
389
372
385
374
378
380
376
384
373
364
373
374
378
379
380
361
376
372
390
382
381
375
367
374
385
373
384
369
368
371
375
372
385
391
388
378
366
389
385
367
368
377
369
371
375
382
392
374
372
370
382
386
371
384
388
390
369
381
383
380
380
375
379
368
381
377
366
381
379
385
374
363
376
378
386
371
361
379
381
376
385
381
375
385
369
382
378
376
388
364
371
384
388
364
382
373
380
361
384
379
371
371
378
386
390
387
374
374
384
363
375
381
371
382
374
375
388
361
378
383
384
382
360
385
381
386
370
372
371
376
378
378
375
374
390
379
393
380
376
375
373
374
374
380
376
375
379
382
372
375
361
372
384
379
378
375
370
378
375
362
374
373
379
379
380
377
389
380
378
368
375
375
377
367
380
378
378
384
383
372
383
375
374
372
371
379
369
369
381
375
376
379
367
363
370
372
362
364
361
376
378
392
373
380
390
385
387
384
368
381
379
376
377
374
372
374
381
389
374
386
368
383
378
371
371
366
388
366
378
384
373
365
382
384
382
367
372
374
367
379
369
375
379
379
386
376
371
366
378
382
378
370
383
364
381
366
384
365
373
379
376
374
384
388
384
369
364
394
379
374
373
370
383
370
368
366
387
370
375
384
371
378
377
375
367
387
385
372
380
373
387
370
370
383
377
379
388
381
379
380
381
373
387
378
373
381
384
371
363
394
380
378
395
384
381
382
367
372
377
389
389
372
378
375
369
368
367
380
380
369
390
381
392
381
381
384
385
374
375
378
384
378
381
387
372
374
370
368
387
384
382
381
382
375
383
377
379
376
371
380
388
370
383
357
375
371
370
372
372
380
376
383
380
382
373
385
380
389
387
370
373
386
374
377
367
374
380
375
385
366
378
383
387
371
384
381
385
378
375
366
375
388
380
370
375
376
370
372
386
383
377
370
367
381
383
378
376
385
384
376
376
374
356
373
382
378
388
393
377
373
385
376
374
382
378
370
374
373
372
382
377
390
377
390
389
380
383
372
385
370
377
376
372
376
377
378
387
388
379
369
382
383
381
382
388
378
377
376
372
385
381
379
372
371
378
383
383
377
370
380
386
379
372
383
385
374
372
372
372
374
370
376
373
370
371
352
375
378
380
381
372
376
374
372
385
382
386
363
380
366
387
373
372
382
369
367
381
370
380
385
379
380
385
355
382
372
368
385
378
386
394
377
380
390
377
372
392
372
374
382
384
377
377
376
369
365
373
382
379
386
372
379
391
366
388
374
378
380
390
378
389
378
377
374
373
375
377
385
373
372
378
375
379
377
386
378
379
376
369
387
387
377
383
373
371
377
375
380
381
370
379
386
389
377
379
378
380
375
371
375
361
374
376
382
372
372
391
380
380
377
379
370
377
371
378
371
387
377
377
378
370
372
381
382
370
375
381
374
386
382
383
393
389
375
385
372
364
383
389
383
381
384
383
386
382
377
377
372
377
378
375
383
387
379
379
384
385
377
367
368
384
387
380
378
374
378
377
384
373
383
378
374
372
373
383
371
380
393
385
377
387
381
367
380
382
381
378
366
384
375
384
381
383
389
380
392
376
382
381
380
380
376
379
367
382
383
384
392
383
385
377
383
384
381
374
381
384
370
373
378
368
374
381
374
384
380
366
380
375
381
383
384
374
373
381
387
376
382
372
377
376
379
386
382
388
372
388
372
353
381
370
375
383
373
375
367
382
388
383
373
371
379
385
371
386
384
377
376
372
372
381
382
379
379
382
379
365
384
364
374
375
368
379
391
376
371
375
382
389
387
387
374
384
379
380
373
380
387
380
369
380
383
377
391
392
393
373
384
382
378
386
386
388
378
379
370
385
375
381
374
384
370
378
372
376
380
369
384
379
378
375
373
372
369
371
382
383
379
367
371
373
377
393
373
370
381
375
372
380
376
386
375
367
379
384
379
383
392
393
383
376
374
376
389
371
375
382
388
378
377
368
377
374
375
378
367
375
378
382
381
383
373
370
378
381
382
389
374
378
378
381
380
352
384
381
376
375
369
382
371
380
376
378
382
374
376
366
391
386
386
393
382
363
365
387
379
383
385
386
372
378
381
377
388
384
381
381
363
384
383
372
373
368
384
378
381
388
375
386
380
386
392
381
375
370
363
371
390
382
368
383
371
371
380
382
370
386
372
362
380
386
383
377
383
380
378
374
388
376
380
391
386
389
376
375
370
375
374
375
386
388
388
379
374
365
383
379
384
380
374
374
370
365
378
376
392
382
383
379
385
383
384
366
384
375
389
381
381
365
383
380
376
372
381
389
377
388
384
368
394
378
377
371
385
376
368
378
370
390
383
380
388
391
377
379
372
365
368
380
387
382
380
382
373
394
373
387
386
382
383
389
373
380
377
372
382
392
380
377
373
380
373
371
372
385
373
381
374
376
368
376
378
377
388
376
370
387
382
384
387
393
389
384
384
384
379
387
385
381
373
379
387
382
375
380
375
376
388
380
380
380
384
383
384
385
380
385
370
375
386
381
387
372
374
369
371
375
378
378
380
378
377
386
374
384
386
380
384
378
390
386
386
396
396
389
392
391
377
388
374
380
372
388
390
380
381
366
389
381
373
379
380
378
383
388
374
386
372
382
383
381
393
374
377
380
385
395
379
369
369
380
385
383
382
379
389
387
387
367
383
373
386
366
384
394
377
368
381
381
382
381
371
370
386
370
382
376
383
369
382
373
374
381
381
392
370
379
386
387
394
394
379
377
386
388
382
393
387
386
380
381
385
382
387
385
383
387
378
388
382
374
389
374
385
389
391
391
395
387
377
380
390
385
383
387
393
382
380
382
383
395
387
378
389
384
390
380
394
380
387
384
391
371
382
389
386
376
369
386
372
372
390
373
389
382
386
392
379
381
393
391
387
391
386
391
390
380
387
395
379
383
375
383
388
393
386
381
373
370
380
377
382
382
381
388
378
392
384
387
389
379
381
383
384
380
389
377
396
380
382
387
388
378
377
387
380
387
378
385
384
383
373
390
380
387
388
383
402
388
381
387
392
384
395
376
374
387
386
386
381
378
386
391
392
388
378
385
377
395
381
386
388
380
373
378
379
386
394
373
376
378
384
382
396
386
399
377
385
379
383
387
384
384
390
362
386
382
374
386
394
387
381
379
392
387
389
387
391
388
396
394
389
375
388
386
382
393
400
387
383
387
384
378
378
378
381
377
392
390
388
384
381
380
387
384
387
374
385
377
385
381
389
384
382
386
380
395
385
387
383
383
386
378
375
385
394
387
394
383
379
378
384
391
386
383
383
384
380
391
387
382
381
384
393
385
379
394
395
396
396
386
384
387
386
390
388
376
383
378
390
390
395
390
386
384
387
382
381
380
390
391
379
390
389
392
374
389
378
392
381
381
393
386
388
377
378
384
381
389
392
390
386
391
387
398
395
385
371
381
389
378
377
385
378
384
391
388
394
390
388
388
382
393
394
380
388
381
384
378
382
382
375
390
385
391
381
391
395
384
384
374
382
387
386
384
391
391
392
391
388
396
389
387
396
397
378
392
391
396
380
387
397
381
386
399
382
387
389
392
393
390
396
379
385
385
384
392
389
393
389
391
387
391
392
392
388
393
390
394
393
389
396
380
385
385
400
393
397
386
389
396
385
385
396
390
389
396
389
398
393
392
389
391
397
398
399
387
394
400
386
380
393
394
402
394
380
389
394
383
397
388
393
393
393
387
391
401
388
384
387
393
398
399
396
396
383
382
393
383
399
399
390
389
391
393
384
395
392
382
387
399
391
390
381
397
394
392
389
399
392
401
399
390
389
390
403
397
399
398
393
397
388
392
401
393
385
392
397
402
388
377
385
396
393
396
393
392
386
394
389
395
395
395
386
392
392
383
406
385
392
395
403
398
386
393
390
394
390
388
387
387
389
380
386
388
399
387
390
393
392
395
395
388
397
391
398
391
386
399
394
384
397
400
392
397
392
384
385
385
390
393
392
402
403
397
395
393
384
393
394
400
395
382
397
403
406
403
392
388
388
388
397
392
401
397
402
401
391
384
393
401
397
399
393
391
385
391
395
398
398
390
386
394
392
389
384
389
395
386
390
384
392
394
402
385
397
394
401
397
402
393
389
398
391
400
401
392
387
399
395
399
406
392
402
401
395
393
388
385
392
400
399
386
405
394
397
394
402
397
401
389
392
389
388
389
399
391
388
385
401
389
395
395
397
392
396
397
399
403
403
409
401
402
400
400
392
397
401
405
397
395
393
399
397
394
394
382
399
405
400
400
401
397
396
395
404
402
391
401
401
396
400
402
402
397
398
397
404
403
401
403
407
409
406
397
399
392
400
397
397
401
408
407
405
400
399
399
398
394
403
395
388
405
396
402
405
397
398
402
398
397
407
398
402
397
395
396
403
399
397
399
401
400
395
393
397
399
393
399
397
399
395
406
403
405
400
403
408
414
405
407
409
407
401
404
406
408
401
405
401
395
399
392
395
406
402
395
399
409
402
405
395
398
394
404
399
405
398
402
405
402
407
403
394
407
402
403
403
404
403
400
403
397
399
396
396
395
407
401
405
414
399
399
399
405
406
403
396
405
411
406
411
406
397
397
396
401
410
412
407
405
403
406
404
405
401
409
406
406
408
411
403
407
405
406
404
403
402
408
406
407
413
408
404
408
409
396
400
406
408
405
406
405
411
412
409
411
410
409
411
408
408
408
403
405
405
400
408
408
400
398
405
404
404
407
406
405
400
409
408
404
399
411
405
411
406
406
401
399
406
407
414
402
401
406
402
409
409
407
408
407
407
410
410
409
405
405
414
412
419
