430
365
385
381
372
366
366
375
380
376
362
378
377
380
376
379
392
379
383
378
387
382
370
380
363
364
375
373
371
379
375
372
373
372
367
374
376
367
379
366
376
375
383
373
371
369
373
385
374
382
380
373
372
374
377
390
385
367
389
388
385
379
381
377
374
362
362
377
370
386
376
377
378
385
385
370
368
370
372
379
373
379
365
372
366
373
384
380
387
377
376
379
369
383
378
375
375
388
369
383
378
365
383
378
373
383
377
380
374
365
375
395
375
377
373
380
385
382
376
376
382
382
374
375
364
371
379
375
364
377
382
380
375
374
374
381
365
363
385
385
382
379
382
383
377
380
379
368
376
370
372
379
372
373
374
383
368
379
378
369
381
372
377
377
389
367
379
381
370
382
373
368
365
382
387
376
380
360
374
370
372
375
378
382
370
377
372
380
367
381
381
375
386
374
380
366
385
387
355
369
375
380
382
374
381
385
383
373
372
377
372
372
381
375
388
369
371
379
371
386
377
372
382
380
376
381
377
386
375
382
379
367
378
379
373
373
388
391
387
387
378
379
391
381
384
381
385
378
385
387
379
387
374
374
369
377
376
366
386
381
378
375
377
379
371
373
367
377
386
371
377
379
376
386
388
382
387
379
365
373
379
376
369
390
380
368
377
388
377
371
375
374
364
371
386
377
371
374
376
382
370
378
378
367
363
390
373
376
374
376
379
386
383
376
371
390
373
369
379
385
379
385
379
381
373
387
367
382
380
366
384
376
365
361
367
371
384
368
380
373
389
374
387
385
381
375
370
385
383
372
382
371
358
367
383
374
374
380
380
374
384
366
373
379
381
382
377
386
386
382
380
387
379
380
369
395
385
381
380
385
379
374
375
377
363
386
375
377
380
367
371
385
377
369
374
373
384
389
377
356
383
375
367
369
387
389
370
378
377
364
381
381
369
372
377
372
378
366
373
386
368
378
374
395
375
364
375
382
375
380
380
389
364
370
381
364
386
384
374
367
357
383
383
380
373
379
366
376
371
378
373
385
368
369
374
362
378
380
386
385
375
386
377
375
364
366
373
371
371
379
386
375
377
366
366
387
379
376
392
374
382
380
376
370
377
372
375
371
384
380
368
384
379
385
375
357
383
367
384
379
382
370
378
371
368
377
386
368
376
377
380
365
376
384
373
377
384
375
385
368
375
370
374
385
375
387
372
369
378
374
375
374
363
374
369
375
379
368
389
370
377
377
384
369
379
373
373
381
383
393
375
376
371
375
380
387
380
385
378
388
380
391
369
383
369
371
382
365
378
383
363
371
372
386
379
377
372
375
391
384
381
378
374
367
372
378
381
375
377
375
388
387
366
380
371
363
381
382
368
373
376
374
379
376
379
378
370
387
383
368
377
370
370
374
372
376
374
372
368
375
385
376
375
368
367
379
396
374
379
387
380
375
376
376
386
371
387
378
377
379
377
383
374
381
378
381
371
376
376
360
378
368
370
387
388
385
390
374
369
376
382
378
373
381
377
366
378
377
363
387
383
392
368
375
364
383
376
369
382
390
378
372
366
367
376
383
378
377
383
381
385
373
372
390
383
365
393
372
377
382
388
371
379
375
365
377
363
371
382
370
384
387
383
373
383
386
380
381
384
379
372
379
375
370
376
389
378
372
369
374
374
377
368
364
370
363
382
373
378
383
373
385
381
371
365
378
382
378
382
383
382
377
371
378
377
386
366
380
384
381
387
383
368
380
380
386
375
382
372
386
382
378
366
364
377
364
375
378
377
376
374
380
374
379
376
376
383
386
375
377
364
385
384
375
387
374
379
369
375
388
382
383
377
376
375
388
374
380
377
383
380
374
379
376
378
386
370
380
377
373
381
373
388
387
368
386
383
381
379
380
373
367
384
377
384
369
377
371
380
376
373
368
388
374
384
395
381
379
381
368
379
377
359
380
379
373
375
378
367
362
368
380
373
375
373
377
382
369
377
379
384
372
375
371
389
391
368
380
389
390
374
364
371
372
373
381
383
382
376
382
374
380
387
373
371
375
369
370
375
381
379
375
374
381
386
382
377
374
378
387
387
379
364
375
386
371
384
383
383
384
372
359
377
362
370
391
373
374
385
373
377
370
369
385
378
383
386
375
366
379
378
365
377
381
375
375
359
372
367
377
378
382
380
380
380
375
369
372
369
385
381
386
385
374
371
379
369
366
377
378
388
372
380
378
380
386
383
372
372
380
364
376
385
382
379
381
377
382
376
391
375
381
375
377
390
381
365
383
381
370
373
375
372
381
386
382
378
380
374
364
367
382
384
379
381
375
374
374
378
376
374
374
368
379
376
378
381
386
373
383
380
378
386
387
366
367
364
383
379
381
376
376
377
374
378
382
379
384
387
378
383
366
379
378
372
378
384
376
377
386
378
385
380
377
388
376
377
386
378
377
380
380
377
385
382
384
377
362
366
381
378
380
374
383
386
366
373
380
371
374
376
374
386
384
384
381
387
380
370
379
370
369
378
369
389
391
381
385
374
372
376
369
386
377
386
379
366
389
376
378
382
378
378
369
375
374
371
375
376
374
367
389
379
373
378
389
374
380
370
382
369
379
377
367
383
375
381
376
383
383
383
367
372
372
378
376
391
372
378
381
365
381
388
372
369
362
383
367
387
376
372
379
384
386
371
382
379
382
382
373
387
379
365
373
382
378
379
383
369
381
383
369
373
366
376
373
384
376
376
381
375
385
377
378
390
380
383
379
375
378
359
372
371
369
374
365
396
376
380
383
387
374
383
369
381
374
374
386
375
375
372
372
365
372
378
380
374
377
386
377
375
379
372
374
368
372
368
388
374
363
372
377
383
376
374
378
378
379
371
382
378
375
391
368
381
393
383
379
373
370
383
369
378
367
382
380
369
371
362
373
384
370
380
375
378
375
393
365
374
379
374
371
384
380
372
384
386
368
397
389
371
369
387
381
376
371
376
374
371
384
375
380
367
386
378
378
379
381
382
379
382
374
378
375
376
378
383
378
379
373
367
371
374
373
384
381
371
387
369
381
388
373
371
368
379
382
380
379
381
374
371
384
371
369
380
379
384
387
382
384
381
383
385
390
369
376
382
372
372
368
385
382
389
382
378
361
380
373
370
382
382
375
379
376
390
383
369
388
377
385
365
386
387
368
373
369
377
376
379
389
378
368
374
362
386
385
375
371
370
377
373
392
371
377
385
382
378
375
368
385
372
386
385
367
379
381
382
373
373
376
377
386
369
377
384
385
376
392
376
382
371
380
376
374
386
379
382
370
383
362
385
377
367
384
385
387
377
377
372
373
377
377
378
377
387
381
372
382
376
373
382
385
382
372
363
372
377
370
386
381
379
373
371
378
379
377
382
385
373
371
371
382
361
367
387
373
375
372
380
385
385
379
392
382
370
366
380
368
381
371
370
369
386
371
365
375
386
378
373
371
375
363
365
382
384
375
383
376
381
380
388
373
376
385
390
370
377
382
385
380
380
373
369
372
387
383
381
378
384
375
384
383
372
378
395
389
378
379
376
381
383
375
378
382
372
385
371
369
383
381
369
376
372
379
361
375
384
376
385
387
365
369
377
364
370
374
381
388
377
380
379
398
378
370
374
371
375
377
383
375
368
382
384
379
377
376
367
377
387
373
377
384
376
381
378
365
369
379
377
375
374
383
385
367
369
365
383
372
373
382
374
383
387
378
383
374
372
384
386
375
374
379
382
376
376
378
382
383
376
378
375
378
375
375
381
387
381
376
378
371
370
369
374
374
393
374
386
384
371
374
386
376
385
367
369
368
366
358
380
381
393
371
378
372
383
379
374
363
363
376
381
379
379
387
370
383
386
376
374
384
369
377
378
387
376
376
376
383
369
379
378
383
380
383
376
381
377
380
376
384
377
376
382
370
375
379
375
365
370
379
381
377
384
376
382
373
380
374
378
382
370
369
386
383
366
386
381
378
378
369
376
382
378
379
383
379
382
373
388
383
382
382
390
361
384
385
372
379
372
383
365
381
385
386
370
378
381
367
388
381
376
383
383
370
379
364
381
380
377
376
390
363
380
374
375
383
380
383
377
382
379
373
381
379
383
381
372
373
371
378
388
382
382
383
380
366
388
374
377
374
365
384
382
380
373
379
373
379
378
385
383
381
385
374
379
385
374
378
387
382
361
385
383
377
374
378
378
386
389
384
387
379
359
379
376
374
378
378
370
373
377
382
385
371
382
389
386
383
375
373
382
380
377
378
396
379
381
375
382
374
388
374
384
379
383
385
369
373
389
378
376
382
387
371
377
383
368
385
377
379
377
367
383
366
386
387
381
379
378
379
391
387
384
375
361
370
387
398
392
379
375
369
381
382
382
381
382
377
390
367
375
391
385
377
376
369
370
371
377
374
378
384
384
380
386
382
375
382
375
375
381
376
381
375
372
388
384
374
377
372
363
375
378
381
391
376
386
381
376
378
378
380
371
377
376
388
381
377
366
388
385
373
379
379
377
373
378
368
382
373
388
380
381
372
377
383
370
371
379
380
382
367
366
364
390
389
379
392
377
372
385
381
385
379
372
382
377
391
382
379
362
381
378
376
380
389
383
380
368
382
376
378
374
371
371
376
374
366
381
368
383
378
376
373
393
370
384
387
377
386
367
366
378
368
389
371
375
374
379
374
376
374
382
386
381
360
374
384
381
374
391
376
383
393
385
373
369
369
383
365
365
373
377
383
384
379
382
380
372
379
381
382
381
384
388
383
371
377
368
386
395
375
382
381
379
371
364
384
386
374
377
378
375
369
375
367
381
383
385
379
384
371
393
378
382
369
380
371
386
372
373
388
371
390
396
385
383
380
388
381
385
378
372
377
377
378
377
368
367
390
385
371
373
375
378
373
381
378
379
387
376
378
370
383
376
377
381
384
371
374
374
385
369
370
380
371
379
373
365
381
376
381
374
384
380
381
384
383
374
375
361
376
376
382
387
390
377
384
387
376
388
375
384
384
389
390
387
379
391
374
376
387
386
389
368
368
380
372
393
378
382
382
375
386
384
379
370
367
379
384
383
387
376
385
376
387
388
375
383
378
371
375
386
385
386
389
366
371
386
377
380
374
380
385
376
379
391
381
369
373
383
376
367
373
386
387
370
389
394
377
381
376
376
376
383
382
368
379
375
383
377
374
372
375
384
381
384
375
377
385
382
389
372
375
382
368
380
371
385
375
376
384
367
382
387
377
387
383
378
371
384
380
383
375
381
381
391
396
388
384
386
382
376
385
368
386
383
387
379
386
369
384
380
379
380
386
377
387
372
376
380
384
386
384
380
383
391
384
387
393
382
374
387
391
385
383
388
378
388
381
375
379
381
375
390
387
382
371
387
385
389
380
376
385
390
386
378
376
388
386
377
379
384
383
386
386
383
387
381
389
389
387
387
378
389
382
386
381
381
384
381
384
382
389
384
398
388
384
377
388
387
385
395
383
381
388
385
386
383
369
384
385
397
393
387
391
396
393
389
393
391
385
387
396
394
384
394
395
388
396
396
388
388
391
390
387
399
376
391
390
396
386
382
396
398
396
396
394
398
405
400
399
395
402
395
398
400
404
399
394
390
399
410
402
404
402
399
398
398
401
403
404
408
407
405
409
409
406
413
411
415
412
414
418
417
417
420
420
420
420
420
