250
250
2.48416
1.25274
0.839535
0.632419
0.507984
0.424958
0.365621
0.321099
0.28646
0.258741
0.236058
0.217152
0.201153
0.187438
0.17555
0.165147
0.155967
0.147807
0.140505
0.133933
0.127987
0.122581
0.117645
0.11312
0.108956
0.105113
0.101555
0.0982507
0.0951741
0.0923026
0.0896163
0.0870978
0.0847319
0.0825052
0.0804056
0.0784227
0.0765469
0.0747698
0.0730839
0.0714822
0.0699586
0.0685075
0.067124
0.0658033
0.0645413
0.0633341
0.0621783
0.0610707
0.0600082
0.0589882
0.0580083
0.057066
0.0561593
0.0552861
0.0544447
0.0536333
0.0528504
0.0520945
0.0513642
0.0506583
0.0499755
0.0493147
0.0486749
0.048055
0.0474543
0.0468717
0.0463066
0.045758
0.0452254
0.0447079
0.0442051
0.0437162
0.0432407
0.042778
0.0423277
0.0418893
0.0414622
0.0410461
0.0406405
0.040245
0.0398593
0.039483
0.0391158
0.0387573
0.0384073
0.0380654
0.0377313
0.0374049
0.0370858
0.0367737
0.0364686
0.03617
0.0358779
0.035592
0.0353121
0.0350381
0.0347697
0.0345067
0.0342491
0.0339966
0.0337492
0.0335066
0.0332687
0.0330353
0.0328064
0.0325819
0.0323615
0.0321452
0.0319329
0.0317244
0.0315197
0.0313187
0.0311212
0.0309272
0.0307365
0.0305491
0.030365
0.0301839
0.0300059
0.0298309
0.0296587
0.0294894
0.0293229
0.029159
0.0289977
0.028839
0.0286828
0.0285291
0.0283777
0.0282286
0.0280819
0.0279373
0.0277949
0.0276547
0.0275165
0.0273804
0.0272462
0.027114
0.0269837
0.0268553
0.0267286
0.0266038
0.0264807
0.0263593
0.0262396
0.0261215
0.0260051
0.0258902
0.0257768
0.025665
0.0255546
0.0254457
0.0253383
0.0252322
0.0251275
0.0250241
0.024922
0.0248213
0.0247218
0.0246235
0.0245265
0.0244306
0.024336
0.0242425
0.0241501
0.0240588
0.0239687
0.0238796
0.0237915
0.0237045
0.0236185
0.0235336
0.0234496
0.0233665
0.0232844
0.0232033
0.023123
0.0230437
0.0229652
0.0228877
0.0228109
0.0227351
0.02266
0.0225858
0.0225123
0.0224397
0.0223678
0.0222967
0.0222264
0.0221568
0.0220879
0.0220197
0.0219523
0.0218855
0.0218194
0.021754
0.0216893
0.0216252
0.0215618
0.021499
0.0214368
0.0213752
0.0213143
0.0212539
0.0211941
0.0211349
0.0210763
0.0210183
0.0209608
0.0209038
0.0208474
0.0207915
0.0207362
0.0206813
0.020627
0.0205732
0.0205198
0.020467
0.0204146
0.0203628
0.0203113
0.0202604
0.0202099
0.0201599
0.0201103
0.0200611
0.0200124
0.0199641
0.0199162
0.0198687
0.0198217
0.019775
0.0197288
0.019683
0.0196375
0.0195924
0.0195477
0.0195034
0.0194595
0.0194159
0.0193727
0.0193298
0.0192873
0.0192452
0.0192033
0.0191619
0.0191207
0.0190799
0.0190394
0.0189993
0.0189594
0.0189199
0.0188807
0.0188418
0.0188032
0.0187649
0.0187269
0.0186892
0.0186518
0.0186147
0.0185779
0.0185413
0.018505
0.018469
0.0184333
0.0183978
0.0183626
0.0183277
0.018293
0.0182586
0.0182245
0.0181905
0.0181569
0.0181235
0.0180903
0.0180574
0.0180247
0.0179922
0.01796
0.017928
0.0178962
0.0178647
0.0178333
0.0178022
0.0177713
0.0177407
0.0177102
0.01768
0.0176499
0.0176201
0.0175905
0.0175611
0.0175319
0.0175028
0.017474
0.0174454
0.017417
0.0173887
0.0173607
0.0173328
0.0173051
0.0172776
0.0172503
0.0172232
0.0171962
0.0171694
0.0171428
0.0171164
0.0170901
0.017064
0.0170381
0.0170123
0.0169867
0.0169613
0.016936
0.0169109
0.0168859
0.0168611
0.0168365
0.016812
0.0167877
0.0167635
0.0167395
0.0167156
0.0166918
0.0166682
0.0166448
0.0166215
0.0165983
0.0165753
0.0165524
0.0165297
0.0165071
0.0164846
0.0164622
0.01644
0.016418
0.016396
0.0163742
0.0163525
0.0163309
0.0163095
0.0162882
0.016267
0.0162459
0.016225
0.0162042
0.0161835
0.0161629
0.0161424
0.0161221
0.0161019
0.0160817
0.0160617
0.0160418
0.0160221
0.0160024
0.0159828
0.0159634
0.015944
0.0159248
0.0159057
0.0158867
0.0158677
0.0158489
0.0158302
0.0158116
0.0157931
0.0157747
0.0157564
0.0157382
0.01572
0.015702
0.0156841
0.0156663
0.0156486
0.0156309
0.0156134
0.0155959
0.0155786
0.0155613
0.0155441
0.015527
0.0155101
0.0154931
0.0154763
0.0154596
0.0154429
0.0154264
0.0154099
0.0153935
0.0153772
0.015361
0.0153448
0.0153288
0.0153128
0.0152969
0.0152811
0.0152653
0.0152497
0.0152341
0.0152186
0.0152031
0.0151878
0.0151725
0.0151573
0.0151422
0.0151271
0.0151121
0.0150972
0.0150824
0.0150676
0.0150529
0.0150383
0.0150238
0.0150093
0.0149949
0.0149805
0.0149663
0.0149521
0.0149379
0.0149239
0.0149099
0.0148959
0.014882
0.0148682
0.0148545
0.0148408
0.0148272
0.0148136
0.0148002
0.0147867
0.0147734
0.0147601
0.0147468
0.0147336
0.0147205
0.0147075
0.0146945
0.0146815
0.0146686
0.0146558
0.0146431
0.0146303
0.0146177
0.0146051
0.0145926
0.0145801
0.0145676
0.0145553
0.014543
0.0145307
0.0145185
0.0145063
0.0144942
0.0144822
0.0144702
0.0144582
0.0144463
0.0144345
0.0144227
0.014411
0.0143993
0.0143877
0.0143761
0.0143645
0.0143531
0.0143416
0.0143302
0.0143189
0.0143076
0.0142963
0.0142852
0.014274
0.0142629
0.0142518
0.0142408
0.0142299
0.0142189
0.0142081
0.0141973
0.0141865
0.0141757
0.014165
0.0141544
0.0141438
0.0141332
0.0141227
0.0141122
0.0141018
0.0140914
0.0140811
0.0140707
0.0140605
0.0140503
0.0140401
0.0140299
0.0140198
0.0140098
0.0139998
0.0139898
0.0139798
0.0139699
0.0139601
0.0139503
0.0139405
0.0139307
0.013921
0.0139114
0.0139017
0.0138921
0.0138826
0.0138731
0.0138636
0.0138541
0.0138447
0.0138354
0.013826
0.0138167
0.0138075
0.0137982
0.013789
0.0137799
0.0137708
0.0137617
0.0137526
0.0137436
0.0137346
0.0137257
0.0137168
0.0137079
0.013699
0.0136902
0.0136814
0.0136727
0.013664
0.0136553
0.0136466
0.013638
0.0136294
0.0136209
0.0136123
0.0136038
0.0135954
0.0135869
0.0135785
0.0135702
0.0135618
0.0135535
0.0135452
0.013537
0.0135288
0.0135206
0.0135124
0.0135043
0.0134962
0.0134881
0.0134801
0.0134721
0.0134641
0.0134561
0.0134482
0.0134403
0.0134324
0.0134246
0.0134168
0.013409
0.0134012
0.0133935
0.0133858
0.0133781
0.0133704
0.0133628
0.0133552
0.0133476
0.0133401
0.0133326
0.0133251
0.0133176
0.0133102
0.0133027
0.0132953
0.013288
0.0132806
0.0132733
0.013266
0.0132588
0.0132515
0.0132443
0.0132371
0.0132299
0.0132228
0.0132157
0.0132086
0.0132015
0.0131944
0.0131874
0.0131804
0.0131734
0.0131665
0.0131596
0.0131526
0.0131458
0.0131389
0.0131321
0.0131252
0.0131184
0.0131117
0.0131049
0.0130982
0.0130915
0.0130848
0.0130781
0.0130715
0.0130649
0.0130583
0.0130517
0.0130451
0.0130386
0.0130321
0.0130256
0.0130191
0.0130127
0.0130062
0.0129998
0.0129934
0.0129871
0.0129807
0.0129744
0.0129681
0.0129618
0.0129555
0.0129493
0.0129431
0.0129368
0.0129307
0.0129245
0.0129183
0.0129122
0.0129061
0.0129
0.0128939
0.0128879
0.0128818
0.0128758
0.0128698
0.0128638
0.0128579
0.0128519
0.012846
0.0128401
0.0128342
0.0128283
0.0128225
0.0128166
0.0128108
0.012805
0.0127992
0.0127935
0.0127877
0.012782
0.0127763
0.0127706
0.0127649
0.0127592
0.0127536
0.012748
0.0127424
0.0127368
0.0127312
0.0127256
0.0127201
0.0127146
0.0127091
0.0127036
0.0126981
0.0126926
0.0126872
0.0126817
0.0126763
0.0126709
0.0126655
0.0126602
0.0126548
0.0126495
0.0126442
0.0126389
0.0126336
0.0126283
0.012623
0.0126178
0.0126126
0.0126074
0.0126022
0.012597
0.0125918
0.0125867
0.0125815
0.0125764
0.0125713
0.0125662
0.0125611
0.012556
0.012551
0.012546
0.0125409
0.0125359
0.0125309
0.012526
0.012521
0.012516
0.0125111
0.0125062
0.0125013
0.0124964
0.0124915
0.0124866
0.0124818
0.0124769
0.0124721
0.0124673
0.0124625
0.0124577
0.0124529
0.0124481
0.0124434
0.0124387
0.0124339
0.0124292
0.0124245
0.0124198
0.0124152
0.0124105
0.0124059
0.0124012
0.0123966
0.012392
0.0123874
0.0123828
0.0123783
0.0123737
0.0123691
0.0123646
0.0123601
0.0123556
0.0123511
0.0123466
0.0123421
0.0123377
0.0123332
0.0123288
0.0123243
0.0123199
0.0123155
0.0123111
0.0123068
0.0123024
0.012298
0.0122937
0.0122894
0.012285
0.0122807
0.0122764
0.0122721
0.0122679
0.0122636
0.0122593
0.0122551
0.0122509
0.0122466
0.0122424
0.0122382
0.012234
0.0122299
0.0122257
0.0122215
0.0122174
0.0122133
0.0122091
0.012205
0.0122009
0.0121968
0.0121927
0.0121887
0.0121846
0.0121805
0.0121765
0.0121725
0.0121685
0.0121644
0.0121604
0.0121565
0.0121525
0.0121485
0.0121445
0.0121406
0.0121367
0.0121327
0.0121288
0.0121249
0.012121
0.0121171
0.0121132
0.0121093
0.0121055
0.0121016
0.0120978
0.0120939
0.0120901
0.0120863
0.0120825
0.0120787
0.0120749
0.0120711
0.0120674
0.0120636
0.0120599
0.0120561
0.0120524
0.0120487
0.012045
0.0120413
0.0120376
0.0120339
0.0120302
0.0120265
0.0120229
0.0120192
0.0120156
0.0120119
0.0120083
0.0120047
0.0120011
0.0119975
0.0119939
0.0119903
0.0119868
0.0119832
0.0119796
0.0119761
0.0119725
0.011969
0.0119655
0.011962
0.0119585
0.011955
0.0119515
0.011948
0.0119445
0.0119411
0.0119376
0.0119342
0.0119307
0.0119273
0.0119239
0.0119205
0.0119171
0.0119137
0.0119103
0.0119069
0.0119035
0.0119001
0.0118968
0.0118934
0.0118901
0.0118867
0.0118834
0.0118801
0.0118768
0.0118735
0.0118702
0.0118669
0.0118636
0.0118603
0.011857
0.0118538
0.0118505
0.0118473
0.011844
0.0118408
0.0118376
0.0118344
0.0118312
0.011828
0.0118248
0.0118216
0.0118184
0.0118152
0.0118121
0.0118089
0.0118057
0.0118026
0.0117995
0.0117963
0.0117932
0.0117901
0.011787
0.0117839
0.0117808
0.0117777
0.0117746
0.0117715
0.0117685
0.0117654
0.0117623
0.0117593
0.0117562
0.0117532
0.0117502
0.0117472
0.0117441
0.0117411
0.0117381
0.0117351
0.0117322
0.0117292
0.0117262
0.0117232
0.0117203
0.0117173
0.0117144
0.0117114
0.0117085
0.0117055
0.0117026
0.0116997
0.0116968
0.0116939
0.011691
0.0116881
0.0116852
0.0116823
0.0116794
0.0116766
0.0116737
0.0116709
0.011668
0.0116652
0.0116623
0.0116595
0.0116567
0.0116538
0.011651
0.0116482
0.0116454
0.0116426
0.0116398
0.011637
0.0116343
0.0116315
0.0116287
0.011626
0.0116232
0.0116205
0.0116177
0.011615
0.0116122
0.0116095
0.0116068
0.0116041
0.0116014
0.0115987
0.011596
0.0115933
0.0115906
0.0115879
0.0115852
0.0115826
0.0115799
0.0115772
0.0115746
0.0115719
0.0115693
0.0115667
0.011564
0.0115614
0.0115588
0.0115562
0.0115535
0.0115509
0.0115483
0.0115457
0.0115432
0.0115406
0.011538
0.0115354
0.0115329
0.0115303
0.0115277
0.0115252
0.0115226
0.0115201
0.0115175
0.011515
0.0115125
0.01151
0.0115074
0.0115049
0.0115024
0.0114999
0.0114974
0.0114949
0.0114924
0.01149
0.0114875
0.011485
0.0114825
0.0114801
0.0114776
0.0114752
0.0114727
0.0114703
0.0114678
0.0114654
0.011463
0.0114606
0.0114581
0.0114557
0.0114533
0.0114509
0.0114485
0.0114461
0.0114437
0.0114413
0.011439
0.0114366
0.0114342
0.0114318
0.0114295
0.0114271
0.0114248
0.0114224
0.0114201
0.0114177
0.0114154
0.0114131
0.0114107
0.0114084
0.0114061
0.0114038
0.0114015
0.0113992
0.0113969
0.0113946
0.0113923
0.01139
0.0113877
0.0113854
0.0113832
0.0113809
0.0113786
0.0113764
0.0113741
0.0113718
0.0113696
0.0113674
0.0113651
0.0113629
0.0113607
0.0113584
0.0113562
0.011354
0.0113518
0.0113496
0.0113474
0.0113451
0.011343
0.0113408
0.0113386
0.0113364
0.0113342
0.011332
0.0113299
0.0113277
0.0113255
0.0113234
0.0113212
0.011319
0.0113169
0.0113148
0.0113126
0.0113105
0.0113083
0.0113062
0.0113041
0.011302
0.0112998
0.0112977
0.0112956
0.0112935
0.0112914
0.0112893
0.0112872
0.0112851
0.011283
0.011281
0.0112789
0.0112768
0.0112747
0.0112727
0.0112706
0.0112685
0.0112665
0.0112644
0.0112624
0.0112603
0.0112583
0.0112563
0.0112542
0.0112522
0.0112502
0.0112481
0.0112461
0.0112441
0.0112421
0.0112401
0.0112381
0.0112361
0.0112341
0.0112321
0.0112301
0.0112281
0.0112261
0.0112241
0.0112222
0.0112202
0.0112182
0.0112163
0.0112143
0.0112123
0.0112104
0.0112084
0.0112065
0.0112045
0.0112026
0.0112006
0.0111987
0.0111968
0.0111948
0.0111929
0.011191
0.0111891
0.0111872
0.0111853
0.0111833
0.0111814
0.0111795
0.0111776
0.0111757
0.0111739
0.011172
0.0111701
0.0111682
0.0111663
0.0111644
0.0111626
0.0111607
0.0111588
0.011157
0.0111551
0.0111533
0.0111514
0.0111496
0.0111477
0.0111459
0.011144
0.0111422
0.0111404
0.0111385
0.0111367
0.0111349
0.0111331
0.0111312
0.0111294
0.0111276
0.0111258
0.011124
0.0111222
0.0111204
0.0111186
0.0111168
0.011115
0.0111132
0.0111114
0.0111097
0.0111079
0.0111061
0.0111043
0.0111026
0.0111008
0.011099
0.0110973
0.0110955
0.0110937
0.011092
0.0110902
0.0110885
0.0110868
0.011085
0.0110833
0.0110815
0.0110798
0.0110781
0.0110764
0.0110746
0.0110729
0.0110712
0.0110695
0.0110678
0.0110661
0.0110644
0.0110627
0.011061
0.0110593
0.0110576
0.0110559
0.0110542
0.0110525
0.0110508
0.0110491
0.0110475
0.0110458
0.0110441
0.0110424
0.0110408
0.0110391
0.0110374
0.0110358
0.0110341
0.0110325
0.0110308
0.0110292
0.0110275
0.0110259
0.0110242
0.0110226
0.011021
0.0110193
0.0110177
0.0110161
0.0110145
0.0110128
0.0110112
0.0110096
0.011008
0.0110064
0.0110048
0.0110032
0.0110016
0.011
0.0109984
0.0109968
0.0109952
0.0109936
0.010992
0.0109904
0.0109888
0.0109872
0.0109857
0.0109841
0.0109825
0.0109809
0.0109794
0.0109778
0.0109762
0.0109747
0.0109731
0.0109716
0.01097
0.0109685
0.0109669
0.0109654
0.0109638
0.0109623
0.0109607
0.0109592
0.0109577
0.0109561
0.0109546
0.0109531
0.0109516
0.01095
0.0109485
0.010947
0.0109455
0.010944
0.0109425
0.0109409
0.0109394
0.0109379
0.0109364
0.0109349
0.0109334
0.0109319
0.0109305
0.010929
0.0109275
0.010926
0.0109245
0.010923
0.0109216
0.0109201
0.0109186
0.0109171
0.0109157
0.0109142
0.0109127
0.0109113
0.0109098
0.0109084
0.0109069
0.0109054
0.010904
0.0109025
0.0109011
0.0108997
0.0108982
0.0108968
0.0108953
0.0108939
0.0108925
0.010891
0.0108896
0.0108882
0.0108868
0.0108853
0.0108839
0.0108825
0.0108811
0.0108797
0.0108782
0.0108768
0.0108754
0.010874
0.0108726
0.0108712
0.0108698
0.0108684
0.010867
0.0108656
0.0108642
0.0108629
0.0108615
0.0108601
0.0108587
0.0108573
0.0108559
0.0108546
0.0108532
0.0108518
0.0108504
0.0108491
0.0108477
0.0108463
0.010845
0.0108436
0.0108423
0.0108409
0.0108395
0.0108382
0.0108368
0.0108355
0.0108341
0.0108328
0.0108315
0.0108301
0.0108288
0.0108274
0.0108261
0.0108248
0.0108234
0.0108221
0.0108208
0.0108195
0.0108181
0.0108168
0.0108155
0.0108142
0.0108129
0.0108116
0.0108102
0.0108089
0.0108076
0.0108063
0.010805
0.0108037
0.0108024
0.0108011
0.0107998
0.0107985
0.0107972
0.0107959
0.0107947
0.0107934
0.0107921
0.0107908
0.0107895
0.0107882
0.010787
0.0107857
0.0107844
0.0107831
0.0107819
0.0107806
0.0107793
0.0107781
0.0107768
0.0107755
0.0107743
0.010773
0.0107718
0.0107705
0.0107692
0.010768
0.0107667
0.0107655
0.0107643
0.010763
0.0107618
0.0107605
0.0107593
0.0107581
0.0107568
0.0107556
0.0107544
0.0107531
0.0107519
0.0107507
0.0107494
0.0107482
0.010747
0.0107458
0.0107446
0.0107433
0.0107421
0.0107409
0.0107397
0.0107385
0.0107373
0.0107361
0.0107349
0.0107337
0.0107325
0.0107313
0.0107301
0.0107289
0.0107277
0.0107265
0.0107253
0.0107241
0.0107229
0.0107217
0.0107205
0.0107194
0.0107182
0.010717
0.0107158
0.0107146
0.0107135
0.0107123
0.0107111
0.01071
0.0107088
0.0107076
0.0107065
0.0107053
0.0107041
0.010703
0.0107018
0.0107006
0.0106995
0.0106983
0.0106972
0.010696
0.0106949
0.0106937
0.0106926
0.0106914
0.0106903
0.0106892
0.010688
0.0106869
0.0106857
0.0106846
0.0106835
0.0106823
0.0106812
0.0106801
0.0106789
0.0106778
0.0106767
0.0106756
0.0106744
0.0106733
0.0106722
0.0106711
0.01067
0.0106689
0.0106677
0.0106666
0.0106655
0.0106644
0.0106633
0.0106622
0.0106611
0.01066
0.0106589
0.0106578
0.0106567
0.0106556
0.0106545
0.0106534
0.0106523
0.0106512
0.0106501
0.010649
0.010648
0.0106469
0.0106458
0.0106447
0.0106436
0.0106425
0.0106415
0.0106404
0.0106393
0.0106382
0.0106372
0.0106361
0.010635
0.010634
0.0106329
0.0106318
0.0106308
0.0106297
0.0106286
0.0106276
0.0106265
0.0106255
0.0106244
0.0106233
0.0106223
0.0106212
0.0106202
0.0106191
0.0106181
0.010617
0.010616
0.010615
0.0106139
0.0106129
0.0106118
0.0106108
0.0106098
0.0106087
0.0106077
0.0106067
0.0106056
0.0106046
0.0106036
0.0106025
0.0106015
0.0106005
0.0105995
0.0105984
0.0105974
0.0105964
0.0105954
0.0105944
0.0105933
0.0105923
0.0105913
0.0105903
0.0105893
0.0105883
0.0105873
0.0105863
0.0105853
0.0105843
0.0105833
0.0105823
0.0105813
0.0105803
0.0105793
0.0105783
0.0105773
0.0105763
0.0105753
0.0105743
0.0105733
0.0105723
0.0105713
0.0105703
0.0105693
0.0105684
0.0105674
0.0105664
0.0105654
0.0105644
0.0105635
0.0105625
0.0105615
0.0105605
0.0105595
0.0105586
0.0105576
0.0105566
0.0105557
0.0105547
0.0105537
0.0105528
0.0105518
0.0105508
0.0105499
0.0105489
0.010548
0.010547
0.010546
0.0105451
0.0105441
0.0105432
0.0105422
0.0105413
0.0105403
0.0105394
0.0105384
0.0105375
0.0105365
0.0105356
0.0105347
0.0105337
0.0105328
0.0105318
0.0105309
0.01053
0.010529
0.0105281
0.0105272
0.0105262
0.0105253
0.0105244
0.0105234
0.0105225
0.0105216
0.0105207
0.0105197
0.0105188
0.0105179
0.010517
0.010516
0.0105151
0.0105142
0.0105133
0.0105124
0.0105115
0.0105106
0.0105096
0.0105087
0.0105078
0.0105069
0.010506
0.0105051
0.0105042
0.0105033
0.0105024
0.0105015
0.0105006
0.0104997
0.0104988
0.0104979
0.010497
0.0104961
0.0104952
0.0104943
0.0104934
0.0104925
0.0104916
0.0104907
0.0104898
0.010489
0.0104881
0.0104872
0.0104863
0.0104854
0.0104845
0.0104837
0.0104828
0.0104819
0.010481
0.0104801
0.0104793
0.0104784
0.0104775
0.0104766
0.0104758
0.0104749
0.010474
0.0104732
0.0104723
0.0104714
0.0104706
0.0104697
0.0104688
0.010468
0.0104671
0.0104663
0.0104654
0.0104645
0.0104637
0.0104628
0.010462
0.0104611
0.0104603
0.0104594
0.0104586
0.0104577
0.0104569
0.010456
0.0104552
0.0104543
0.0104535
0.0104526
0.0104518
0.0104509
0.0104501
0.0104493
0.0104484
0.0104476
0.0104467
0.0104459
0.0104451
0.0104442
0.0104434
0.0104426
0.0104417
0.0104409
0.0104401
0.0104392
0.0104384
0.0104376
0.0104368
0.0104359
0.0104351
0.0104343
0.0104335
0.0104326
0.0104318
0.010431
0.0104302
0.0104294
0.0104286
0.0104277
0.0104269
0.0104261
0.0104253
0.0104245
0.0104237
0.0104229
0.0104221
0.0104212
0.0104204
0.0104196
0.0104188
0.010418
0.0104172
0.0104164
0.0104156
0.0104148
0.010414
0.0104132
0.0104124
0.0104116
0.0104108
0.01041
0.0104092
0.0104084
0.0104076
0.0104068
0.0104061
0.0104053
0.0104045
0.0104037
0.0104029
0.0104021
0.0104013
0.0104005
0.0103998
0.010399
0.0103982
0.0103974
0.0103966
0.0103959
0.0103951
0.0103943
0.0103935
0.0103927
0.010392
0.0103912
0.0103904
0.0103896
0.0103889
0.0103881
0.0103873
0.0103866
0.0103858
0.010385
0.0103843
0.0103835
0.0103827
0.010382
0.0103812
0.0103804
0.0103797
0.0103789
0.0103782
0.0103774
0.0103766
0.0103759
0.0103751
0.0103744
0.0103736
0.0103729
0.0103721
0.0103713
0.0103706
0.0103698
0.0103691
0.0103683
0.0103676
0.0103669
0.0103661
0.0103654
0.0103646
0.0103639
0.0103631
0.0103624
0.0103616
0.0103609
0.0103602
0.0103594
0.0103587
0.0103579
0.0103572
0.0103565
0.0103557
0.010355
0.0103543
0.0103535
0.0103528
0.0103521
0.0103513
0.0103506
0.0103499
0.0103491
0.0103484
0.0103477
0.010347
0.0103462
0.0103455
0.0103448
0.0103441
0.0103433
0.0103426
0.0103419
0.0103412
0.0103405
0.0103397
0.010339
0.0103383
0.0103376
0.0103369
0.0103362
0.0103355
0.0103347
0.010334
0.0103333
0.0103326
0.0103319
0.0103312
0.0103305
0.0103298
0.0103291
0.0103284
0.0103277
0.0103269
0.0103262
0.0103255
0.0103248
0.0103241
0.0103234
0.0103227
0.010322
0.0103213
0.0103206
0.0103199
0.0103192
0.0103186
0.0103179
0.0103172
0.0103165
0.0103158
0.0103151
0.0103144
0.0103137
0.010313
0.0103123
0.0103116
0.0103109
0.0103103
0.0103096
0.0103089
0.0103082
0.0103075
0.0103068
0.0103062
0.0103055
0.0103048
0.0103041
0.0103034
0.0103027
0.0103021
0.0103014
0.0103007
0.0103
0.0102994
0.0102987
0.010298
0.0102973
0.0102967
0.010296
0.0102953
0.0102947
0.010294
0.0102933
0.0102926
0.010292
0.0102913
0.0102906
0.01029
0.0102893
0.0102886
0.010288
0.0102873
0.0102867
0.010286
0.0102853
0.0102847
0.010284
0.0102834
0.0102827
0.010282
0.0102814
0.0102807
0.0102801
0.0102794
0.0102788
0.0102781
0.0102775
0.0102768
0.0102761
0.0102755
0.0102748
0.0102742
0.0102735
0.0102729
0.0102723
0.0102716
0.010271
0.0102703
0.0102697
0.010269
0.0102684
0.0102677
0.0102671
0.0102665
0.0102658
0.0102652
0.0102645
0.0102639
0.0102633
0.0102626
0.010262
0.0102613
0.0102607
0.0102601
0.0102594
0.0102588
0.0102582
0.0102575
0.0102569
0.0102563
0.0102556
0.010255
0.0102544
0.0102537
0.0102531
0.0102525
0.0102519
0.0102512
0.0102506
0.01025
0.0102494
0.0102487
0.0102481
0.0102475
0.0102469
0.0102463
0.0102456
0.010245
0.0102444
0.0102438
0.0102432
0.0102425
0.0102419
0.0102413
0.0102407
0.0102401
0.0102395
0.0102388
0.0102382
0.0102376
0.010237
0.0102364
0.0102358
0.0102352
0.0102346
0.0102339
0.0102333
0.0102327
0.0102321
0.0102315
0.0102309
0.0102303
0.0102297
0.0102291
0.0102285
0.0102279
0.0102273
0.0102267
0.0102261
0.0102255
0.0102249
0.0102243
0.0102237
0.0102231
0.0102225
0.0102219
0.0102213
0.0102207
0.0102201
0.0102195
0.0102189
0.0102183
0.0102177
0.0102171
0.0102165
0.0102159
0.0102154
0.0102148
0.0102142
0.0102136
0.010213
0.0102124
0.0102118
0.0102112
0.0102106
0.0102101
0.0102095
0.0102089
0.0102083
0.0102077
0.0102071
0.0102066
0.010206
0.0102054
0.0102048
0.0102042
0.0102036
0.0102031
0.0102025
0.0102019
0.0102013
0.0102008
0.0102002
0.0101996
0.010199
0.0101985
0.0101979
0.0101973
0.0101967
0.0101962
0.0101956
0.010195
0.0101944
0.0101939
0.0101933
0.0101927
0.0101922
0.0101916
0.010191
0.0101905
0.0101899
0.0101893
0.0101888
0.0101882
0.0101876
0.0101871
0.0101865
0.0101859
0.0101854
0.0101848
0.0101843
0.0101837
0.0101831
0.0101826
0.010182
0.0101815
0.0101809
0.0101804
0.0101798
0.0101792
0.0101787
0.0101781
0.0101776
0.010177
0.0101765
0.0101759
0.0101754
0.0101748
0.0101743
0.0101737
0.0101732
0.0101726
0.0101721
0.0101715
0.010171
0.0101704
0.0101699
0.0101693
0.0101688
0.0101682
0.0101677
0.0101671
0.0101666
0.010166
0.0101655
0.010165
0.0101644
0.0101639
0.0101633
0.0101628
0.0101622
0.0101617
0.0101612
0.0101606
0.0101601
0.0101595
0.010159
0.0101585
0.0101579
0.0101574
0.0101569
0.0101563
0.0101558
0.0101553
0.0101547
0.0101542
0.0101537
0.0101531
0.0101526
0.0101521
0.0101515
0.010151
0.0101505
0.0101499
0.0101494
0.0101489
0.0101484
0.0101478
0.0101473
0.0101468
0.0101463
0.0101457
0.0101452
0.0101447
0.0101442
0.0101436
0.0101431
0.0101426
0.0101421
0.0101415
0.010141
0.0101405
0.01014
0.0101395
0.0101389
0.0101384
0.0101379
0.0101374
0.0101369
0.0101364
0.0101358
0.0101353
0.0101348
0.0101343
0.0101338
0.0101333
0.0101328
0.0101322
0.0101317
0.0101312
0.0101307
0.0101302
0.0101297
0.0101292
0.0101287
0.0101282
0.0101276
0.0101271
0.0101266
0.0101261
0.0101256
0.0101251
0.0101246
0.0101241
0.0101236
0.0101231
0.0101226
0.0101221
0.0101216
0.0101211
0.0101206
0.0101201
0.0101196
0.0101191
0.0101186
0.0101181
0.0101176
0.0101171
0.0101166
0.0101161
0.0101156
0.0101151
0.0101146
0.0101141
0.0101136
0.0101131
0.0101126
0.0101121
0.0101116
0.0101111
0.0101106
0.0101101
0.0101096
0.0101091
0.0101086
0.0101082
0.0101077
0.0101072
0.0101067
0.0101062
0.0101057
0.0101052
0.0101047
0.0101042
0.0101037
0.0101033
0.0101028
0.0101023
0.0101018
0.0101013
0.0101008
0.0101003
0.0100999
0.0100994
0.0100989
0.0100984
0.0100979
0.0100974
0.010097
0.0100965
0.010096
0.0100955
0.010095
0.0100946
0.0100941
0.0100936
0.0100931
0.0100927
0.0100922
0.0100917
0.0100912
0.0100907
0.0100903
0.0100898
0.0100893
0.0100888
0.0100884
0.0100879
0.0100874
0.010087
0.0100865
0.010086
0.0100855
0.0100851
0.0100846
0.0100841
0.0100837
0.0100832
0.0100827
0.0100822
0.0100818
0.0100813
0.0100808
0.0100804
0.0100799
0.0100794
0.010079
0.0100785
0.010078
0.0100776
0.0100771
0.0100767
0.0100762
0.0100757
0.0100753
0.0100748
0.0100743
0.0100739
0.0100734
0.010073
0.0100725
0.010072
0.0100716
0.0100711
0.0100707
0.0100702
0.0100697
0.0100693
0.0100688
0.0100684
0.0100679
0.0100675
0.010067
0.0100665
0.0100661
0.0100656
0.0100652
0.0100647
0.0100643
0.0100638
0.0100634
0.0100629
0.0100625
0.010062
0.0100616
0.0100611
0.0100607
0.0100602
0.0100598
0.0100593
0.0100589
0.0100584
0.010058
0.0100575
0.0100571
0.0100566
0.0100562
0.0100557
0.0100553
0.0100548
0.0100544
0.010054
0.0100535
0.0100531
0.0100526
0.0100522
0.0100517
0.0100513
0.0100509
0.0100504
0.01005
0.0100495
0.0100491
0.0100487
0.0100482
0.0100478
0.0100473
0.0100469
0.0100465
0.010046
0.0100456
0.0100451
0.0100447
0.0100443
0.0100438
0.0100434
0.010043
0.0100425
0.0100421
0.0100417
0.0100412
0.0100408
0.0100404
0.0100399
0.0100395
0.0100391
0.0100386
0.0100382
0.0100378
0.0100373
0.0100369
0.0100365
0.0100361
0.0100356
0.0100352
0.0100348
0.0100343
0.0100339
0.0100335
0.0100331
0.0100326
0.0100322
0.0100318
0.0100314
0.0100309
0.0100305
0.0100301
0.0100297
0.0100292
0.0100288
0.0100284
0.010028
0.0100275
0.0100271
0.0100267
0.0100263
0.0100259
0.0100254
0.010025
0.0100246
0.0100242
0.0100237
0.0100233
0.0100229
0.0100225
0.0100221
0.0100217
0.0100212
0.0100208
0.0100204
0.01002
0.0100196
0.0100192
0.0100187
0.0100183
0.0100179
0.0100175
0.0100171
0.0100167
0.0100163
0.0100158
0.0100154
0.010015
0.0100146
0.0100142
0.0100138
0.0100134
0.010013
0.0100126
0.0100121
0.0100117
0.0100113
0.0100109
0.0100105
0.0100101
0.0100097
0.0100093
0.0100089
0.0100085
0.0100081
0.0100077
0.0100073
0.0100068
0.0100064
0.010006
0.0100056
0.0100052
0.0100048
0.0100044
0.010004
0.0100036
0.0100032
0.0100028
0.0100024
0.010002
0.0100016
0.0100012
0.0100008
0.0100004
