250
250
242.265
239.476
237.399
235.681
234.189
232.855
231.64
230.518
229.471
228.488
227.557
226.673
225.828
225.019
224.242
223.493
222.769
222.069
221.39
220.731
220.089
219.465
218.856
218.261
217.681
217.112
216.556
216.012
215.478
214.954
214.44
213.935
213.438
212.95
212.47
211.997
211.532
211.074
210.622
210.176
209.737
209.304
208.876
208.454
208.037
207.626
207.219
206.817
206.419
206.027
205.638
205.254
204.873
204.497
204.125
203.756
203.391
203.03
202.672
202.317
201.965
201.617
201.272
200.93
200.591
200.255
199.921
199.59
199.263
198.937
198.614
198.294
197.976
197.661
197.348
197.037
196.729
196.423
196.118
195.817
195.517
195.219
194.923
194.629
194.338
194.048
193.759
193.473
193.189
192.906
192.625
192.346
192.068
191.792
191.518
191.245
190.974
190.705
190.437
190.17
189.905
189.642
189.379
189.119
188.859
188.601
188.345
188.089
187.835
187.583
187.331
187.081
186.832
186.584
186.338
186.093
185.848
185.605
185.364
185.123
184.883
184.645
184.407
184.171
183.936
183.701
183.468
183.236
183.005
182.775
182.545
182.317
182.09
181.863
181.638
181.413
181.19
180.967
180.745
180.525
180.305
180.085
179.867
179.65
179.433
179.217
179.002
178.788
178.575
178.362
178.151
177.94
177.729
177.52
177.311
177.103
176.896
176.69
176.484
176.279
176.074
175.871
175.668
175.466
175.264
175.063
174.863
174.663
174.465
174.266
174.069
173.872
173.676
173.48
173.285
173.09
172.897
172.703
172.511
172.319
172.127
171.936
171.746
171.557
171.367
171.179
170.991
170.804
170.617
170.43
170.245
170.059
169.875
169.691
169.507
169.324
169.141
168.959
168.778
168.596
168.416
168.236
168.056
167.877
167.699
167.521
167.343
167.166
166.989
166.813
166.637
166.462
166.287
166.113
165.939
165.765
165.592
165.42
165.248
165.076
164.905
164.734
164.563
164.393
164.224
164.055
163.886
163.718
163.55
163.382
163.215
163.048
162.882
162.716
162.551
162.386
162.221
162.057
161.893
161.729
161.566
161.403
161.241
161.079
160.917
160.755
160.594
160.434
160.274
160.114
159.954
159.795
159.636
159.478
159.32
159.162
159.004
158.847
158.69
158.534
158.378
158.222
158.067
157.911
157.757
157.602
157.448
157.294
157.141
156.988
156.835
156.682
156.53
156.378
156.226
156.075
155.924
155.773
155.623
155.473
155.323
155.173
155.024
154.875
154.726
154.578
154.43
154.282
154.135
153.988
153.841
153.694
153.548
153.401
153.256
153.11
152.965
152.82
152.675
152.531
152.386
152.243
152.099
151.955
151.812
151.669
151.527
151.384
151.242
151.101
150.959
150.818
150.676
150.536
150.395
150.255
150.115
149.975
149.835
149.696
149.557
149.418
149.279
149.141
149.003
148.865
148.727
148.589
148.452
148.315
148.178
148.042
147.906
147.77
147.634
147.498
147.363
147.227
147.092
146.958
146.823
146.689
146.555
146.421
146.287
146.154
146.021
145.888
145.755
145.622
145.49
145.358
145.226
145.094
144.963
144.831
144.7
144.569
144.438
144.308
144.178
144.047
143.918
143.788
143.658
143.529
143.4
143.271
143.142
143.014
142.885
142.757
142.629
142.501
142.374
142.246
142.119
141.992
141.865
141.739
141.612
141.486
141.36
141.234
141.108
140.983
140.857
140.732
140.607
140.482
140.357
140.233
140.109
139.985
139.861
139.737
139.613
139.49
139.367
139.243
139.121
138.998
138.875
138.753
138.631
138.508
138.387
138.265
138.143
138.022
137.901
137.78
137.659
137.538
137.417
137.297
137.177
137.056
136.936
136.817
136.697
136.578
136.458
136.339
136.22
136.101
135.983
135.864
135.746
135.627
135.509
135.391
135.274
135.156
135.038
134.921
134.804
134.687
134.57
134.453
134.337
134.22
134.104
133.988
133.872
133.756
133.64
133.525
133.409
133.294
133.179
133.064
132.949
132.834
132.72
132.605
132.491
132.377
132.263
132.149
132.035
131.922
131.808
131.695
131.582
131.469
131.356
131.243
131.13
131.018
130.905
130.793
130.681
130.569
130.457
130.345
130.234
130.122
130.011
129.9
129.789
129.678
129.567
129.456
129.346
129.235
129.125
129.015
128.905
128.795
128.685
128.575
128.465
128.356
128.247
128.137
128.028
127.919
127.811
127.702
127.593
127.485
127.376
127.268
127.16
127.052
126.944
126.836
126.729
126.621
126.514
126.407
126.299
126.192
126.085
125.979
125.872
125.765
125.659
125.552
125.446
125.34
125.234
125.128
125.022
124.917
124.811
124.706
124.6
124.495
124.39
124.285
124.18
124.075
123.97
123.866
123.761
123.657
123.553
123.448
123.344
123.24
123.137
123.033
122.929
122.826
122.722
122.619
122.516
122.413
122.31
122.207
122.104
122.001
121.899
121.796
121.694
121.592
121.489
121.387
121.285
121.183
121.082
120.98
120.878
120.777
120.676
120.574
120.473
120.372
120.271
120.17
120.069
119.969
119.868
119.768
119.667
119.567
119.467
119.367
119.267
119.167
119.067
118.967
118.868
118.768
118.669
118.569
118.47
118.371
118.272
118.173
118.074
117.975
117.877
117.778
117.679
117.581
117.483
117.384
117.286
117.188
117.09
116.992
116.895
116.797
116.699
116.602
116.504
116.407
116.31
116.213
116.116
116.019
115.922
115.825
115.728
115.632
115.535
115.439
115.342
115.246
115.15
115.054
114.958
114.862
114.766
114.67
114.574
114.479
114.383
114.288
114.192
114.097
114.002
113.907
113.812
113.717
113.622
113.527
113.433
113.338
113.244
113.149
113.055
112.96
112.866
112.772
112.678
112.584
112.49
112.397
112.303
112.209
112.116
112.022
111.929
111.835
111.742
111.649
111.556
111.463
111.37
111.277
111.184
111.092
110.999
110.907
110.814
110.722
110.629
110.537
110.445
110.353
110.261
110.169
110.077
109.985
109.894
109.802
109.711
109.619
109.528
109.436
109.345
109.254
109.163
109.072
108.981
108.89
108.799
108.708
108.618
108.527
108.437
108.346
108.256
108.165
108.075
107.985
107.895
107.805
107.715
107.625
107.535
107.446
107.356
107.266
107.177
107.087
106.998
106.909
106.819
106.73
106.641
106.552
106.463
106.374
106.285
106.197
106.108
106.019
105.931
105.842
105.754
105.666
105.577
105.489
105.401
105.313
105.225
105.137
105.049
104.961
104.873
104.786
104.698
104.611
104.523
104.436
104.348
104.261
104.174
104.087
104
103.913
103.826
103.739
103.652
103.565
103.478
103.392
103.305
103.219
103.132
103.046
102.96
102.873
102.787
102.701
102.615
102.529
102.443
102.357
102.271
102.185
102.1
102.014
101.929
101.843
101.758
101.672
101.587
101.502
101.416
101.331
101.246
101.161
101.076
100.991
100.907
100.822
100.737
100.652
100.568
100.483
100.399
100.314
100.23
100.146
100.062
99.9774
99.8932
99.8092
99.7252
99.6412
99.5574
99.4735
99.3898
99.3061
99.2224
99.1388
99.0553
98.9718
98.8884
98.805
98.7217
98.6385
98.5553
98.4722
98.3891
98.3061
98.2231
98.1402
98.0574
97.9746
97.8918
97.8092
97.7265
97.644
97.5615
97.479
97.3966
97.3143
97.232
97.1497
97.0676
96.9854
96.9034
96.8214
96.7394
96.6575
96.5757
96.4939
96.4121
96.3305
96.2488
96.1672
96.0857
96.0043
95.9228
95.8415
95.7602
95.6789
95.5977
95.5166
95.4355
95.3545
95.2735
95.1925
95.1117
95.0308
94.9501
94.8693
94.7887
94.7081
94.6275
94.547
94.4665
94.3861
94.3058
94.2255
94.1452
94.065
93.9848
93.9048
93.8247
93.7447
93.6648
93.5849
93.505
93.4252
93.3455
93.2658
93.1862
93.1066
93.0271
92.9476
92.8681
92.7887
92.7094
92.6301
92.5509
92.4717
92.3926
92.3135
92.2344
92.1554
92.0765
91.9976
91.9188
91.84
91.7613
91.6826
91.6039
91.5253
91.4468
91.3683
91.2898
91.2114
91.1331
91.0548
90.9765
90.8983
90.8201
90.742
90.664
90.586
90.508
90.4301
90.3522
90.2744
90.1966
90.1189
90.0412
89.9635
89.886
89.8084
89.7309
89.6535
89.5761
89.4987
89.4214
89.3441
89.2669
89.1898
89.1126
89.0356
88.9585
88.8816
88.8046
88.7277
88.6509
88.5741
88.4973
88.4206
88.344
88.2673
88.1908
88.1142
88.0378
87.9613
87.8849
87.8086
87.7323
87.656
87.5798
87.5036
87.4275
87.3514
87.2754
87.1994
87.1235
87.0476
86.9717
86.8959
86.8201
86.7444
86.6687
86.5931
86.5175
86.4419
86.3664
86.291
86.2156
86.1402
86.0649
85.9896
85.9143
85.8391
85.764
85.6888
85.6138
85.5387
85.4638
85.3888
85.3139
85.239
85.1642
85.0895
85.0147
84.94
84.8654
84.7908
84.7162
84.6417
84.5672
84.4928
84.4184
84.344
84.2697
84.1955
84.1212
84.047
83.9729
83.8988
83.8247
83.7507
83.6767
83.6028
83.5289
83.455
83.3812
83.3074
83.2337
83.16
83.0864
83.0127
82.9392
82.8656
82.7922
82.7187
82.6453
82.5719
82.4986
82.4253
82.3521
82.2788
82.2057
82.1325
82.0595
81.9864
81.9134
81.8404
81.7675
81.6946
81.6218
81.5489
81.4762
81.4034
81.3307
81.2581
81.1855
81.1129
81.0404
80.9679
80.8954
80.823
80.7506
80.6782
80.6059
80.5337
80.4614
80.3893
80.3171
80.245
80.1729
80.1009
80.0289
79.9569
79.885
79.8131
79.7413
79.6695
79.5977
79.526
79.4543
79.3826
79.311
79.2394
79.1679
79.0964
79.0249
78.9535
78.8821
78.8107
78.7394
78.6681
78.5968
78.5256
78.4545
78.3833
78.3122
78.2412
78.1701
78.0992
78.0282
77.9573
77.8864
77.8156
77.7448
77.674
77.6033
77.5326
77.4619
77.3913
77.3207
77.2501
77.1796
77.1092
77.0387
76.9683
76.8979
76.8276
76.7573
76.687
76.6168
76.5466
76.4764
76.4063
76.3362
76.2662
76.1962
76.1262
76.0562
75.9863
75.9165
75.8466
75.7768
75.707
75.6373
75.5676
75.4979
75.4283
75.3587
75.2891
75.2196
75.1501
75.0807
75.0112
74.9419
74.8725
74.8032
74.7339
74.6646
74.5954
74.5262
74.4571
74.388
74.3189
74.2498
74.1808
74.1119
74.0429
73.974
73.9051
73.8363
73.7675
73.6987
73.6299
73.5612
73.4926
73.4239
73.3553
73.2867
73.2182
73.1497
73.0812
73.0128
72.9443
72.876
72.8076
72.7393
72.671
72.6028
72.5346
72.4664
72.3982
72.3301
72.262
72.194
72.126
72.058
71.99
71.9221
71.8542
71.7864
71.7186
71.6508
71.583
71.5153
71.4476
71.3799
71.3123
71.2447
71.1771
71.1096
71.0421
70.9746
70.9072
70.8398
70.7724
70.7051
70.6378
70.5705
70.5032
70.436
70.3688
70.3017
70.2345
70.1675
70.1004
70.0334
69.9664
69.8994
69.8325
69.7656
69.6987
69.6319
69.565
69.4983
69.4315
69.3648
69.2981
69.2315
69.1648
69.0982
69.0317
68.9651
68.8986
68.8322
68.7657
68.6993
68.6329
68.5666
68.5002
68.434
68.3677
68.3015
68.2353
68.1691
68.103
68.0369
67.9708
67.9047
67.8387
67.7727
67.7068
67.6408
67.5749
67.5091
67.4432
67.3774
67.3116
67.2459
67.1801
67.1145
67.0488
66.9832
66.9176
66.852
66.7864
66.7209
66.6554
66.59
66.5245
66.4591
66.3938
66.3284
66.2631
66.1978
66.1326
66.0674
66.0022
65.937
65.8719
65.8068
65.7417
65.6766
65.6116
65.5466
65.4816
65.4167
65.3518
65.2869
65.2221
65.1572
65.0924
65.0277
64.9629
64.8982
64.8336
64.7689
64.7043
64.6397
64.5751
64.5106
64.4461
64.3816
64.3171
64.2527
64.1883
64.1239
64.0596
63.9953
63.931
63.8667
63.8025
63.7383
63.6741
63.6099
63.5458
63.4817
63.4177
63.3536
63.2896
63.2256
63.1617
63.0977
63.0338
62.97
62.9061
62.8423
62.7785
62.7147
62.651
62.5873
62.5236
62.4599
62.3963
62.3327
62.2691
62.2056
62.142
62.0786
62.0151
61.9516
61.8882
61.8248
61.7615
61.6981
61.6348
61.5715
61.5083
61.4451
61.3819
61.3187
61.2555
61.1924
61.1293
61.0662
61.0032
60.9402
60.8772
60.8142
60.7513
60.6884
60.6255
60.5626
60.4998
60.437
60.3742
60.3114
60.2487
60.186
60.1233
60.0607
59.998
59.9354
59.8729
59.8103
59.7478
59.6853
59.6228
59.5604
59.4979
59.4355
59.3732
59.3108
59.2485
59.1862
59.1239
59.0617
58.9995
58.9373
58.8751
58.813
58.7509
58.6888
58.6267
58.5647
58.5026
58.4407
58.3787
58.3168
58.2548
58.1929
58.1311
58.0692
58.0074
57.9456
57.8839
57.8221
57.7604
57.6987
57.6371
57.5754
57.5138
57.4522
57.3906
57.3291
57.2676
57.2061
57.1446
57.0832
57.0217
56.9603
56.899
56.8376
56.7763
56.715
56.6537
56.5925
56.5312
56.47
56.4089
56.3477
56.2866
56.2255
56.1644
56.1033
56.0423
55.9813
55.9203
55.8594
55.7984
55.7375
55.6766
55.6157
55.5549
55.4941
55.4333
55.3725
55.3118
55.2511
55.1904
55.1297
55.069
55.0084
54.9478
54.8872
54.8267
54.7661
54.7056
54.6451
54.5847
54.5242
54.4638
54.4034
54.343
54.2827
54.2224
54.1621
54.1018
54.0415
53.9813
53.9211
53.8609
53.8008
53.7406
53.6805
53.6204
53.5603
53.5003
53.4403
53.3803
53.3203
53.2603
53.2004
53.1405
53.0806
53.0207
52.9609
52.9011
52.8413
52.7815
52.7218
52.662
52.6023
52.5426
52.483
52.4234
52.3637
52.3041
52.2446
52.185
52.1255
52.066
52.0065
51.9471
51.8876
51.8282
51.7688
51.7095
51.6501
51.5908
51.5315
51.4722
51.4129
51.3537
51.2945
51.2353
51.1761
51.117
51.0579
50.9988
50.9397
50.8806
50.8216
50.7626
50.7036
50.6446
50.5856
50.5267
50.4678
50.4089
50.3501
50.2912
50.2324
50.1736
50.1148
50.0561
49.9973
49.9386
49.8799
49.8213
49.7626
49.704
49.6454
49.5868
49.5283
49.4697
49.4112
49.3527
49.2942
49.2358
49.1773
49.1189
49.0605
49.0022
48.9438
48.8855
48.8272
48.7689
48.7106
48.6524
48.5942
48.536
48.4778
48.4196
48.3615
48.3034
48.2453
48.1872
48.1292
48.0711
48.0131
47.9551
47.8971
47.8392
47.7813
47.7234
47.6655
47.6076
47.5498
47.4919
47.4341
47.3763
47.3186
47.2608
47.2031
47.1454
47.0877
47.0301
46.9724
46.9148
46.8572
46.7996
46.7421
46.6845
46.627
46.5695
46.512
46.4546
46.3972
46.3397
46.2823
46.225
46.1676
46.1103
46.053
45.9957
45.9384
45.8811
45.8239
45.7667
45.7095
45.6523
45.5952
45.538
45.4809
45.4238
45.3667
45.3097
45.2527
45.1956
45.1386
45.0817
45.0247
44.9678
44.9109
44.854
44.7971
44.7402
44.6834
44.6266
44.5698
44.513
44.4562
44.3995
44.3428
44.2861
44.2294
44.1727
44.1161
44.0595
44.0029
43.9463
43.8897
43.8332
43.7767
43.7202
43.6637
43.6072
43.5508
43.4943
43.4379
43.3815
43.3252
43.2688
43.2125
43.1562
43.0999
43.0436
42.9873
42.9311
42.8749
42.8187
42.7625
42.7064
42.6502
42.5941
42.538
42.4819
42.4258
42.3698
42.3138
42.2578
42.2018
42.1458
42.0899
42.0339
41.978
41.9221
41.8662
41.8104
41.7545
41.6987
41.6429
41.5871
41.5314
41.4756
41.4199
41.3642
41.3085
41.2528
41.1972
41.1416
41.0859
41.0303
40.9748
40.9192
40.8637
40.8081
40.7526
40.6972
40.6417
40.5862
40.5308
40.4754
40.42
40.3646
40.3093
40.2539
40.1986
40.1433
40.088
40.0328
39.9775
39.9223
39.8671
39.8119
39.7567
39.7015
39.6464
39.5913
39.5362
39.4811
39.426
39.371
39.316
39.2609
39.2059
39.151
39.096
39.0411
38.9861
38.9312
38.8764
38.8215
38.7666
38.7118
38.657
38.6022
38.5474
38.4926
38.4379
38.3832
38.3285
38.2738
38.2191
38.1644
38.1098
38.0552
38.0006
37.946
37.8914
37.8369
37.7823
37.7278
37.6733
37.6188
37.5644
37.5099
37.4555
37.4011
37.3467
37.2923
37.238
37.1836
37.1293
37.075
37.0207
36.9664
36.9122
36.8579
36.8037
36.7495
36.6953
36.6412
36.587
36.5329
36.4787
36.4246
36.3706
36.3165
36.2625
36.2084
36.1544
36.1004
36.0464
35.9925
35.9385
35.8846
35.8307
35.7768
35.7229
35.669
35.6152
35.5614
35.5076
35.4538
35.4
35.3462
35.2925
35.2388
35.185
35.1314
35.0777
35.024
34.9704
34.9168
34.8631
34.8095
34.756
34.7024
34.6489
34.5953
34.5418
34.4883
34.4349
34.3814
34.328
34.2745
34.2211
34.1677
34.1144
34.061
34.0077
33.9543
33.901
33.8477
33.7944
33.7412
33.6879
33.6347
33.5815
33.5283
33.4751
33.422
33.3688
33.3157
33.2626
33.2095
33.1564
33.1033
33.0503
32.9972
32.9442
32.8912
32.8382
32.7853
32.7323
32.6794
32.6265
32.5736
32.5207
32.4678
32.415
32.3621
32.3093
32.2565
32.2037
32.1509
32.0982
32.0454
31.9927
31.94
31.8873
31.8346
31.7819
31.7293
31.6767
31.624
31.5714
31.5189
31.4663
31.4137
31.3612
31.3087
31.2562
31.2037
31.1512
31.0988
31.0463
30.9939
30.9415
30.8891
30.8367
30.7843
30.732
30.6797
30.6273
30.575
30.5228
30.4705
30.4182
30.366
30.3138
30.2616
30.2094
30.1572
30.105
30.0529
30.0008
29.9486
29.8965
29.8445
29.7924
29.7403
29.6883
29.6363
29.5843
29.5323
29.4803
29.4283
29.3764
29.3245
29.2725
29.2206
29.1688
29.1169
29.065
29.0132
28.9614
28.9096
28.8578
28.806
28.7542
28.7025
28.6507
28.599
28.5473
28.4956
28.444
28.3923
28.3407
28.289
28.2374
28.1858
28.1342
28.0827
28.0311
27.9796
27.9281
27.8766
27.8251
27.7736
27.7221
27.6707
27.6192
27.5678
27.5164
27.465
27.4137
27.3623
27.311
27.2596
27.2083
27.157
27.1057
27.0545
27.0032
26.952
26.9007
26.8495
26.7983
26.7472
26.696
26.6448
26.5937
26.5426
26.4915
26.4404
26.3893
26.3382
26.2872
26.2361
26.1851
26.1341
26.0831
26.0322
25.9812
25.9302
25.8793
25.8284
25.7775
25.7266
25.6757
25.6249
25.574
25.5232
25.4724
25.4216
25.3708
25.32
25.2692
25.2185
25.1678
25.117
25.0663
25.0156
24.965
24.9143
24.8637
24.813
24.7624
24.7118
24.6612
24.6106
24.5601
24.5095
24.459
24.4085
24.358
24.3075
24.257
24.2066
24.1561
24.1057
24.0553
24.0048
23.9545
23.9041
23.8537
23.8034
23.753
23.7027
23.6524
23.6021
23.5518
23.5016
23.4513
23.4011
23.3509
23.3006
23.2504
23.2003
23.1501
23.0999
23.0498
22.9997
22.9496
22.8995
22.8494
22.7993
22.7493
22.6992
22.6492
22.5992
22.5492
22.4992
22.4492
22.3992
22.3493
22.2994
22.2494
22.1995
22.1496
22.0998
22.0499
22
21.9502
21.9004
21.8506
21.8008
21.751
21.7012
21.6515
21.6017
21.552
21.5023
21.4526
21.4029
21.3532
21.3036
21.2539
21.2043
21.1546
21.105
21.0554
21.0059
20.9563
20.9067
20.8572
20.8077
20.7582
20.7087
20.6592
20.6097
20.5602
20.5108
20.4614
20.4119
20.3625
20.3131
20.2638
20.2144
20.165
20.1157
20.0664
20.0171
19.9678
19.9185
19.8692
19.8199
19.7707
19.7214
19.6722
19.623
19.5738
19.5246
19.4755
19.4263
19.3772
19.328
19.2789
19.2298
19.1807
19.1317
19.0826
19.0335
18.9845
18.9355
18.8865
18.8375
18.7885
18.7395
18.6905
18.6416
18.5927
18.5437
18.4948
18.4459
18.3971
18.3482
18.2993
18.2505
18.2016
18.1528
18.104
18.0552
18.0065
17.9577
17.9089
17.8602
17.8115
17.7627
17.714
17.6654
17.6167
17.568
17.5194
17.4707
17.4221
17.3735
17.3249
17.2763
17.2277
17.1791
17.1306
17.0821
17.0335
16.985
16.9365
16.888
16.8396
16.7911
16.7427
16.6942
16.6458
16.5974
16.549
16.5006
16.4522
16.4039
16.3555
16.3072
16.2588
16.2105
16.1622
16.114
16.0657
16.0174
15.9692
15.9209
15.8727
15.8245
15.7763
15.7281
15.6799
15.6318
15.5836
15.5355
15.4874
15.4392
15.3911
15.3431
15.295
15.2469
15.1989
15.1508
15.1028
15.0548
15.0068
14.9588
14.9108
14.8629
14.8149
14.767
14.719
14.6711
14.6232
14.5753
14.5274
14.4796
14.4317
14.3839
14.336
14.2882
14.2404
14.1926
14.1448
14.0971
14.0493
14.0016
13.9538
13.9061
13.8584
13.8107
13.763
13.7153
13.6677
13.62
13.5724
13.5248
13.4772
13.4296
13.382
13.3344
13.2868
13.2393
13.1917
13.1442
13.0967
13.0492
13.0017
12.9542
12.9067
12.8593
12.8118
12.7644
12.717
12.6695
12.6221
12.5748
12.5274
12.48
12.4327
12.3853
12.338
12.2907
12.2434
12.1961
12.1488
12.1015
12.0543
12.007
11.9598
11.9126
11.8654
11.8182
11.771
11.7238
11.6766
11.6295
11.5823
11.5352
11.4881
11.441
11.3939
11.3468
11.2997
11.2527
11.2056
11.1586
11.1116
11.0646
11.0176
10.9706
10.9236
10.8766
10.8297
10.7827
10.7358
10.6889
10.642
10.5951
10.5482
10.5013
10.4544
10.4076
10.3608
10.3139
10.2671
10.2203
10.1735
10.1267
10.08
10.0332
9.98644
9.93971
9.89298
9.84626
9.79956
9.75287
9.70619
9.65952
9.61286
9.56622
9.51958
9.47296
9.42634
9.37974
9.33315
9.28657
9.24001
9.19345
9.1469
9.10037
9.05385
9.00734
8.96084
8.91435
8.86787
8.8214
8.77495
8.7285
8.68207
8.63565
8.58924
8.54284
8.49645
8.45008
8.40371
8.35735
8.31101
8.26468
8.21836
8.17205
8.12575
8.07946
8.03318
7.98692
7.94066
7.89442
7.84819
7.80196
7.75575
7.70955
7.66336
7.61719
7.57102
7.52486
7.47872
7.43259
7.38646
7.34035
7.29425
7.24816
7.20208
7.15601
7.10996
7.06391
7.01788
6.97185
6.92584
6.87984
6.83384
6.78786
6.74189
6.69593
6.64999
6.60405
6.55812
6.51221
6.4663
6.42041
6.37452
6.32865
6.28279
6.23694
6.1911
6.14527
6.09945
6.05364
6.00785
5.96206
5.91629
5.87052
5.82477
5.77902
5.73329
5.68757
5.64186
5.59616
5.55047
5.50479
5.45912
5.41346
5.36782
5.32218
5.27656
5.23094
5.18534
5.13974
5.09416
5.04859
5.00302
4.95747
4.91193
4.8664
4.82088
4.77537
4.72988
4.68439
4.63891
4.59344
4.54799
4.50254
4.45711
4.41168
4.36627
4.32086
4.27547
4.23009
4.18472
4.13935
4.094
4.04866
4.00333
3.95801
3.9127
3.8674
3.82211
3.77684
3.73157
3.68631
3.64106
3.59583
3.5506
3.50539
3.46018
3.41499
3.3698
3.32463
3.27946
3.23431
3.18917
3.14403
3.09891
3.0538
3.00869
2.9636
2.91852
2.87345
2.82839
2.78334
2.7383
2.69327
2.64825
2.60324
2.55824
2.51325
2.46827
2.4233
2.37834
2.3334
2.28846
2.24353
2.19861
2.15371
2.10881
2.06392
2.01904
1.97418
1.92932
1.88447
1.83964
1.79481
1.75
1.70519
1.66039
1.61561
1.57083
1.52607
1.48131
1.43657
1.39183
1.34711
1.30239
1.25769
1.21299
1.16831
1.12363
1.07897
1.03431
0.989666
0.945031
0.900406
0.855791
0.811186
0.766591
0.722007
0.677432
0.632867
0.588312
0.543767
0.499231
0.454706
0.410191
0.365686
0.32119
0.276705
0.232229
0.187764
0.143308
0.098862
0.0544261
