250
250
249.448
248.898
248.349
247.801
247.254
246.709
246.165
245.622
245.08
244.539
244
243.461
242.924
242.388
241.853
241.32
240.788
240.256
239.726
239.197
238.67
238.143
237.618
237.094
236.571
236.049
235.528
235.008
234.49
233.972
233.456
232.941
232.427
231.915
231.403
230.892
230.383
229.875
229.368
228.862
228.357
227.853
227.35
226.849
226.348
225.849
225.351
224.853
224.357
223.862
223.369
222.876
222.384
221.893
221.404
220.915
220.428
219.942
219.457
218.972
218.489
218.007
217.526
217.046
216.568
216.09
215.613
215.137
214.663
214.189
213.717
213.245
212.775
212.305
211.837
211.37
210.903
210.438
209.974
209.511
209.048
208.587
208.127
207.668
207.21
206.753
206.296
205.841
205.387
204.934
204.482
204.031
203.581
203.132
202.683
202.236
201.79
201.345
200.901
200.458
200.015
199.574
199.134
198.694
198.256
197.819
197.382
196.947
196.512
196.079
195.646
195.215
194.784
194.354
193.925
193.498
193.071
192.645
192.22
191.796
191.373
190.95
190.529
190.109
189.689
189.271
188.853
188.437
188.021
187.606
187.192
186.779
186.367
185.956
185.546
185.137
184.728
184.321
183.914
183.508
183.103
182.699
182.296
181.894
181.493
181.092
180.693
180.294
179.897
179.5
179.104
178.709
178.314
177.921
177.528
177.137
176.746
176.356
175.967
175.579
175.191
174.805
174.419
174.034
173.65
173.267
172.885
172.504
172.123
171.743
171.365
170.986
170.609
170.233
169.857
169.483
169.109
168.736
168.363
167.992
167.621
167.251
166.883
166.514
166.147
165.78
165.415
165.05
164.686
164.322
163.96
163.598
163.237
162.877
162.518
162.159
161.801
161.444
161.088
160.733
160.378
160.024
159.671
159.319
158.968
158.617
158.267
157.918
157.57
157.222
156.875
156.529
156.184
155.839
155.495
155.152
154.81
154.468
154.128
153.788
153.448
153.11
152.772
152.435
152.099
151.763
151.428
151.094
150.761
150.428
150.096
149.765
149.435
149.105
148.776
148.448
148.121
147.794
147.468
147.142
146.818
146.494
146.171
145.848
145.526
145.205
144.885
144.565
144.246
143.928
143.611
143.294
142.978
142.662
142.348
142.034
141.72
141.408
141.096
140.784
140.474
140.164
139.855
139.546
139.238
138.931
138.625
138.319
138.014
137.709
137.405
137.102
136.8
136.498
136.197
135.896
135.596
135.297
134.999
134.701
134.404
134.107
133.811
133.516
133.222
132.928
132.634
132.342
132.05
131.759
131.468
131.178
130.888
130.6
130.312
130.024
129.737
129.451
129.165
128.88
128.596
128.312
128.029
127.747
127.465
127.184
126.903
126.623
126.344
126.065
125.787
125.51
125.233
124.956
124.681
124.406
124.131
123.857
123.584
123.312
123.039
122.768
122.497
122.227
121.957
121.688
121.42
121.152
120.885
120.618
120.352
120.086
119.821
119.557
119.293
119.03
118.768
118.506
118.244
117.983
117.723
117.463
117.204
116.945
116.687
116.43
116.173
115.917
115.661
115.406
115.151
114.897
114.644
114.391
114.139
113.887
113.636
113.385
113.135
112.885
112.636
112.388
112.14
111.892
111.645
111.399
111.153
110.908
110.663
110.419
110.176
109.933
109.69
109.448
109.207
108.966
108.725
108.485
108.246
108.007
107.769
107.531
107.294
107.057
106.821
106.585
106.35
106.116
105.882
105.648
105.415
105.182
104.95
104.719
104.488
104.257
104.027
103.798
103.569
103.34
103.112
102.885
102.658
102.431
102.205
101.98
101.755
101.53
101.306
101.083
100.86
100.637
100.415
100.194
99.9728
99.7523
99.5322
99.3126
99.0935
98.8749
98.6568
98.4391
98.222
98.0053
97.789
97.5733
97.358
97.1433
96.9289
96.7151
96.5017
96.2888
96.0764
95.8645
95.653
95.4419
95.2314
95.0213
94.8117
94.6025
94.3938
94.1855
93.9777
93.7704
93.5635
93.3571
93.1512
92.9457
92.7406
92.536
92.3319
92.1282
91.9249
91.7221
91.5198
91.3179
91.1164
90.9154
90.7148
90.5147
90.315
90.1157
89.9169
89.7186
89.5206
89.3231
89.1261
88.9295
88.7333
88.5375
88.3422
88.1473
87.9528
87.7588
87.5652
87.372
87.1792
86.9869
86.795
86.6035
86.4125
86.2218
86.0316
85.8418
85.6524
85.4635
85.2749
85.0868
84.8991
84.7118
84.5249
84.3384
84.1523
83.9667
83.7815
83.5966
83.4122
83.2282
83.0446
82.8614
82.6785
82.4961
82.3141
82.1325
81.9514
81.7706
81.5902
81.4102
81.2306
81.0513
80.8725
80.6941
80.5161
80.3385
80.1612
79.9844
79.8079
79.6319
79.4562
79.2809
79.106
78.9315
78.7573
78.5836
78.4102
78.2372
78.0646
77.8924
77.7206
77.5491
77.378
77.2073
77.037
76.867
76.6974
76.5282
76.3594
76.1909
76.0228
75.8551
75.6878
75.5208
75.3542
75.188
75.0221
74.8566
74.6914
74.5266
74.3622
74.1982
74.0345
73.8711
73.7082
73.5456
73.3833
73.2214
73.0599
72.8987
72.7379
72.5774
72.4173
72.2575
72.0981
71.9391
71.7803
71.622
71.464
71.3063
71.149
70.992
70.8354
70.6792
70.5232
70.3676
70.2124
70.0575
69.9029
69.7487
69.5948
69.4413
69.2881
69.1353
68.9827
68.8305
68.6787
68.5272
68.376
68.2252
68.0746
67.9245
67.7746
67.6251
67.4759
67.327
67.1785
67.0303
66.8824
66.7349
66.5876
66.4407
66.2942
66.1479
66.002
65.8564
65.7111
65.5661
65.4215
65.2771
65.1331
64.9894
64.846
64.703
64.5602
64.4178
64.2757
64.1339
63.9924
63.8512
63.7104
63.5698
63.4296
63.2896
63.15
63.0107
62.8717
62.733
62.5946
62.4565
62.3187
62.1812
62.044
61.9071
61.7706
61.6343
61.4983
61.3626
61.2273
61.0922
60.9574
60.8229
60.6887
60.5549
60.4213
60.288
60.155
60.0223
59.8898
59.7577
59.6259
59.4943
59.3631
59.2321
59.1014
58.9711
58.841
58.7111
58.5816
58.4524
58.3234
58.1948
58.0664
57.9383
57.8104
57.6829
57.5557
57.4287
57.302
57.1756
57.0494
56.9236
56.798
56.6727
56.5476
56.4229
56.2984
56.1742
56.0503
55.9266
55.8033
55.6801
55.5573
55.4347
55.3124
55.1904
55.0687
54.9472
54.8259
54.705
54.5843
54.4639
54.3437
54.2238
54.1042
53.9848
53.8657
53.7469
53.6283
53.51
53.392
53.2742
53.1567
53.0394
52.9224
52.8056
52.6891
52.5729
52.4569
52.3412
52.2257
52.1105
51.9955
51.8808
51.7663
51.6521
51.5382
51.4245
51.311
51.1978
51.0849
50.9722
50.8597
50.7475
50.6356
50.5239
50.4124
50.3012
50.1902
50.0795
49.969
49.8588
49.7488
49.639
49.5295
49.4202
49.3112
49.2024
49.0939
48.9856
48.8775
48.7697
48.6621
48.5547
48.4476
48.3407
48.2341
48.1277
48.0215
47.9155
47.8098
47.7044
47.5991
47.4941
47.3893
47.2848
47.1805
47.0764
46.9725
46.8689
46.7655
46.6623
46.5594
46.4567
46.3542
46.2519
46.1499
46.048
45.9465
45.8451
45.7439
45.643
45.5423
45.4419
45.3416
45.2416
45.1418
45.0422
44.9428
44.8437
44.7447
44.646
44.5475
44.4492
44.3512
44.2533
44.1557
44.0583
43.9611
43.8641
43.7673
43.6708
43.5744
43.4783
43.3824
43.2867
43.1912
43.0959
43.0008
42.906
42.8113
42.7168
42.6226
42.5286
42.4348
42.3411
42.2477
42.1545
42.0615
41.9687
41.8761
41.7838
41.6916
41.5996
41.5078
41.4162
41.3249
41.2337
41.1427
41.052
40.9614
40.871
40.7809
40.6909
40.6011
40.5116
40.4222
40.333
40.244
40.1552
40.0667
39.9783
39.8901
39.8021
39.7143
39.6266
39.5392
39.452
39.3649
39.2781
39.1915
39.105
39.0187
38.9326
38.8467
38.761
38.6755
38.5902
38.5051
38.4201
38.3354
38.2508
38.1664
38.0822
37.9982
37.9144
37.8307
37.7473
37.664
37.5809
37.498
37.4152
37.3327
37.2503
37.1682
37.0862
37.0043
36.9227
36.8413
36.76
36.6789
36.598
36.5172
36.4367
36.3563
36.2761
36.196
36.1162
36.0365
35.957
35.8777
35.7985
35.7195
35.6407
35.5621
35.4837
35.4054
35.3273
35.2493
35.1716
35.094
35.0166
34.9393
34.8622
34.7853
34.7086
34.632
34.5556
34.4794
34.4033
34.3274
34.2517
34.1761
34.1007
34.0255
33.9504
33.8755
33.8008
33.7262
33.6518
33.5776
33.5035
33.4296
33.3558
33.2822
33.2088
33.1355
33.0624
32.9895
32.9167
32.8441
32.7716
32.6993
32.6272
32.5552
32.4834
32.4117
32.3402
32.2689
32.1977
32.1267
32.0558
31.9851
31.9145
31.8441
31.7738
31.7037
31.6338
31.564
31.4944
31.4249
31.3556
31.2864
31.2174
31.1485
31.0798
31.0112
30.9428
30.8745
30.8064
30.7385
30.6706
30.603
30.5355
30.4681
30.4009
30.3338
30.2669
30.2001
30.1335
30.067
30.0007
29.9345
29.8685
29.8026
29.7368
29.6712
29.6057
29.5404
29.4753
29.4102
29.3453
29.2806
29.216
29.1516
29.0872
29.0231
28.959
28.8952
28.8314
28.7678
28.7043
28.641
28.5778
28.5148
28.4519
28.3891
28.3265
28.264
28.2016
28.1394
28.0773
28.0154
27.9536
27.8919
27.8304
27.769
27.7077
27.6466
27.5856
27.5247
27.464
27.4034
27.343
27.2826
27.2225
27.1624
27.1025
27.0427
26.983
26.9235
26.8641
26.8048
26.7457
26.6867
26.6278
26.5691
26.5105
26.452
26.3936
26.3354
26.2773
26.2193
26.1615
26.1038
26.0462
25.9887
25.9314
25.8742
25.8171
25.7601
25.7033
25.6466
25.59
25.5335
25.4772
25.421
25.3649
25.309
25.2531
25.1974
25.1418
25.0864
25.031
24.9758
24.9207
24.8657
24.8109
24.7561
24.7015
24.647
24.5926
24.5384
24.4843
24.4302
24.3763
24.3226
24.2689
24.2154
24.1619
24.1086
24.0554
24.0024
23.9494
23.8966
23.8439
23.7913
23.7388
23.6864
23.6342
23.582
23.53
23.4781
23.4263
23.3746
23.323
23.2716
23.2202
23.169
23.1179
23.0669
23.016
22.9652
22.9146
22.864
22.8136
22.7632
22.713
22.6629
22.6129
22.563
22.5132
22.4636
22.414
22.3646
22.3152
22.266
22.2169
22.1679
22.119
22.0702
22.0215
21.9729
21.9244
21.876
21.8278
21.7796
21.7316
21.6836
21.6358
21.5881
21.5404
21.4929
21.4455
21.3982
21.351
21.3039
21.2569
21.21
21.1632
21.1165
21.0699
21.0234
20.9771
20.9308
20.8846
20.8385
20.7926
20.7467
20.7009
20.6552
20.6097
20.5642
20.5188
20.4736
20.4284
20.3833
20.3384
20.2935
20.2487
20.2041
20.1595
20.115
20.0706
20.0264
19.9822
19.9381
19.8941
19.8502
19.8064
19.7627
19.7191
19.6756
19.6322
19.5889
19.5457
19.5026
19.4595
19.4166
19.3738
19.331
19.2884
19.2458
19.2034
19.161
19.1187
19.0766
19.0345
18.9925
18.9506
18.9088
18.8671
18.8254
18.7839
18.7425
18.7011
18.6599
18.6187
18.5776
18.5366
18.4957
18.4549
18.4142
18.3736
18.3331
18.2926
18.2523
18.212
18.1718
18.1317
18.0917
18.0518
18.012
17.9722
17.9326
17.893
17.8536
17.8142
17.7749
17.7357
17.6965
17.6575
17.6185
17.5797
17.5409
17.5022
17.4636
17.425
17.3866
17.3482
17.31
17.2718
17.2337
17.1957
17.1577
17.1199
17.0821
17.0444
17.0068
16.9693
16.9319
16.8945
16.8572
16.82
16.7829
16.7459
16.709
16.6721
16.6353
16.5986
16.562
16.5255
16.489
16.4526
16.4163
16.3801
16.344
16.3079
16.2719
16.236
16.2002
16.1645
16.1288
16.0932
16.0577
16.0223
15.987
15.9517
15.9165
15.8814
15.8463
15.8114
15.7765
15.7417
15.707
15.6723
15.6377
15.6032
15.5688
15.5345
15.5002
15.466
15.4319
15.3978
15.3639
15.33
15.2962
15.2624
15.2287
15.1951
15.1616
15.1282
15.0948
15.0615
15.0283
14.9951
14.962
14.929
14.8961
14.8632
14.8304
14.7977
14.7651
14.7325
14.7
14.6676
14.6352
14.6029
14.5707
14.5386
14.5065
14.4745
14.4425
14.4107
14.3789
14.3472
14.3155
14.2839
14.2524
14.221
14.1896
14.1583
14.1271
14.0959
14.0648
14.0338
14.0028
13.9719
13.9411
13.9103
13.8797
13.849
13.8185
13.788
13.7576
13.7272
13.6969
13.6667
13.6366
13.6065
13.5765
13.5465
13.5166
13.4868
13.4571
13.4274
13.3977
13.3682
13.3387
13.3093
13.2799
13.2506
13.2214
13.1922
13.1631
13.1341
13.1051
13.0762
13.0473
13.0185
12.9898
12.9612
12.9326
12.904
12.8756
12.8472
12.8188
12.7905
12.7623
12.7342
12.7061
12.678
12.6501
12.6222
12.5943
12.5665
12.5388
12.5112
12.4836
12.456
12.4285
12.4011
12.3738
12.3465
12.3192
12.292
12.2649
12.2379
12.2109
12.1839
12.157
12.1302
12.1035
12.0768
12.0501
12.0235
11.997
11.9705
11.9441
11.9178
11.8915
11.8653
11.8391
11.813
11.7869
11.7609
11.735
11.7091
11.6832
11.6575
11.6317
11.6061
11.5805
11.5549
11.5294
11.504
11.4786
11.4533
11.428
11.4028
11.3777
11.3526
11.3275
11.3025
11.2776
11.2527
11.2279
11.2031
11.1784
11.1537
11.1291
11.1046
11.0801
11.0556
11.0312
11.0069
10.9826
10.9584
10.9342
10.9101
10.886
10.862
10.838
10.8141
10.7903
10.7665
10.7427
10.719
10.6954
10.6718
10.6482
10.6247
10.6013
10.5779
10.5546
10.5313
10.5081
10.4849
10.4617
10.4387
10.4156
10.3927
10.3697
10.3469
10.324
10.3012
10.2785
10.2558
10.2332
10.2106
10.1881
10.1656
10.1432
10.1208
10.0985
10.0762
10.054
10.0318
10.0097
9.98761
9.96557
9.94359
9.92165
9.89976
9.87792
9.85613
9.83438
9.81269
9.79104
9.76944
9.74789
9.72638
9.70492
9.68351
9.66215
9.64083
9.61956
9.59834
9.57717
9.55604
9.53496
9.51392
9.49293
9.47199
9.45109
9.43024
9.40944
9.38868
9.36797
9.3473
9.32668
9.3061
9.28557
9.26509
9.24464
9.22425
9.2039
9.18359
9.16333
9.14312
9.12295
9.10282
9.08274
9.0627
9.04271
9.02276
9.00285
8.98299
8.96317
8.9434
8.92367
8.90398
8.88434
8.86474
8.84518
8.82567
8.8062
8.78677
8.76738
8.74804
8.72874
8.70949
8.69027
8.6711
8.65197
8.63288
8.61384
8.59483
8.57587
8.55695
8.53807
8.51924
8.50044
8.48169
8.46298
8.44431
8.42568
8.40709
8.38854
8.37004
8.35157
8.33315
8.31476
8.29642
8.27811
8.25985
8.24163
8.22345
8.20531
8.1872
8.16914
8.15112
8.13314
8.11519
8.09729
8.07943
8.0616
8.04382
8.02607
8.00836
7.9907
7.97307
7.95548
7.93793
7.92041
7.90294
7.88551
7.86811
7.85075
7.83343
7.81615
7.79891
7.7817
7.76453
7.7474
7.73031
7.71326
7.69624
7.67926
7.66232
7.64542
7.62855
7.61172
7.59493
7.57817
7.56145
7.54477
7.52813
7.51152
7.49495
7.47841
7.46191
7.44545
7.42902
7.41264
7.39628
7.37996
7.36368
7.34744
7.33123
7.31505
7.29892
7.28281
7.26675
7.25072
7.23472
7.21876
7.20283
7.18694
7.17109
7.15527
7.13948
7.12373
7.10801
7.09233
7.07669
7.06107
7.0455
7.02995
7.01444
6.99897
6.98353
6.96812
6.95275
6.93741
6.9221
6.90683
6.8916
6.87639
6.86122
6.84609
6.83098
6.81591
6.80087
6.78587
6.7709
6.75596
6.74106
6.72619
6.71135
6.69654
6.68177
6.66703
6.65232
6.63764
6.623
6.60839
6.59381
6.57926
6.56475
6.55026
6.53581
6.52139
6.50701
6.49265
6.47833
6.46404
6.44977
6.43555
6.42135
6.40718
6.39305
6.37894
6.36487
6.35083
6.33682
6.32284
6.30889
6.29497
6.28108
6.26722
6.2534
6.2396
6.22584
6.2121
6.1984
6.18472
6.17108
6.15746
6.14388
6.13032
6.1168
6.10331
6.08984
6.07641
6.063
6.04962
6.03628
6.02296
6.00967
5.99642
5.98319
5.96999
5.95682
5.94367
5.93056
5.91748
5.90442
5.8914
5.8784
5.86543
5.85249
5.83958
5.8267
5.81384
5.80102
5.78822
5.77545
5.76271
5.74999
5.73731
5.72465
5.71202
5.69942
5.68685
5.6743
5.66178
5.64929
5.63683
5.62439
5.61198
5.5996
5.58725
5.57492
5.56262
5.55035
5.53811
5.52589
5.5137
5.50153
5.4894
5.47729
5.4652
5.45315
5.44112
5.42911
5.41713
5.40518
5.39326
5.38136
5.36949
5.35764
5.34582
5.33403
5.32226
5.31052
5.2988
5.28711
5.27545
5.26381
5.2522
5.24061
5.22905
5.21751
5.206
5.19452
5.18306
5.17162
5.16021
5.14883
5.13747
5.12614
5.11483
5.10354
5.09229
5.08105
5.06984
5.05866
5.0475
5.03636
5.02525
5.01416
5.0031
4.99206
4.98105
4.97006
4.9591
4.94816
4.93724
4.92635
4.91548
4.90464
4.89381
4.88302
4.87225
4.8615
4.85077
4.84007
4.82939
4.81874
4.80811
4.7975
4.78692
4.77636
4.76582
4.7553
4.74481
4.73435
4.7239
4.71348
4.70308
4.6927
4.68235
4.67202
4.66171
4.65143
4.64117
4.63093
4.62071
4.61052
4.60035
4.5902
4.58007
4.56997
4.55989
4.54983
4.53979
4.52977
4.51978
4.50981
4.49986
4.48993
4.48003
4.47014
4.46028
4.45044
4.44062
4.43083
4.42105
4.4113
4.40156
4.39185
4.38217
4.3725
4.36285
4.35323
4.34362
4.33404
4.32448
4.31494
4.30542
4.29592
4.28644
4.27699
4.26755
4.25814
4.24874
4.23937
4.23002
4.22068
4.21137
4.20208
4.19281
4.18356
4.17433
4.16512
4.15593
4.14676
4.13762
4.12849
4.11938
4.11029
4.10122
4.09218
4.08315
4.07414
4.06515
4.05618
4.04723
4.03831
4.0294
4.02051
4.01164
4.00279
3.99396
3.98515
3.97635
3.96758
3.95883
3.95009
3.94138
3.93268
3.92401
3.91535
3.90671
3.89809
3.8895
3.88091
3.87235
3.86381
3.85529
3.84678
3.83829
3.82983
3.82138
3.81295
3.80453
3.79614
3.78777
3.77941
3.77107
3.76275
3.75445
3.74617
3.7379
3.72966
3.72143
3.71322
3.70503
3.69685
3.6887
3.68056
3.67244
3.66434
3.65625
3.64819
3.64014
3.63211
3.6241
3.6161
3.60812
3.60016
3.59222
3.58429
3.57639
3.5685
3.56062
3.55277
3.54493
3.53711
3.52931
3.52152
3.51375
3.506
3.49827
3.49055
3.48285
3.47516
3.4675
3.45985
3.45221
3.4446
3.437
3.42942
3.42185
3.4143
3.40677
3.39925
3.39175
3.38427
3.3768
3.36936
3.36192
3.35451
3.3471
3.33972
3.33235
3.325
3.31767
3.31035
3.30304
3.29576
3.28849
3.28123
3.27399
3.26677
3.25956
3.25237
3.2452
3.23804
3.23089
3.22376
3.21665
3.20956
3.20248
3.19541
3.18836
3.18133
3.17431
3.1673
3.16032
3.15335
3.14639
3.13945
3.13252
3.12561
3.11871
3.11183
3.10497
3.09812
3.09128
3.08446
3.07766
3.07087
3.0641
3.05734
3.05059
3.04386
3.03715
3.03044
3.02376
3.01709
3.01043
3.00379
2.99716
2.99055
2.98395
2.97737
2.9708
2.96425
2.95771
2.95118
2.94467
2.93818
2.93169
2.92523
2.91877
2.91233
2.90591
2.8995
2.8931
2.88672
2.88035
2.874
2.86766
2.86133
2.85502
2.84872
2.84243
2.83616
2.82991
2.82366
2.81743
2.81122
2.80502
2.79883
2.79265
2.78649
2.78034
2.77421
2.76809
2.76198
2.75589
2.74981
2.74374
2.73769
2.73165
2.72562
2.71961
2.71361
2.70762
2.70165
2.69569
2.68974
2.68381
2.67789
2.67198
2.66609
2.6602
2.65434
2.64848
2.64264
2.63681
2.63099
2.62518
2.61939
2.61361
2.60785
2.6021
2.59635
2.59063
2.58491
2.57921
2.57352
2.56784
2.56218
2.55652
2.55088
2.54526
2.53964
2.53404
2.52845
2.52287
2.5173
2.51175
2.50621
2.50068
2.49516
2.48966
2.48417
2.47868
2.47322
2.46776
2.46232
2.45688
2.45146
2.44606
2.44066
2.43527
2.4299
2.42454
2.41919
2.41386
2.40853
2.40322
2.39791
2.39262
2.38735
2.38208
2.37682
2.37158
2.36635
2.36113
2.35592
2.35072
2.34554
2.34036
2.3352
2.33005
2.32491
2.31978
2.31466
2.30955
2.30446
2.29937
2.2943
2.28924
2.28419
2.27915
2.27412
2.2691
2.2641
2.2591
2.25412
2.24915
2.24418
2.23923
2.23429
2.22936
2.22445
2.21954
2.21464
2.20976
2.20488
2.20002
2.19516
2.19032
2.18549
2.18067
2.17586
2.17105
2.16627
2.16149
2.15672
2.15196
2.14721
2.14247
2.13775
2.13303
2.12833
2.12363
2.11895
2.11427
2.10961
2.10495
2.10031
2.09568
2.09105
2.08644
2.08184
2.07724
2.07266
2.06809
2.06352
2.05897
2.05443
2.0499
2.04538
2.04086
2.03636
2.03187
2.02739
2.02291
2.01845
2.014
2.00955
2.00512
2.0007
1.99628
1.99188
1.98748
1.9831
1.97872
1.97436
1.97
1.96566
1.96132
1.95699
1.95268
1.94837
1.94407
1.93978
1.9355
1.93123
1.92697
1.92272
1.91848
1.91425
1.91002
1.90581
1.9016
1.89741
1.89322
1.88905
1.88488
1.88072
1.87657
1.87243
1.8683
1.86418
1.86007
1.85596
1.85187
1.84778
1.84371
1.83964
1.83558
1.83153
1.82749
1.82346
1.81944
1.81542
1.81142
1.80742
1.80343
1.79945
1.79548
1.79152
1.78757
1.78363
1.77969
1.77577
1.77185
1.76794
1.76404
1.76015
1.75626
1.75239
1.74852
1.74467
1.74082
1.73698
1.73314
1.72932
1.72551
1.7217
1.7179
1.71411
1.71033
1.70656
1.70279
1.69903
1.69529
1.69155
1.68781
1.68409
1.68038
1.67667
1.67297
1.66928
1.6656
1.66192
1.65825
1.6546
1.65095
1.6473
1.64367
1.64004
1.63643
1.63282
1.62921
1.62562
1.62203
1.61845
1.61488
1.61132
1.60777
1.60422
1.60068
1.59715
1.59363
1.59011
1.5866
1.5831
1.57961
1.57612
1.57265
1.56918
1.56572
1.56226
1.55881
1.55538
1.55194
1.54852
1.5451
1.5417
1.53829
1.5349
1.53151
1.52814
1.52476
1.5214
1.51804
1.51469
1.51135
1.50802
1.50469
1.50137
1.49806
1.49476
1.49146
1.48817
1.48488
1.48161
1.47834
1.47508
1.47182
1.46858
1.46534
1.4621
1.45888
1.45566
1.45245
1.44924
1.44605
1.44286
1.43967
1.4365
1.43333
1.43017
1.42701
1.42386
1.42072
1.41759
1.41446
1.41134
1.40823
1.40512
1.40202
1.39893
1.39584
1.39276
1.38969
1.38662
1.38356
1.38051
1.37746
1.37443
1.37139
1.36837
1.36535
1.36234
1.35933
1.35633
1.35334
1.35035
1.34738
1.3444
1.34144
1.33848
1.33553
1.33258
1.32964
1.32671
1.32378
1.32086
1.31794
1.31504
1.31214
1.30924
1.30635
1.30347
1.30059
1.29773
1.29486
1.29201
1.28916
1.28631
1.28347
1.28064
1.27782
1.275
1.27218
1.26938
1.26658
1.26378
1.261
1.25821
1.25544
1.25267
1.2499
1.24715
1.2444
1.24165
1.23891
1.23618
1.23345
1.23073
1.22801
1.2253
1.2226
1.2199
1.21721
1.21453
1.21185
1.20917
1.20651
1.20385
1.20119
1.19854
1.1959
1.19326
1.19062
1.188
1.18538
1.18276
1.18015
1.17755
1.17495
1.17236
1.16977
1.16719
1.16462
1.16205
1.15948
1.15693
1.15437
1.15183
1.14929
1.14675
1.14422
1.1417
1.13918
1.13666
1.13416
1.13165
1.12916
1.12667
1.12418
1.1217
1.11923
1.11676
1.11429
1.11184
1.10938
1.10693
1.10449
1.10206
1.09962
1.0972
1.09478
1.09236
1.08995
1.08755
1.08515
1.08276
1.08037
1.07798
1.0756
1.07323
1.07086
1.0685
1.06614
1.06379
1.06145
1.0591
1.05677
1.05444
1.05211
1.04979
1.04747
1.04516
1.04286
1.04056
1.03826
1.03597
1.03368
1.0314
1.02913
1.02686
1.02459
1.02233
1.02008
1.01783
1.01558
1.01334
1.0111
1.00887
1.00665
1.00443
1.00221
