250
250
250
250
249.999
249.998
249.998
249.996
249.995
249.994
249.992
249.99
249.988
249.986
249.983
249.981
249.978
249.975
249.971
249.968
249.964
249.961
249.956
249.952
249.948
249.943
249.938
249.933
249.928
249.923
249.917
249.911
249.905
249.899
249.893
249.886
249.879
249.872
249.865
249.858
249.85
249.842
249.834
249.826
249.818
249.809
249.8
249.791
249.782
249.773
249.763
249.753
249.743
249.733
249.723
249.712
249.702
249.691
249.679
249.668
249.657
249.645
249.633
249.621
249.608
249.596
249.583
249.57
249.557
249.544
249.53
249.517
249.503
249.489
249.474
249.46
249.445
249.43
249.415
249.4
249.385
249.369
249.353
249.337
249.321
249.304
249.288
249.271
249.254
249.237
249.219
249.201
249.184
249.166
249.147
249.129
249.11
249.092
249.073
249.053
249.034
249.014
248.995
248.975
248.954
248.934
248.913
248.893
248.872
248.851
248.829
248.808
248.786
248.764
248.742
248.72
248.697
248.674
248.651
248.628
248.605
248.582
248.558
248.534
248.51
248.486
248.461
248.436
248.412
248.387
248.361
248.336
248.31
248.284
248.258
248.232
248.206
248.179
248.152
248.125
248.098
248.071
248.043
248.015
247.987
247.959
247.931
247.902
247.873
247.844
247.815
247.786
247.756
247.727
247.697
247.667
247.636
247.606
247.575
247.544
247.513
247.482
247.451
247.419
247.387
247.355
247.323
247.29
247.258
247.225
247.192
247.159
247.125
247.092
247.058
247.024
246.99
246.955
246.921
246.886
246.851
246.816
246.781
246.745
246.709
246.674
246.637
246.601
246.565
246.528
246.491
246.454
246.417
246.379
246.342
246.304
246.266
246.228
246.189
246.151
246.112
246.073
246.034
245.995
245.955
245.915
245.875
245.835
245.795
245.754
245.714
245.673
245.632
245.591
245.549
245.507
245.466
245.424
245.381
245.339
245.296
245.254
245.211
245.168
245.124
245.081
245.037
244.993
244.949
244.905
244.86
244.815
244.771
244.726
244.68
244.635
244.589
244.543
244.497
244.451
244.405
244.358
244.312
244.265
244.217
244.17
244.123
244.075
244.027
243.979
243.931
243.882
243.834
243.785
243.736
243.687
243.637
243.588
243.538
243.488
243.438
243.388
243.337
243.286
243.235
243.184
243.133
243.082
243.03
242.978
242.926
242.874
242.822
242.769
242.716
242.664
242.61
242.557
242.504
242.45
242.396
242.342
242.288
242.233
242.179
242.124
242.069
242.014
241.959
241.903
241.847
241.791
241.735
241.679
241.623
241.566
241.509
241.452
241.395
241.338
241.28
241.222
241.164
241.106
241.048
240.99
240.931
240.872
240.813
240.754
240.695
240.635
240.575
240.515
240.455
240.395
240.334
240.274
240.213
240.152
240.091
240.029
239.968
239.906
239.844
239.782
239.72
239.657
239.595
239.532
239.469
239.406
239.342
239.279
239.215
239.151
239.087
239.023
238.958
238.894
238.829
238.764
238.699
238.633
238.568
238.502
238.436
238.37
238.304
238.237
238.171
238.104
238.037
237.97
237.902
237.835
237.767
237.699
237.631
237.563
237.495
237.426
237.357
237.288
237.219
237.15
237.081
237.011
236.941
236.871
236.801
236.731
236.66
236.589
236.519
236.448
236.376
236.305
236.233
236.162
236.09
236.018
235.945
235.873
235.8
235.727
235.654
235.581
235.508
235.435
235.361
235.287
235.213
235.139
235.064
234.99
234.915
234.84
234.765
234.69
234.615
234.539
234.463
234.387
234.311
234.235
234.158
234.082
234.005
233.928
233.851
233.774
233.696
233.618
233.541
233.463
233.385
233.306
233.228
233.149
233.07
232.991
232.912
232.833
232.753
232.673
232.593
232.513
232.433
232.353
232.272
232.192
232.111
232.03
231.948
231.867
231.785
231.704
231.622
231.54
231.457
231.375
231.292
231.21
231.127
231.044
230.961
230.877
230.794
230.71
230.626
230.542
230.458
230.373
230.289
230.204
230.119
230.034
229.949
229.863
229.778
229.692
229.606
229.52
229.434
229.347
229.261
229.174
229.087
229
228.913
228.825
228.738
228.65
228.562
228.474
228.386
228.298
228.209
228.12
228.031
227.942
227.853
227.764
227.674
227.585
227.495
227.405
227.315
227.224
227.134
227.043
226.953
226.862
226.77
226.679
226.588
226.496
226.404
226.312
226.22
226.128
226.036
225.943
225.85
225.758
225.664
225.571
225.478
225.384
225.291
225.197
225.103
225.009
224.914
224.82
224.725
224.631
224.536
224.44
224.345
224.25
224.154
224.059
223.963
223.867
223.77
223.674
223.578
223.481
223.384
223.287
223.19
223.093
222.995
222.898
222.8
222.702
222.604
222.506
222.407
222.309
222.21
222.111
222.012
221.913
221.814
221.715
221.615
221.515
221.415
221.315
221.215
221.115
221.014
220.914
220.813
220.712
220.611
220.509
220.408
220.307
220.205
220.103
220.001
219.899
219.796
219.694
219.591
219.489
219.386
219.283
219.179
219.076
218.973
218.869
218.765
218.661
218.557
218.453
218.348
218.244
218.139
218.034
217.929
217.824
217.719
217.614
217.508
217.402
217.296
217.19
217.084
216.978
216.872
216.765
216.658
216.551
216.444
216.337
216.23
216.122
216.015
215.907
215.799
215.691
215.583
215.475
215.366
215.258
215.149
215.04
214.931
214.822
214.713
214.603
214.493
214.384
214.274
214.164
214.054
213.943
213.833
213.722
213.612
213.501
213.39
213.279
213.167
213.056
212.944
212.833
212.721
212.609
212.497
212.385
212.272
212.16
212.047
211.934
211.821
211.708
211.595
211.482
211.368
211.255
211.141
211.027
210.913
210.799
210.684
210.57
210.455
210.341
210.226
210.111
209.996
209.881
209.765
209.65
209.534
209.418
209.302
209.186
209.07
208.954
208.837
208.721
208.604
208.487
208.37
208.253
208.136
208.019
207.901
207.783
207.666
207.548
207.43
207.312
207.193
207.075
206.956
206.838
206.719
206.6
206.481
206.362
206.242
206.123
206.003
205.884
205.764
205.644
205.524
205.404
205.283
205.163
205.042
204.922
204.801
204.68
204.559
204.438
204.316
204.195
204.073
203.951
203.83
203.708
203.585
203.463
203.341
203.218
203.096
202.973
202.85
202.727
202.604
202.481
202.358
202.234
202.111
201.987
201.863
201.739
201.615
201.491
201.367
201.242
201.118
200.993
200.868
200.744
200.619
200.493
200.368
200.243
200.117
199.992
199.866
199.74
199.614
199.488
199.362
199.236
199.109
198.983
198.856
198.729
198.602
198.475
198.348
198.221
198.093
197.966
197.838
197.711
197.583
197.455
197.327
197.199
197.07
196.942
196.814
196.685
196.556
196.427
196.298
196.169
196.04
195.911
195.781
195.652
195.522
195.392
195.263
195.133
195.003
194.872
194.742
194.612
194.481
194.351
194.22
194.089
193.958
193.827
193.696
193.564
193.433
193.302
193.17
193.038
192.906
192.774
192.642
192.51
192.378
192.246
192.113
191.981
191.848
191.715
191.582
191.449
191.316
191.183
191.05
190.916
190.783
190.649
190.515
190.382
190.248
190.114
189.98
189.845
189.711
189.577
189.442
189.307
189.173
189.038
188.903
188.768
188.633
188.497
188.362
188.227
188.091
187.955
187.82
187.684
187.548
187.412
187.276
187.139
187.003
186.867
186.73
186.593
186.457
186.32
186.183
186.046
185.909
185.772
185.634
185.497
185.359
185.222
185.084
184.946
184.808
184.67
184.532
184.394
184.256
184.118
183.979
183.841
183.702
183.563
183.424
183.286
183.147
183.007
182.868
182.729
182.59
182.45
182.311
182.171
182.031
181.891
181.752
181.612
181.471
181.331
181.191
181.051
180.91
180.77
180.629
180.488
180.348
180.207
180.066
179.925
179.784
179.642
179.501
179.36
179.218
179.077
178.935
178.793
178.651
178.509
178.367
178.225
178.083
177.941
177.799
177.656
177.514
177.371
177.228
177.086
176.943
176.8
176.657
176.514
176.371
176.227
176.084
175.941
175.797
175.654
175.51
175.366
175.222
175.079
174.935
174.791
174.647
174.502
174.358
174.214
174.069
173.925
173.78
173.636
173.491
173.346
173.201
173.056
172.911
172.766
172.621
172.475
172.33
172.185
172.039
171.894
171.748
171.602
171.457
171.311
171.165
171.019
170.873
170.726
170.58
170.434
170.288
170.141
169.995
169.848
169.701
169.555
169.408
169.261
169.114
168.967
168.82
168.673
168.526
168.378
168.231
168.084
167.936
167.789
167.641
167.493
167.346
167.198
167.05
166.902
166.754
166.606
166.458
166.309
166.161
166.013
165.864
165.716
165.567
165.419
165.27
165.121
164.973
164.824
164.675
164.526
164.377
164.228
164.078
163.929
163.78
163.631
163.481
163.332
163.182
163.033
162.883
162.733
162.583
162.434
162.284
162.134
161.984
161.834
161.683
161.533
161.383
161.233
161.082
160.932
160.782
160.631
160.48
160.33
160.179
160.028
159.877
159.727
159.576
159.425
159.274
159.123
158.971
158.82
158.669
158.518
158.366
158.215
158.064
157.912
157.76
157.609
157.457
157.306
157.154
157.002
156.85
156.698
156.546
156.394
156.242
156.09
155.938
155.786
155.633
155.481
155.329
155.176
155.024
154.871
154.719
154.566
154.414
154.261
154.108
153.955
153.803
153.65
153.497
153.344
153.191
153.038
152.885
152.731
152.578
152.425
152.272
152.119
151.965
151.812
151.658
151.505
151.351
151.198
151.044
150.89
150.737
150.583
150.429
150.275
150.122
149.968
149.814
149.66
149.506
149.352
149.198
149.044
148.889
148.735
148.581
148.427
148.272
148.118
147.964
147.809
147.655
147.5
147.346
147.191
147.037
146.882
146.727
146.573
146.418
146.263
146.108
145.954
145.799
145.644
145.489
145.334
145.179
145.024
144.869
144.714
144.559
144.403
144.248
144.093
143.938
143.782
143.627
143.472
143.316
143.161
143.006
142.85
142.695
142.539
142.384
142.228
142.073
141.917
141.761
141.606
141.45
141.294
141.138
140.983
140.827
140.671
140.515
140.359
140.203
140.047
139.892
139.736
139.58
139.424
139.268
139.111
138.955
138.799
138.643
138.487
138.331
138.175
138.018
137.862
137.706
137.55
137.393
137.237
137.081
136.924
136.768
136.612
136.455
136.299
136.142
135.986
135.829
135.673
135.516
135.36
135.203
135.047
134.89
134.734
134.577
134.42
134.264
134.107
133.951
133.794
133.637
133.48
133.324
133.167
133.01
132.854
132.697
132.54
132.383
132.226
132.07
131.913
131.756
131.599
131.442
131.285
131.128
130.972
130.815
130.658
130.501
130.344
130.187
130.03
129.873
129.716
129.559
129.402
129.245
129.088
128.931
128.774
128.617
128.46
128.303
128.146
127.989
127.832
127.675
127.518
127.361
127.204
127.047
126.89
126.733
126.576
126.419
126.262
126.104
125.947
125.79
125.633
125.476
125.319
125.162
125.005
124.848
124.691
124.534
124.377
124.22
124.063
123.906
123.748
123.591
123.434
123.277
123.12
122.963
122.806
122.649
122.492
122.335
122.178
122.021
121.864
121.707
121.55
121.393
121.236
121.079
120.922
120.765
120.608
120.451
120.294
120.137
119.98
119.823
119.666
119.509
119.352
119.195
119.038
118.882
118.725
118.568
118.411
118.254
118.097
117.94
117.784
117.627
117.47
117.313
117.156
117
116.843
116.686
116.53
116.373
116.216
116.059
115.903
115.746
115.59
115.433
115.276
115.12
114.963
114.807
114.65
114.494
114.337
114.181
114.024
113.868
113.711
113.555
113.398
113.242
113.086
112.929
112.773
112.617
112.46
112.304
112.148
111.992
111.835
111.679
111.523
111.367
111.211
111.055
110.899
110.742
110.586
110.43
110.274
110.118
109.963
109.807
109.651
109.495
109.339
109.183
109.027
108.872
108.716
108.56
108.404
108.249
108.093
107.937
107.782
107.626
107.471
107.315
107.16
107.004
106.849
106.694
106.538
106.383
106.228
106.072
105.917
105.762
105.607
105.451
105.296
105.141
104.986
104.831
104.676
104.521
104.366
104.211
104.056
103.902
103.747
103.592
103.437
103.283
103.128
102.973
102.819
102.664
102.51
102.355
102.201
102.046
101.892
101.738
101.583
101.429
101.275
101.121
100.966
100.812
100.658
100.504
100.35
100.196
100.042
99.8884
99.7345
99.5807
99.4269
99.2732
99.1195
98.9659
98.8123
98.6587
98.5052
98.3517
98.1982
98.0449
97.8915
97.7382
97.5849
97.4317
97.2785
97.1254
96.9723
96.8192
96.6662
96.5133
96.3603
96.2075
96.0546
95.9019
95.7491
95.5964
95.4438
95.2912
95.1387
94.9862
94.8337
94.6813
94.529
94.3766
94.2244
94.0722
93.92
93.7679
93.6158
93.4638
93.3118
93.1599
93.0081
92.8563
92.7045
92.5528
92.4011
92.2495
92.0979
91.9464
91.795
91.6436
91.4922
91.3409
91.1897
91.0385
90.8874
90.7363
90.5853
90.4343
90.2834
90.1325
89.9817
89.8309
89.6802
89.5296
89.379
89.2285
89.078
88.9276
88.7772
88.6269
88.4767
88.3265
88.1764
88.0263
87.8763
87.7263
87.5764
87.4266
87.2768
87.1271
86.9774
86.8279
86.6783
86.5288
86.3794
86.2301
86.0808
85.9315
85.7824
85.6333
85.4842
85.3352
85.1863
85.0374
84.8887
84.7399
84.5913
84.4426
84.2941
84.1456
83.9972
83.8489
83.7006
83.5524
83.4042
83.2561
83.1081
82.9602
82.8123
82.6645
82.5167
82.369
82.2214
82.0738
81.9264
81.7789
81.6316
81.4843
81.3371
81.19
81.0429
80.8959
80.749
80.6021
80.4553
80.3086
80.1619
80.0153
79.8688
79.7224
79.576
79.4297
79.2835
79.1374
78.9913
78.8453
78.6993
78.5535
78.4077
78.262
78.1163
77.9708
77.8253
77.6799
77.5345
77.3892
77.2441
77.0989
76.9539
76.8089
76.664
76.5192
76.3745
76.2298
76.0852
75.9407
75.7963
75.652
75.5077
75.3635
75.2194
75.0753
74.9314
74.7875
74.6437
74.5
74.3563
74.2128
74.0693
73.9259
73.7826
73.6394
73.4962
73.3531
73.2101
73.0672
72.9244
72.7816
72.639
72.4964
72.3539
72.2115
72.0691
71.9269
71.7847
71.6426
71.5006
71.3587
71.2169
71.0752
70.9335
70.7919
70.6504
70.509
70.3677
70.2265
70.0853
69.9443
69.8033
69.6624
69.5216
69.3809
69.2403
69.0998
68.9593
68.819
68.6787
68.5385
68.3985
68.2585
68.1185
67.9787
67.839
67.6994
67.5598
67.4204
67.281
67.1417
67.0025
66.8634
66.7244
66.5855
66.4467
66.308
66.1694
66.0308
65.8924
65.754
65.6158
65.4776
65.3395
65.2016
65.0637
64.9259
64.7882
64.6506
64.5131
64.3757
64.2384
64.1012
63.9641
63.827
63.6901
63.5533
63.4165
63.2799
63.1434
63.0069
62.8706
62.7344
62.5982
62.4622
62.3262
62.1904
62.0546
61.919
61.7834
61.648
61.5126
61.3774
61.2422
61.1072
60.9722
60.8374
60.7026
60.568
60.4334
60.299
60.1647
60.0304
59.8963
59.7623
59.6283
59.4945
59.3608
59.2272
59.0937
58.9603
58.827
58.6938
58.5607
58.4277
58.2948
58.162
58.0293
57.8968
57.7643
57.6319
57.4997
57.3675
57.2355
57.1036
56.9718
56.84
56.7084
56.5769
56.4455
56.3143
56.1831
56.052
55.9211
55.7902
55.6595
55.5289
55.3983
55.2679
55.1376
55.0074
54.8774
54.7474
54.6175
54.4878
54.3582
54.2286
54.0992
53.9699
53.8407
53.7117
53.5827
53.4538
53.3251
53.1965
53.068
52.9396
52.8113
52.6831
52.5551
52.4271
52.2993
52.1716
52.044
51.9165
51.7892
51.6619
51.5348
51.4078
51.2809
51.1541
51.0274
50.9009
50.7744
50.6481
50.5219
50.3958
50.2699
50.144
50.0183
49.8927
49.7672
49.6418
49.5166
49.3914
49.2664
49.1415
49.0168
48.8921
48.7676
48.6431
48.5189
48.3947
48.2706
48.1467
48.0229
47.8992
47.7756
47.6522
47.5289
47.4057
47.2826
47.1596
47.0368
46.9141
46.7915
46.6691
46.5467
46.4245
46.3024
46.1804
46.0586
45.9369
45.8153
45.6938
45.5725
45.4513
45.3302
45.2092
45.0884
44.9677
44.8471
44.7266
44.6063
44.4861
44.366
44.2461
44.1262
44.0065
43.887
43.7675
43.6482
43.529
43.41
43.2911
43.1723
43.0536
42.9351
42.8167
42.6984
42.5802
42.4622
42.3443
42.2266
42.1089
41.9914
41.8741
41.7568
41.6397
41.5228
41.4059
41.2892
41.1727
41.0562
40.9399
40.8237
40.7077
40.5918
40.476
40.3604
40.2448
40.1295
40.0142
39.8991
39.7841
39.6693
39.5546
39.44
39.3256
39.2113
39.0971
38.9831
38.8692
38.7555
38.6418
38.5284
38.415
38.3018
38.1887
38.0758
37.963
37.8503
37.7378
37.6254
37.5132
37.4011
37.2891
37.1773
37.0656
36.954
36.8426
36.7313
36.6202
36.5092
36.3983
36.2876
36.177
36.0666
35.9563
35.8461
35.7361
35.6263
35.5165
35.4069
35.2975
35.1882
35.079
34.97
34.8611
34.7523
34.6438
34.5353
34.427
34.3188
34.2108
34.1029
33.9952
33.8876
33.7801
33.6728
33.5656
33.4586
33.3517
33.245
33.1384
33.032
32.9257
32.8195
32.7135
32.6077
32.502
32.3964
32.291
32.1857
32.0806
31.9756
31.8708
31.7661
31.6615
31.5572
31.4529
31.3488
31.2449
31.1411
31.0374
30.9339
30.8306
30.7273
30.6243
30.5214
30.4186
30.316
30.2136
30.1112
30.0091
29.9071
29.8052
29.7035
29.6019
29.5005
29.3993
29.2982
29.1972
29.0964
28.9957
28.8952
28.7949
28.6947
28.5947
28.4948
28.395
28.2954
28.196
28.0967
27.9976
27.8986
27.7998
27.7011
27.6026
27.5042
27.406
27.308
27.2101
27.1123
27.0147
26.9173
26.82
26.7229
26.6259
26.5291
26.4324
26.3359
26.2396
26.1434
26.0473
25.9515
25.8557
25.7602
25.6648
25.5695
25.4744
25.3795
25.2847
25.1901
25.0956
25.0013
24.9071
24.8131
24.7193
24.6256
24.5321
24.4387
24.3455
24.2525
24.1596
24.0669
23.9743
23.8819
23.7897
23.6976
23.6057
23.5139
23.4223
23.3308
23.2396
23.1484
23.0575
22.9667
22.876
22.7856
22.6952
22.6051
22.5151
22.4253
22.3356
22.2461
22.1567
22.0675
21.9785
21.8897
21.801
21.7124
21.6241
21.5359
21.4478
21.3599
21.2722
21.1847
21.0973
21.0101
20.923
20.8361
20.7494
20.6628
20.5764
20.4902
20.4041
20.3182
20.2324
20.1469
20.0615
19.9762
19.8911
19.8062
19.7215
19.6369
19.5525
19.4682
19.3842
19.3002
19.2165
19.1329
19.0495
18.9663
18.8832
18.8003
18.7175
18.6349
18.5525
18.4703
18.3882
18.3063
18.2246
18.143
18.0616
17.9804
17.8993
17.8185
17.7377
17.6572
17.5768
17.4966
17.4166
17.3367
17.257
17.1774
17.0981
17.0189
16.9399
16.861
16.7823
16.7038
16.6255
16.5473
16.4693
16.3915
16.3139
16.2364
16.1591
16.0819
16.005
15.9282
15.8516
15.7751
15.6988
15.6227
15.5468
15.471
15.3955
15.3201
15.2448
15.1697
15.0949
15.0201
14.9456
14.8712
14.797
14.723
14.6492
14.5755
14.502
14.4287
14.3555
14.2825
14.2097
14.1371
14.0647
13.9924
13.9203
13.8484
13.7766
13.705
13.6336
13.5624
13.4914
13.4205
13.3498
13.2793
13.209
13.1388
13.0688
12.999
12.9294
12.8599
12.7906
12.7215
12.6526
12.5838
12.5153
12.4469
12.3787
12.3106
12.2428
12.1751
12.1076
12.0403
11.9731
11.9061
11.8394
11.7727
11.7063
11.6401
11.574
11.5081
11.4424
11.3768
11.3115
11.2463
11.1813
11.1165
11.0519
10.9874
10.9231
10.859
10.7951
10.7314
10.6678
10.6044
10.5412
10.4782
10.4154
10.3527
10.2903
10.228
10.1659
10.1039
10.0422
9.98062
9.91924
9.85803
9.79701
9.73618
9.67552
9.61505
9.55476
9.49465
9.43472
9.37497
9.31541
9.25603
9.19684
9.13782
9.07899
9.02035
8.96188
8.9036
8.8455
8.78759
8.72986
8.67231
8.61495
8.55777
8.50077
8.44396
8.38733
8.33089
8.27463
8.21855
8.16266
8.10696
8.05144
7.9961
7.94095
7.88598
7.8312
7.7766
7.72219
7.66796
7.61392
7.56006
7.50639
7.45291
7.39961
7.34649
7.29357
7.24082
7.18827
7.1359
7.08371
7.03172
6.9799
6.92828
6.87684
6.82559
6.77452
6.72364
6.67295
6.62245
6.57213
6.522
6.47205
6.4223
6.37273
6.32335
6.27415
6.22514
6.17632
6.12769
6.07925
6.03099
5.98292
5.93504
5.88735
5.83984
5.79253
5.7454
5.69846
5.65171
5.60514
5.55877
5.51258
5.46659
5.42078
5.37516
5.32973
5.28449
5.23943
5.19457
5.14989
5.10541
5.06111
5.01701
4.97309
4.92936
4.88583
4.84248
4.79932
4.75635
4.71357
4.67098
4.62859
4.58638
4.54436
4.50253
4.46089
4.41945
4.37819
4.33712
4.29625
4.25556
4.21507
4.17476
4.13465
4.09473
4.055
4.01546
3.97611
3.93695
3.89798
3.85921
3.82062
3.78223
3.74403
3.70602
3.6682
3.63057
3.59314
3.55589
3.51884
3.48198
3.44531
3.40884
3.37255
3.33646
3.30056
3.26485
3.22934
3.19401
3.15888
3.12394
3.0892
3.05465
3.02028
2.98612
2.95214
2.91836
2.88477
2.85137
2.81817
2.78516
2.75234
2.71971
2.68728
2.65504
2.623
2.59114
2.55948
2.52802
2.49675
2.46567
2.43478
2.40409
2.37359
2.34329
2.31318
2.28326
2.25353
2.22401
2.19467
2.16553
2.13658
2.10783
2.07927
2.0509
2.02273
1.99475
1.96697
1.93938
1.91199
1.88479
1.85778
1.83097
1.80435
1.77793
1.7517
1.72567
1.69983
1.67419
1.64874
1.62349
1.59843
1.57357
1.5489
1.52442
1.50014
1.47606
1.45217
1.42848
1.40498
1.38167
1.35856
1.33565
1.31293
1.29041
1.26808
1.24595
1.22402
1.20227
1.18073
1.15938
1.13822
1.11727
1.0965
1.07594
1.05556
1.03539
1.01541
0.995623
0.976034
0.956642
0.937445
0.918444
0.899639
0.88103
0.862617
0.8444
0.826379
0.808554
0.790926
0.773493
0.756257
0.739217
0.722373
0.705725
0.689274
0.673019
0.65696
0.641098
0.625432
0.609962
0.594689
0.579612
0.564732
0.550049
0.535561
0.521271
0.507177
0.49328
0.479579
0.466075
0.452767
0.439656
0.426742
0.414025
0.401504
0.389181
0.377054
0.365123
0.35339
0.341853
0.330514
0.319371
0.308425
0.297676
0.287124
0.276768
0.26661
0.256649
0.246885
0.237318
0.227947
0.218774
0.209798
0.201019
0.192437
0.184052
0.175865
0.167874
0.160081
0.152484
0.145085
0.137883
0.130878
0.124071
0.11746
0.111047
0.104831
0.0988124
0.0929909
0.0873666
0.0819396
0.0767099
0.0716775
0.0668423
0.0622045
0.0577639
0.0535207
0.0494748
0.0456262
0.0419749
0.0385209
0.0352643
0.0322051
0.0293432
0.0266786
0.0242114
0.0219416
0.0198691
0.017994
0.0163162
0.0148359
0.0135529
0.0124673
0.0115791
0.0108882
0.0103948
0.0100987
