250
250
248.989
247.983
246.98
245.982
244.988
243.997
243.011
242.029
241.05
240.076
239.105
238.139
237.176
236.217
235.262
234.311
233.364
232.421
231.481
230.545
229.613
228.685
227.761
226.84
225.923
225.01
224.1
223.194
222.292
221.393
220.498
219.607
218.719
217.835
216.955
216.078
215.204
214.334
213.468
212.605
211.745
210.889
210.037
209.188
208.342
207.5
206.661
205.826
204.994
204.165
203.34
202.518
201.699
200.884
200.072
199.263
198.457
197.655
196.856
196.06
195.268
194.478
193.692
192.909
192.129
191.353
190.579
189.809
189.041
188.277
187.516
186.758
186.003
185.251
184.502
183.756
183.014
182.274
181.537
180.803
180.072
179.344
178.619
177.897
177.178
176.462
175.749
175.038
174.33
173.626
172.924
172.225
171.529
170.835
170.145
169.457
168.772
168.09
167.41
166.733
166.059
165.388
164.719
164.054
163.39
162.73
162.072
161.417
160.764
160.114
159.467
158.823
158.181
157.541
156.904
156.27
155.638
155.009
154.382
153.758
153.137
152.518
151.901
151.287
150.676
150.067
149.46
148.856
148.254
147.655
147.058
146.463
145.871
145.282
144.694
144.109
143.527
142.947
142.369
141.793
141.22
140.649
140.081
139.514
138.95
138.389
137.829
137.272
136.717
136.164
135.614
135.066
134.52
133.976
133.434
132.895
132.358
131.823
131.29
130.759
130.23
129.704
129.18
128.658
128.137
127.619
127.104
126.59
126.078
125.568
125.061
124.555
124.052
123.55
123.051
122.553
122.058
121.564
121.073
120.584
120.096
119.611
119.127
118.646
118.166
117.688
117.213
116.739
116.267
115.797
115.329
114.862
114.398
113.936
113.475
113.016
112.56
112.105
111.651
111.2
110.75
110.303
109.857
109.413
108.97
108.53
108.091
107.654
107.219
106.786
106.354
105.924
105.496
105.069
104.645
104.222
103.8
103.381
102.963
102.547
102.132
101.719
101.308
100.898
100.491
100.084
99.6798
99.2768
98.8755
98.4758
98.0777
97.6812
97.2864
96.8931
96.5014
96.1113
95.7228
95.3358
94.9504
94.5666
94.1843
93.8036
93.4244
93.0467
92.6706
92.296
91.9229
91.5513
91.1812
90.8126
90.4455
90.0799
89.7157
89.353
88.9918
88.6321
88.2738
87.9169
87.5615
87.2076
86.855
86.5039
86.1543
85.806
85.4591
85.1136
84.7696
84.4269
84.0856
83.7457
83.4072
83.07
82.7342
82.3997
82.0666
81.7349
81.4045
81.0754
80.7477
80.4212
80.0961
79.7723
79.4499
79.1287
78.8088
78.4902
78.1729
77.8569
77.5422
77.2287
76.9165
76.6056
76.2959
75.9875
75.6803
75.3744
75.0697
74.7662
74.464
74.163
73.8632
73.5646
73.2672
72.971
72.6761
72.3823
72.0897
71.7982
71.508
71.2189
70.931
70.6443
70.3587
70.0743
69.791
69.5089
69.2279
68.9481
68.6693
68.3917
68.1153
67.8399
67.5657
67.2925
67.0205
66.7496
66.4798
66.211
65.9434
65.6768
65.4113
65.1469
64.8835
64.6212
64.36
64.0998
63.8407
63.5826
63.3256
63.0696
62.8147
62.5607
62.3078
62.056
61.8051
61.5553
61.3064
61.0586
60.8118
60.5659
60.3211
60.0773
59.8344
59.5925
59.3516
59.1117
58.8727
58.6347
58.3977
58.1616
57.9265
57.6924
57.4591
57.2269
56.9955
56.7651
56.5357
56.3071
56.0795
55.8528
55.627
55.4021
55.1782
54.9551
54.733
54.5117
54.2914
54.0719
53.8533
53.6356
53.4188
53.2028
52.9878
52.7736
52.5602
52.3478
52.1361
51.9254
51.7155
51.5064
51.2982
51.0908
50.8843
50.6786
50.4737
50.2697
50.0665
49.8641
49.6625
49.4618
49.2618
49.0627
48.8643
48.6668
48.4701
48.2741
48.079
47.8846
47.6911
47.4983
47.3063
47.115
46.9246
46.7349
46.546
46.3578
46.1704
45.9838
45.7979
45.6127
45.4283
45.2447
45.0618
44.8796
44.6982
44.5175
44.3376
44.1583
43.9798
43.802
43.625
43.4486
43.273
43.0981
42.9238
42.7503
42.5775
42.4054
42.234
42.0632
41.8932
41.7238
41.5552
41.3872
41.2199
41.0532
40.8873
40.722
40.5574
40.3934
40.2301
40.0675
39.9055
39.7442
39.5836
39.4236
39.2642
39.1055
38.9474
38.7899
38.6331
38.477
38.3214
38.1665
38.0122
37.8586
37.7055
37.5531
37.4013
37.2501
37.0995
36.9495
36.8002
36.6514
36.5032
36.3557
36.2087
36.0623
35.9166
35.7714
35.6268
35.4827
35.3393
35.1964
35.0542
34.9125
34.7713
34.6308
34.4908
34.3513
34.2125
34.0742
33.9364
33.7992
33.6626
33.5265
33.391
33.256
33.1216
32.9877
32.8543
32.7215
32.5893
32.4575
32.3263
32.1956
32.0655
31.9359
31.8068
31.6782
31.5501
31.4226
31.2956
31.169
31.043
30.9176
30.7926
30.6681
30.5441
30.4206
30.2977
30.1752
30.0532
29.9317
29.8107
29.6902
29.5702
29.4507
29.3316
29.213
29.0949
28.9773
28.8602
28.7435
28.6273
28.5116
28.3963
28.2816
28.1672
28.0534
27.94
27.827
27.7145
27.6025
27.4909
27.3798
27.2691
27.1589
27.0491
26.9397
26.8308
26.7224
26.6143
26.5068
26.3996
26.2929
26.1866
26.0807
25.9753
25.8703
25.7657
25.6616
25.5578
25.4545
25.3516
25.2491
25.1471
25.0454
24.9442
24.8433
24.7429
24.6429
24.5433
24.444
24.3452
24.2468
24.1488
24.0512
23.9539
23.8571
23.7607
23.6646
23.569
23.4737
23.3788
23.2843
23.1902
23.0964
23.003
22.9101
22.8174
22.7252
22.6333
22.5418
22.4507
22.36
22.2696
22.1796
22.0899
22.0006
21.9117
21.8231
21.7349
21.647
21.5595
21.4723
21.3855
21.2991
21.213
21.1272
21.0418
20.9568
20.8721
20.7877
20.7036
20.6199
20.5366
20.4536
20.3709
20.2885
20.2065
20.1248
20.0435
19.9625
19.8818
19.8014
19.7214
19.6416
19.5622
19.4831
19.4044
19.3259
19.2478
19.17
19.0925
19.0153
18.9385
18.8619
18.7857
18.7097
18.6341
18.5588
18.4837
18.409
18.3346
18.2605
18.1867
18.1131
18.0399
17.967
17.8944
17.822
17.75
17.6782
17.6068
17.5356
17.4647
17.3941
17.3238
17.2538
17.184
17.1146
17.0454
16.9765
16.9078
16.8395
16.7714
16.7036
16.6361
16.5688
16.5019
16.4352
16.3687
16.3025
16.2366
16.171
16.1056
16.0405
15.9757
15.9111
15.8468
15.7827
15.7189
15.6554
15.5921
15.5291
15.4663
15.4038
15.3415
15.2795
15.2177
15.1562
15.0949
15.0339
14.9731
14.9126
14.8523
14.7923
14.7325
14.6729
14.6136
14.5545
14.4957
14.4371
14.3787
14.3206
14.2627
14.2051
14.1476
14.0905
14.0335
13.9768
13.9203
13.864
13.8079
13.7521
13.6965
13.6412
13.586
13.5311
13.4764
13.4219
13.3677
13.3136
13.2598
13.2062
13.1528
13.0997
13.0467
12.994
12.9414
12.8891
12.837
12.7851
12.7334
12.682
12.6307
12.5796
12.5288
12.4781
12.4277
12.3775
12.3274
12.2776
12.228
12.1785
12.1293
12.0803
12.0314
11.9828
11.9344
11.8861
11.8381
11.7902
11.7425
11.6951
11.6478
11.6007
11.5538
11.5071
11.4606
11.4143
11.3681
11.3222
11.2764
11.2308
11.1854
11.1402
11.0952
11.0503
11.0056
10.9612
10.9168
10.8727
10.8288
10.785
10.7414
10.698
10.6547
10.6116
10.5687
10.526
10.4835
10.4411
10.3989
10.3568
10.315
10.2733
10.2318
10.1904
10.1492
10.1082
10.0673
10.0266
9.98608
9.94571
9.90551
9.86546
9.82558
9.78586
9.74631
9.70691
9.66767
9.62859
9.58966
9.5509
9.51229
9.47383
9.43554
9.39739
9.35941
9.32157
9.28389
9.24636
9.20898
9.17175
9.13468
9.09775
9.06097
9.02434
8.98786
8.95153
8.91535
8.87931
8.84341
8.80766
8.77206
8.7366
8.70128
8.6661
8.63107
8.59618
8.56143
8.52682
8.49235
8.45802
8.42383
8.38978
8.35586
8.32209
8.28844
8.25494
8.22157
8.18833
8.15523
8.12226
8.08943
8.05673
8.02416
7.99172
7.95942
7.92724
7.8952
7.86328
7.83149
7.79983
7.7683
7.7369
7.70562
7.67447
7.64345
7.61255
7.58178
7.55113
7.5206
7.4902
7.45992
7.42977
7.39973
7.36982
7.34003
7.31036
7.2808
7.25137
7.22206
7.19286
7.16379
7.13483
7.10599
7.07726
7.04865
7.02016
6.99178
6.96351
6.93536
6.90733
6.87941
6.8516
6.8239
6.79631
6.76884
6.74148
6.71422
6.68708
6.66005
6.63313
6.60631
6.57961
6.55301
6.52652
6.50014
6.47386
6.44769
6.42162
6.39567
6.36981
6.34406
6.31842
6.29287
6.26744
6.2421
6.21687
6.19173
6.1667
6.14178
6.11695
6.09222
6.06759
6.04306
6.01864
5.99431
5.97007
5.94594
5.9219
5.89797
5.87412
5.85038
5.82673
5.80317
5.77971
5.75635
5.73308
5.7099
5.68682
5.66383
5.64094
5.61813
5.59542
5.5728
5.55028
5.52784
5.50549
5.48324
5.46107
5.439
5.41701
5.39511
5.3733
5.35158
5.32995
5.3084
5.28694
5.26557
5.24428
5.22308
5.20197
5.18094
5.16
5.13914
5.11836
5.09767
5.07706
5.05654
5.0361
5.01574
4.99547
4.97527
4.95516
4.93513
4.91518
4.89531
4.87552
4.85581
4.83618
4.81663
4.79716
4.77777
4.75845
4.73922
4.72006
4.70098
4.68198
4.66305
4.6442
4.62543
4.60673
4.5881
4.56956
4.55108
4.53269
4.51436
4.49612
4.47794
4.45984
4.44181
4.42385
4.40597
4.38816
4.37042
4.35275
4.33516
4.31763
4.30018
4.2828
4.26548
4.24824
4.23107
4.21396
4.19693
4.17996
4.16306
4.14623
4.12947
4.11278
4.09615
4.0796
4.0631
4.04668
4.03032
4.01403
3.9978
3.98164
3.96555
3.94952
3.93355
3.91765
3.90181
3.88604
3.87033
3.85468
3.8391
3.82358
3.80813
3.79273
3.7774
3.76213
3.74692
3.73177
3.71669
3.70166
3.6867
3.6718
3.65695
3.64217
3.62745
3.61278
3.59818
3.58363
3.56915
3.55472
3.54035
3.52604
3.51178
3.49759
3.48345
3.46937
3.45534
3.44137
3.42746
3.41361
3.39981
3.38606
3.37238
3.35874
3.34517
3.33164
3.31817
3.30476
3.2914
3.2781
3.26484
3.25165
3.2385
3.22541
3.21237
3.19939
3.18645
3.17357
3.16074
3.14797
3.13524
3.12257
3.10994
3.09737
3.08485
3.07238
3.05996
3.04759
3.03527
3.023
3.01078
2.99861
2.98649
2.97441
2.96239
2.95042
2.93849
2.92661
2.91478
2.903
2.89126
2.87957
2.86793
2.85634
2.84479
2.83329
2.82184
2.81043
2.79907
2.78776
2.77649
2.76526
2.75408
2.74295
2.73186
2.72082
2.70982
2.69887
2.68796
2.67709
2.66627
2.65549
2.64475
2.63406
2.62342
2.61281
2.60225
2.59173
2.58125
2.57082
2.56042
2.55007
2.53977
2.5295
2.51927
2.50909
2.49895
2.48884
2.47878
2.46876
2.45878
2.44884
2.43894
2.42908
2.41927
2.40949
2.39975
2.39004
2.38038
2.37076
2.36118
2.35163
2.34213
2.33266
2.32323
2.31384
2.30448
2.29517
2.28589
2.27665
2.26744
2.25828
2.24915
2.24006
2.231
2.22198
2.213
2.20406
2.19515
2.18627
2.17743
2.16863
2.15986
2.15113
2.14244
2.13378
2.12515
2.11656
2.108
2.09948
2.091
2.08254
2.07412
2.06574
2.05739
2.04907
2.04079
2.03254
2.02432
2.01614
2.00799
1.99987
1.99179
1.98374
1.97572
1.96773
1.95978
1.95185
1.94396
1.9361
1.92828
1.92048
1.91272
1.90499
1.89729
1.88962
1.88198
1.87437
1.86679
1.85925
1.85173
1.84425
1.83679
1.82936
1.82197
1.8146
1.80727
1.79996
1.79269
1.78544
1.77822
1.77103
1.76387
1.75674
1.74964
1.74257
1.73553
1.72851
1.72152
1.71456
1.70763
1.70073
1.69385
1.68701
1.68019
1.6734
1.66663
1.65989
1.65318
1.6465
1.63984
1.63322
1.62661
1.62004
1.61349
1.60697
1.60047
1.594
1.58756
1.58114
1.57475
1.56838
1.56204
1.55573
1.54944
1.54317
1.53694
1.53072
1.52454
1.51837
1.51223
1.50612
1.50003
1.49397
1.48793
1.48191
1.47592
1.46996
1.46402
1.4581
1.4522
1.44633
1.44049
1.43466
1.42886
1.42309
1.41733
1.4116
1.4059
1.40021
1.39455
1.38892
1.3833
1.37771
1.37214
1.36659
1.36107
1.35557
1.35009
1.34463
1.33919
1.33378
1.32839
1.32302
1.31767
1.31234
1.30704
1.30176
1.29649
1.29125
1.28603
1.28083
1.27566
1.2705
1.26536
1.26025
1.25515
1.25008
1.24503
1.23999
1.23498
1.22999
1.22502
1.22006
1.21513
1.21022
1.20533
1.20046
1.1956
1.19077
1.18596
1.18116
1.17639
1.17163
1.1669
1.16218
1.15748
1.1528
1.14814
1.1435
1.13888
1.13427
1.12969
1.12512
1.12057
1.11604
1.11153
1.10704
1.10256
1.09811
1.09367
1.08925
1.08484
1.08046
1.07609
1.07174
1.06741
1.06309
1.05879
1.05451
1.05025
1.04601
1.04178
1.03757
1.03337
1.02919
1.02503
1.02089
1.01676
1.01265
1.00856
1.00448
1.00042
0.996378
0.99235
0.988338
0.984343
0.980364
0.976401
0.972454
0.968522
0.964607
0.960708
0.956824
0.952956
0.949104
0.945267
0.941446
0.93764
0.93385
0.930075
0.926315
0.922571
0.918841
0.915127
0.911427
0.907743
0.904073
0.900419
0.896779
0.893154
0.889543
0.885947
0.882366
0.878799
0.875246
0.871708
0.868184
0.864675
0.861179
0.857698
0.854231
0.850778
0.847338
0.843913
0.840502
0.837104
0.83372
0.83035
0.826993
0.82365
0.82032
0.817004
0.813702
0.810412
0.807136
0.803873
0.800624
0.797387
0.794164
0.790953
0.787756
0.784572
0.7814
0.778241
0.775095
0.771962
0.768841
0.765733
0.762638
0.759555
0.756484
0.753426
0.750381
0.747347
0.744326
0.741317
0.73832
0.735336
0.732363
0.729403
0.726454
0.723517
0.720593
0.71768
0.714779
0.711889
0.709011
0.706145
0.703291
0.700448
0.697616
0.694796
0.691987
0.68919
0.686404
0.683629
0.680866
0.678113
0.675372
0.672642
0.669923
0.667215
0.664517
0.661831
0.659156
0.656491
0.653837
0.651194
0.648562
0.64594
0.643329
0.640728
0.638138
0.635558
0.632989
0.63043
0.627882
0.625344
0.622816
0.620298
0.61779
0.615293
0.612806
0.610328
0.607861
0.605404
0.602957
0.600519
0.598092
0.595674
0.593266
0.590868
0.588479
0.5861
0.583731
0.581371
0.579021
0.57668
0.574349
0.572027
0.569715
0.567412
0.565118
0.562834
0.560559
0.558292
0.556036
0.553788
0.551549
0.54932
0.547099
0.544887
0.542685
0.540491
0.538306
0.53613
0.533963
0.531804
0.529654
0.527513
0.525381
0.523257
0.521142
0.519035
0.516937
0.514847
0.512766
0.510693
0.508629
0.506572
0.504525
0.502485
0.500454
0.498431
0.496416
0.494409
0.492411
0.49042
0.488437
0.486463
0.484496
0.482538
0.480587
0.478645
0.47671
0.474783
0.472863
0.470952
0.469048
0.467152
0.465263
0.463383
0.461509
0.459644
0.457786
0.455935
0.454092
0.452256
0.450428
0.448607
0.446794
0.444988
0.443189
0.441397
0.439613
0.437836
0.436066
0.434303
0.432547
0.430799
0.429057
0.427323
0.425595
0.423875
0.422162
0.420455
0.418755
0.417062
0.415377
0.413697
0.412025
0.410359
0.408701
0.407048
0.405403
0.403764
0.402132
0.400506
0.398887
0.397275
0.395669
0.394069
0.392476
0.39089
0.38931
0.387736
0.386168
0.384607
0.383053
0.381504
0.379962
0.378426
0.376896
0.375373
0.373855
0.372344
0.370839
0.36934
0.367847
0.36636
0.364879
0.363404
0.361934
0.360471
0.359014
0.357563
0.356117
0.354678
0.353244
0.351816
0.350394
0.348977
0.347567
0.346162
0.344762
0.343369
0.341981
0.340598
0.339221
0.33785
0.336484
0.335124
0.333769
0.33242
0.331076
0.329738
0.328405
0.327077
0.325755
0.324438
0.323127
0.321821
0.32052
0.319224
0.317934
0.316648
0.315368
0.314093
0.312824
0.311559
0.3103
0.309045
0.307796
0.306552
0.305312
0.304078
0.302849
0.301625
0.300405
0.299191
0.297982
0.296777
0.295577
0.294382
0.293192
0.292007
0.290827
0.289651
0.28848
0.287314
0.286153
0.284996
0.283844
0.282696
0.281554
0.280415
0.279282
0.278153
0.277028
0.275909
0.274793
0.273682
0.272576
0.271474
0.270377
0.269284
0.268195
0.267111
0.266031
0.264956
0.263885
0.262818
0.261756
0.260697
0.259644
0.258594
0.257549
0.256507
0.255471
0.254438
0.253409
0.252385
0.251365
0.250348
0.249336
0.248329
0.247325
0.246325
0.245329
0.244337
0.24335
0.242366
0.241386
0.24041
0.239439
0.238471
0.237507
0.236546
0.23559
0.234638
0.233689
0.232745
0.231804
0.230867
0.229933
0.229004
0.228078
0.227156
0.226238
0.225323
0.224413
0.223505
0.222602
0.221702
0.220806
0.219913
0.219024
0.218139
0.217257
0.216379
0.215504
0.214633
0.213765
0.212901
0.21204
0.211183
0.21033
0.209479
0.208633
0.207789
0.206949
0.206113
0.205279
0.20445
0.203623
0.2028
0.20198
0.201164
0.20035
0.199541
0.198734
0.19793
0.19713
0.196333
0.19554
0.194749
0.193962
0.193178
0.192397
0.191619
0.190845
0.190073
0.189305
0.18854
0.187777
0.187018
0.186262
0.185509
0.184759
0.184013
0.183269
0.182528
0.18179
0.181055
0.180323
0.179594
0.178868
0.178145
0.177425
0.176708
0.175993
0.175282
0.174573
0.173868
0.173165
0.172465
0.171768
0.171073
0.170382
0.169693
0.169007
0.168324
0.167643
0.166966
0.166291
0.165619
0.164949
0.164282
0.163618
0.162957
0.162298
0.161642
0.160988
0.160338
0.15969
0.159044
0.158401
0.157761
0.157123
0.156488
0.155855
0.155225
0.154598
0.153973
0.15335
0.15273
0.152113
0.151498
0.150886
0.150276
0.149668
0.149063
0.148461
0.14786
0.147263
0.146667
0.146075
0.145484
0.144896
0.14431
0.143727
0.143146
0.142567
0.141991
0.141417
0.140845
0.140276
0.139709
0.139144
0.138581
0.138021
0.137463
0.136908
0.136354
0.135803
0.135254
0.134707
0.134163
0.13362
0.13308
0.132542
0.132006
0.131473
0.130941
0.130412
0.129885
0.12936
0.128837
0.128316
0.127797
0.127281
0.126766
0.126254
0.125743
0.125235
0.124729
0.124225
0.123722
0.123222
0.122724
0.122228
0.121734
0.121242
0.120752
0.120264
0.119777
0.119293
0.118811
0.118331
0.117852
0.117376
0.116901
0.116429
0.115958
0.115489
0.115023
0.114558
0.114095
0.113633
0.113174
0.112716
0.112261
0.111807
0.111355
0.110905
0.110457
0.11001
0.109565
0.109122
0.108681
0.108242
0.107804
0.107369
0.106935
0.106502
0.106072
0.105643
0.105216
0.104791
0.104367
0.103945
0.103525
0.103106
0.10269
0.102274
0.101861
0.101449
0.101039
0.100631
0.100224
0.0998187
0.0994152
0.0990133
0.0986131
0.0982144
0.0978174
0.097422
0.0970281
0.0966359
0.0962453
0.0958562
0.0954687
0.0950828
0.0946984
0.0943156
0.0939343
0.0935546
0.0931764
0.0927997
0.0924246
0.092051
0.0916789
0.0913083
0.0909392
0.0905715
0.0902054
0.0898408
0.0894776
0.0891159
0.0887556
0.0883968
0.0880395
0.0876836
0.0873291
0.0869761
0.0866245
0.0862743
0.0859256
0.0855782
0.0852323
0.0848877
0.0845446
0.0842028
0.0838624
0.0835234
0.0831858
0.0828495
0.0825146
0.082181
0.0818488
0.0815179
0.0811884
0.0808602
0.0805333
0.0802078
0.0798835
0.0795606
0.079239
0.0789187
0.0785996
0.0782819
0.0779655
0.0776503
0.0773364
0.0770238
0.0767124
0.0764023
0.0760934
0.0757858
0.0754795
0.0751743
0.0748705
0.0745678
0.0742664
0.0739661
0.0736671
0.0733693
0.0730727
0.0727774
0.0724832
0.0721901
0.0718983
0.0716077
0.0713182
0.0710299
0.0707428
0.0704568
0.070172
0.0698883
0.0696058
0.0693244
0.0690442
0.0687651
0.0684871
0.0682102
0.0679345
0.0676599
0.0673863
0.0671139
0.0668426
0.0665724
0.0663033
0.0660353
0.0657683
0.0655025
0.0652377
0.064974
0.0647113
0.0644497
0.0641892
0.0639297
0.0636713
0.0634139
0.0631575
0.0629022
0.0626479
0.0623947
0.0621425
0.0618912
0.061641
0.0613919
0.0611437
0.0608965
0.0606504
0.0604052
0.060161
0.0599178
0.0596756
0.0594343
0.0591941
0.0589548
0.0587165
0.0584791
0.0582427
0.0580073
0.0577728
0.0575392
0.0573066
0.057075
0.0568442
0.0566145
0.0563856
0.0561577
0.0559306
0.0557045
0.0554794
0.0552551
0.0550317
0.0548093
0.0545877
0.054367
0.0541472
0.0539284
0.0537104
0.0534932
0.053277
0.0530616
0.0528471
0.0526335
0.0524207
0.0522088
0.0519978
0.0517876
0.0515782
0.0513697
0.051162
0.0509552
0.0507492
0.0505441
0.0503398
0.0501363
0.0499336
0.0497317
0.0495307
0.0493305
0.0491311
0.0489325
0.0487346
0.0485376
0.0483414
0.048146
0.0479514
0.0477575
0.0475645
0.0473722
0.0471807
0.04699
0.0468
0.0466108
0.0464224
0.0462348
0.0460478
0.0458617
0.0456763
0.0454917
0.0453078
0.0451246
0.0449422
0.0447605
0.0445796
0.0443994
0.0442199
0.0440411
0.0438631
0.0436858
0.0435092
0.0433333
0.0431581
0.0429837
0.0428099
0.0426368
0.0424645
0.0422928
0.0421219
0.0419516
0.041782
0.0416131
0.0414449
0.0412773
0.0411105
0.0409443
0.0407788
0.0406139
0.0404497
0.0402862
0.0401234
0.0399612
0.0397996
0.0396387
0.0394785
0.0393189
0.03916
0.0390017
0.038844
0.038687
0.0385306
0.0383748
0.0382197
0.0380652
0.0379113
0.0377581
0.0376054
0.0374534
0.037302
0.0371512
0.037001
0.0368515
0.0367025
0.0365541
0.0364064
0.0362592
0.0361126
0.0359666
0.0358212
0.0356764
0.0355322
0.0353886
0.0352455
0.035103
0.0349611
0.0348198
0.034679
0.0345388
0.0343992
0.0342602
0.0341217
0.0339837
0.0338464
0.0337095
0.0335733
0.0334376
0.0333024
0.0331678
0.0330337
0.0329001
0.0327671
0.0326347
0.0325028
0.0323714
0.0322405
0.0321102
0.0319804
0.0318511
0.0317223
0.0315941
0.0314664
0.0313392
0.0312125
0.0310863
0.0309607
0.0308355
0.0307108
0.0305867
0.0304631
0.0303399
0.0302173
0.0300951
0.0299734
0.0298523
0.0297316
0.0296114
0.0294917
0.0293725
0.0292538
0.0291355
0.0290177
0.0289004
0.0287836
0.0286672
0.0285513
0.0284359
0.028321
0.0282065
0.0280925
0.0279789
0.0278658
0.0277532
0.027641
0.0275292
0.0274179
0.0273071
0.0271967
0.0270868
0.0269773
0.0268682
0.0267596
0.0266514
0.0265437
0.0264364
0.0263295
0.0262231
0.0261171
0.0260115
0.0259064
0.0258016
0.0256973
0.0255935
0.02549
0.0253869
0.0252843
0.0251821
0.0250803
0.0249789
0.024878
0.0247774
0.0246772
0.0245775
0.0244781
0.0243792
0.0242806
0.0241825
0.0240847
0.0239873
0.0238904
0.0237938
0.0236976
0.0236018
0.0235064
0.0234114
0.0233167
0.0232225
0.0231286
0.0230351
0.022942
0.0228492
0.0227569
0.0226649
0.0225733
0.022482
0.0223911
0.0223006
0.0222105
0.0221207
0.0220313
0.0219422
0.0218535
0.0217652
0.0216772
0.0215895
0.0215023
0.0214153
0.0213288
0.0212426
0.0211567
0.0210712
0.020986
0.0209011
0.0208167
0.0207325
0.0206487
0.0205652
0.0204821
0.0203993
0.0203168
0.0202347
0.0201529
0.0200714
0.0199903
0.0199095
0.019829
0.0197488
0.019669
0.0195895
0.0195103
0.0194314
0.0193529
0.0192747
0.0191967
0.0191191
0.0190418
0.0189649
0.0188882
0.0188118
0.0187358
0.0186601
0.0185846
0.0185095
0.0184347
0.0183602
0.0182859
0.018212
0.0181384
0.0180651
0.017992
0.0179193
0.0178469
0.0177747
0.0177029
0.0176313
0.01756
0.0174891
0.0174184
0.0173479
0.0172778
0.017208
0.0171384
0.0170691
0.0170001
0.0169314
0.016863
0.0167948
0.0167269
0.0166593
0.0165919
0.0165249
0.0164581
0.0163915
0.0163253
0.0162593
0.0161935
0.0161281
0.0160629
0.015998
0.0159333
0.0158689
0.0158047
0.0157408
0.0156772
0.0156138
0.0155507
0.0154878
0.0154252
0.0153629
0.0153008
0.0152389
0.0151773
0.015116
0.0150549
0.014994
0.0149334
0.014873
0.0148129
0.014753
0.0146934
0.014634
0.0145748
0.0145159
0.0144572
0.0143988
0.0143406
0.0142826
0.0142249
0.0141674
0.0141101
0.0140531
0.0139962
0.0139397
0.0138833
0.0138272
0.0137713
0.0137156
0.0136602
0.013605
0.01355
0.0134952
0.0134406
0.0133863
0.0133322
0.0132783
0.0132246
0.0131712
0.0131179
0.0130649
0.0130121
0.0129595
0.0129071
0.0128549
0.0128029
0.0127512
0.0126996
0.0126483
0.0125972
0.0125462
0.0124955
0.012445
0.0123947
0.0123446
0.0122947
0.012245
0.0121955
0.0121462
0.0120971
0.0120482
0.0119995
0.011951
0.0119027
0.0118546
0.0118066
0.0117589
0.0117114
0.011664
0.0116169
0.0115699
0.0115231
0.0114766
0.0114302
0.011384
0.0113379
0.0112921
0.0112465
0.011201
0.0111557
0.0111106
0.0110657
0.011021
0.0109764
0.0109321
0.0108879
0.0108439
0.0108
0.0107564
0.0107129
0.0106696
0.0106264
0.0105835
0.0105407
0.0104981
0.0104556
0.0104134
0.0103713
0.0103294
0.0102876
0.010246
0.0102046
0.0101633
0.0101223
0.0100813
0.0100406
