250
250
249.998
249.992
249.982
249.968
249.95
249.928
249.902
249.872
249.838
249.8
249.758
249.712
249.662
249.609
249.551
249.489
249.423
249.353
249.28
249.202
249.121
249.035
248.946
248.852
248.755
248.654
248.549
248.44
248.327
248.211
248.09
247.966
247.838
247.706
247.57
247.43
247.287
247.14
246.989
246.834
246.675
246.513
246.347
246.178
246.004
245.827
245.646
245.462
245.274
245.082
244.887
244.688
244.486
244.279
244.07
243.857
243.64
243.42
243.196
242.969
242.739
242.505
242.267
242.026
241.782
241.534
241.283
241.029
240.772
240.511
240.246
239.979
239.708
239.434
239.157
238.877
238.594
238.307
238.018
237.725
237.429
237.13
236.828
236.523
236.215
235.904
235.591
235.274
234.954
234.632
234.306
233.978
233.647
233.313
232.976
232.637
232.295
231.95
231.603
231.253
230.9
230.544
230.187
229.826
229.463
229.097
228.729
228.359
227.986
227.611
227.233
226.853
226.47
226.085
225.698
225.309
224.917
224.523
224.127
223.729
223.329
222.926
222.521
222.115
221.706
221.295
220.882
220.467
220.051
219.632
219.211
218.789
218.365
217.938
217.51
217.081
216.649
216.216
215.781
215.344
214.906
214.466
214.024
213.581
213.136
212.69
212.242
211.792
211.342
210.889
210.436
209.98
209.524
209.066
208.607
208.146
207.685
207.221
206.757
206.292
205.825
205.357
204.888
204.418
203.947
203.474
203.001
202.526
202.051
201.575
201.097
200.619
200.14
199.659
199.178
198.696
198.214
197.73
197.246
196.761
196.275
195.788
195.301
194.813
194.324
193.835
193.345
192.854
192.363
191.871
191.379
190.886
190.393
189.899
189.405
188.91
188.415
187.92
187.424
186.928
186.431
185.934
185.437
184.939
184.441
183.943
183.445
182.946
182.447
181.948
181.449
180.95
180.45
179.951
179.451
178.951
178.451
177.951
177.451
176.951
176.451
175.951
175.451
174.952
174.452
173.952
173.452
172.953
172.453
171.954
171.455
170.956
170.457
169.958
169.46
168.962
168.464
167.966
167.468
166.971
166.474
165.978
165.481
164.985
164.49
163.994
163.5
163.005
162.511
162.017
161.524
161.031
160.538
160.046
159.555
159.064
158.573
158.083
157.594
157.104
156.616
156.128
155.64
155.154
154.667
154.181
153.696
153.212
152.728
152.245
151.762
151.28
150.798
150.318
149.838
149.358
148.879
148.401
147.924
147.447
146.972
146.496
146.022
145.548
145.075
144.603
144.132
143.661
143.191
142.722
142.254
141.786
141.32
140.854
140.389
139.924
139.461
138.999
138.537
138.076
137.616
137.157
136.699
136.241
135.785
135.329
134.875
134.421
133.968
133.516
133.065
132.615
132.166
131.718
131.27
130.824
130.378
129.934
129.49
129.048
128.606
128.166
127.726
127.287
126.85
126.413
125.977
125.542
125.109
124.676
124.244
123.814
123.384
122.955
122.527
122.101
121.675
121.25
120.827
120.404
119.983
119.562
119.143
118.724
118.307
117.891
117.475
117.061
116.648
116.236
115.825
115.415
115.006
114.598
114.191
113.785
113.381
112.977
112.574
112.173
111.772
111.373
110.975
110.578
110.182
109.786
109.393
109
108.608
108.217
107.827
107.439
107.051
106.665
106.28
105.896
105.512
105.13
104.749
104.37
103.991
103.613
103.236
102.861
102.487
102.113
101.741
101.37
101
100.631
100.263
99.896
99.5303
99.1656
98.8021
98.4396
98.0783
97.718
97.3588
97.0007
96.6436
96.2877
95.9328
95.579
95.2263
94.8747
94.5242
94.1747
93.8264
93.4791
93.1328
92.7877
92.4436
92.1006
91.7587
91.4179
91.0781
90.7394
90.4017
90.0652
89.7297
89.3952
89.0619
88.7295
88.3983
88.0681
87.739
87.4109
87.0839
86.7579
86.433
86.1092
85.7864
85.4646
85.1439
84.8243
84.5057
84.1881
83.8716
83.5561
83.2416
82.9282
82.6158
82.3045
81.9942
81.6849
81.3766
81.0694
80.7632
80.458
80.1538
79.8507
79.5486
79.2474
78.9473
78.6483
78.3502
78.0531
77.757
77.462
77.1679
76.8748
76.5828
76.2917
76.0016
75.7125
75.4244
75.1373
74.8512
74.5661
74.2819
73.9987
73.7165
73.4353
73.155
72.8757
72.5974
72.32
72.0436
71.7682
71.4937
71.2202
70.9477
70.676
70.4054
70.1357
69.8669
69.5991
69.3322
69.0662
68.8012
68.5372
68.274
68.0118
67.7505
67.4901
67.2307
66.9722
66.7146
66.4579
66.2021
65.9473
65.6933
65.4403
65.1881
64.9369
64.6865
64.4371
64.1885
63.9408
63.6941
63.4482
63.2032
62.9591
62.7158
62.4734
62.232
61.9913
61.7516
61.5127
61.2747
61.0375
60.8012
60.5658
60.3312
60.0975
59.8646
59.6326
59.4014
59.171
58.9415
58.7129
58.4851
58.2581
58.0319
57.8066
57.582
57.3584
57.1355
56.9134
56.6922
56.4718
56.2522
56.0334
55.8154
55.5982
55.3818
55.1662
54.9515
54.7375
54.5243
54.3118
54.1002
53.8894
53.6793
53.47
53.2615
53.0538
52.8468
52.6406
52.4352
52.2306
52.0267
51.8235
51.6212
51.4195
51.2187
51.0186
50.8192
50.6206
50.4227
50.2256
50.0292
49.8335
49.6386
49.4444
49.2509
49.0582
48.8661
48.6748
48.4843
48.2944
48.1053
47.9168
47.7291
47.5421
47.3558
47.1702
46.9853
46.8011
46.6176
46.4347
46.2526
46.0712
45.8904
45.7104
45.531
45.3523
45.1743
44.9969
44.8203
44.6443
44.4689
44.2943
44.1202
43.9469
43.7742
43.6022
43.4308
43.2601
43.09
42.9206
42.7519
42.5837
42.4162
42.2494
42.0832
41.9176
41.7527
41.5884
41.4247
41.2616
41.0992
40.9374
40.7762
40.6156
40.4556
40.2963
40.1376
39.9794
39.8219
39.665
39.5087
39.353
39.1979
39.0434
38.8894
38.7361
38.5834
38.4312
38.2797
38.1287
37.9783
37.8284
37.6792
37.5305
37.3824
37.2349
37.088
36.9416
36.7957
36.6505
36.5058
36.3616
36.2181
36.075
35.9326
35.7906
35.6493
35.5084
35.3682
35.2284
35.0892
34.9506
34.8124
34.6748
34.5378
34.4013
34.2653
34.1298
33.9949
33.8605
33.7266
33.5932
33.4603
33.328
33.1962
33.0649
32.934
32.8038
32.674
32.5447
32.4159
32.2876
32.1598
32.0326
31.9058
31.7795
31.6537
31.5284
31.4035
31.2792
31.1553
31.032
30.9091
30.7867
30.6647
30.5433
30.4223
30.3018
30.1818
30.0622
29.9431
29.8244
29.7063
29.5886
29.4713
29.3545
29.2382
29.1223
29.0069
28.8919
28.7773
28.6633
28.5496
28.4364
28.3237
28.2114
28.0995
27.9881
27.8771
27.7665
27.6564
27.5467
27.4375
27.3286
27.2202
27.1122
27.0047
26.8976
26.7908
26.6845
26.5787
26.4732
26.3681
26.2635
26.1593
26.0555
25.952
25.849
25.7464
25.6442
25.5424
25.441
25.3401
25.2395
25.1392
25.0394
24.94
24.841
24.7424
24.6441
24.5462
24.4488
24.3517
24.2549
24.1586
24.0627
23.9671
23.8719
23.7771
23.6826
23.5885
23.4948
23.4015
23.3085
23.2159
23.1237
23.0318
22.9403
22.8491
22.7583
22.6679
22.5778
22.4881
22.3987
22.3097
22.221
22.1327
22.0447
21.9571
21.8698
21.7829
21.6963
21.6101
21.5242
21.4386
21.3534
21.2685
21.1839
21.0997
21.0158
20.9322
20.849
20.7661
20.6835
20.6013
20.5194
20.4378
20.3565
20.2755
20.1949
20.1146
20.0346
19.9549
19.8755
19.7965
19.7177
19.6393
19.5612
19.4834
19.4059
19.3287
19.2518
19.1752
19.0989
19.0229
18.9472
18.8719
18.7968
18.722
18.6475
18.5733
18.4994
18.4258
18.3525
18.2794
18.2067
18.1343
18.0621
17.9902
17.9186
17.8473
17.7763
17.7055
17.6351
17.5649
17.495
17.4254
17.356
17.2869
17.2181
17.1496
17.0813
17.0133
16.9456
16.8782
16.811
16.7441
16.6774
16.611
16.5449
16.479
16.4134
16.3481
16.283
16.2182
16.1536
16.0893
16.0252
15.9614
15.8979
15.8346
15.7715
15.7087
15.6462
15.5839
15.5218
15.46
15.3985
15.3372
15.2761
15.2153
15.1547
15.0943
15.0342
14.9744
14.9147
14.8553
14.7962
14.7372
14.6786
14.6201
14.5619
14.5039
14.4461
14.3886
14.3313
14.2742
14.2174
14.1607
14.1043
14.0482
13.9922
13.9365
13.881
13.8257
13.7706
13.7158
13.6611
13.6067
13.5525
13.4985
13.4448
13.3912
13.3379
13.2847
13.2318
13.1791
13.1266
13.0743
13.0222
12.9704
12.9187
12.8672
12.816
12.7649
12.7141
12.6634
12.613
12.5627
12.5127
12.4628
12.4132
12.3637
12.3145
12.2654
12.2165
12.1679
12.1194
12.0711
12.023
11.9751
11.9274
11.8799
11.8325
11.7854
11.7384
11.6917
11.6451
11.5987
11.5525
11.5065
11.4606
11.4149
11.3695
11.3242
11.279
11.2341
11.1893
11.1448
11.1004
11.0561
11.0121
10.9682
10.9245
10.881
10.8376
10.7944
10.7514
10.7086
10.6659
10.6234
10.5811
10.5389
10.4969
10.4551
10.4134
10.3719
10.3306
10.2894
10.2484
10.2076
10.1669
10.1264
10.0861
10.0459
10.0058
9.96596
9.92625
9.88669
9.84729
9.80805
9.76897
9.73004
9.69127
9.65265
9.61418
9.57587
9.53771
9.49971
9.46185
9.42415
9.38659
9.34919
9.31193
9.27482
9.23786
9.20105
9.16438
9.12786
9.09149
9.05526
9.01917
8.98323
8.94743
8.91178
8.87626
8.84089
8.80566
8.77057
8.73562
8.70081
8.66613
8.6316
8.5972
8.56294
8.52882
8.49483
8.46098
8.42726
8.39368
8.36023
8.32691
8.29373
8.26068
8.22776
8.19497
8.16232
8.12979
8.09739
8.06512
8.03298
8.00097
7.96909
7.93733
7.9057
7.8742
7.84282
7.81157
7.78044
7.74943
7.71855
7.68779
7.65716
7.62664
7.59625
7.56598
7.53583
7.5058
7.47589
7.4461
7.41643
7.38688
7.35744
7.32812
7.29892
7.26984
7.24087
7.21201
7.18327
7.15465
7.12614
7.09774
7.06946
7.04129
7.01323
6.98529
6.95745
6.92973
6.90212
6.87461
6.84722
6.81993
6.79276
6.76569
6.73873
6.71188
6.68514
6.6585
6.63197
6.60554
6.57922
6.55301
6.5269
6.50089
6.47499
6.44919
6.42349
6.3979
6.3724
6.34701
6.32172
6.29653
6.27145
6.24646
6.22157
6.19678
6.17209
6.1475
6.12301
6.09861
6.07431
6.05011
6.026
6.002
5.97808
5.95426
5.93054
5.90691
5.88338
5.85994
5.83659
5.81334
5.79018
5.76711
5.74413
5.72125
5.69845
5.67575
5.65314
5.63062
5.60819
5.58584
5.56359
5.54143
5.51935
5.49736
5.47546
5.45365
5.43192
5.41028
5.38873
5.36726
5.34588
5.32459
5.30337
5.28225
5.26121
5.24025
5.21937
5.19858
5.17787
5.15725
5.1367
5.11624
5.09586
5.07556
5.05535
5.03521
5.01515
4.99518
4.97528
4.95546
4.93572
4.91606
4.89648
4.87698
4.85755
4.83821
4.81893
4.79974
4.78062
4.76158
4.74262
4.72373
4.70491
4.68618
4.66751
4.64892
4.63041
4.61196
4.5936
4.5753
4.55708
4.53893
4.52085
4.50285
4.48492
4.46706
4.44927
4.43155
4.4139
4.39632
4.37881
4.36138
4.34401
4.32671
4.30948
4.29232
4.27523
4.2582
4.24125
4.22436
4.20754
4.19078
4.17409
4.15747
4.14092
4.12443
4.10801
4.09165
4.07536
4.05913
4.04297
4.02687
4.01084
3.99487
3.97896
3.96312
3.94734
3.93163
3.91597
3.90038
3.88485
3.86939
3.85398
3.83864
3.82336
3.80814
3.79298
3.77788
3.76284
3.74786
3.73294
3.71808
3.70327
3.68853
3.67385
3.65923
3.64466
3.63015
3.6157
3.60131
3.58697
3.5727
3.55847
3.54431
3.5302
3.51615
3.50216
3.48822
3.47433
3.4605
3.44673
3.43301
3.41935
3.40574
3.39219
3.37869
3.36524
3.35185
3.33851
3.32522
3.31199
3.29881
3.28568
3.2726
3.25958
3.24661
3.23369
3.22082
3.20801
3.19524
3.18253
3.16986
3.15725
3.14469
3.13217
3.11971
3.1073
3.09493
3.08262
3.07035
3.05814
3.04597
3.03385
3.02178
3.00976
2.99779
2.98586
2.97398
2.96215
2.95036
2.93863
2.92694
2.91529
2.9037
2.89215
2.88064
2.86918
2.85777
2.8464
2.83508
2.8238
2.81257
2.80138
2.79024
2.77914
2.76809
2.75708
2.74611
2.73519
2.72431
2.71348
2.70269
2.69194
2.68123
2.67057
2.65995
2.64937
2.63883
2.62834
2.61789
2.60748
2.59711
2.58678
2.5765
2.56625
2.55605
2.54588
2.53576
2.52568
2.51564
2.50563
2.49567
2.48575
2.47587
2.46602
2.45622
2.44646
2.43673
2.42704
2.41739
2.40778
2.39821
2.38868
2.37918
2.36973
2.36031
2.35093
2.34158
2.33227
2.323
2.31377
2.30457
2.29541
2.28629
2.2772
2.26815
2.25914
2.25016
2.24122
2.23231
2.22344
2.21461
2.20581
2.19704
2.18831
2.17961
2.17095
2.16233
2.15374
2.14518
2.13665
2.12817
2.11971
2.11129
2.1029
2.09455
2.08622
2.07794
2.06968
2.06146
2.05327
2.04511
2.03699
2.0289
2.02084
2.01281
2.00482
1.99685
1.98892
1.98102
1.97315
1.96532
1.95751
1.94974
1.942
1.93428
1.9266
1.91895
1.91133
1.90374
1.89618
1.88865
1.88115
1.87368
1.86624
1.85883
1.85145
1.8441
1.83678
1.82949
1.82222
1.81499
1.80778
1.80061
1.79346
1.78634
1.77925
1.77219
1.76515
1.75815
1.75117
1.74422
1.73729
1.7304
1.72353
1.71669
1.70988
1.70309
1.69633
1.6896
1.6829
1.67622
1.66957
1.66294
1.65634
1.64977
1.64323
1.63671
1.63021
1.62375
1.6173
1.61089
1.6045
1.59813
1.59179
1.58548
1.57919
1.57292
1.56668
1.56047
1.55428
1.54812
1.54198
1.53586
1.52977
1.5237
1.51766
1.51164
1.50565
1.49968
1.49373
1.48781
1.48191
1.47603
1.47018
1.46435
1.45855
1.45276
1.447
1.44127
1.43555
1.42986
1.42419
1.41855
1.41293
1.40733
1.40175
1.39619
1.39066
1.38515
1.37966
1.37419
1.36874
1.36332
1.35792
1.35254
1.34718
1.34184
1.33652
1.33123
1.32595
1.3207
1.31547
1.31026
1.30507
1.2999
1.29475
1.28962
1.28451
1.27942
1.27435
1.26931
1.26428
1.25927
1.25429
1.24932
1.24437
1.23944
1.23454
1.22965
1.22478
1.21993
1.2151
1.21029
1.2055
1.20073
1.19597
1.19124
1.18652
1.18183
1.17715
1.17249
1.16785
1.16323
1.15862
1.15404
1.14947
1.14492
1.14039
1.13588
1.13138
1.12691
1.12245
1.11801
1.11358
1.10918
1.10479
1.10042
1.09607
1.09173
1.08741
1.08311
1.07883
1.07456
1.07031
1.06608
1.06186
1.05766
1.05348
1.04932
1.04517
1.04104
1.03692
1.03282
1.02874
1.02467
1.02062
1.01659
1.01257
1.00857
1.00458
1.00061
0.996654
0.992715
0.988792
0.984885
0.980993
0.977117
0.973256
0.969411
0.965581
0.961767
0.957967
0.954183
0.950414
0.94666
0.94292
0.939196
0.935487
0.931792
0.928113
0.924447
0.920797
0.917161
0.91354
0.909933
0.90634
0.902762
0.899198
0.895649
0.892113
0.888592
0.885084
0.881591
0.878112
0.874646
0.871195
0.867757
0.864332
0.860922
0.857525
0.854142
0.850772
0.847416
0.844073
0.840743
0.837427
0.834124
0.830834
0.827557
0.824293
0.821043
0.817805
0.81458
0.811368
0.808169
0.804983
0.80181
0.798649
0.7955
0.792365
0.789241
0.786131
0.783032
0.779946
0.776873
0.773812
0.770762
0.767725
0.764701
0.761688
0.758687
0.755698
0.752722
0.749757
0.746803
0.743862
0.740933
0.738015
0.735108
0.732214
0.729331
0.726459
0.723599
0.72075
0.717913
0.715087
0.712272
0.709469
0.706677
0.703896
0.701126
0.698367
0.695619
0.692882
0.690156
0.68744
0.684736
0.682042
0.67936
0.676688
0.674026
0.671375
0.668735
0.666106
0.663486
0.660878
0.658279
0.655691
0.653114
0.650547
0.647989
0.645443
0.642906
0.640379
0.637863
0.635356
0.63286
0.630374
0.627897
0.62543
0.622974
0.620527
0.618089
0.615662
0.613244
0.610836
0.608437
0.606048
0.603669
0.601299
0.598939
0.596588
0.594246
0.591914
0.589591
0.587277
0.584972
0.582677
0.580391
0.578114
0.575846
0.573587
0.571337
0.569097
0.566865
0.564642
0.562427
0.560222
0.558026
0.555838
0.553659
0.551489
0.549327
0.547174
0.54503
0.542894
0.540767
0.538648
0.536537
0.534435
0.532342
0.530257
0.52818
0.526111
0.524051
0.521999
0.519955
0.517919
0.515892
0.513872
0.511861
0.509857
0.507862
0.505874
0.503895
0.501923
0.499959
0.498003
0.496055
0.494115
0.492182
0.490258
0.48834
0.486431
0.484529
0.482635
0.480748
0.478869
0.476997
0.475133
0.473276
0.471426
0.469584
0.46775
0.465922
0.464102
0.46229
0.460484
0.458686
0.456895
0.455111
0.453334
0.451564
0.449801
0.448045
0.446297
0.444555
0.44282
0.441092
0.439372
0.437658
0.43595
0.43425
0.432556
0.430869
0.429189
0.427516
0.425849
0.424189
0.422536
0.420889
0.419249
0.417615
0.415988
0.414367
0.412753
0.411145
0.409544
0.407949
0.40636
0.404778
0.403202
0.401632
0.400069
0.398512
0.396961
0.395416
0.393877
0.392345
0.390818
0.389298
0.387784
0.386276
0.384774
0.383278
0.381788
0.380303
0.378825
0.377353
0.375886
0.374426
0.372971
0.371522
0.370079
0.368641
0.36721
0.365784
0.364363
0.362949
0.36154
0.360136
0.358739
0.357347
0.35596
0.354579
0.353203
0.351833
0.350469
0.349109
0.347756
0.346407
0.345064
0.343727
0.342395
0.341068
0.339746
0.33843
0.337119
0.335813
0.334512
0.333217
0.331926
0.330641
0.329361
0.328086
0.326817
0.325552
0.324292
0.323037
0.321788
0.320543
0.319303
0.318069
0.316839
0.315614
0.314394
0.313179
0.311969
0.310763
0.309562
0.308367
0.307176
0.305989
0.304808
0.303631
0.302459
0.301291
0.300128
0.29897
0.297816
0.296668
0.295523
0.294383
0.293248
0.292117
0.290991
0.289869
0.288752
0.287639
0.286531
0.285427
0.284328
0.283232
0.282142
0.281055
0.279973
0.278896
0.277822
0.276753
0.275688
0.274627
0.273571
0.272519
0.271471
0.270427
0.269388
0.268352
0.267321
0.266293
0.26527
0.264251
0.263236
0.262225
0.261219
0.260216
0.259217
0.258222
0.257231
0.256244
0.255261
0.254282
0.253307
0.252336
0.251368
0.250405
0.249445
0.248489
0.247537
0.246589
0.245644
0.244704
0.243767
0.242833
0.241904
0.240978
0.240056
0.239138
0.238223
0.237312
0.236404
0.235501
0.2346
0.233704
0.232811
0.231921
0.231035
0.230153
0.229274
0.228399
0.227527
0.226659
0.225794
0.224932
0.224074
0.22322
0.222369
0.221521
0.220676
0.219835
0.218998
0.218163
0.217332
0.216505
0.21568
0.214859
0.214041
0.213227
0.212416
0.211608
0.210803
0.210001
0.209203
0.208408
0.207615
0.206827
0.206041
0.205258
0.204479
0.203702
0.202929
0.202159
0.201392
0.200628
0.199867
0.199109
0.198354
0.197602
0.196853
0.196107
0.195364
0.194624
0.193887
0.193153
0.192422
0.191694
0.190969
0.190246
0.189527
0.18881
0.188096
0.187385
0.186677
0.185972
0.185269
0.18457
0.183873
0.183179
0.182487
0.181799
0.181113
0.18043
0.179749
0.179072
0.178397
0.177725
0.177055
0.176388
0.175724
0.175062
0.174403
0.173747
0.173093
0.172442
0.171794
0.171148
0.170505
0.169864
0.169226
0.16859
0.167957
0.167327
0.166698
0.166073
0.16545
0.164829
0.164211
0.163596
0.162982
0.162372
0.161763
0.161158
0.160554
0.159953
0.159355
0.158758
0.158165
0.157573
0.156984
0.156397
0.155813
0.155231
0.154651
0.154073
0.153498
0.152925
0.152355
0.151787
0.151221
0.150657
0.150095
0.149536
0.148979
0.148424
0.147872
0.147321
0.146773
0.146227
0.145683
0.145142
0.144602
0.144065
0.14353
0.142997
0.142466
0.141937
0.14141
0.140886
0.140363
0.139843
0.139324
0.138808
0.138294
0.137782
0.137272
0.136764
0.136257
0.135753
0.135251
0.134751
0.134253
0.133757
0.133263
0.132771
0.132281
0.131793
0.131307
0.130823
0.13034
0.12986
0.129381
0.128905
0.12843
0.127957
0.127486
0.127017
0.12655
0.126085
0.125622
0.12516
0.1247
0.124242
0.123786
0.123332
0.12288
0.122429
0.12198
0.121533
0.121088
0.120645
0.120203
0.119763
0.119325
0.118888
0.118454
0.118021
0.11759
0.11716
0.116732
0.116306
0.115882
0.115459
0.115038
0.114619
0.114201
0.113785
0.113371
0.112958
0.112547
0.112138
0.11173
0.111324
0.11092
0.110517
0.110115
0.109716
0.109318
0.108921
0.108526
0.108133
0.107741
0.107351
0.106962
0.106575
0.10619
0.105806
0.105423
0.105042
0.104663
0.104285
0.103909
0.103534
0.10316
0.102789
0.102418
0.102049
0.101682
0.101316
0.100951
0.100588
0.100227
0.0998663
0.0995076
0.0991503
0.0987944
0.0984399
0.0980869
0.0977352
0.097385
0.0970361
0.0966887
0.0963426
0.0959979
0.0956546
0.0953127
0.0949721
0.0946329
0.0942951
0.0939586
0.0936234
0.0932896
0.0929571
0.0926259
0.0922961
0.0919675
0.0916403
0.0913144
0.0909898
0.0906665
0.0903445
0.0900237
0.0897043
0.0893861
0.0890692
0.0887535
0.0884392
0.088126
0.0878142
0.0875035
0.0871941
0.086886
0.086579
0.0862733
0.0859688
0.0856656
0.0853635
0.0850627
0.084763
0.0844646
0.0841673
0.0838712
0.0835763
0.0832826
0.0829901
0.0826987
0.0824085
0.0821194
0.0818315
0.0815448
0.0812592
0.0809747
0.0806914
0.0804092
0.0801281
0.0798481
0.0795693
0.0792916
0.079015
0.0787395
0.078465
0.0781917
0.0779195
0.0776484
0.0773783
0.0771093
0.0768414
0.0765746
0.0763088
0.0760441
0.0757805
0.0755179
0.0752564
0.0749958
0.0747364
0.074478
0.0742206
0.0739642
0.0737088
0.0734545
0.0732012
0.0729489
0.0726976
0.0724473
0.072198
0.0719497
0.0717024
0.0714561
0.0712108
0.0709664
0.070723
0.0704806
0.0702392
0.0699987
0.0697592
0.0695207
0.069283
0.0690464
0.0688107
0.0685759
0.0683421
0.0681092
0.0678772
0.0676461
0.067416
0.0671868
0.0669585
0.0667311
0.0665047
0.0662791
0.0660544
0.0658307
0.0656078
0.0653858
0.0651647
0.0649445
0.0647251
0.0645067
0.0642891
0.0640724
0.0638565
0.0636415
0.0634274
0.0632141
0.0630017
0.0627901
0.0625793
0.0623694
0.0621604
0.0619522
0.0617448
0.0615382
0.0613325
0.0611275
0.0609234
0.0607202
0.0605177
0.060316
0.0601152
0.0599151
0.0597158
0.0595174
0.0593197
0.0591228
0.0589267
0.0587314
0.0585369
0.0583431
0.0581501
0.0579579
0.0577664
0.0575758
0.0573858
0.0571967
0.0570083
0.0568206
0.0566337
0.0564475
0.0562621
0.0560774
0.0558935
0.0557103
0.0555278
0.0553461
0.055165
0.0549847
0.0548052
0.0546263
0.0544482
0.0542707
0.054094
0.053918
0.0537426
0.053568
0.0533941
0.0532209
0.0530483
0.0528765
0.0527053
0.0525348
0.052365
0.0521959
0.0520275
0.0518597
0.0516926
0.0515262
0.0513604
0.0511953
0.0510308
0.050867
0.0507039
0.0505414
0.0503795
0.0502184
0.0500578
0.0498979
0.0497386
0.04958
0.049422
0.0492646
0.0491079
0.0489517
0.0487962
0.0486414
0.0484871
0.0483335
0.0481804
0.048028
0.0478762
0.047725
0.0475744
0.0474244
0.047275
0.0471262
0.046978
0.0468304
0.0466834
0.0465369
0.0463911
0.0462458
0.0461011
0.045957
0.0458134
0.0456705
0.0455281
0.0453863
0.045245
0.0451043
0.0449642
0.0448246
0.0446856
0.0445471
0.0444092
0.0442718
0.044135
0.0439987
0.043863
0.0437278
0.0435932
0.0434591
0.0433255
0.0431925
0.04306
0.042928
0.0427966
0.0426656
0.0425352
0.0424053
0.042276
0.0421471
0.0420188
0.041891
0.0417637
0.0416369
0.0415106
0.0413848
0.0412595
0.0411347
0.0410104
0.0408866
0.0407633
0.0406405
0.0405182
0.0403964
0.040275
0.0401542
0.0400338
0.0399139
0.0397945
0.0396755
0.0395571
0.0394391
0.0393216
0.0392045
0.0390879
0.0389718
0.0388562
0.038741
0.0386262
0.038512
0.0383981
0.0382848
0.0381719
0.0380594
0.0379474
0.0378358
0.0377247
0.037614
0.0375038
0.037394
0.0372846
0.0371757
0.0370672
0.0369592
0.0368515
0.0367444
0.0366376
0.0365313
0.0364253
0.0363198
0.0362148
0.0361101
0.0360059
0.0359021
0.0357987
0.0356957
0.0355931
0.0354909
0.0353892
0.0352878
0.0351869
0.0350863
0.0349862
0.0348864
0.0347871
0.0346882
0.0345896
0.0344914
0.0343937
0.0342963
0.0341993
0.0341027
0.0340065
0.0339106
0.0338152
0.0337201
0.0336254
0.0335311
0.0334372
0.0333436
0.0332504
0.0331576
0.0330652
0.0329731
0.0328814
0.03279
