1065
921
923
922
940
956
942
917
922
932
930
941
966
926
932
947
948
941
951
909
924
938
936
926
920
936
906
923
911
923
942
939
936
919
922
943
931
947
928
936
916
937
949
948
937
949
941
935
932
912
940
946
949
949
945
929
929
935
928
937
929
946
921
917
944
939
943
940
946
931
916
924
917
948
918
909
927
930
945
938
927
936
933
934
934
930
948
919
923
945
949
915
953
934
914
945
929
929
919
938
929
927
915
945
940
951
932
936
931
915
920
918
925
938
918
914
934
943
936
929
930
926
927
926
938
956
925
928
943
937
943
942
936
934
938
951
925
948
958
937
935
932
935
946
944
937
945
941
920
941
938
934
914
936
923
941
934
947
936
943
932
939
927
926
931
941
938
934
945
929
909
942
940
921
937
932
924
931
919
965
934
919
936
939
946
939
931
937
918
931
912
935
960
930
945
906
937
925
931
919
945
941
940
949
940
940
939
939
933
940
936
942
948
950
940
934
942
932
925
937
938
924
947
922
927
933
938
934
947
950
927
930
941
947
933
924
946
948
932
944
944
915
939
925
910
915
940
939
950
926
933
929
911
903
941
923
923
945
902
951
929
934
926
937
929
928
928
938
930
934
926
934
929
929
937
934
920
945
932
939
933
913
914
934
923
926
925
933
907
927
940
928
914
942
931
940
931
927
915
911
915
935
932
944
935
930
943
945
918
932
943
924
923
920
906
914
932
932
937
938
930
905
945
949
918
941
924
922
942
938
935
930
935
905
922
930
947
928
940
944
932
926
922
948
914
913
933
929
952
939
939
934
917
929
928
937
940
938
948
945
940
932
956
938
914
927
913
916
933
941
926
941
933
954
912
915
947
937
924
942
947
928
947
926
925
931
940
945
941
940
922
928
932
939
923
937
955
943
932
940
956
933
940
939
930
943
946
934
933
928
925
931
925
935
922
931
936
929
937
914
932
941
931
943
925
945
911
929
913
927
912
936
936
944
908
955
947
932
909
948
934
914
938
932
926
927
925
927
922
920
928
915
926
950
948
938
914
927
921
950
913
924
927
903
931
937
937
909
943
941
933
943
931
927
946
932
936
931
932
942
928
950
948
938
940
928
944
930
930
954
951
936
936
937
942
935
928
920
921
936
928
909
925
930
940
924
950
927
918
938
932
945
926
921
949
947
934
929
962
906
949
927
911
918
932
929
925
916
938
936
949
934
918
920
948
948
934
934
947
940
943
944
924
960
933
916
936
921
926
920
921
928
937
911
936
923
937
936
943
936
955
920
915
929
940
930
931
936
949
958
939
930
929
944
924
916
913
935
924
954
967
909
927
929
940
915
921
941
918
916
946
951
949
943
936
934
919
923
927
924
908
919
935
916
945
941
972
947
934
948
922
938
935
923
931
936
933
944
941
928
935
937
942
933
950
944
942
939
944
940
938
938
924
933
940
926
950
939
949
921
938
924
945
923
939
944
919
924
920
943
924
920
929
943
953
936
913
908
948
949
948
919
923
925
934
923
943
943
947
936
925
928
917
939
939
943
932
937
936
922
932
914
941
937
928
932
932
922
953
926
907
911
940
932
918
952
923
953
942
915
916
931
930
932
922
920
934
949
946
935
942
949
925
929
949
939
912
922
925
935
919
950
941
924
923
937
923
945
908
916
927
916
951
931
927
934
925
930
919
939
943
925
909
954
940
929
936
941
941
938
943
927
941
927
934
933
939
931
938
911
942
945
935
925
930
920
934
934
925
929
943
942
917
926
945
937
947
940
937
929
935
941
957
929
941
946
927
926
943
945
951
945
936
934
948
922
926
959
951
937
923
908
934
924
936
915
943
937
925
930
915
929
948
925
914
930
935
911
918
915
925
924
925
939
911
925
927
936
927
916
913
935
929
945
915
927
942
931
938
937
931
922
922
925
941
936
936
932
899
940
912
905
946
943
919
925
935
938
921
948
937
948
929
929
931
948
929
942
960
917
932
932
937
935
960
943
935
946
910
935
935
935
952
936
936
936
952
910
942
941
933
938
945
916
911
914
925
950
919
941
936
930
952
936
931
928
935
955
924
936
949
928
942
949
910
924
950
924
939
930
931
966
927
941
960
923
935
920
939
935
923
908
924
941
926
930
951
938
949
934
952
933
939
950
939
945
936
917
930
935
906
932
943
938
917
936
927
935
913
928
923
935
951
933
926
941
947
944
915
931
931
951
952
932
933
927
905
936
936
938
933
916
935
943
932
942
926
925
918
928
933
916
929
920
919
934
912
939
922
936
933
938
949
951
920
941
924
929
921
946
910
934
948
928
940
944
927
932
934
921
940
935
934
934
911
936
928
943
924
947
936
917
943
944
912
929
933
939
948
936
905
918
929
959
939
926
932
930
949
948
933
935
943
938
922
945
947
938
940
933
922
928
955
932
941
943
938
927
950
939
930
936
924
934
948
938
947
909
931
933
912
935
943
922
938
933
929
909
922
931
906
931
927
954
934
925
934
924
916
937
914
928
927
931
941
930
940
923
943
944
934
924
955
930
940
939
934
916
914
955
956
932
940
935
951
917
911
930
937
926
947
958
948
923
916
937
929
917
922
943
950
934
908
935
930
936
937
935
934
922
947
938
935
924
939
926
931
948
925
944
933
938
906
933
935
927
926
922
946
922
934
943
943
931
922
922
910
935
947
938
948
929
939
924
934
910
920
920
928
939
924
926
913
922
949
933
940
918
933
953
929
938
940
898
924
940
929
925
949
929
940
932
934
941
923
920
940
942
925
931
958
918
916
949
929
934
926
930
945
943
934
918
942
940
953
921
942
947
941
938
928
906
950
932
933
918
934
930
925
925
936
939
944
935
943
933
950
887
900
932
931
946
929
925
921
933
927
926
953
949
939
939
933
954
925
950
934
936
923
947
933
935
930
943
931
966
930
942
941
929
942
940
932
930
917
915
939
926
921
926
937
943
947
933
917
933
951
952
919
939
931
918
934
916
929
947
926
928
919
957
947
927
929
945
935
943
922
938
915
914
913
939
944
928
941
929
912
930
936
945
930
932
928
933
941
927
939
926
937
929
941
941
936
931
929
939
938
917
927
929
917
920
927
934
927
932
917
922
923
925
936
931
956
952
925
937
944
929
922
948
934
938
923
945
934
927
930
955
934
915
925
931
949
933
936
943
943
948
952
933
926
931
937
938
948
938
937
935
940
918
928
929
928
943
932
960
930
931
923
922
919
921
963
938
940
937
931
950
930
963
933
928
932
938
917
930
937
941
921
924
934
931
931
940
927
906
932
911
923
945
935
935
934
928
934
935
953
932
930
936
927
921
939
962
940
930
917
917
942
910
936
935
927
924
938
918
909
942
929
946
911
939
934
930
942
937
915
940
944
938
940
927
915
902
926
928
921
930
921
927
932
933
923
936
929
935
945
937
921
920
940
931
949
931
936
913
933
933
927
953
936
927
945
932
935
937
930
937
935
921
920
920
884
926
925
926
936
939
918
933
937
961
935
921
950
946
928
928
929
945
951
954
937
914
922
952
933
925
935
924
949
924
936
931
943
933
919
945
920
942
933
930
947
933
944
933
939
927
920
936
929
937
933
938
925
951
944
926
930
924
925
928
936
939
926
925
943
927
929
923
927
948
919
920
942
955
917
948
949
921
927
922
923
927
939
947
921
925
935
937
933
954
926
932
937
917
943
936
925
932
937
934
936
913
951
937
923
919
933
913
955
936
916
958
950
944
925
932
937
940
923
938
932
930
940
920
941
932
941
946
934
929
924
932
919
935
937
958
953
946
927
926
932
935
923
922
908
938
945
948
928
922
943
928
918
934
932
958
932
944
920
939
952
925
940
940
927
927
919
943
947
951
913
937
923
938
925
917
924
949
930
927
909
924
935
933
945
943
930
919
948
931
946
917
940
950
906
945
933
929
936
914
934
929
947
943
941
946
918
944
941
928
933
923
936
924
939
916
949
937
929
948
944
940
929
946
919
926
932
925
930
942
915
942
924
924
925
943
929
941
952
954
926
927
912
954
935
952
939
942
938
932
931
935
935
931
936
935
940
937
937
934
924
917
935
926
934
929
950
940
924
941
905
921
937
936
929
904
932
940
945
912
907
932
923
936
931
920
931
928
921
941
924
920
938
956
940
935
928
934
931
929
941
934
915
943
931
937
931
949
925
928
925
936
916
942
940
920
946
941
920
921
938
944
950
947
948
919
951
931
929
929
927
928
933
942
951
925
929
932
933
929
937
940
931
944
934
946
943
919
934
939
937
948
917
942
951
937
947
939
928
931
929
942
942
943
957
944
922
925
950
932
943
935
939
936
937
933
953
925
923
953
930
929
929
938
928
924
945
928
920
941
950
919
917
943
932
934
936
924
939
932
927
945
946
943
937
929
933
953
926
936
933
929
948
931
928
946
931
944
916
909
933
934
942
935
943
919
950
934
938
944
946
942
945
922
919
936
927
932
923
934
947
949
946
944
928
926
947
945
947
935
938
942
937
923
932
945
935
938
944
932
925
944
934
936
928
929
927
936
928
936
939
936
951
909
964
946
946
940
928
922
929
964
933
920
922
935
931
920
945
952
917
923
910
935
943
921
937
942
935
942
938
942
933
932
932
928
934
934
930
946
938
929
950
932
927
945
925
925
920
938
934
941
924
941
934
945
943
933
922
917
935
942
920
941
923
929
916
936
937
930
937
924
954
931
951
936
931
934
932
939
925
924
956
938
942
921
934
933
937
922
955
946
956
931
943
928
914
930
935
925
947
935
950
929
931
933
936
942
946
952
937
965
935
956
927
928
938
932
935
944
943
942
931
924
932
955
925
952
929
949
945
933
929
929
932
935
935
939
925
916
929
918
925
946
943
939
934
933
925
937
921
937
951
947
923
938
928
941
955
928
925
942
954
949
953
940
915
937
929
947
947
943
953
946
945
928
940
947
934
953
939
941
940
947
918
925
924
951
928
920
929
934
934
947
943
936
936
952
942
939
929
936
941
943
920
941
947
929
948
929
924
944
935
945
932
951
948
937
929
938
939
953
932
948
948
936
918
936
952
927
950
964
948
924
945
957
943
940
920
937
939
949
939
936
935
939
943
922
954
947
939
951
930
932
914
926
951
929
928
926
933
939
951
939
915
949
921
951
939
938
913
934
939
925
957
931
946
953
955
934
937
943
932
939
936
946
930
925
971
940
952
943
960
935
926
936
941
959
948
922
931
931
939
941
952
926
922
951
938
944
940
928
942
945
930
930
926
932
937
924
926
931
934
945
926
934
939
935
937
922
934
939
930
954
940
942
945
934
950
932
938
966
952
939
949
930
937
932
951
938
931
932
945
961
913
942
929
933
941
943
925
952
936
925
960
936
928
948
969
934
925
949
925
932
933
945
929
933
940
937
923
932
942
933
937
925
927
921
951
945
951
940
934
939
938
969
941
943
939
955
930
951
952
961
950
945
954
959
930
951
968
960
938
943
945
951
964
950
939
945
929
946
935
951
944
949
951
943
941
947
952
940
953
960
945
944
925
942
941
949
955
943
950
947
938
961
957
947
948
964
966
969
960
957
965
963
942
957
942
945
958
945
965
963
948
947
956
980
969
980
963
968
948
979
981
973
973
987
975
988
983
986
999
992
989
1001
991
1009
1002
1007
997
1001
1009
1015
1020
1027
1033
1036
1040
