1065
913
909
939
933
943
927
921
925
923
933
931
946
929
914
932
936
915
924
938
894
947
937
934
930
906
946
928
935
948
938
920
949
952
917
937
936
931
926
953
925
949
949
933
937
928
920
950
960
925
930
947
931
932
930
938
935
952
943
921
945
922
923
928
939
943
936
941
931
936
914
929
936
939
929
935
920
920
945
955
934
935
926
938
922
925
925
916
947
915
913
933
928
926
922
941
940
947
936
933
929
932
928
936
913
949
950
943
924
933
940
933
930
924
926
936
953
929
935
902
924
927
903
930
915
921
937
917
936
924
943
916
928
927
942
924
937
917
929
932
926
928
931
941
949
942
940
945
918
931
938
913
925
925
932
940
951
936
925
932
944
921
932
946
941
950
935
934
957
942
950
938
921
929
928
933
922
937
930
905
945
934
936
923
944
953
922
931
918
936
917
938
950
931
952
936
920
938
920
924
939
940
940
942
905
910
918
945
916
920
941
931
941
933
954
928
932
927
939
950
921
923
939
940
941
934
936
936
921
918
937
933
941
935
942
942
938
914
913
931
931
942
925
927
930
953
933
948
953
941
924
929
916
929
943
931
929
907
935
930
932
940
943
915
941
925
939
927
917
916
930
921
914
931
932
943
929
944
934
944
925
937
927
935
920
928
940
927
935
930
934
925
931
938
920
918
952
938
936
940
948
972
958
941
917
935
961
921
939
940
951
915
953
912
914
928
931
926
933
933
935
950
923
927
912
945
941
941
913
944
937
931
930
950
940
941
953
940
948
917
934
938
933
928
931
934
933
943
924
930
941
899
921
929
944
916
935
959
920
921
912
921
927
934
945
934
928
936
948
955
934
938
936
921
909
928
928
937
904
919
930
927
929
930
930
934
937
941
954
936
902
912
946
921
936
906
932
941
920
911
941
936
929
915
933
925
923
930
933
929
936
913
926
944
924
931
958
935
951
958
937
946
927
936
954
939
914
936
956
932
935
925
940
938
933
934
936
929
926
932
913
921
939
933
933
935
929
938
933
934
920
924
923
944
954
943
908
937
939
920
947
923
918
938
936
936
939
937
933
945
937
948
915
938
929
918
918
912
929
940
916
933
923
934
928
938
921
933
944
909
941
930
938
930
904
922
928
935
945
935
924
922
918
937
932
932
932
947
930
934
935
918
947
946
913
936
918
938
942
943
942
935
911
924
944
934
944
956
920
921
927
932
931
930
926
954
919
930
921
928
923
946
935
942
950
920
932
926
904
929
930
920
956
942
930
943
930
922
952
925
929
934
932
947
940
949
921
923
925
942
934
932
922
935
939
926
932
940
940
925
915
936
917
927
927
951
928
919
905
925
925
917
930
925
920
922
926
926
920
936
930
958
950
914
947
951
919
925
924
923
935
938
936
932
944
920
933
927
887
915
928
919
940
919
918
940
929
939
945
927
918
935
925
924
927
931
941
951
942
920
944
932
939
933
940
938
932
923
939
919
924
940
934
920
926
926
907
951
925
940
930
933
937
919
921
941
931
936
929
914
918
920
939
913
932
937
931
929
939
913
944
945
933
941
928
930
922
933
947
925
942
938
915
946
938
929
946
937
922
933
927
957
940
923
921
933
916
916
942
925
931
936
907
936
950
925
917
904
937
928
922
939
934
919
943
939
938
940
950
934
935
919
927
918
931
945
940
945
941
951
927
949
931
925
942
933
934
926
952
938
940
935
919
935
934
925
934
915
927
932
949
938
920
924
943
933
943
933
941
943
914
960
935
916
934
957
944
920
942
936
917
926
928
913
922
928
935
923
916
907
930
936
914
941
946
952
937
924
914
924
926
941
934
947
942
938
914
918
944
920
933
921
916
916
933
922
928
941
940
915
926
940
924
909
939
945
948
921
928
927
912
935
945
938
930
934
930
928
934
936
924
941
920
941
936
923
926
901
940
936
940
930
947
907
935
943
929
931
924
947
951
929
930
933
913
932
953
932
927
933
940
929
937
943
941
928
941
947
934
931
940
938
931
934
921
919
936
925
928
917
942
939
947
928
931
930
927
937
929
946
922
918
941
938
920
938
935
928
924
945
927
924
949
948
921
944
949
926
909
928
903
933
930
940
949
939
940
928
947
941
946
938
918
935
925
938
926
941
929
933
942
925
944
922
935
911
918
918
939
933
939
923
926
927
930
940
923
935
937
928
919
936
948
929
937
923
912
936
922
931
942
926
919
921
945
923
939
921
906
923
936
932
939
949
950
942
931
917
926
933
926
932
925
938
928
934
932
928
916
952
952
916
923
945
933
947
913
935
932
921
936
938
941
947
941
940
942
914
938
911
922
933
922
926
944
930
936
932
943
929
938
926
921
904
943
942
935
918
933
942
911
944
931
927
935
923
903
930
941
937
927
947
940
934
929
935
930
945
941
933
927
910
938
912
922
940
939
938
943
940
927
934
940
912
915
931
928
936
920
951
931
929
950
921
919
927
936
912
935
940
922
925
943
918
936
932
933
930
916
943
931
921
920
934
936
948
913
918
927
930
949
905
914
923
932
952
937
944
917
935
933
929
942
953
947
916
930
917
929
939
942
952
944
926
928
938
914
939
948
954
954
927
937
950
942
919
926
936
937
943
935
927
932
949
938
920
929
918
916
930
942
939
934
939
934
958
942
936
934
937
932
945
941
930
958
941
937
926
921
933
921
925
948
929
947
946
934
942
928
926
927
925
936
918
927
928
911
942
911
934
926
950
932
928
914
919
930
919
950
932
946
938
943
923
920
918
919
925
943
928
932
925
925
921
925
928
942
916
921
921
928
922
948
945
938
923
940
935
933
928
940
939
932
917
924
926
934
958
927
933
922
925
985
1006
1013
1021
1029
1032
1032
1034
1036
1036
1037
1037
1040
1042
1043
1045
1045
1045
1047
1047
1047
1048
1048
1049
1049
1049
1049
1049
1049
1049
1049
1049
1049
1049
1050
1050
1050
1050
1050
1050
1051
1051
1051
1052
1052
1052
1052
1053
1053
1053
1053
1053
1053
1053
1053
1053
1055
1055
1055
1055
1055
1055
1055
1055
1055
1055
1055
1055
1055
1055
1055
1055
1055
1055
1055
1055
1056
1057
1057
1058
1058
1058
1058
1058
1058
1058
1058
1058
1058
1058
1058
1058
1058
1058
1058
1058
1058
1058
1058
1058
1058
1058
1058
1058
1058
1058
1058
1058
1058
1058
1058
1058
1058
1059
1059
1059
1059
1059
1059
1059
1059
1059
1059
1059
1059
1059
1059
1059
1059
1059
1059
1059
1059
1059
1059
1059
1059
1059
1059
1059
1059
1059
1059
1059
1059
1059
1059
1059
1059
1059
1059
1059
1059
1059
1059
1059
1059
1059
1059
1059
1059
1059
1059
1059
1059
1059
1059
1059
1059
1059
1059
1059
1059
1059
1059
1059
1059
1059
1059
1059
1059
1059
1059
1059
1059
1059
1059
1059
1059
1059
1059
1059
1059
1059
1059
1059
1059
1059
1059
1059
1059
1059
1059
1059
1059
1059
1059
1059
1059
1059
1059
1059
1059
1059
1059
1059
1059
1059
1059
1059
1059
1059
1059
1059
1059
1060
1060
1060
1060
1060
1060
1060
1060
1060
1060
1061
1061
1062
1062
1062
1062
1062
1062
1062
1062
1062
1062
1062
1062
1062
1062
1062
1062
1062
1062
1062
1062
1062
1062
1062
1062
1062
1062
1062
1062
1062
1062
1062
1062
1062
1062
1062
1062
1062
1062
1062
1062
1062
1062
1062
1062
1062
1062
1062
1062
1062
1062
1062
1062
1062
1062
1062
1062
1062
1062
1062
1062
1062
1062
1062
1062
1062
1062
1062
1062
1062
1062
1062
1062
1062
1062
1062
1062
1062
1062
1062
1062
1062
1062
1062
1062
1062
1062
1062
1063
1063
1063
1063
1063
1063
1063
1063
1063
1063
1063
1063
1063
1063
1063
1063
1063
1063
1063
1063
1063
1063
1063
1063
1063
1063
1063
1063
1063
1063
1063
1063
1063
1063
1063
1063
1063
1063
1063
1063
1063
1063
1063
1063
1063
1063
1063
1063
1063
1063
1063
1063
1063
1063
1063
1063
1063
1063
1063
1063
1063
1063
1063
1063
1063
1063
1063
1063
1063
1063
1063
1063
1063
1063
1063
1063
1063
1063
1063
1063
1063
1063
1063
1063
1063
1063
1063
1063
1063
1063
1063
1063
1063
1063
1063
1063
1063
1063
1063
1063
1063
1063
1063
1063
1063
1063
1063
1063
1063
1063
1063
1063
1063
1063
1063
1063
1063
1063
1063
1063
1063
1063
1063
1063
1063
1063
1063
1063
1063
1063
1063
1064
1064
1064
1064
1064
1064
1064
1064
1064
1064
1064
1064
1064
1064
1064
1064
1064
1064
1064
1064
1064
1064
1064
1064
1064
1064
1064
1064
1064
1064
1064
1064
1064
1064
1064
1064
1064
1064
1064
1064
1064
1064
1064
1064
1064
1064
1064
1064
1064
1064
1064
1064
1064
1064
1064
1064
1064
1064
1064
1064
1064
1064
1064
1064
1064
1064
1064
1064
1064
1064
1064
1064
1064
1064
1064
1064
1064
1064
1064
1064
1064
1064
1064
1064
1064
1064
1064
1064
1064
1064
1064
1064
1064
1064
1064
1064
1064
1064
1064
1064
1064
1064
1064
1064
1064
1064
1064
1064
1064
1064
1064
1064
1064
1064
1064
1064
1064
1064
1064
1064
1064
1064
1064
1064
1064
1064
1064
1064
1064
1064
1064
1064
1064
1064
1064
1064
1064
1064
1064
1064
1064
1064
1064
1064
1064
1064
1064
1064
1064
1064
1064
1064
1064
1064
1064
1064
1064
1064
1064
1064
1064
1064
1064
1064
1064
1064
1064
1064
1064
1064
1064
1064
1064
1064
1064
1064
1064
1064
1064
1064
1064
1064
1064
1064
1064
1064
1064
1064
1064
1064
1064
1064
1064
1064
1064
1064
1064
1064
1064
1064
1064
1064
1064
1064
1064
1064
1064
1064
1064
1064
1064
1064
1064
1064
1064
1064
1064
1064
1064
1064
1064
1064
1064
1064
1064
1064
1064
1064
1064
1064
1064
1064
1064
1064
1064
1064
1064
1064
1064
1064
1064
1064
1064
1064
1064
1064
1064
1064
1064
1064
1064
1064
1064
1064
1064
1064
1064
1064
1064
1064
1064
1064
1064
1064
1064
1064
1064
1064
1064
1064
1064
1064
1064
1064
1064
1064
1064
1064
1064
1064
1064
1064
1064
1064
1064
1064
1064
1064
1064
1064
1064
1064
1064
1064
1064
1064
1064
1064
1064
1064
1064
1064
1064
1064
1064
1064
1064
1064
1064
1064
1064
1064
1064
1064
1064
1064
1064
1064
1064
1064
1064
1064
1064
1064
1064
1064
1064
1064
1064
1064
1064
1064
1064
1064
1064
1064
1064
1064
1064
1064
1064
1064
1064
1064
1064
1064
1064
1064
1064
1064
1064
1064
1064
1064
1064
1064
1064
1064
1064
1064
1064
1064
1064
1064
1064
1064
1064
1064
1064
1064
1064
1064
1064
1064
1064
1064
1064
1064
1064
1064
1064
1064
1064
1064
1064
1064
1064
1064
1064
1064
1064
1064
1064
1064
1064
1064
1064
1064
1064
1064
1064
1064
1064
1064
1064
1064
1064
1064
1064
1064
1064
1064
1064
1064
1064
1064
1064
1064
1064
1064
1064
1064
1064
1064
1064
1064
1064
1064
1064
1064
1064
1064
1064
1064
1064
1064
1064
1064
1064
1064
1064
1064
1064
1064
1064
1064
1064
1064
1064
1064
1064
1064
1064
1064
1064
1064
1064
1064
1064
1064
1064
1064
1064
1064
1064
1064
1064
1064
1064
1064
1064
1064
1064
1064
1064
1064
1064
1064
1064
1064
1064
1064
1064
1064
1064
1064
1064
1064
1064
1064
1064
1064
1064
1064
1064
1064
1064
1064
1064
1064
1064
1064
1064
1064
1064
1064
1064
1064
1064
1064
1064
1064
1064
1064
1064
1064
1064
1064
1064
1064
1064
1064
1064
1064
1064
1064
1064
1064
1064
1064
1064
1064
1064
1064
1064
1064
1064
1064
1064
1064
1064
1064
1064
1064
1064
1064
1064
1064
1064
1064
1064
1064
1064
1064
1064
1064
1064
1064
1064
1064
1064
1064
1064
1064
1064
1064
1064
1064
1064
1064
1064
1064
1064
1064
1064
1064
1064
1064
1064
1064
1064
1064
1064
1064
1064
1064
1064
1064
1064
1064
1064
1064
1064
1064
1064
1064
1064
1064
1064
1064
1064
1064
1064
1064
1064
1064
1064
1064
1064
1064
1064
1064
1064
1064
1064
1064
1064
1064
1064
1064
1064
1064
1064
1064
1064
1064
1064
1064
1064
1064
1064
1064
1064
1064
1064
1064
1064
1064
1064
1064
1064
1064
1064
1064
1064
1064
1064
1064
1064
1064
1064
1064
1064
1064
1064
1064
1064
1064
1064
1064
1064
1064
1064
1064
1064
1064
1064
1064
1064
1064
1064
1064
1064
1064
1064
1064
1064
1064
1064
1064
1064
1064
1064
1064
1064
1064
1064
1064
1064
1064
1064
1064
1064
1064
1064
1064
1064
1064
1064
1064
1064
1064
1064
1064
1064
1064
1064
1064
1064
1064
1064
1064
1064
1064
1064
1064
1064
1064
1064
1064
1064
1064
1064
1064
1064
1064
1064
1064
1064
1064
1064
1064
1064
1064
1064
1064
1064
1064
1064
1064
1064
1064
1064
1064
1064
1064
1064
1064
1064
1064
1064
1064
1064
1064
1064
1064
1064
1064
1064
1064
1064
1064
1064
1064
1064
1064
1064
1064
1064
1064
1064
1064
1064
1064
1064
1064
1064
1064
1064
1064
1064
1064
1064
1064
1064
1064
1064
1064
1064
1064
1064
1064
1064
1064
