1065
915
924
929
918
931
940
943
926
942
933
947
932
934
935
927
915
927
942
941
947
938
920
929
932
921
941
946
955
934
946
925
930
931
908
932
889
918
917
916
939
942
924
940
933
941
937
934
943
933
910
933
933
924
944
937
930
949
918
935
927
934
921
931
937
924
923
947
939
940
941
934
941
927
915
917
940
955
936
929
939
948
937
932
930
940
942
932
947
950
928
941
933
936
943
934
932
934
934
902
928
929
928
930
949
928
933
944
928
925
917
931
930
936
951
933
944
920
941
941
933
946
916
931
930
927
928
936
924
928
921
938
914
944
929
940
939
933
928
939
919
916
926
939
939
924
927
936
950
935
918
930
939
934
941
936
938
924
940
928
916
937
948
922
927
941
935
926
943
941
913
926
935
923
927
940
924
918
941
911
922
942
944
915
925
926
921
936
919
935
928
932
917
930
931
928
939
932
927
938
940
966
934
943
924
939
931
917
918
932
919
927
933
947
903
944
923
915
935
941
937
935
935
946
950
925
940
945
908
935
912
895
929
934
939
933
934
916
919
922
943
936
927
932
933
922
930
928
946
931
937
956
937
939
938
942
931
921
931
954
938
927
926
930
925
938
940
913
945
927
935
926
926
934
932
944
937
929
917
925
941
930
925
942
937
928
930
932
933
937
927
935
950
944
952
928
940
931
915
940
942
937
958
938
937
925
910
944
928
922
938
935
925
903
922
928
931
930
929
929
934
922
937
930
938
917
926
953
947
935
926
932
953
922
946
927
938
943
928
937
943
934
933
947
932
929
930
926
939
944
925
933
931
927
938
916
930
921
930
932
933
915
962
908
928
942
946
923
925
942
918
938
928
920
945
945
931
957
928
931
934
926
924
930
937
952
939
915
947
932
927
945
935
933
944
919
941
923
939
946
948
928
953
934
928
962
912
929
947
933
935
926
924
929
946
938
924
933
938
930
932
906
925
938
933
954
927
919
926
907
954
928
934
919
931
938
949
924
932
900
944
924
940
939
948
954
947
922
940
922
942
919
943
938
928
938
939
935
930
950
940
938
932
941
940
942
925
912
923
943
933
949
940
929
942
937
924
937
930
927
928
954
929
931
947
939
937
944
946
928
931
928
942
934
925
935
917
944
927
930
928
915
925
936
924
936
918
939
942
908
949
928
922
944
949
922
930
913
925
952
926
933
927
923
945
932
934
946
933
931
939
943
927
934
935
928
928
942
943
922
906
935
902
928
934
938
908
926
933
929
945
931
940
958
921
919
935
924
951
929
926
927
928
926
952
936
930
917
932
940
934
929
931
921
924
947
923
921
946
932
949
944
949
923
933
940
916
911
939
921
933
926
938
922
917
941
945
923
943
940
926
919
942
931
932
941
923
921
931
930
936
947
931
912
932
940
926
922
943
933
930
944
941
951
937
936
927
932
928
929
940
931
950
924
915
930
935
953
916
905
943
922
931
928
930
921
962
929
936
944
939
948
922
926
914
948
942
945
921
930
949
923
927
926
948
936
946
928
922
928
935
941
928
935
931
935
944
941
931
903
927
940
949
939
920
933
921
938
903
937
954
938
933
932
938
910
922
941
913
929
934
945
946
918
944
937
924
928
951
913
935
941
936
933
942
924
936
955
923
924
934
908
948
940
918
936
947
939
941
936
950
937
903
913
939
926
926
930
945
922
943
942
917
946
959
943
923
937
932
950
934
919
932
942
931
917
940
942
945
917
937
930
916
932
929
942
934
941
935
952
933
922
940
934
949
947
932
956
945
933
945
919
924
925
927
937
927
951
917
927
922
932
934
918
943
922
940
929
939
942
953
946
943
925
917
928
951
921
937
947
916
931
940
930
929
922
953
931
919
907
930
930
931
931
940
959
924
935
918
933
942
927
949
943
933
933
928
931
939
920
924
930
924
948
951
930
936
937
940
957
929
925
921
946
937
934
923
927
918
939
926
939
931
928
945
919
944
929
938
926
918
937
925
934
943
928
939
942
951
936
946
935
948
943
925
940
934
927
949
954
941
949
936
924
924
927
916
931
946
931
950
955
946
944
957
929
944
932
932
937
935
926
921
943
942
920
948
944
925
931
928
938
933
941
920
934
935
933
917
939
935
926
924
942
931
925
925
934
939
929
937
920
923
931
945
931
932
932
934
931
936
933
916
942
934
931
957
936
942
931
927
932
941
930
922
933
922
935
916
943
945
945
925
937
925
953
944
916
936
939
935
940
950
923
929
930
942
928
946
938
931
940
922
922
932
935
926
933
934
937
946
921
909
933
917
944
926
940
933
939
938
930
941
948
945
920
933
947
935
937
923
926
922
934
926
902
926
933
922
918
927
929
944
943
921
932
942
924
939
930
908
937
935
931
937
942
929
923
925
940
963
925
934
927
942
941
923
921
927
924
939
939
924
943
931
935
919
927
927
944
934
916
933
926
920
939
936
946
930
925
913
940
916
932
943
943
920
938
933
938
930
960
935
920
929
908
932
941
932
922
948
949
918
935
934
925
936
957
948
934
925
940
950
938
924
931
941
926
924
932
925
925
922
901
932
933
927
944
946
925
931
932
925
932
932
921
930
915
933
936
931
910
933
933
945
946
921
926
943
944
918
921
943
939
931
949
941
924
934
917
905
942
932
932
947
924
932
937
944
944
917
935
934
936
926
941
946
927
936
919
930
929
946
929
930
929
950
906
947
927
932
938
927
943
948
925
921
944
931
955
939
928
906
941
923
956
938
937
949
933
911
942
935
933
926
937
912
940
958
944
958
939
938
937
934
927
958
928
963
938
943
924
938
928
943
936
926
935
923
924
942
932
938
933
931
927
931
928
928
937
942
929
932
927
919
927
935
925
931
932
920
925
924
943
936
952
925
918
912
941
935
927
926
931
909
943
931
940
946
934
942
938
919
924
946
934
938
924
925
927
936
939
932
938
919
922
931
921
933
920
939
938
913
932
930
946
924
919
935
934
930
960
926
938
925
939
933
928
930
939
930
930
940
932
939
940
926
924
911
938
942
935
931
931
943
937
928
937
930
930
926
931
944
936
927
919
916
924
917
953
922
943
934
922
945
939
938
920
952
923
946
930
945
935
951
911
930
940
944
931
934
942
926
920
929
930
926
945
949
956
935
945
949
917
919
935
941
948
926
944
947
919
939
935
928
925
944
924
923
926
932
947
920
941
926
927
915
915
919
933
928
913
929
932
919
937
932
942
948
937
940
923
945
933
931
944
937
948
921
925
931
924
924
940
940
938
932
930
925
941
940
948
934
925
953
919
937
941
934
924
932
932
926
953
919
947
924
932
936
935
924
945
928
934
926
966
917
948
933
923
939
951
909
935
927
926
952
931
947
926
921
927
918
922
942
928
940
936
938
938
916
930
948
900
916
931
927
941
930
937
945
941
920
952
919
925
933
926
951
948
930
950
937
913
943
935
933
928
915
934
922
936
936
930
944
930
929
934
939
942
948
930
948
947
927
944
940
940
949
934
920
948
937
935
923
934
949
929
926
914
937
936
925
939
924
928
938
928
937
927
942
940
938
938
924
934
950
939
937
940
939
953
951
938
946
923
931
935
953
918
921
938
928
938
952
936
940
927
937
921
942
930
942
927
922
943
925
938
931
942
934
938
927
924
946
938
918
942
927
957
945
938
930
935
957
942
948
936
938
956
943
918
939
948
923
942
929
934
949
935
938
931
928
934
940
931
946
956
936
935
923
936
926
936
930
931
929
932
952
948
943
933
912
907
930
925
919
913
933
928
916
941
939
954
937
943
942
939
927
946
913
957
928
948
916
919
933
955
934
953
941
939
940
945
920
942
935
954
938
954
941
924
942
921
940
958
945
942
948
940
936
931
920
934
936
919
932
927
918
929
936
937
955
948
950
950
940
932
931
956
955
945
933
918
932
947
933
949
932
943
928
968
917
936
926
941
919
945
931
932
941
930
924
928
934
945
950
926
920
932
945
940
923
922
921
947
941
938
948
932
937
939
907
919
942
932
911
941
929
929
952
930
931
943
940
933
953
945
940
951
929
913
950
925
951
928
938
927
936
957
930
945
931
930
935
947
930
935
963
924
932
921
903
939
927
926
916
936
924
947
918
931
937
944
972
942
929
930
957
941
939
963
916
931
929
929
937
937
932
925
940
942
931
938
951
954
904
940
937
934
926
926
920
948
934
949
939
926
940
942
946
947
929
920
932
924
938
942
925
934
929
930
936
936
926
948
939
933
949
944
944
918
938
958
948
942
951
936
922
946
922
931
953
942
958
939
948
937
930
949
939
940
940
936
939
937
934
942
947
925
911
902
931
948
929
936
937
939
960
925
947
932
929
949
924
922
930
928
927
941
949
943
925
966
945
928
924
933
943
941
946
930
929
956
917
925
920
938
946
948
952
938
940
948
926
942
941
929
933
924
941
945
934
950
928
931
943
948
946
926
916
921
935
966
952
936
926
921
931
927
926
930
930
955
941
955
939
938
948
932
937
937
947
931
930
927
940
952
934
941
934
935
927
933
957
948
949
945
923
944
924
949
937
927
927
933
937
934
935
933
946
941
958
914
932
945
928
940
929
939
930
930
939
938
920
920
942
923
941
923
943
940
943
939
939
932
950
923
917
930
940
952
943
919
937
941
923
945
928
917
937
936
943
929
948
934
944
955
938
950
935
936
925
947
925
932
955
951
936
937
917
933
926
950
913
937
951
951
938
937
928
927
931
955
949
950
936
930
925
931
938
940
943
943
954
951
941
946
941
950
948
950
932
934
933
952
945
924
955
910
940
924
946
936
940
935
951
937
939
938
927
914
936
940
930
933
948
938
931
935
935
938
937
954
942
917
952
921
940
946
920
943
953
957
936
959
938
950
938
943
925
931
924
943
945
917
931
951
935
945
938
932
952
926
953
938
949
947
930
961
915
941
942
932
950
946
915
963
940
935
941
938
952
948
949
935
954
931
931
940
936
944
951
953
941
931
924
927
944
946
958
939
928
942
944
947
947
951
943
940
950
939
946
931
954
948
946
948
946
946
939
952
922
943
935
929
946
961
938
947
927
940
936
926
944
930
924
934
929
947
937
931
948
956
948
960
936
940
940
934
955
956
941
936
923
943
944
957
947
948
949
943
943
945
951
953
946
963
946
952
969
946
949
946
955
942
944
941
940
946
940
935
940
943
932
945
966
936
946
943
937
945
939
949
934
961
943
962
960
944
947
945
944
947
949
950
972
944
932
951
955
959
956
954
957
954
950
957
949
945
948
932
933
934
943
952
957
953
944
936
943
949
944
955
946
955
939
957
959
942
953
957
968
939
944
943
953
956
962
970
955
959
930
955
946
959
935
960
952
952
960
952
950
976
968
940
950
943
968
966
953
952
947
946
962
948
961
946
955
960
962
949
948
943
946
954
939
939
962
952
965
945
940
938
963
967
957
953
959
966
938
964
951
961
964
966
959
969
968
965
956
970
963
965
977
949
951
951
965
971
976
972
959
966
972
983
976
960
962
955
965
971
960
963
972
947
991
977
988
978
962
980
967
963
959
971
978
976
972
962
969
964
965
984
989
979
986
995
996
982
1000
990
991
982
993
996
1000
993
990
992
972
978
988
991
1002
1006
1006
1007
1006
1012
1009
1017
1027
1028
1022
1020
1019
1019
1024
1028
1029
1034
1033
1036
1038
1040
1044
1046
1047
1048
1050
