1065
921
936
916
921
929
938
933
942
923
942
921
925
914
926
944
922
931
928
924
940
936
924
937
942
921
948
926
920
929
928
936
944
925
940
935
904
941
925
939
942
927
924
937
937
938
913
927
937
945
937
936
945
930
925
916
942
930
932
919
924
921
933
917
934
929
924
940
933
923
916
923
940
934
931
914
946
927
940
931
949
932
954
939
929
933
943
926
950
944
936
929
927
916
960
948
933
917
940
943
930
941
950
942
932
953
937
930
913
924
941
930
931
920
939
921
952
926
927
945
947
932
934
920
922
922
923
927
922
916
934
937
902
945
928
935
917
932
926
943
924
924
925
924
941
937
947
921
945
937
926
924
939
954
934
924
934
930
930
943
926
935
932
911
919
920
926
935
920
922
922
942
934
948
892
919
930
925
926
932
924
934
934
918
929
923
916
953
920
916
940
943
933
940
957
925
916
935
933
932
930
926
940
943
933
941
933
923
921
930
924
927
953
940
937
935
947
937
958
923
934
928
919
939
921
925
929
915
939
949
935
934
930
915
919
926
923
931
933
916
935
922
914
951
915
933
922
948
927
911
920
927
923
934
928
908
935
939
916
921
927
931
934
935
915
923
923
917
940
936
919
933
919
940
922
926
938
940
941
928
946
942
940
939
917
942
940
925
927
945
919
934
958
919
948
930
936
933
946
930
939
938
926
928
931
943
936
946
933
929
934
934
918
932
932
958
944
940
933
933
946
929
950
925
928
922
943
935
927
913
933
924
947
928
934
933
925
933
939
952
937
946
933
945
920
913
927
933
916
916
941
936
942
930
921
943
924
922
922
933
936
956
925
943
923
906
910
915
941
933
923
922
933
942
930
941
939
947
933
924
939
931
939
930
917
950
926
924
933
959
936
943
954
933
922
936
935
939
933
942
915
919
941
952
936
923
941
937
944
935
934
938
937
928
931
931
936
931
920
927
940
933
936
928
917
909
944
932
925
938
916
931
935
943
920
932
923
931
955
940
953
948
931
937
933
944
957
913
945
940
924
934
928
942
931
932
944
935
928
933
928
930
922
929
945
920
938
943
947
948
931
931
915
932
923
932
930
945
946
919
934
935
932
930
950
927
945
930
924
928
928
944
940
943
954
955
951
933
948
928
930
914
933
930
925
934
938
927
940
918
943
925
936
936
910
916
948
914
943
913
942
929
937
937
934
917
923
934
939
942
931
918
924
930
919
939
934
945
953
920
930
920
928
923
918
950
949
918
920
939
932
921
937
954
941
931
930
922
935
924
935
960
948
944
919
960
909
927
918
947
914
937
934
930
945
925
925
922
946
918
924
924
941
941
933
920
936
939
922
936
939
927
943
931
924
918
941
920
905
923
934
931
940
937
945
934
944
919
937
927
953
928
938
937
927
929
918
934
927
930
929
932
949
939
935
926
923
941
927
913
944
921
923
930
912
931
954
919
937
913
905
920
948
940
951
945
945
937
939
939
931
934
929
910
921
926
941
910
926
932
931
942
946
925
937
939
926
925
915
935
920
935
929
951
938
955
921
896
915
940
932
922
924
927
922
929
927
932
933
919
946
939
936
943
934
938
931
940
927
938
931
913
933
941
936
939
919
926
950
932
956
927
939
927
936
929
922
920
954
941
938
947
919
928
934
932
910
935
918
951
932
934
935
933
926
927
944
924
929
956
933
930
939
949
918
935
940
949
947
949
929
926
931
939
932
927
956
951
943
936
931
945
938
937
927
956
938
937
931
952
926
916
927
914
937
924
937
926
954
954
931
934
941
927
937
941
938
933
944
933
940
933
920
928
946
952
951
932
938
931
936
937
930
942
934
946
931
944
942
929
952
941
915
954
935
910
948
921
934
935
917
931
939
960
909
908
912
936
934
927
933
947
911
928
951
935
953
931
920
920
923
926
931
952
946
929
938
913
915
919
916
916
945
943
928
949
942
945
957
917
920
937
943
942
916
935
932
909
924
940
939
933
925
940
930
951
951
948
921
917
930
923
936
918
945
936
922
952
928
926
949
950
921
923
905
939
933
951
943
940
941
938
940
927
943
929
937
942
931
935
934
937
948
922
917
935
932
939
930
962
933
941
942
941
933
919
926
915
933
921
908
929
930
950
931
940
919
933
921
917
936
917
932
935
926
939
940
954
925
927
926
935
944
940
934
925
932
927
924
935
921
934
930
934
917
946
931
925
922
935
949
940
932
928
939
927
908
921
939
908
906
934
927
927
926
940
929
936
925
939
934
928
917
947
926
941
936
949
937
956
946
928
935
918
922
931
943
942
931
925
943
935
936
936
912
924
929
934
927
927
948
916
915
940
944
917
937
928
952
929
915
934
936
919
932
930
923
928
918
917
906
906
922
959
919
930
936
922
945
932
917
928
936
927
931
939
935
952
930
938
932
949
942
933
935
940
942
934
940
934
937
947
931
921
938
952
918
921
951
950
952
935
922
942
929
935
923
919
928
943
938
913
926
953
929
956
961
929
930
937
934
950
908
923
939
934
934
938
948
941
943
946
934
916
953
940
935
952
917
937
925
926
939
922
931
925
954
955
938
938
934
919
936
943
929
941
910
934
926
933
935
932
943
928
922
928
931
932
934
910
934
920
917
947
924
939
938
966
927
932
923
951
943
951
929
936
939
922
931
946
933
935
949
947
921
929
934
932
921
923
949
942
938
927
941
950
917
927
933
923
933
921
929
920
945
913
927
917
927
924
935
932
917
931
946
917
949
939
941
927
938
935
940
915
949
934
929
935
943
937
929
945
941
930
932
943
932
966
928
920
951
929
928
916
938
936
942
928
921
938
949
928
925
931
910
913
931
933
918
938
923
917
981
1010
1019
1021
1028
1031
1032
1035
1039
1040
1043
1044
1045
1045
1045
1045
1045
1045
1046
1047
1048
1049
1049
1049
1049
1049
1049
1049
1049
1049
1049
1049
1050
1052
1052
1052
1052
1052
1053
1053
1053
1053
1054
1054
1054
1054
1054
1055
1055
1055
1055
1055
1055
1055
1055
1055
1055
1055
1055
1055
1055
1055
1055
1055
1055
1055
1055
1055
1056
1056
1056
1056
1056
1056
1056
1056
1056
1057
1057
1057
1057
1057
1057
1057
1057
1057
1057
1058
1058
1058
1058
1059
1059
1059
1059
1059
1059
1059
1059
1059
1059
1059
1059
1059
1059
1059
1059
1059
1059
1059
1061
1061
1061
1061
1061
1061
1061
1061
1061
1061
1061
1061
1061
1061
1061
1061
1061
1061
1061
1061
1061
1061
1061
1061
1061
1061
1061
1061
1061
1061
1061
1061
1061
1061
1061
1061
1061
1061
1061
1061
1061
1061
1061
1061
1061
1061
1061
1061
1061
1061
1061
1061
1061
1061
1061
1061
1061
1061
1061
1061
1061
1061
1061
1061
1061
1061
1061
1061
1061
1061
1061
1061
1061
1061
1061
1061
1061
1061
1061
1061
1061
1061
1061
1061
1061
1061
1061
1061
1061
1061
1061
1061
1061
1061
1061
1061
1061
1061
1061
1061
1061
1061
1061
1061
1061
1061
1061
1061
1061
1061
1061
1061
1061
1061
1061
1061
1061
1061
1061
1061
1061
1061
1061
1061
1061
1061
1061
1061
1061
1061
1061
1061
1061
1061
1061
1061
1061
1061
1061
1061
1061
1061
1061
1061
1061
1061
1061
1061
1061
1061
1061
1061
1061
1061
1061
1061
1061
1061
1061
1061
1061
1061
1061
1061
1061
1061
1061
1061
1061
1061
1061
1061
1061
1061
1061
1061
1061
1061
1061
1061
1061
1061
1061
1061
1061
1061
1061
1061
1061
1061
1061
1061
1061
1061
1061
1061
1061
1061
1061
1061
1061
1061
1061
1061
1061
1061
1061
1061
1061
1061
1061
1061
1061
1061
1061
1061
1061
1061
1061
1061
1061
1061
1061
1061
1061
1061
1061
1061
1061
1061
1061
1061
1061
1061
1061
1061
1061
1061
1061
1061
1061
1061
1061
1061
1061
1061
1061
1061
1061
1061
1061
1061
1061
1061
1061
1061
1061
1061
1061
1061
1061
1061
1061
1061
1061
1061
1061
1061
1061
1061
1061
1061
1061
1061
1061
1061
1061
1061
1061
1061
1061
1061
1061
1061
1061
1061
1061
1061
1061
1061
1061
1061
1061
1061
1061
1061
1061
1061
1061
1061
1061
1061
1061
1061
1061
1061
1061
1061
1061
1061
1061
1061
1061
1061
1061
1061
1061
1061
1061
1061
1061
1061
1061
1061
1061
1061
1061
1061
1061
1061
1061
1061
1061
1061
1061
1061
1061
1061
1061
1061
1061
1061
1061
1061
1061
1061
1061
1061
1061
1061
1061
1061
1061
1061
1061
1061
1061
1061
1061
1061
1061
1061
1061
1061
1061
1061
1061
1061
1061
1061
1061
1061
1061
1061
1061
1061
1061
1061
1061
1061
1061
1061
1061
1061
1061
1061
1061
1061
1061
1061
1061
1061
1061
1061
1061
1061
1061
1061
1061
1061
1061
1061
1061
1061
1061
1061
1061
1061
1061
1061
1061
1061
1061
1061
1061
1061
1061
1061
1061
1061
1061
1061
1061
1061
1061
1061
1061
1061
1061
1061
1061
1061
1061
1061
1061
1061
1061
1061
1061
1061
1061
1061
1061
1061
1061
1061
1061
1061
1061
1061
1061
1061
1061
1061
1061
1061
1061
1061
1061
1061
1061
1061
1061
1061
1061
1061
1061
1061
1061
1061
1061
1061
1061
1061
1061
1061
1061
1061
1061
1061
1061
1061
1061
1061
1061
1061
1061
1061
1061
1061
1061
1061
1061
1061
1061
1061
1061
1061
1061
1061
1061
1061
1061
1061
1061
1061
1061
1061
1061
1061
1061
1061
1061
1061
1061
1061
1061
1061
1061
1061
1061
1061
1061
1061
1061
1061
1061
1061
1061
1061
1061
1061
1061
1061
1061
1061
1061
1061
1061
1061
1061
1061
1061
1061
1061
1061
1061
1061
1061
1061
1061
1061
1061
1061
1061
1061
1061
1061
1061
1061
1061
1061
1061
1061
1061
1061
1061
1061
1061
1061
1061
1061
1061
1061
1061
1061
1061
1061
1061
1061
1061
1061
1061
1061
1061
1061
1061
1061
1061
1061
1061
1061
1061
1061
1061
1061
1061
1061
1061
1061
1061
1061
1061
1061
1061
1061
1061
1061
1061
1061
1061
1061
1061
1061
1061
1061
1061
1061
1061
1061
1061
1061
1061
1061
1061
1061
1061
1061
1061
1061
1061
1061
1061
1061
1061
1061
1061
1061
1061
1061
1061
1061
1061
1061
1061
1061
1061
1061
1061
1061
1061
1061
1061
1061
1061
1061
1061
1061
1061
1061
1061
1061
1061
1061
1061
1061
1061
1061
1061
1061
1061
1061
1061
1061
1061
1061
1061
1061
1061
1061
1061
1061
1061
1061
1061
1061
1061
1061
1061
1061
1061
1061
1061
1061
1061
1061
1061
1061
1061
1061
1061
1061
1061
1061
1061
1061
1061
1061
1061
1061
1061
1061
1061
1061
1061
1061
1061
1061
1061
1061
1061
1061
1061
1061
1061
1061
1061
1061
1061
1061
1061
1061
1061
1061
1061
1061
1061
1061
1061
1061
1061
1061
1061
1061
1061
1061
1061
1061
1061
1061
1061
1061
1061
1061
1061
1061
1061
1061
1061
1061
1061
1061
1061
1061
1061
1061
1061
1061
1061
1061
1061
1061
1061
1061
1061
1061
1061
1061
1061
1061
1061
1061
1061
1061
1061
1061
1061
1061
1061
1061
1061
1061
1061
1061
1061
1061
1061
1061
1061
1061
1061
1061
1061
1061
1061
1061
1061
1061
1061
1061
1061
1061
1061
1061
1061
1061
1061
1061
1061
1061
1061
1061
1061
1061
1061
1061
1061
1061
1061
1061
1061
1061
1061
1061
1061
1061
1061
1061
1061
1061
1061
1061
1061
1061
1061
1061
1061
1061
1061
1061
1061
1061
1061
1061
1061
1061
1061
1061
1061
1061
1061
1061
1061
1061
1061
1061
1061
1061
1061
1061
1061
1061
1061
1061
1061
1061
1061
1061
1061
1061
1061
1061
1061
1061
1061
1061
1061
1061
1061
1061
1061
1061
1061
1061
1061
1061
1061
1061
1061
1061
1061
1061
1061
1061
1061
1061
1061
1061
1061
1061
1061
1061
1061
1061
1061
1061
1061
1061
1061
1061
1061
1061
1061
1061
1061
1061
1061
1061
1061
1061
1061
1061
1061
1061
1061
1061
1061
1061
1061
1061
1061
1061
1061
1061
1061
1061
1061
1061
1061
1061
1061
1061
1061
1061
1061
1061
1061
1061
1061
1061
1061
1061
1061
1061
1061
1061
1061
1061
1061
1061
1061
1061
1061
1061
1061
1061
1061
1061
1061
1061
1061
1061
1061
1061
1061
1061
1061
1061
1061
1061
1061
1061
1061
1061
1061
1061
1061
1061
1061
1061
1061
1061
1061
1061
1061
1061
1061
1061
1061
1061
1061
1061
1061
1061
1061
1061
1061
1061
1061
1061
1061
1061
1061
1061
1061
1061
1061
1061
1061
1061
1061
1061
1061
1061
1061
1061
1061
1061
1061
1061
1061
1061
1061
1061
1061
1061
1061
1061
1061
1061
1061
1061
1061
1061
1061
1061
1061
1061
1061
1061
1061
1061
1061
1061
1061
1061
1061
1061
1061
1061
1061
1061
1061
1061
1061
1061
1061
1061
1061
1061
1061
1061
1061
1061
1061
1061
1061
1061
1061
1061
1061
1061
1061
1061
1061
1061
1061
1061
1061
1061
1061
1061
1061
1061
1061
1061
1061
1061
1061
1061
1061
1061
1061
1061
1061
1061
1061
1061
1061
1061
1061
1061
1061
1061
1061
1061
1061
1061
1061
1061
1061
1061
1061
1061
1061
1061
1061
1061
1061
