1065
922
936
939
923
917
931
932
929
938
955
933
935
930
921
931
959
940
938
932
937
941
934
914
919
936
912
927
940
922
916
936
934
927
930
937
925
919
939
933
939
930
946
943
920
923
911
931
933
933
915
930
944
933
930
920
950
923
932
937
936
924
943
931
923
918
925
931
945
930
946
908
934
928
927
936
917
942
903
946
952
927
940
913
925
936
937
942
934
912
934
917
936
928
949
937
950
928
931
954
936
931
963
931
915
934
930
955
893
925
933
926
922
921
933
931
946
923
952
932
943
937
930
927
930
940
929
940
937
934
932
937
929
939
934
915
919
917
915
960
923
911
926
923
933
927
946
925
925
928
932
932
940
944
914
926
938
921
951
914
919
925
953
927
949
935
937
933
942
932
952
937
924
931
936
917
929
946
938
943
930
931
939
950
943
930
924
938
942
930
922
944
941
937
926
936
921
933
913
937
929
935
939
924
931
927
942
921
923
908
920
925
930
921
922
926
940
941
943
959
932
931
936
951
936
921
936
939
933
933
960
947
916
939
935
931
926
930
947
940
914
953
919
927
946
934
931
896
936
925
917
942
939
929
947
943
924
940
941
927
949
925
941
939
930
923
960
931
938
929
944
909
939
925
937
925
947
937
937
933
928
928
923
922
924
924
932
934
932
941
923
933
945
940
926
917
933
933
922
931
923
925
931
920
949
961
926
919
923
959
945
952
927
937
940
928
908
932
930
930
926
920
920
922
928
913
912
934
939
918
944
929
934
918
931
921
931
913
944
937
943
949
930
942
933
948
929
923
929
922
960
941
936
912
931
941
924
925
928
918
943
946
950
932
949
936
933
911
932
936
937
950
932
932
923
917
933
921
923
922
926
932
959
933
939
925
949
944
948
927
919
925
924
943
941
935
953
954
917
925
921
930
940
924
927
948
918
934
947
929
921
936
940
937
943
930
920
943
924
933
924
925
925
948
946
925
933
923
952
923
962
923
943
935
922
935
919
924
935
938
913
921
934
939
929
937
924
931
925
930
942
938
928
915
929
953
938
921
921
959
911
931
924
932
941
945
929
913
933
953
938
928
935
928
933
939
923
935
940
943
942
925
938
922
931
943
954
925
940
937
941
921
919
923
921
924
928
948
936
931
930
938
946
937
929
917
949
909
925
935
941
949
946
940
942
923
931
910
922
926
925
920
914
927
939
928
945
936
926
901
913
943
950
942
926
929
944
944
933
935
954
926
937
923
928
934
921
921
911
913
918
915
931
943
926
908
938
951
934
933
932
927
941
930
955
930
931
934
955
954
920
920
945
956
922
950
943
945
933
931
927
929
928
934
935
944
931
928
944
933
919
925
934
956
923
950
956
941
921
937
930
956
923
926
922
930
940
941
931
954
925
945
935
913
924
933
936
943
905
925
944
927
946
922
954
933
944
939
942
950
961
937
951
929
934
928
932
933
927
934
926
929
935
949
933
921
950
931
953
942
931
931
914
920
951
947
923
930
924
931
939
923
938
929
920
931
929
935
929
931
935
923
920
924
947
928
934
940
930
932
946
928
916
932
943
940
929
958
930
936
927
916
935
923
931
932
937
920
951
943
940
934
934
920
923
923
930
922
935
948
931
940
939
926
934
917
941
937
936
918
922
943
951
924
938
936
955
948
936
929
935
934
922
933
929
903
946
924
937
946
913
938
925
925
939
933
928
949
926
943
921
932
936
930
954
943
914
923
951
942
935
932
930
917
945
920
936
950
935
941
926
927
923
934
935
933
946
916
942
935
911
927
953
934
940
938
940
924
929
926
943
924
931
934
951
934
943
941
946
931
933
943
945
933
919
949
927
937
951
959
919
930
947
950
940
945
949
957
929
940
918
938
934
942
925
950
934
944
932
934
936
933
938
934
928
925
936
936
934
922
935
943
946
945
926
922
917
930
930
932
929
930
953
940
945
935
934
934
926
942
941
939
925
937
943
938
917
925
932
936
921
915
922
931
932
934
928
948
931
933
946
930
929
944
924
958
924
918
947
930
925
933
928
945
939
946
939
918
932
919
933
927
946
928
910
944
910
922
922
928
937
933
924
930
940
911
917
931
927
904
921
932
963
925
915
923
917
943
926
943
940
929
929
925
943
945
935
926
932
935
952
910
947
927
908
926
915
925
934
945
926
943
936
943
929
938
936
925
963
935
940
926
912
932
929
925
948
938
917
919
932
945
948
937
931
932
920
945
941
924
917
933
923
918
932
941
946
939
921
936
922
933
938
919
927
950
935
950
934
927
918
938
940
920
943
948
951
931
916
920
940
943
933
936
932
945
933
919
956
926
924
937
948
928
938
934
947
931
940
911
920
953
919
929
943
936
928
948
944
940
928
929
952
933
927
914
933
918
926
924
951
935
944
928
939
947
926
919
941
943
957
929
925
955
936
924
933
931
946
927
942
927
938
935
934
928
916
938
930
921
944
940
934
940
925
937
938
940
942
948
933
936
932
936
923
940
941
920
938
926
931
950
926
920
932
926
925
930
926
932
933
932
910
949
918
925
930
930
951
937
922
949
939
941
943
921
942
928
929
937
943
924
927
904
947
929
916
926
930
953
921
957
922
918
933
928
927
940
937
937
928
940
938
927
926
920
918
937
943
924
951
943
931
931
923
924
928
916
941
946
927
924
926
952
910
934
943
923
928
935
919
920
911
945
915
940
934
934
942
927
929
939
921
924
943
938
946
918
937
941
914
900
925
916
929
953
910
922
938
929
943
925
931
931
929
950
921
936
927
933
938
944
933
939
943
928
927
938
950
933
950
930
960
945
918
922
934
927
942
935
949
929
930
908
931
937
894
927
916
923
934
933
944
935
934
929
928
916
949
936
932
936
937
945
919
941
898
928
923
915
932
935
931
932
947
932
953
936
937
955
935
929
953
945
928
932
930
940
919
906
918
921
934
935
941
928
917
912
929
945
952
933
931
931
947
934
916
925
903
957
929
925
936
933
950
925
951
919
940
943
919
909
931
920
945
949
935
934
927
930
925
941
931
935
919
946
916
933
907
931
950
947
934
924
948
909
932
907
931
926
934
932
920
950
925
927
905
932
943
945
931
937
942
943
932
942
932
927
923
953
918
931
940
940
942
920
931
914
948
950
915
918
954
917
918
916
943
908
941
934
931
935
911
939
942
960
926
920
939
913
918
927
921
912
939
941
931
935
948
930
939
925
945
916
895
937
916
926
934
950
954
943
911
917
928
950
918
931
919
927
934
922
926
946
913
935
941
932
932
932
942
930
909
913
931
935
921
926
927
933
924
934
934
917
931
931
939
935
915
952
956
946
924
906
936
952
934
919
950
938
925
923
906
940
943
947
922
929
935
927
914
921
946
930
937
955
927
938
927
931
924
950
916
918
917
927
933
947
921
933
959
905
929
934
947
919
925
931
932
925
930
930
931
919
931
931
911
948
945
935
932
935
931
932
930
934
920
949
913
948
927
947
947
942
949
940
929
929
930
929
932
924
917
922
938
934
934
943
935
934
908
937
908
959
927
931
952
931
932
921
941
924
927
936
944
934
920
919
931
921
936
944
941
934
927
921
942
919
922
944
925
918
951
955
945
948
942
923
911
922
936
907
921
927
940
927
927
934
935
941
931
946
953
933
937
938
942
951
938
931
925
926
927
922
928
928
925
932
913
942
951
923
944
924
933
947
937
933
930
926
943
929
946
942
953
925
915
930
920
932
907
922
916
930
925
930
924
921
933
937
934
922
933
934
928
929
932
947
952
942
927
937
912
936
924
922
927
926
925
948
927
922
945
939
938
935
933
929
936
939
948
941
915
908
934
934
922
928
921
922
917
935
911
924
949
921
937
932
953
927
945
946
939
954
940
930
920
918
933
936
926
917
954
932
942
934
936
938
940
915
941
929
922
904
921
933
927
922
947
943
934
925
929
907
942
940
934
919
938
929
934
939
930
931
923
944
935
951
947
935
936
927
950
935
935
919
924
924
945
934
930
928
942
934
944
921
928
931
939
933
920
916
943
935
927
939
935
935
915
930
954
926
945
942
929
924
929
951
952
923
937
916
912
941
938
936
935
924
930
924
923
937
947
933
939
931
925
925
930
923
933
936
919
943
919
923
934
951
929
936
952
926
925
940
940
938
938
914
918
936
952
926
922
950
920
946
910
927
949
940
942
941
939
920
927
935
902
946
934
934
933
923
928
936
929
944
924
941
929
927
937
934
927
932
940
930
940
952
929
949
939
928
942
927
939
945
930
944
946
919
936
932
941
953
955
940
924
930
921
937
947
936
940
940
928
924
912
937
926
928
922
947
950
913
936
927
921
951
935
923
944
920
951
933
940
952
932
920
926
942
933
939
943
943
942
944
921
921
925
927
936
919
934
939
937
949
931
925
941
926
926
946
953
951
938
930
948
928
900
911
929
913
943
939
933
936
949
928
922
936
937
907
932
941
911
947
929
940
944
922
917
941
932
939
919
926
934
934
919
933
937
925
954
951
940
944
948
931
923
927
933
940
928
943
926
939
941
939
932
907
936
950
930
926
909
921
926
947
925
940
934
937
954
940
913
934
931
946
934
947
944
940
951
928
934
931
947
919
908
920
899
926
943
932
940
939
940
924
929
939
919
933
936
915
926
951
929
937
938
934
911
927
911
920
934
940
952
960
931
938
948
947
934
923
912
926
924
938
952
949
930
943
925
927
935
935
929
926
926
920
930
939
930
928
925
939
919
935
923
921
937
933
942
948
929
958
931
944
941
934
943
946
939
930
943
932
942
944
939
914
919
914
932
938
945
941
912
928
935
955
941
939
951
927
932
935
942
920
932
923
913
956
918
913
928
945
929
929
932
935
933
938
928
931
953
922
929
945
939
936
941
918
935
926
916
937
948
930
921
945
929
921
962
924
924
941
929
922
924
930
933
922
947
939
938
933
917
923
927
945
939
943
943
924
920
939
915
940
936
948
918
944
932
943
944
925
937
932
943
929
941
926
917
934
925
929
918
931
925
921
915
927
936
927
942
940
947
937
939
923
933
922
936
936
939
924
917
948
929
949
933
952
932
908
912
928
929
918
939
940
932
929
933
941
928
933
923
937
926
921
947
945
939
941
934
924
920
932
943
916
952
945
932
920
942
937
938
935
948
926
954
929
931
937
914
931
922
934
923
930
919
937
906
907
940
918
921
922
954
946
955
930
921
945
929
926
924
929
945
909
939
945
910
924
937
932
928
941
946
913
923
927
909
953
953
934
920
927
920
918
938
940
923
924
929
931
945
940
927
926
934
928
940
938
932
913
932
934
922
935
935
934
925
933
934
954
922
938
952
940
927
924
927
934
934
939
928
940
925
929
936
950
935
918
942
934
932
948
931
950
938
900
925
934
945
935
915
931
928
930
923
940
907
938
920
937
935
928
935
939
928
936
941
929
927
920
927
965
945
940
922
945
936
927
939
920
940
934
939
942
937
923
935
933
939
932
934
931
952
927
936
924
912
912
959
941
922
935
924
926
943
924
917
917
913
918
942
925
933
932
937
924
927
945
941
924
933
934
931
938
934
941
928
934
940
932
952
947
955
939
948
907
901
928
913
926
950
929
942
926
932
947
917
945
929
946
933
932
957
940
927
920
933
933
930
920
929
965
912
933
941
942
935
944
944
936
929
955
947
944
977
