1065
919
929
914
939
921
917
906
935
936
929
918
929
918
935
931
915
919
933
918
950
925
939
922
929
929
933
947
916
920
925
916
939
956
936
931
942
947
934
943
934
925
930
917
945
947
937
935
935
921
909
929
921
914
926
905
936
922
935
933
932
934
942
948
931
931
956
935
916
930
937
948
921
933
938
945
924
915
933
919
948
943
912
933
934
938
930
935
944
922
946
933
916
940
931
943
958
944
960
951
926
935
923
924
942
935
927
950
934
947
930
939
950
928
944
956
921
927
927
919
932
922
946
917
936
938
912
929
915
900
926
933
950
936
914
913
926
929
940
922
926
944
942
921
943
932
940
940
916
919
922
920
928
943
926
937
924
937
926
940
930
920
925
916
922
934
929
923
915
931
940
933
914
933
937
932
931
930
922
917
911
930
940
961
920
928
940
933
928
938
940
921
940
940
944
946
944
920
938
928
925
937
936
921
949
942
941
930
940
928
933
930
935
928
941
916
931
929
932
939
934
943
946
924
925
925
942
930
943
931
915
929
929
932
921
944
912
951
954
941
943
920
931
922
918
909
945
915
932
941
929
917
900
932
939
921
942
936
948
927
925
922
920
934
921
915
923
942
947
938
945
931
941
929
929
939
947
943
953
932
943
938
931
931
944
948
933
934
935
914
936
933
934
929
940
925
923
937
944
921
925
946
900
927
923
929
947
931
944
951
947
934
917
919
925
931
941
932
918
924
927
944
967
931
939
917
948
947
925
965
926
912
937
918
939
923
938
928
926
921
942
944
951
936
934
942
950
953
934
938
923
931
935
921
948
916
934
940
911
924
943
926
937
915
926
942
923
917
936
937
931
943
935
945
923
948
929
943
946
917
932
930
900
927
920
937
941
926
938
947
934
947
941
919
942
926
946
925
946
943
939
948
930
934
951
925
914
942
939
936
952
946
949
911
909
925
929
939
932
951
935
943
931
940
939
924
913
942
935
949
933
935
935
911
922
933
936
936
946
952
926
937
900
928
948
962
936
932
946
911
934
948
917
921
959
944
928
927
934
940
911
951
957
924
933
925
941
936
955
943
947
931
925
946
917
937
918
930
921
922
939
943
916
927
931
942
935
919
918
935
942
929
923
915
938
907
919
939
930
929
945
953
936
924
930
940
932
943
957
937
932
921
936
927
961
918
918
952
918
928
927
925
932
944
936
933
940
925
926
923
928
936
943
922
929
940
930
932
937
935
937
920
937
949
942
929
934
918
931
956
940
926
930
909
925
929
922
930
942
937
915
930
934
930
931
921
924
942
951
915
920
927
928
934
912
937
922
926
942
921
935
932
936
933
936
933
923
921
940
918
944
909
924
932
909
933
924
925
934
948
917
930
928
925
936
926
941
927
914
928
904
960
927
902
938
938
939
936
914
927
944
940
924
938
938
924
953
923
937
940
933
946
939
929
929
942
922
913
935
929
923
936
920
916
922
924
932
936
940
930
928
938
944
937
922
930
938
935
939
927
930
931
924
937
943
961
955
938
915
939
925
956
946
943
929
923
928
918
923
924
932
957
940
947
936
944
942
928
937
943
919
938
945
942
930
936
933
929
918
929
931
928
929
926
937
929
945
932
929
922
935
943
938
932
941
927
932
946
932
933
934
920
925
934
936
934
944
935
943
944
938
931
915
930
923
931
918
930
945
928
934
946
924
927
928
940
929
921
916
928
931
939
930
934
932
911
923
915
916
942
957
931
933
927
928
944
933
937
937
931
955
935
927
923
916
928
940
930
942
915
918
929
936
927
934
929
933
935
928
925
921
927
943
922
926
927
933
939
932
926
949
942
945
929
921
924
935
947
923
907
927
947
937
921
918
935
911
932
947
924
917
919
938
909
933
926
956
938
951
940
925
950
935
944
913
933
925
923
921
953
952
930
919
933
933
946
953
946
938
948
945
949
930
942
944
939
954
932
923
926
928
952
937
921
941
938
945
936
952
939
922
920
935
922
914
914
918
920
930
924
936
934
922
910
936
944
916
933
919
924
933
935
947
946
932
939
933
954
949
944
921
924
932
928
915
915
944
911
946
932
948
923
958
926
937
928
935
925
939
931
942
930
927
913
930
929
921
925
913
920
935
928
915
921
940
925
919
954
947
931
947
925
910
922
923
918
912
934
928
921
922
931
941
948
947
950
917
944
933
940
926
922
929
932
928
927
931
939
920
923
952
937
924
938
941
942
926
917
933
913
931
924
935
942
941
944
926
950
941
914
934
921
925
953
938
923
934
933
943
916
906
968
916
937
926
933
921
933
929
930
933
932
920
921
929
919
900
907
944
919
918
949
944
920
936
943
920
944
925
937
900
930
937
924
925
921
930
928
933
941
943
940
933
929
941
933
951
936
930
944
915
937
936
937
922
943
936
919
917
921
946
926
935
931
916
924
946
937
936
949
943
946
929
939
916
941
941
932
940
942
915
951
947
952
926
940
934
961
943
948
950
941
938
931
935
950
928
916
910
941
945
926
907
916
953
925
933
952
912
936
931
921
944
937
923
940
934
944
923
920
925
925
918
930
946
935
929
949
929
951
915
939
944
914
921
942
915
923
917
936
926
935
918
928
931
934
950
935
930
928
930
939
952
937
928
937
937
930
945
941
919
932
948
910
929
936
946
927
917
938
941
940
936
921
943
924
937
917
931
957
925
918
933
943
945
943
904
935
930
922
931
922
932
946
932
921
925
926
936
935
938
944
939
925
929
938
929
931
907
911
927
952
918
931
954
919
939
928
916
931
943
928
919
935
915
931
948
929
923
935
928
939
933
940
933
931
920
935
927
937
913
927
928
935
945
915
933
943
906
937
929
921
912
924
914
939
933
926
948
909
948
930
916
940
940
939
944
945
942
931
918
909
919
933
930
927
929
927
951
920
933
916
945
928
940
952
917
934
924
921
937
912
923
931
929
931
933
916
923
914
931
933
937
948
946
937
931
920
934
933
912
924
944
940
932
929
946
934
914
937
933
925
933
941
928
916
942
934
929
903
923
923
930
924
923
942
948
946
923
929
941
938
913
927
918
954
942
938
928
921
936
935
937
936
927
943
948
925
950
942
930
942
937
936
934
926
933
931
917
927
921
921
922
951
929
946
958
905
930
929
927
926
935
931
936
936
940
925
930
929
947
936
916
935
945
939
914
925
940
944
928
909
924
927
925
928
942
924
944
940
943
927
946
937
923
929
933
941
909
936
946
946
943
937
946
933
947
940
918
908
918
934
938
918
930
938
948
942
917
920
932
926
934
948
944
935
937
940
919
944
930
924
932
931
937
945
928
937
945
944
938
930
936
936
930
926
949
926
932
927
947
930
941
947
927
937
941
935
942
935
928
937
936
941
936
916
891
929
922
912
943
926
933
940
941
957
943
936
917
930
929
924
939
938
919
948
945
930
958
923
940
916
929
922
930
936
926
930
917
926
927
921
952
927
930
914
938
925
931
918
938
932
936
926
944
940
920
933
940
932
948
927
926
936
936
915
926
945
938
947
932
942
933
911
932
910
927
938
915
924
935
922
920
919
941
922
946
945
901
925
922
933
918
926
935
949
936
940
939
919
914
944
938
936
927
930
925
937
933
952
937
939
904
935
942
920
915
921
944
929
934
921
936
931
937
947
930
940
922
949
930
936
921
928
938
932
947
931
936
912
935
952
940
915
933
947
947
928
922
928
923
937
925
933
940
906
940
942
943
929
933
930
929
933
931
935
919
922
940
948
921
904
915
932
932
941
920
905
918
938
946
916
905
924
932
943
915
941
921
922
927
932
913
931
943
917
938
932
955
939
944
944
935
929
921
942
930
919
946
935
905
939
924
917
914
945
937
934
932
929
898
934
928
918
929
941
943
922
926
937
941
962
949
921
936
918
933
922
920
901
956
936
939
930
927
933
940
923
923
922
930
937
930
953
950
932
923
920
939
941
941
927
950
938
927
919
923
940
936
920
918
919
922
899
903
933
919
931
939
935
925
928
912
922
934
924
917
935
930
914
916
930
937
941
920
926
918
904
920
950
930
924
929
922
929
931
944
923
943
950
942
943
938
932
937
937
929
934
929
954
918
930
928
941
930
939
938
953
922
946
935
920
920
917
924
919
954
942
948
927
941
946
930
945
916
908
920
926
929
932
939
930
923
925
931
941
948
956
956
940
950
923
925
935
927
941
949
920
948
948
936
942
923
919
921
929
924
939
925
916
908
930
930
921
929
923
934
942
952
916
931
933
945
932
948
937
940
934
944
930
933
914
926
938
949
940
943
909
895
927
928
942
932
927
918
935
945
939
940
923
940
939
938
947
938
944
933
925
913
913
922
926
922
927
946
939
921
933
926
929
938
935
917
952
911
917
925
935
942
940
919
934
930
938
916
950
924
933
921
934
932
934
936
929
935
933
942
944
926
928
933
941
951
934
936
927
939
914
935
954
929
930
926
951
940
931
919
936
917
915
949
941
941
931
935
944
949
926
920
923
925
935
931
927
954
937
944
935
925
941
960
939
944
936
907
951
926
926
948
943
937
938
915
941
952
905
951
950
953
942
936
926
940
942
904
924
915
926
926
947
925
947
938
936
926
944
913
935
934
946
926
945
950
934
927
928
944
932
941
949
934
931
932
939
923
938
928
917
906
946
939
931
928
910
928
936
920
917
932
936
928
921
937
951
932
944
906
946
931
921
951
929
926
929
930
944
953
939
936
942
940
939
930
934
925
934
918
923
919
933
930
928
950
937
928
947
934
941
927
942
949
916
951
932
933
939
954
921
944
926
932
947
934
924
938
931
932
923
944
923
934
922
920
913
921
946
943
924
928
936
922
941
926
923
944
924
922
932
928
921
929
933
937
953
934
947
937
927
931
937
923
929
932
940
940
910
911
939
912
914
928
962
922
937
923
944
922
914
929
942
956
931
944
932
934
924
917
926
917
922
942
929
951
926
923
914
935
934
930
931
930
932
924
943
926
937
929
972
924
925
961
929
928
930
946
927
929
932
937
933
940
933
939
923
932
938
909
925
933
935
933
939
948
945
939
903
922
923
914
940
933
926
908
954
953
941
935
944
925
927
916
933
923
918
938
935
935
954
944
942
943
931
949
931
939
939
943
949
950
934
939
923
902
926
922
934
941
945
917
929
955
938
935
926
944
944
932
933
925
923
922
945
954
926
925
946
914
921
917
935
937
929
912
926
929
924
933
939
946
933
922
917
942
919
935
929
953
928
919
922
943
927
933
929
947
931
923
954
933
928
950
903
934
944
951
949
937
922
923
915
929
934
929
933
948
935
958
956
933
936
933
943
946
933
938
941
936
958
954
929
955
930
929
944
920
930
938
948
929
915
912
928
934
925
936
918
945
949
925
923
924
947
929
936
942
936
928
928
915
936
939
917
914
924
932
925
925
910
941
930
923
958
938
929
925
924
927
924
928
923
919
918
931
907
922
932
933
923
935
943
937
925
940
949
929
934
938
909
924
927
924
949
924
954
940
936
921
938
944
928
943
926
948
942
935
920
938
926
935
953
935
928
933
930
940
940
925
935
943
942
934
917
937
947
951
951
924
934
934
912
945
915
912
906
941
910
956
937
911
924
940
931
942
919
926
928
929
940
942
938
938
949
931
942
939
928
913
929
932
953
930
943
935
935
897
953
938
928
932
916
975
