1065
915
918
922
929
955
930
942
934
944
938
933
936
944
949
906
932
931
945
940
937
927
927
924
930
937
928
926
931
930
906
938
931
930
936
939
923
952
945
947
919
935
950
937
919
950
928
924
943
933
941
933
938
934
942
913
903
932
947
928
923
938
943
934
930
941
933
939
929
933
937
943
950
945
926
940
923
928
951
920
937
919
951
953
950
932
933
950
953
945
937
941
940
949
944
935
941
925
963
939
931
932
933
932
912
921
937
930
925
934
930
938
947
939
930
938
942
918
917
941
922
904
938
941
937
917
941
929
945
923
934
947
928
927
917
937
929
931
936
935
921
934
935
932
919
910
944
920
913
914
933
925
929
928
925
935
924
938
945
932
935
928
942
930
926
907
930
929
921
942
955
930
943
929
932
960
951
942
937
921
926
936
948
937
933
919
939
935
942
934
929
943
942
919
951
923
910
927
940
922
927
940
935
913
925
948
944
940
942
910
930
924
921
934
930
922
933
942
951
921
946
933
936
948
940
938
925
934
950
931
934
945
929
933
916
918
923
917
940
927
943
943
926
921
919
940
954
928
916
925
935
928
945
938
930
931
933
949
945
943
926
915
921
934
940
939
935
938
934
932
944
918
930
945
922
946
936
925
937
938
938
948
932
947
933
946
936
940
931
925
938
927
949
916
929
914
942
927
918
941
928
921
924
930
929
923
960
910
937
922
914
922
920
926
934
926
944
938
943
939
952
936
936
942
944
929
940
935
935
946
925
931
936
921
930
944
939
947
912
921
930
945
925
935
926
938
937
940
923
947
951
947
932
920
925
947
951
945
948
932
905
928
958
922
936
940
939
926
932
927
936
943
932
941
931
940
941
934
931
925
913
908
929
950
933
946
935
916
934
920
949
936
953
921
944
937
919
939
932
929
950
942
918
928
952
945
932
927
935
945
932
938
936
921
927
918
945
941
932
918
922
930
940
946
921
948
939
935
935
951
934
929
925
927
926
928
930
925
911
935
937
921
916
934
948
924
939
939
926
937
946
937
946
929
921
919
921
923
930
923
944
934
952
942
942
944
942
934
942
919
937
945
956
903
932
916
926
922
937
919
936
933
915
945
918
941
913
916
927
955
934
934
951
918
940
946
919
930
946
947
919
937
932
922
925
960
941
916
938
947
944
933
940
935
924
924
920
939
919
934
948
913
929
927
942
907
937
934
949
905
932
930
936
932
923
911
924
941
957
930
938
942
930
929
958
942
944
917
915
943
947
932
919
919
907
896
934
937
936
939
926
944
944
941
947
921
924
945
935
924
919
940
950
932
937
937
944
935
919
936
947
937
915
945
938
923
920
938
937
924
926
919
926
931
912
939
935
941
929
961
899
930
945
933
948
933
931
946
937
919
931
931
938
932
930
930
937
931
942
929
930
953
930
919
923
922
938
909
928
940
937
930
951
925
932
929
947
933
946
914
957
952
934
935
927
941
931
914
935
933
943
945
918
919
945
938
939
919
921
957
943
950
933
940
921
927
948
928
923
929
941
942
941
934
944
931
935
943
927
939
927
937
947
951
929
931
926
945
941
936
935
926
942
944
934
930
944
951
942
918
934
944
939
937
925
931
927
927
956
912
933
937
921
960
965
934
918
936
937
941
910
935
950
928
941
938
946
944
927
927
920
923
939
936
936
937
912
941
941
947
927
913
926
942
954
956
917
952
932
948
943
936
928
930
935
929
944
959
945
948
931
920
959
944
934
939
931
925
943
938
927
930
920
930
926
923
949
935
915
939
925
916
927
963
935
926
939
935
936
945
919
911
927
922
937
943
942
961
933
927
949
911
915
924
932
910
924
940
938
941
924
940
938
951
934
946
939
939
953
926
925
944
952
943
940
935
948
937
935
940
935
941
936
940
910
927
927
940
947
938
940
929
922
944
923
926
948
930
920
935
941
930
944
937
926
931
921
928
921
935
951
959
928
928
931
927
951
949
909
922
940
926
929
923
923
924
933
951
928
939
946
930
946
920
927
938
942
943
952
943
933
927
937
937
937
945
941
934
927
919
925
946
952
936
944
933
948
944
943
921
912
929
920
935
924
933
938
917
927
927
924
933
927
946
933
952
936
932
941
926
927
919
940
957
934
929
945
927
937
935
931
933
945
929
932
915
940
928
940
939
947
923
936
916
922
901
933
941
946
917
911
933
919
927
924
951
917
930
935
913
940
942
951
943
934
943
960
939
945
935
936
922
930
948
943
928
937
926
938
939
948
928
958
930
933
950
943
926
927
942
930
942
937
932
917
940
950
942
947
936
937
954
938
927
933
930
937
936
929
942
944
940
948
935
935
935
937
945
951
939
931
942
928
944
926
918
940
918
932
939
922
925
929
929
944
941
932
948
966
941
950
946
933
935
937
941
919
937
930
924
934
945
929
909
922
949
937
934
944
950
960
927
915
911
935
927
942
913
932
952
925
947
944
931
938
934
917
943
940
949
938
935
911
928
941
940
917
928
941
926
937
948
947
932
949
943
928
912
949
958
956
936
925
936
940
956
964
936
944
940
922
948
931
936
924
921
940
934
949
930
937
949
937
949
936
949
948
922
939
951
936
918
939
934
948
946
948
939
923
953
941
950
917
939
929
941
955
952
957
921
930
928
945
930
911
959
914
955
921
932
935
943
941
935
949
941
934
934
939
944
941
928
934
940
939
947
949
954
935
934
943
934
929
947
935
957
927
929
922
941
950
948
934
921
928
945
931
937
925
937
932
939
926
945
924
958
957
944
947
952
943
928
945
939
952
938
928
955
956
951
955
929
945
942
941
926
946
953
940
942
951
932
948
951
943
951
943
938
937
955
927
932
933
952
945
944
953
934
948
928
941
947
939
930
925
937
942
935
947
941
935
924
947
940
918
916
935
940
926
912
934
946
945
929
952
944
946
952
925
932
941
958
940
966
933
944
958
931
940
929
946
938
941
964
931
950
938
938
922
931
932
932
947
948
941
947
925
956
943
921
938
943
952
935
924
942
940
931
942
948
934
934
935
924
907
955
932
934
938
946
944
939
926
945
953
945
945
955
919
940
944
948
952
939
942
933
952
956
939
945
929
952
978
959
942
940
943
940
961
939
951
942
940
956
946
948
961
933
951
934
941
960
940
942
943
947
950
951
950
923
933
938
951
942
936
952
937
942
948
940
928
934
945
940
947
945
927
944
934
934
959
933
935
945
946
942
945
949
940
935
935
946
953
954
955
939
970
956
927
935
952
924
926
938
963
940
935
939
931
923
926
945
941
946
949
948
934
945
960
952
928
931
931
947
943
937
950
951
940
955
942
962
951
949
941
947
945
923
946
944
944
938
955
952
938
946
959
947
944
922
956
944
947
944
925
929
941
933
921
932
947
926
965
950
940
941
959
939
947
952
939
945
943
962
933
957
961
941
955
945
952
943
953
956
928
937
941
949
934
938
932
948
936
940
943
960
934
947
939
957
948
959
952
936
948
930
935
941
955
933
942
960
940
952
937
945
956
969
956
946
941
952
948
940
944
954
947
955
943
949
936
935
951
935
957
953
955
968
948
934
964
960
955
964
932
955
945
970
928
945
948
962
944
925
942
942
947
949
944
950
937
938
949
957
952
950
955
939
946
947
943
939
937
956
938
959
967
942
958
945
962
940
948
941
952
950
946
926
956
937
953
956
947
944
960
942
938
949
950
955
958
958
939
945
951
946
925
948
956
947
960
937
933
947
939
957
962
962
935
928
939
949
950
947
950
950
936
944
941
952
950
958
961
947
949
967
946
972
967
950
950
958
958
944
937
953
944
955
949
935
943
964
949
976
951
951
938
945
953
953
957
956
954
959
949
964
962
953
953
958
942
939
946
946
961
947
949
927
957
939
953
970
948
957
949
934
936
958
939
945
947
949
939
943
952
945
948
955
948
961
953
938
939
940
957
956
945
953
966
933
939
955
956
962
960
953
945
947
945
965
963
945
933
941
940
948
957
955
961
963
950
974
956
968
959
952
963
957
968
943
958
948
945
967
971
958
953
956
945
968
958
936
946
954
949
966
947
963
959
953
955
947
949
966
956
955
952
955
962
942
954
956
934
931
975
968
970
940
964
948
946
945
959
967
956
942
952
947
944
954
964
964
945
970
966
959
953
948
958
954
947
947
932
950
961
966
956
956
962
965
954
957
948
959
950
962
959
966
975
960
971
960
960
966
970
967
952
954
960
958
939
965
955
963
960
951
968
955
958
957
970
955
952
972
963
955
962
962
946
962
948
969
957
955
955
947
959
962
975
965
956
959
969
962
946
956
977
957
956
954
957
969
980
960
954
950
967
945
979
972
955
956
977
958
975
970
970
965
948
951
945
945
968
977
971
939
969
955
965
978
971
940
949
956
964
937
941
955
964
973
959
962
975
935
973
976
963
944
967
966
972
961
969
966
950
962
970
954
972
957
973
980
985
965
948
977
975
969
971
965
968
958
972
965
967
971
959
963
976
993
979
969
955
958
950
947
973
962
965
970
966
969
971
951
969
970
964
964
960
963
978
965
963
984
976
980
978
971
970
966
975
966
954
959
962
962
955
959
957
953
964
965
957
970
974
962
971
954
976
974
974
981
957
973
973
974
972
960
949
957
967
967
967
963
974
984
986
982
972
978
990
971
963
966
964
980
972
959
961
985
983
975
980
973
963
964
961
973
948
965
982
973
975
977
964
967
965
963
978
978
960
977
972
957
973
970
976
970
980
957
968
973
965
979
978
962
960
964
969
965
989
986
984
977
963
954
963
967
980
962
956
978
979
988
980
978
979
975
976
982
982
983
968
980
979
982
973
975
972
995
979
984
976
964
990
987
983
982
977
980
966
965
972
972
966
976
975
990
974
986
990
979
977
980
1001
996
992
986
984
989
999
983
971
968
971
975
983
985
984
979
977
980
978
972
983
993
993
972
978
1001
995
975
985
981
977
977
987
989
954
967
990
976
957
984
976
981
984
980
991
974
979
975
980
987
988
990
974
973
976
996
996
984
1004
989
981
976
970
976
986
988
981
986
985
994
979
994
990
980
975
985
1003
987
999
993
997
994
995
995
999
1003
1001
983
994
992
990
987
980
984
975
1000
994
991
987
989
996
986
983
973
990
973
983
1004
1000
980
977
984
986
997
994
993
997
992
986
993
987
993
990
1001
1006
992
992
998
979
978
993
976
981
987
988
983
992
997
990
988
994
1003
994
987
989
999
994
996
994
1001
1004
997
990
987
979
987
996
996
989
983
984
996
984
990
992
989
997
993
994
991
1002
1005
1000
1006
999
995
990
981
978
979
992
987
993
994
995
999
999
1007
998
998
997
987
994
991
999
995
994
995
1003
991
991
998
1004
1008
998
996
991
985
983
991
1001
991
996
1009
1001
996
996
1001
997
993
999
1000
995
990
1002
996
1000
1008
1010
1004
1001
992
999
1007
1003
1000
997
1004
987
988
992
999
996
999
994
992
988
1007
1002
1003
1009
1007
1007
1013
1001
1000
1001
994
1003
1010
1001
1005
1008
1011
1007
1013
1015
1006
1000
995
1003
1000
999
1009
1008
996
985
1003
1016
1016
1013
1012
1007
1004
1004
1015
1007
1007
1013
1010
1006
996
1006
1009
1006
1010
1005
1008
995
1002
1014
1021
1016
1000
1007
1009
1008
1017
1004
1009
1011
1014
1021
1019
1024
1027
1021
1018
1006
1003
999
997
1002
1009
1007
1009
1009
1000
998
992
1001
1001
1001
1003
1001
1007
1014
1011
1015
1008
1004
1004
1001
1010
1004
1009
1028
