1065
921
921
945
930
920
927
934
953
933
938
944
922
916
941
920
933
936
931
922
918
926
909
932
938
934
931
935
936
932
916
922
947
928
937
924
941
928
921
927
917
917
934
942
929
936
943
933
930
943
930
946
942
927
948
931
935
947
926
933
927
928
934
918
921
936
935
927
940
930
929
926
919
932
929
914
929
938
930
936
925
930
923
919
931
932
949
929
924
946
957
931
943
938
936
956
940
930
922
938
933
958
945
946
934
938
936
936
921
917
927
932
923
932
926
928
915
918
922
937
935
939
917
938
916
934
909
949
942
951
935
920
927
915
934
936
932
935
909
938
925
933
932
916
934
923
918
951
953
942
938
942
927
924
932
933
921
931
914
925
925
934
923
941
935
933
935
956
939
950
941
935
940
926
929
946
927
934
938
941
930
910
939
932
922
934
916
933
931
920
904
925
940
903
933
931
935
948
948
940
930
954
926
933
921
920
925
924
913
923
922
938
922
934
922
943
922
933
956
920
924
937
949
948
932
915
931
920
925
949
951
925
935
930
936
929
918
924
926
932
924
946
940
922
935
939
920
929
932
937
932
946
920
928
943
918
905
942
933
933
933
939
932
920
945
934
918
931
921
932
931
938
926
922
929
923
925
938
937
936
911
932
941
920
936
939
948
939
920
924
936
946
931
948
947
934
946
911
928
939
942
942
939
937
921
940
938
916
944
929
910
943
940
921
934
925
939
936
915
935
921
940
936
926
958
928
938
925
927
939
936
919
925
924
923
930
932
932
949
930
932
954
915
919
929
926
947
930
936
943
922
946
957
928
940
935
927
934
936
950
934
933
924
935
928
941
924
931
925
923
959
929
902
929
924
935
928
948
922
932
932
935
925
920
937
931
912
927
929
920
943
925
926
935
934
908
932
936
917
909
933
919
935
933
948
935
938
952
941
916
939
921
959
927
936
919
936
956
939
927
940
942
926
945
941
919
936
926
908
937
931
945
948
945
933
937
942
939
943
927
924
922
923
932
920
934
939
957
937
918
940
932
924
932
929
924
913
921
926
945
918
913
929
932
944
949
929
923
924
924
926
923
929
928
946
909
926
937
942
940
925
946
938
931
939
907
934
931
916
947
952
939
911
921
930
927
949
936
945
942
939
930
923
926
936
914
922
921
943
930
949
936
941
931
931
919
923
941
940
931
941
916
926
909
927
940
932
927
918
940
944
940
932
951
928
939
937
929
927
935
943
931
939
964
942
935
952
928
940
939
927
936
933
920
935
932
944
946
942
944
921
953
910
943
910
932
932
944
940
927
925
923
942
905
948
933
938
932
943
931
932
934
951
920
926
927
944
926
897
929
963
940
933
937
941
932
936
936
932
921
910
933
939
942
914
916
934
947
945
949
920
934
935
940
947
917
931
941
919
947
947
935
952
925
927
933
911
942
941
955
935
942
944
950
944
924
932
935
923
936
935
936
932
943
937
939
929
909
921
931
927
930
920
927
920
914
936
936
923
933
952
921
924
916
913
918
946
910
946
953
934
945
933
939
947
934
952
947
927
929
941
932
938
934
938
938
932
945
941
931
927
924
938
938
934
940
947
944
931
962
919
922
935
928
894
931
921
929
934
942
926
923
922
934
920
951
931
938
937
927
929
936
939
942
943
950
927
938
942
947
934
931
927
923
941
953
939
928
933
940
943
922
937
938
936
929
933
934
930
938
943
956
936
949
930
938
928
917
924
938
933
927
932
932
933
940
913
945
905
931
925
950
928
946
932
951
918
916
925
940
932
942
937
937
933
949
941
941
925
933
924
931
937
944
925
937
956
939
919
921
908
934
925
934
929
921
947
941
932
936
933
923
950
954
932
930
934
942
946
938
924
929
944
922
932
923
929
922
940
932
939
925
946
953
950
928
930
948
941
949
928
914
913
922
920
929
932
933
942
897
913
922
930
930
924
938
933
945
940
916
931
933
935
944
927
953
925
910
927
937
913
926
923
916
919
935
935
930
919
935
915
926
930
926
932
943
916
961
949
957
947
948
932
906
914
926
936
911
942
917
925
931
946
949
945
947
941
938
939
949
935
961
925
907
929
931
939
946
924
936
940
959
932
932
935
933
953
927
925
928
918
933
933
920
941
924
924
926
919
934
931
931
941
949
915
933
929
942
943
951
940
937
932
915
927
931
935
929
915
919
935
939
929
928
936
928
923
942
904
933
922
932
956
926
936
940
929
935
940
915
933
931
950
949
936
940
931
934
947
917
946
943
915
951
921
937
933
932
953
938
936
925
939
923
923
951
934
920
935
940
929
942
916
922
943
930
921
940
924
941
941
926
921
941
944
941
925
945
947
935
941
922
927
922
908
932
940
928
918
894
938
941
934
930
910
913
928
949
937
927
939
934
925
936
925
944
933
935
940
941
946
944
925
927
933
938
925
940
930
946
918
946
947
930
937
932
954
951
947
924
949
925
927
948
933
931
935
908
915
921
950
940
936
943
952
930
941
921
917
931
911
916
918
933
931
925
917
915
921
923
933
936
934
923
924
934
939
923
908
926
921
947
920
958
913
927
926
923
916
936
929
924
926
914
938
931
919
933
926
932
928
947
941
941
932
922
908
954
953
923
929
929
943
939
926
926
920
925
938
941
933
937
921
936
926
943
937
940
912
922
932
938
928
940
953
919
943
930
922
952
926
937
933
941
921
904
913
950
931
952
915
933
940
942
919
921
934
934
933
953
937
943
923
924
934
952
936
934
948
914
948
931
946
933
925
928
931
928
908
918
941
927
932
925
928
945
930
940
959
909
935
930
941
932
934
918
935
939
932
948
939
943
947
942
948
935
929
921
948
938
949
923
981
998
1010
1017
1021
1027
1032
1035
1036
1039
1042
1043
1046
1048
1048
1050
1051
1051
1051
1051
1053
1054
1054
1054
1055
1055
1056
1056
1056
1057
1057
1057
1058
1058
1058
1059
1059
1059
1059
1059
1059
1059
1059
1059
1059
1059
1059
1059
1059
1059
1060
1060
1060
1060
1060
1060
1060
1060
1060
1060
1060
1060
1060
1060
1060
1060
1060
1060
1060
1060
1060
1060
1060
1061
1061
1061
1061
1061
1061
1061
1061
1061
1061
1061
1061
1061
1061
1061
1061
1061
1061
1061
1061
1061
1061
1061
1061
1061
1061
1061
1061
1061
1061
1061
1061
1061
1061
1061
1061
1061
1061
1061
1061
1061
1061
1061
1061
1061
1061
1061
1061
1061
1061
1061
1061
1061
1061
1061
1061
1061
1061
1061
1061
1061
1061
1061
1061
1061
1061
1061
1061
1061
1061
1061
1061
1061
1061
1061
1061
1061
1061
1061
1061
1061
1061
1061
1061
1061
1061
1061
1061
1061
1061
1061
1061
1061
1061
1061
1061
1061
1061
1061
1061
1061
1061
1061
1061
1061
1061
1061
1061
1061
1061
1061
1061
1061
1061
1061
1061
1061
1061
1061
1061
1062
1062
1062
1062
1062
1062
1062
1062
1062
1062
1062
1062
1062
1062
1062
1062
1062
1062
1062
1062
1062
1062
1062
1062
1062
1062
1062
1062
1062
1062
1062
1062
1062
1062
1062
1062
1062
1062
1062
1062
1062
1062
1062
1062
1062
1062
1062
1062
1062
1062
1062
1062
1062
1062
1062
1062
1062
1062
1062
1062
1062
1062
1062
1062
1062
1062
1062
1062
1062
1062
1062
1062
1062
1062
1062
1062
1062
1062
1062
1062
1062
1062
1062
1062
1062
1062
1062
1062
1062
1062
1062
1062
1062
1062
1062
1062
1062
1062
1062
1062
1062
1062
1062
1062
1062
1062
1062
1062
1062
1062
1062
1062
1062
1062
1062
1062
1062
1062
1062
1062
1062
1062
1062
1062
1062
1062
1062
1062
1062
1062
1062
1062
1062
1062
1062
1062
1062
1062
1062
1062
1062
1062
1062
1062
1062
1062
1062
1062
1062
1062
1062
1062
1062
1062
1062
1062
1062
1062
1062
1062
1062
1062
1062
1062
1062
1062
1062
1062
1062
1062
1062
1062
1062
1062
1062
1062
1062
1062
1062
1062
1062
1062
1062
1062
1062
1062
1062
1062
1062
1062
1062
1062
1062
1062
1062
1062
1062
1062
1062
1062
1062
1062
1062
1062
1062
1062
1062
1062
1062
1062
1062
1062
1062
1062
1062
1062
1062
1062
1062
1062
1062
1062
1062
1062
1062
1062
1062
1062
1062
1062
1062
1062
1062
1062
1062
1062
1062
1062
1062
1062
1062
1062
1062
1062
1062
1062
1062
1062
1062
1062
1062
1062
1062
1062
1062
1062
1062
1062
1062
1062
1062
1062
1062
1062
1062
1062
1062
1062
1062
1062
1062
1062
1062
1062
1062
1062
1062
1062
1062
1062
1062
1062
1062
1062
1062
1062
1062
1062
1062
1062
1062
1062
1062
1062
1062
1062
1062
1062
1062
1062
1062
1062
1062
1062
1062
1062
1062
1062
1062
1062
1062
1062
1062
1062
1062
1062
1062
1062
1062
1062
1062
1062
1062
1062
1062
1062
1062
1062
1062
1062
1062
1062
1062
1062
1062
1062
1062
1062
1062
1062
1062
1062
1062
1062
1062
1062
1062
1062
1062
1062
1062
1062
1062
1062
1062
1062
1062
1062
1062
1062
1062
1062
1062
1062
1062
1062
1062
1062
1062
1062
1062
1062
1062
1062
1062
1062
1062
1062
1062
1062
1062
1062
1062
1062
1062
1062
1062
1062
1062
1062
1062
1062
1062
1062
1062
1062
1062
1062
1062
1062
1062
1062
1062
1062
1062
1062
1062
1062
1062
1062
1062
1062
1062
1062
1062
1062
1062
1062
1062
1062
1062
1062
1062
1062
1062
1062
1062
1062
1062
1062
1062
1062
1062
1062
1062
1062
1062
1062
1062
1062
1062
1062
1062
1062
1062
1062
1062
1062
1062
1062
1062
1062
1062
1062
1062
1062
1062
1062
1062
1062
1062
1062
1062
1062
1062
1062
1062
1062
1062
1062
1062
1062
1062
1062
1062
1062
1062
1062
1062
1062
1062
1062
1062
1062
1062
1062
1062
1062
1062
1062
1062
1062
1062
1062
1062
1062
1062
1062
1062
1062
1062
1062
1062
1062
1062
1062
1062
1062
1062
1062
1062
1062
1062
1062
1062
1062
1062
1062
1062
1062
1062
1062
1062
1062
1062
1062
1062
1062
1062
1062
1062
1062
1062
1062
1062
1062
1062
1062
1062
1062
1062
1062
1062
1062
1062
1062
1062
1062
1062
1062
1062
1062
1062
1062
1062
1062
1062
1062
1062
1062
1062
1062
1062
1062
1062
1062
1062
1062
1062
1062
1062
1062
1062
1062
1062
1062
1062
1062
1062
1062
1062
1062
1062
1062
1062
1062
1062
1062
1062
1062
1062
1062
1062
1062
1062
1062
1062
1062
1062
1062
1062
1062
1062
1062
1062
1062
1062
1062
1062
1062
1062
1062
1062
1062
1062
1062
1062
1062
1062
1062
1062
1063
1063
1063
1063
1063
1063
1063
1063
1063
1063
1063
1063
1063
1063
1063
1063
1063
1063
1063
1063
1063
1063
1063
1063
1063
1063
1063
1063
1063
1063
1063
1063
1063
1063
1063
1063
1063
1063
1063
1063
1063
1063
1063
1063
1063
1063
1063
1063
1063
1063
1063
1063
1063
1063
1063
1063
1063
1063
1063
1063
1063
1063
1063
1063
1063
1063
1063
1063
1063
1063
1063
1063
1063
1063
1063
1063
1063
1063
1063
1063
1063
1063
1063
1063
1063
1063
1063
1063
1063
1063
1063
1063
1063
1063
1063
1063
1063
1063
1063
1063
1063
1063
1063
1063
1063
1063
1063
1063
1063
1063
1063
1063
1063
1063
1063
1063
1063
1063
1063
1063
1063
1063
1063
1063
1063
1063
1063
1063
1063
1063
1063
1063
1063
1063
1063
1063
1063
1063
1063
1063
1063
1063
1063
1063
1063
1063
1063
1063
1063
1063
1063
1063
1063
1063
1063
1063
1063
1063
1063
1063
1063
1063
1063
1063
1063
1063
1063
1063
1063
1063
1063
1063
1063
1063
1063
1063
1063
1063
1063
1063
1063
1063
1063
1063
1063
1063
1063
1063
1063
1063
1063
1063
1063
1063
1063
1063
1063
1063
1063
1063
1063
1063
1063
1063
1063
1063
1063
1063
1063
1063
1063
1063
1063
1063
1063
1063
1063
1063
1063
1063
1063
1063
1063
1063
1063
1063
1063
1063
1063
1063
1063
1063
1063
1063
1063
1063
1063
1063
1063
1063
1063
1063
1063
1063
1063
1063
1063
1063
1063
1063
1063
1063
1063
1063
1063
1063
1063
1063
1063
1063
1063
1063
1063
1063
1063
1063
1063
1063
1063
1063
1063
1063
1063
1063
1063
1063
1063
1063
1063
1063
1063
1063
1063
1063
1063
1063
1063
1063
1063
1063
1063
1063
1063
1063
1063
1063
1063
1063
1063
1063
1063
1063
1063
1063
1063
1063
1063
1063
1063
1063
1063
1063
1063
1063
1063
1063
1063
1063
1063
1063
1063
1063
1063
1063
1063
1063
1063
1063
1063
1063
1063
1063
1063
1063
1063
1063
1063
1063
1063
1063
1063
1063
1063
1063
1063
1063
1063
1063
1063
1063
1063
1063
1063
1063
1063
1063
1063
1063
1063
1063
1063
1063
1063
1063
1063
1063
1063
1063
1063
1063
1063
1063
1063
1063
1063
1063
1063
1063
1063
1063
1063
1063
1063
1063
1063
1063
1063
1063
1063
1063
1064
1064
1064
1064
1064
1064
1064
1064
1064
1064
1064
1064
1064
1064
1064
1064
1064
1064
1064
1064
1064
1064
1064
1064
1064
1064
1064
1064
1064
1064
1064
1064
1064
1064
1064
1064
1064
1064
1064
1064
1064
1064
1064
1064
1064
