1065
920
926
925
920
928
947
927
934
936
929
928
921
904
946
919
938
932
936
929
934
925
924
934
917
937
921
925
919
932
944
933
932
932
920
939
923
905
935
946
943
932
929
948
889
911
947
939
919
927
948
932
926
917
936
940
931
929
920
954
936
950
926
911
928
949
931
928
935
934
936
908
941
927
930
943
939
945
933
939
935
926
927
938
934
941
918
922
920
937
927
919
925
923
930
948
942
940
926
938
936
921
915
938
943
930
910
936
924
920
927
932
954
947
932
929
923
935
939
931
934
922
927
940
937
948
923
932
945
957
942
936
929
933
917
941
919
919
939
929
934
922
923
928
926
920
943
937
941
931
953
929
944
954
925
919
934
927
937
931
941
946
944
937
915
938
931
938
941
922
933
938
951
933
933
921
936
920
941
921
926
945
916
929
932
920
922
934
929
940
927
929
927
946
936
908
921
898
933
955
926
923
907
928
944
941
930
925
936
931
932
930
923
926
943
939
926
939
943
924
942
931
946
941
938
931
934
950
920
935
933
922
936
931
934
939
942
936
921
932
941
929
917
928
926
931
949
933
920
934
926
915
935
940
957
938
935
936
943
932
919
959
934
921
939
934
932
937
932
942
926
918
925
908
938
903
928
943
916
935
959
932
912
931
937
938
930
943
925
944
928
924
930
937
930
928
947
939
941
934
934
942
933
945
945
922
943
937
939
940
946
929
930
930
928
925
930
943
918
927
944
933
921
934
937
943
943
940
934
930
932
941
937
922
909
930
925
920
919
932
934
919
923
948
911
928
919
924
913
919
927
928
931
906
936
948
937
926
947
908
936
921
937
915
945
907
952
916
924
928
933
948
929
923
948
948
922
953
926
920
943
921
940
923
927
941
937
944
922
929
920
922
918
910
933
938
937
944
924
951
950
938
920
928
934
945
926
947
955
930
934
939
940
937
906
939
941
948
944
952
939
930
927
927
946
949
937
923
912
916
935
932
933
938
923
907
908
936
947
924
925
908
918
943
947
948
928
936
944
926
941
928
940
905
951
931
937
925
908
937
926
950
943
926
915
928
948
938
917
949
937
907
931
925
925
922
930
916
920
941
940
936
938
942
937
923
942
927
933
933
937
951
954
941
945
949
935
936
934
935
939
935
939
931
931
933
933
914
930
928
952
933
918
938
920
932
945
931
922
949
924
927
930
962
934
921
930
935
941
945
938
958
920
934
914
939
934
948
931
937
931
925
946
927
935
931
926
940
963
934
908
907
927
938
912
909
935
941
929
919
944
922
911
908
918
934
934
933
930
943
923
913
954
920
949
927
904
929
931
943
946
948
922
907
940
931
950
941
945
914
925
927
929
926
934
906
922
914
910
924
934
926
926
950
929
917
939
927
935
913
936
916
942
934
936
947
921
922
937
923
940
944
946
909
925
924
920
947
920
922
924
924
918
914
929
937
942
932
945
938
915
930
938
936
936
935
939
927
927
932
946
924
937
933
945
914
934
930
911
929
949
925
932
946
919
917
935
929
932
945
937
944
942
939
936
947
928
931
933
927
925
927
939
939
932
939
925
921
934
937
924
951
930
934
933
927
924
936
943
947
934
944
933
937
933
924
946
934
928
938
913
950
945
930
950
922
950
944
941
944
909
939
938
940
918
925
932
932
931
941
934
921
917
928
916
941
933
929
903
906
924
921
916
922
923
930
934
926
927
935
933
936
946
942
899
939
931
938
935
937
933
931
928
932
923
945
944
940
933
934
939
939
921
937
942
938
925
924
907
924
941
923
940
904
942
939
931
945
930
919
922
956
949
955
936
928
934
939
933
938
946
930
926
938
935
943
924
921
917
913
932
924
945
935
920
933
920
947
927
934
932
924
922
968
917
933
923
935
922
925
923
945
916
950
932
942
925
930
916
922
911
921
931
937
916
936
929
925
929
945
928
926
910
933
942
949
929
922
924
944
944
934
940
942
937
942
919
898
936
928
931
931
945
942
919
926
935
929
933
938
932
908
950
942
919
942
927
910
954
941
933
922
925
941
926
928
951
949
943
934
933
936
937
949
945
930
931
935
931
919
930
922
922
927
909
936
946
940
928
917
928
925
913
922
934
935
936
950
939
908
927
935
937
921
920
937
926
934
941
928
930
949
920
937
933
938
928
914
930
942
935
934
928
925
940
939
920
937
944
922
936
938
924
943
941
933
913
918
926
941
934
963
927
941
937
916
922
921
924
932
918
958
934
915
917
932
922
940
922
925
930
939
943
933
908
940
934
945
939
936
946
930
935
915
939
916
923
926
932
925
928
922
927
923
912
929
938
932
919
930
939
913
931
940
938
914
929
938
917
939
923
925
938
946
935
929
936
912
945
943
963
930
942
933
920
932
931
935
945
931
925
920
950
931
945
933
936
912
935
917
910
946
939
944
939
938
953
935
933
935
931
937
916
933
934
930
949
929
961
932
941
945
927
936
931
929
922
945
933
916
917
925
926
926
938
950
920
935
919
923
920
925
933
932
935
925
918
936
937
925
935
920
912
929
947
921
917
942
937
918
916
927
936
941
936
941
937
946
920
934
950
942
938
933
942
940
918
925
925
951
946
916
942
930
948
933
933
922
932
938
927
911
926
934
930
948
904
949
920
932
929
912
942
939
935
940
938
934
940
919
930
929
933
919
931
953
937
928
906
930
929
948
916
925
933
949
908
941
938
917
929
937
937
937
922
945
946
944
939
933
932
949
942
948
927
920
932
942
926
920
928
946
913
938
951
931
931
902
941
927
934
933
930
937
941
937
923
914
927
931
943
948
943
937
924
949
962
927
927
919
912
923
926
932
922
927
941
899
928
937
936
947
926
932
943
938
939
931
943
949
926
930
930
917
941
939
938
931
937
932
912
920
945
930
901
940
928
931
934
911
947
926
923
925
926
942
929
949
945
941
945
946
954
938
934
939
931
932
923
931
953
961
934
921
923
947
922
918
919
923
929
935
931
939
936
942
942
917
933
922
943
936
935
923
937
932
924
925
912
949
941
952
922
925
931
948
930
915
937
940
928
939
914
909
950
920
928
935
918
938
927
933
924
928
940
926
952
942
917
936
926
940
926
934
947
939
941
936
933
927
929
925
937
936
942
953
917
944
929
927
946
950
919
940
928
939
915
944
916
924
933
931
935
926
942
914
932
926
939
922
935
935
904
942
951
928
923
954
928
943
913
916
968
936
938
946
923
934
932
929
917
927
916
925
924
919
921
918
935
923
920
921
908
927
937
917
930
920
931
930
924
927
932
941
937
926
937
944
923
930
923
920
915
917
928
923
914
930
943
933
920
937
943
923
932
926
925
923
936
925
938
966
938
938
926
918
907
953
905
924
939
926
913
928
926
928
929
922
931
926
926
940
935
925
920
938
931
924
931
932
940
925
938
952
944
931
929
943
935
932
923
922
937
929
930
934
919
933
944
930
941
936
936
930
922
933
936
920
933
952
923
912
940
932
935
927
943
935
940
922
929
934
940
939
947
934
923
923
926
948
943
922
949
948
927
935
940
923
919
935
943
941
945
928
927
925
920
940
929
946
933
920
944
931
924
926
936
946
934
924
934
912
922
960
940
933
945
935
940
953
930
914
916
942
929
919
919
928
936
912
946
919
920
956
930
924
944
928
934
936
914
944
929
938
943
925
940
946
968
938
928
938
927
906
937
922
930
947
953
936
949
937
926
928
917
933
935
940
933
937
925
909
921
928
928
934
932
933
930
924
945
926
947
944
938
940
938
927
916
940
942
937
943
952
928
933
947
932
936
941
934
922
944
941
936
942
928
946
945
922
920
941
933
931
922
941
934
941
932
924
920
934
938
930
930
928
932
956
935
925
912
909
936
953
930
946
926
921
934
919
942
934
928
906
942
924
929
942
938
923
939
937
935
934
926
933
939
924
909
933
930
942
942
942
934
941
931
931
941
926
925
930
922
904
922
928
936
939
925
932
927
910
946
941
938
932
915
905
913
938
940
933
947
919
928
931
936
925
941
942
942
933
924
924
917
917
951
932
914
942
921
931
926
940
919
948
948
939
925
933
920
920
934
917
913
922
933
917
942
917
953
935
940
937
936
952
941
919
960
938
912
933
930
926
921
935
927
932
931
923
922
924
922
930
932
930
963
928
918
931
930
934
932
914
911
932
928
926
923
950
937
940
927
933
934
938
937
948
918
906
928
927
940
948
926
923
925
932
921
924
913
962
937
925
916
949
939
949
948
926
933
935
922
919
941
923
932
929
931
919
931
934
937
933
934
930
952
942
944
941
928
920
943
937
930
936
941
938
930
919
928
932
951
935
924
920
953
927
940
945
929
937
930
939
948
920
934
909
925
913
931
933
919
927
935
924
915
929
932
935
924
923
958
918
938
938
943
928
930
945
919
926
944
902
927
942
936
918
930
940
918
960
935
949
933
939
939
927
935
930
916
929
933
924
951
955
919
938
917
928
940
924
941
924
935
935
932
939
948
950
936
911
933
918
927
928
928
943
930
927
922
944
939
939
934
955
948
933
939
921
917
934
932
922
955
927
932
935
920
924
938
934
925
932
951
921
942
939
940
913
927
929
937
915
934
935
939
928
906
954
943
936
927
907
928
920
909
910
927
919
930
947
929
932
922
912
919
938
945
930
930
926
919
936
936
929
948
937
937
937
937
941
921
916
924
934
928
932
939
918
942
914
921
935
921
948
914
934
939
924
928
949
939
940
923
911
925
926
929
929
915
940
949
936
919
922
936
946
933
902
956
933
928
932
936
934
950
925
912
931
935
931
942
967
935
927
921
920
939
925
934
923
934
915
935
953
924
915
940
935
934
942
935
948
928
928
935
918
928
945
923
929
933
923
935
910
949
937
917
932
910
931
920
932
932
930
931
917
933
951
934
930
934
929
929
932
929
923
911
922
918
941
932
935
923
934
924
925
935
937
924
920
921
941
938
935
934
940
935
955
939
935
944
950
949
925
921
940
922
938
933
932
945
958
940
930
930
932
938
936
929
916
943
944
941
942
931
926
941
943
935
945
923
929
945
928
925
929
928
936
928
937
961
943
942
947
923
917
939
958
944
932
933
923
933
940
949
919
916
938
940
936
951
916
948
946
912
933
952
924
936
932
931
943
930
934
926
940
937
941
916
952
935
929
931
931
941
941
921
941
936
929
935
942
943
912
926
919
912
912
929
941
957
939
911
944
920
932
943
947
945
942
935
939
930
927
931
930
924
925
928
944
911
929
945
932
926
932
924
923
928
957
932
940
926
939
953
929
930
924
946
911
947
950
945
920
919
932
947
932
920
945
941
939
933
953
921
907
937
929
948
943
939
941
946
937
931
945
927
932
934
942
935
942
938
921
922
929
924
924
937
934
933
927
927
944
939
949
938
932
929
927
930
923
918
947
930
939
915
923
906
939
931
923
921
936
946
966
943
926
934
941
933
938
940
938
932
931
945
921
923
946
947
934
930
919
936
943
950
943
923
934
913
924
944
940
915
931
938
940
922
934
928
928
924
923
930
934
939
930
936
935
930
940
936
933
944
912
914
930
951
934
939
931
928
913
916
911
942
944
932
924
940
931
916
935
935
904
925
934
928
917
933
927
926
932
923
931
929
929
934
925
922
931
941
931
924
928
924
927
931
930
951
919
951
923
935
924
922
923
977
