1065
915
936
928
919
908
911
940
946
939
936
925
959
933
931
943
929
940
918
920
912
917
903
932
935
930
932
937
928
919
939
920
935
909
913
941
949
930
929
920
946
928
935
910
939
923
937
955
938
932
928
938
944
943
943
925
923
935
925
951
927
925
926
944
943
921
930
939
942
947
929
941
931
936
907
950
931
944
944
934
944
934
935
916
937
942
935
948
923
930
926
939
931
920
911
927
928
921
929
923
926
913
948
925
915
923
930
937
943
913
921
931
924
926
937
926
930
922
946
922
929
934
954
916
927
916
928
924
935
923
941
923
934
934
934
914
924
944
905
941
922
929
940
933
924
949
934
930
937
927
920
926
943
925
951
945
924
946
927
923
934
933
932
936
950
912
929
945
939
943
927
922
937
921
945
917
930
917
957
925
953
935
917
942
917
924
927
938
933
946
939
942
939
935
921
938
940
938
934
932
928
937
935
937
933
918
946
937
920
913
936
944
918
936
956
937
936
930
930
931
934
941
919
928
921
921
944
922
932
928
925
932
940
938
934
936
954
925
937
928
930
923
938
927
938
928
934
937
934
953
940
921
945
918
943
926
926
908
935
920
944
938
911
937
949
936
918
931
927
942
929
930
940
953
926
929
934
922
930
929
931
931
930
939
917
931
937
940
941
952
934
930
929
927
938
928
950
942
921
934
932
927
931
943
954
933
931
938
945
936
939
924
923
936
952
958
919
939
931
936
942
944
915
928
925
936
925
941
939
932
941
935
911
924
947
942
928
922
944
930
953
939
937
927
933
925
918
945
949
932
945
937
939
943
938
953
933
933
924
928
935
952
939
936
940
914
927
948
946
950
946
944
923
930
946
907
958
944
941
936
933
921
947
934
924
935
940
941
919
929
942
942
941
954
944
947
936
936
936
914
937
915
929
935
908
939
923
932
940
946
939
932
927
929
923
961
953
922
932
944
947
936
921
948
938
942
943
947
933
939
952
936
928
940
943
931
929
922
958
933
934
956
919
923
940
952
932
927
935
931
930
933
920
944
926
927
956
938
921
953
936
937
930
939
933
941
939
945
915
931
944
941
948
936
946
929
941
953
965
943
939
950
931
938
949
931
940
923
933
930
924
934
932
947
943
936
913
946
958
923
909
941
929
942
960
941
943
943
939
955
932
922
908
926
948
929
944
940
943
932
926
944
934
947
937
942
943
923
942
943
931
939
944
941
944
941
921
953
937
925
930
958
924
930
937
931
948
940
944
921
932
949
929
935
953
938
937
939
949
931
935
916
914
934
938
943
937
948
945
927
931
944
926
932
953
945
945
961
926
932
948
935
938
922
934
936
958
940
930
912
921
927
942
926
932
957
917
935
965
910
936
967
951
928
927
937
962
932
936
949
928
916
957
938
953
937
932
951
935
938
923
944
963
937
949
936
920
929
944
923
960
934
944
940
951
943
952
942
943
943
943
949
925
914
939
926
929
937
937
935
921
927
932
935
942
958
938
945
950
949
939
956
944
957
952
937
922
914
951
951
936
940
915
944
951
947
952
920
936
928
951
946
925
930
936
928
945
905
939
953
952
939
939
929
925
937
929
927
936
938
943
930
947
935
946
923
962
948
948
962
926
930
931
940
940
945
953
923
935
960
952
954
956
943
940
963
920
944
936
945
945
947
950
928
938
946
922
956
952
947
949
944
939
943
947
948
935
938
951
926
938
929
945
945
932
944
947
944
945
934
941
946
934
961
940
947
945
956
945
965
946
924
944
958
922
940
928
943
950
946
926
937
947
945
940
940
943
940
942
947
946
968
957
943
942
937
950
924
932
952
948
950
946
942
941
943
962
959
953
945
941
942
947
940
940
927
935
937
950
929
959
955
956
939
954
942
940
923
944
938
932
950
934
933
942
945
938
961
945
921
948
926
944
944
956
945
941
938
947
935
949
949
956
951
953
959
940
952
936
964
958
947
945
962
948
955
958
952
938
941
955
944
962
963
957
949
942
955
946
957
944
941
954
945
938
942
952
947
931
935
940
954
968
966
949
934
945
941
937
949
950
942
932
946
949
941
942
937
951
950
938
934
958
944
954
961
938
933
952
958
941
954
947
965
940
962
933
950
938
951
959
940
953
956
956
937
955
944
936
946
944
961
941
937
952
953
957
965
954
971
950
956
957
955
948
957
949
954
928
948
946
957
955
956
969
948
944
944
951
942
943
956
953
963
961
952
963
961
955
967
959
961
958
957
950
950
957
977
955
950
967
951
965
963
961
980
947
950
954
963
948
970
965
949
945
964
931
969
960
965
980
973
955
960
968
946
950
949
944
952
948
960
941
946
958
977
971
971
952
949
962
957
948
957
952
964
958
963
946
969
965
959
954
943
946
954
936
963
951
982
969
972
955
973
958
951
956
964
944
954
966
971
965
988
977
940
952
972
955
966
949
978
974
963
976
980
967
994
984
985
971
974
966
972
973
980
975
955
977
971
971
980
981
977
968
956
950
960
977
954
979
973
972
956
958
977
957
974
987
971
960
957
965
971
972
970
978
968
982
975
969
979
982
984
972
956
976
976
967
975
972
962
971
975
978
979
975
984
970
974
967
968
980
959
963
974
988
979
979
979
998
988
988
979
976
980
982
981
969
988
972
963
977
968
981
993
979
970
980
964
972
966
976
974
969
987
983
983
981
980
977
969
999
988
979
972
970
984
978
973
978
979
982
991
984
979
973
963
975
980
994
975
974
985
980
989
989
991
998
974
981
975
989
990
992
987
993
988
982
983
986
979
979
977
986
976
993
981
989
993
975
984
993
989
994
983
992
986
991
989
996
994
1004
995
1004
1008
1008
1001
1001
1007
1002
998
1001
1002
984
971
985
1003
991
982
985
976
989
995
999
1006
1008
999
992
1004
1002
989
995
1008
1015
1012
1002
992
984
995
1004
1003
1002
999
985
988
994
1004
1000
1006
999
1002
1001
1007
1014
999
995
990
992
990
994
999
993
989
996
996
1003
1009
1003
993
993
998
1007
1009
1006
996
1003
1005
1003
1003
1003
1008
1004
1004
1007
1006
999
993
984
996
1003
1003
1012
1002
1000
1005
1004
1015
1016
1016
1015
1021
1025
1017
1012
1012
1009
1011
1017
1019
1022
1031
1027
1031
1030
1027
1024
1021
1025
1022
1022
1019
1014
1011
1012
1021
1024
1018
1022
1026
1018
1016
1013
1011
1017
1016
1011
1007
1008
1010
1018
1010
1012
1016
1017
1019
1023
1027
1030
1029
1032
1020
1018
1023
1021
1023
1024
1026
1026
1030
1023
1022
1026
1024
1026
1030
1030
1030
1029
1031
1029
1027
1029
1033
1037
1036
1037
1039
1039
1038
1034
1033
1039
1040
1031
1016
1022
1027
1024
1021
1022
1024
1023
1025
1017
1027
1024
1021
1026
1032
1023
1031
1036
1032
1032
1034
1035
1029
1032
1034
1028
1033
1034
1037
1034
1036
1039
1036
1033
1031
1029
1028
1026
1032
1033
1032
1030
1028
1026
1022
1023
1030
1031
1035
1039
1040
1039
1041
1042
1042
1041
1039
1041
1038
1038
1036
1035
1034
1034
1029
1030
1032
1033
1037
1040
1039
1042
1041
1049
1045
1044
1042
1045
1045
1044
1042
1040
1040
1042
1042
1039
1034
1036
1042
1041
1042
1041
1042
1044
1043
1043
1042
1042
1043
1045
1043
1043
1045
1043
1041
1044
1045
1043
1042
1040
1039
1040
1043
1043
1042
1043
1044
1041
1042
1045
1045
1043
1048
1049
1049
1049
1049
1048
1046
1046
1047
1049
1051
1051
1048
1047
1044
1046
1045
1045
1045
1046
1047
1047
1045
1043
1041
1044
1043
1046
1045
1046
1046
1046
1045
1046
1044
1042
1043
1043
1047
1050
1049
1049
1047
1048
1049
1047
1049
1050
1050
1049
1049
1049
1048
1048
1049
1049
1050
1049
1050
1050
1049
1051
1050
1048
1048
1048
1048
1047
1046
1047
1051
1050
1051
1051
1050
1051
1051
1052
1055
1055
1056
1054
1052
1054
1053
1054
1054
1054
1054
1054
1053
1053
1051
1054
1054
1053
1053
1053
1053
1054
1054
1054
1054
1054
1055
1055
1055
1057
1057
1057
1056
1056
1056
1056
1059
1060
1060
1060
1060
1058
1058
1058
1058
1058
1059
1059
1058
1058
1059
1059
1060
1060
1060
1061
1061
1061
1060
1059
1059
1060
1060
1058
1060
1061
1061
1061
1062
1062
1062
1062
1062
1060
1060
1060
1060
1059
1061
1061
1062
1062
1062
1062
1062
1062
1062
1062
1062
1062
1062
1063
1063
1063
1064
1063
1063
1063
1063
1063
1063
1063
1063
1064
1064
1064
1064
1063
1063
1063
1063
1063
1063
1063
1063
1063
1063
1063
1063
1063
1063
1063
1063
1063
1063
1063
1063
1063
1063
1063
1064
1064
1064
1064
1064
1064
1064
1064
1064
1064
1064
1064
1064
1063
1064
1064
1064
1064
1064
1064
1064
1064
1064
1064
1064
1064
1064
1064
1064
1064
1064
1064
1064
1064
1064
1064
1064
1064
1064
1064
1064
1064
1064
1064
1064
1064
1064
1064
1064
1064
1064
1064
1064
1064
1064
1064
1064
1064
1064
1064
1064
1064
1064
1064
1064
1064
1064
1064
1064
1064
1064
1064
1064
1064
1064
1064
1064
1064
1064
1064
1064
1064
1064
1064
1064
1064
1064
1064
1064
1064
1064
1064
1064
1064
1064
1064
1064
1064
1064
1064
1064
1064
1064
1064
1064
1064
1064
1064
1064
1064
1064
1064
1064
1064
1064
1064
1064
1064
1064
1064
1064
1064
1064
1064
1064
1064
1064
1064
1064
1064
1064
1064
1064
1064
1064
1064
1064
1064
1064
1064
1064
1064
1064
1064
1064
1064
1064
1064
1064
1064
1064
1064
1064
1064
1064
1064
1064
1064
1064
1064
1064
1064
1064
1064
1064
1064
1064
1064
1064
1064
1064
1064
1064
1064
1064
1064
1064
1064
1064
1064
1064
1064
1064
1064
1064
1064
1064
1064
1064
1064
1064
1064
1064
1064
1064
1064
1064
1064
1064
1064
1064
1064
1064
1064
1064
1064
1064
1064
1064
1064
1064
1064
1064
1064
1064
1064
1064
1064
1064
1064
1064
1064
1064
1064
1064
1064
1064
1064
1064
1064
1064
1064
1064
1064
1064
1064
1064
1064
1064
1064
1064
1064
1064
1064
1064
1064
1064
1064
1064
1064
1064
1064
1064
1064
1064
1064
1064
1064
1064
1064
1064
1064
1064
1064
1064
1064
1064
1064
1064
1064
1064
1064
1064
1064
1064
1064
1064
1064
1064
1064
1064
1064
1064
1064
1064
1064
1064
1064
1064
1064
1064
1064
1064
1064
1064
1064
1064
1064
1064
1064
1064
1064
1064
1064
1064
1064
1064
1064
1064
1064
1064
1064
1064
1064
1064
1064
1064
1064
1064
1064
1064
1064
1064
1064
1064
1064
1064
1064
1064
1064
1064
1064
1064
1064
1064
1064
1064
1064
1064
1064
1064
1064
1064
1064
1064
1064
1064
1064
1064
1064
1064
1064
1064
1064
1064
1064
1064
1064
1064
1064
1064
1064
1064
1064
1064
1064
1064
1064
1064
1064
1064
1064
1064
1064
1064
1064
1064
1064
1064
1064
1064
1064
1064
1064
1064
1064
1064
1064
1064
1064
1064
1064
1064
1064
1064
1064
1064
1064
1064
1064
1064
1064
1064
1064
1064
1064
1064
1064
1064
1064
1064
1064
1064
1064
1064
1064
1064
1064
1064
1064
1064
1064
1064
1064
1064
1064
1064
1064
1064
1064
1064
1064
1064
1064
1064
1064
1064
1064
1064
1064
1064
1064
1064
1064
1064
1064
1064
1064
1064
1064
1064
1064
1064
1064
1064
1064
1064
1064
1064
1064
1064
1064
1064
1064
1064
1064
1064
1064
1064
1064
1064
1064
1064
1064
1064
1064
1064
1064
1064
1064
1064
1064
1064
1064
1064
1064
1064
1064
1064
1064
1064
1064
1064
1064
1064
1064
1064
1064
1064
1064
1064
1064
1064
1064
1064
1064
1064
1064
1064
1064
1064
1064
1064
1064
1064
1064
1064
1064
1064
1064
1064
1064
1064
1064
1064
1064
1064
1064
1064
1064
1064
1064
1064
1064
1064
1064
1064
1064
1064
1064
1064
1064
1064
1064
1064
1064
1064
1064
1064
1064
1064
1064
1064
1064
1064
1064
1064
1064
1064
1064
1064
1064
1064
1064
1064
1064
1064
1064
1064
1064
1064
1064
1064
1064
1064
1064
1064
1064
1064
1064
1064
1064
1064
1064
1064
1064
1064
1064
1064
1064
1064
1064
1064
1064
1064
1064
1064
1064
1064
1064
1064
1064
1064
1064
1064
1064
1064
1064
1064
1064
1064
1064
1064
1064
1064
1064
1064
1064
1064
1064
1064
1064
1064
1064
1064
1064
1064
1064
1064
1064
1064
1064
1064
1064
1064
1064
1064
1064
1064
1064
1064
1064
1064
1064
1064
1064
1064
1064
1064
1064
1064
1064
1064
1064
1064
1064
1064
1064
1064
1064
1064
1064
1064
1064
1064
1064
1064
1064
1064
1064
1064
1064
1064
1064
1064
1064
1064
1064
1064
1064
1064
1064
1064
1064
1064
1064
1064
1064
1064
1064
1064
1064
1064
1064
1064
1064
1064
1064
1064
1064
1064
1064
1064
1064
1064
1064
1064
1064
1064
1064
1064
1064
1064
1064
1064
1064
1064
1064
1064
1064
1064
1064
1064
1064
1064
1064
1064
1064
1064
1064
1064
1064
1064
1064
1064
1064
1064
1064
1064
1064
1064
1064
1064
1064
1064
1064
