1065
924
947
930
915
952
934
918
944
941
953
939
940
944
932
921
933
931
940
923
938
924
913
944
930
925
923
941
950
929
937
947
931
910
931
922
936
924
940
933
927
928
911
923
923
933
937
923
911
929
931
934
917
929
933
918
919
938
939
938
942
929
934
938
931
925
939
942
924
932
930
925
937
935
927
931
945
949
928
935
933
946
928
937
937
936
948
940
929
940
938
945
929
929
938
926
927
929
930
959
944
925
926
959
944
937
932
942
930
936
917
928
926
933
922
929
937
918
944
926
928
912
926
939
953
900
933
917
934
934
935
921
914
948
957
968
929
940
930
934
953
914
919
954
949
938
924
917
917
941
940
934
925
933
935
927
962
927
924
941
935
942
951
953
939
928
921
923
935
923
959
949
944
957
937
934
931
930
903
930
922
921
923
928
945
914
927
928
943
949
939
910
938
911
938
935
938
924
935
943
922
942
930
940
935
943
924
923
943
922
925
937
924
932
942
917
941
936
947
942
933
919
949
925
942
937
937
940
941
936
923
929
918
925
926
921
935
941
913
924
928
926
892
929
925
919
909
945
941
944
911
918
947
951
922
923
938
945
924
937
901
918
925
915
928
950
931
925
943
927
949
934
930
917
925
912
919
920
939
941
915
934
918
940
926
918
941
925
930
938
937
939
934
914
947
926
933
941
941
932
921
922
943
942
952
940
927
915
916
930
931
937
910
924
918
947
942
908
906
911
945
928
925
945
930
922
945
935
948
943
921
933
936
929
943
923
897
944
925
947
928
921
928
932
923
937
925
927
917
952
950
936
928
920
912
935
949
925
918
921
925
937
928
927
937
945
930
936
927
922
945
933
916
936
922
949
925
942
934
953
923
947
932
918
914
929
923
935
921
935
933
935
935
933
915
945
935
937
950
917
943
943
951
935
932
922
919
931
928
942
926
904
935
942
956
937
916
939
934
928
938
937
946
934
915
908
922
921
941
941
924
935
930
932
939
935
933
931
929
930
943
913
947
953
935
921
939
951
909
932
915
930
902
925
915
929
920
921
930
904
950
909
933
948
943
914
926
949
926
925
916
935
906
926
938
947
931
929
942
939
925
918
939
921
923
918
929
932
925
945
924
944
930
928
946
925
941
935
942
936
940
914
942
915
946
934
948
933
931
934
934
943
919
954
930
927
937
948
952
921
921
921
939
946
926
937
934
951
920
928
927
924
911
918
931
913
933
937
944
940
940
940
924
946
926
934
923
939
921
923
918
932
930
902
934
945
938
932
948
930
928
923
926
926
955
941
933
939
934
947
938
951
926
934
945
932
935
943
923
931
924
924
930
937
927
943
947
940
944
932
939
930
952
945
950
911
940
940
918
936
921
943
943
917
914
954
948
951
937
948
946
923
921
933
904
922
920
939
927
932
933
943
931
941
926
941
922
940
934
932
936
929
937
935
908
932
918
951
930
955
933
921
936
912
942
930
921
922
919
959
936
939
942
921
925
920
930
918
934
930
936
939
918
952
916
934
946
917
933
936
925
941
932
929
928
940
925
918
929
935
908
930
936
919
945
942
918
935
929
933
929
950
950
927
920
942
934
901
941
931
942
951
934
941
940
934
924
946
916
938
921
934
941
925
946
925
910
923
935
938
936
934
942
927
928
939
927
927
924
940
942
935
935
919
926
950
940
938
943
944
934
943
936
936
918
934
933
938
926
943
921
945
913
948
941
932
898
917
913
929
951
929
933
941
933
941
909
941
920
961
936
923
925
939
940
939
915
928
924
937
941
934
939
925
914
923
943
923
945
951
926
940
936
923
907
909
923
923
927
943
947
919
928
930
923
926
925
923
943
941
957
938
948
933
930
949
927
931
926
942
931
952
919
953
938
936
919
925
936
940
917
917
922
929
947
916
915
929
936
919
922
933
935
917
912
940
941
928
907
921
938
939
924
933
920
922
947
941
924
909
930
937
928
933
941
934
934
948
938
948
930
917
949
933
917
937
945
937
937
905
921
929
923
928
929
919
917
924
941
926
936
937
925
923
924
936
925
935
924
902
921
934
942
927
911
925
932
941
942
955
923
917
926
929
922
933
927
942
944
943
924
938
927
950
918
913
944
919
959
932
922
920
940
916
924
948
937
920
934
927
933
924
923
924
918
926
928
909
932
927
932
930
951
921
937
939
934
935
938
941
940
929
940
948
942
944
933
903
956
947
924
936
937
925
922
935
944
946
930
941
921
915
927
949
915
900
920
943
934
928
936
927
940
949
958
920
939
926
946
919
948
932
941
921
944
926
925
934
933
946
929
927
926
938
921
921
946
934
960
923
937
916
931
940
937
940
939
956
940
952
939
924
935
933
944
941
942
927
935
939
924
946
932
917
927
916
949
940
918
924
927
928
926
940
941
922
921
930
928
927
931
950
944
935
925
921
947
940
909
919
954
948
945
930
950
950
929
931
927
940
916
935
951
947
923
925
941
937
947
923
931
931
934
947
933
942
932
945
923
946
943
930
938
926
897
924
921
935
930
964
939
944
926
945
937
934
920
939
938
942
924
937
932
954
929
918
936
936
937
930
932
934
948
941
926
943
933
942
925
938
921
907
927
946
929
938
933
932
929
919
933
938
919
927
932
929
932
924
915
922
932
933
937
936
933
924
935
933
930
937
911
933
931
935
927
918
920
931
931
941
930
940
966
925
934
924
936
919
929
930
935
923
941
931
917
936
932
939
950
928
907
928
926
934
940
918
934
935
951
920
927
941
932
952
940
942
928
924
940
927
918
932
933
934
935
919
935
940
927
934
932
939
928
925
934
942
937
931
929
939
925
931
949
926
932
948
939
935
926
916
938
936
976
998
1007
1015
1022
1029
1034
1041
1043
1045
1045
1048
1049
1049
1052
1052
1052
1052
1052
1053
1053
1053
1053
1053
1053
1053
1055
1055
1055
1055
1055
1055
1055
1055
1055
1055
1055
1055
1055
1055
1055
1055
1055
1055
1055
1055
1056
1057
1058
1058
1058
1058
1058
1058
1058
1058
1058
1058
1058
1058
1058
1058
1058
1059
1059
1059
1059
1059
1059
1059
1059
1059
1059
1059
1059
1059
1059
1059
1059
1059
1059
1059
1059
1059
1059
1059
1059
1059
1059
1059
1059
1059
1059
1059
1059
1059
1059
1059
1059
1059
1059
1059
1059
1059
1059
1059
1059
1059
1059
1059
1059
1059
1059
1059
1059
1059
1059
1059
1059
1059
1059
1060
1060
1060
1060
1060
1060
1060
1060
1060
1060
1060
1060
1060
1060
1060
1060
1060
1060
1060
1060
1060
1060
1060
1060
1060
1060
1060
1060
1060
1060
1060
1060
1060
1060
1060
1060
1060
1060
1060
1060
1060
1060
1060
1060
1060
1060
1060
1060
1060
1061
1061
1061
1061
1061
1061
1061
1061
1061
1061
1061
1061
1061
1061
1061
1061
1061
1061
1061
1061
1061
1061
1061
1061
1061
1061
1061
1061
1061
1061
1061
1061
1061
1061
1061
1061
1061
1061
1061
1061
1061
1061
1061
1061
1061
1061
1061
1061
1061
1061
1061
1061
1061
1061
1061
1061
1061
1061
1061
1061
1061
1061
1061
1061
1061
1061
1061
1061
1061
1061
1061
1061
1061
1061
1061
1061
1061
1061
1061
1061
1061
1061
1061
1061
1061
1061
1061
1061
1061
1061
1061
1061
1061
1061
1061
1061
1061
1061
1061
1061
1061
1061
1061
1061
1061
1061
1061
1061
1061
1061
1061
1061
1061
1061
1061
1061
1061
1061
1061
1061
1061
1061
1061
1061
1061
1061
1061
1061
1061
1061
1061
1061
1061
1061
1061
1061
1061
1061
1061
1061
1061
1061
1061
1061
1061
1061
1061
1061
1061
1061
1061
1061
1061
1061
1061
1061
1061
1061
1061
1061
1061
1061
1061
1061
1061
1061
1061
1061
1061
1061
1061
1061
1061
1061
1061
1061
1061
1061
1061
1061
1061
1061
1061
1061
1061
1061
1061
1061
1061
1061
1061
1061
1061
1061
1061
1061
1061
1061
1061
1061
1061
1061
1061
1061
1061
1061
1061
1061
1061
1061
1061
1061
1061
1061
1061
1061
1061
1061
1061
1061
1061
1061
1061
1061
1061
1061
1061
1061
1061
1061
1061
1061
1061
1061
1061
1061
1061
1062
1062
1062
1062
1062
1062
1062
1062
1062
1062
1062
1062
1062
1062
1062
1062
1062
1062
1062
1062
1062
1062
1062
1062
1062
1062
1062
1062
1062
1062
1062
1062
1062
1062
1062
1062
1062
1062
1062
1062
1062
1062
1062
1062
1062
1062
1062
1062
1062
1062
1062
1062
1062
1062
1062
1062
1062
1062
1062
1062
1062
1062
1062
1062
1062
1062
1062
1062
1062
1062
1062
1062
1062
1062
1062
1062
1062
1062
1062
1062
1062
1062
1062
1062
1062
1062
1062
1062
1062
1062
1062
1062
1062
1062
1062
1062
1062
1062
1062
1062
1062
1062
1062
1062
1062
1062
1062
1062
1062
1062
1062
1062
1062
1062
1062
1062
1062
1062
1062
1062
1062
1062
1062
1062
1062
1062
1062
1062
1062
1062
1062
1062
1062
1062
1062
1062
1062
1062
1062
1062
1062
1062
1062
1062
1062
1062
1062
1062
1062
1062
1062
1062
1062
1062
1062
1062
1062
1062
1062
1062
1062
1062
1062
1062
1062
1062
1062
1062
1062
1062
1062
1062
1062
1062
1062
1062
1062
1062
1062
1062
1062
1062
1062
1062
1062
1062
1062
1062
1062
1062
1062
1062
1062
1062
1062
1062
1062
1062
1062
1062
1062
1062
1062
1062
1062
1062
1062
1062
1062
1062
1062
1062
1062
1062
1062
1062
1062
1062
1062
1062
1062
1062
1062
1062
1062
1062
1062
1062
1062
1062
1062
1062
1062
1062
1062
1062
1062
1062
1062
1062
1062
1062
1062
1062
1062
1062
1062
1062
1062
1062
1062
1062
1062
1062
1062
1062
1062
1062
1062
1062
1062
1062
1062
1062
1062
1062
1062
1062
1062
1062
1062
1062
1062
1062
1062
1062
1062
1062
1062
1062
1062
1062
1062
1062
1062
1062
1062
1062
1062
1062
1062
1062
1062
1062
1062
1062
1062
1062
1062
1062
1062
1062
1062
1062
1062
1062
1062
1062
1062
1062
1062
1062
1062
1062
1062
1062
1062
1062
1062
1062
1062
1062
1062
1062
1062
1062
1062
1062
1062
1062
1062
1062
1062
1062
1062
1062
1062
1062
1062
1062
1062
1062
1062
1062
1062
1062
1062
1062
1062
1062
1062
1062
1062
1062
1062
1062
1062
1062
1062
1062
1062
1062
1062
1062
1062
1062
1062
1062
1062
1062
1062
1062
1062
1062
1062
1062
1062
1062
1062
1062
1062
1062
1062
1062
1062
1062
1062
1062
1062
1062
1062
1062
1062
1062
1062
1062
1062
1062
1062
1062
1062
1062
1062
1062
1062
1062
1062
1062
1062
1062
1062
1062
1062
1062
1062
1062
1062
1062
1062
1062
1062
1062
1062
1062
1062
1062
1062
1062
1062
1062
1062
1062
1062
1062
1062
1062
1062
1062
1062
1062
1062
1062
1063
1063
1063
1063
1063
1063
1063
1063
1063
1063
1063
1063
1063
1063
1063
1063
1063
1063
1063
1063
1063
1063
1063
1063
1063
1063
1063
1064
1064
1064
1064
1064
1064
1064
1064
1064
1064
1064
1064
1064
1064
1064
1064
1064
1064
1064
1064
1064
1064
1064
1064
1064
1064
1064
1064
1064
1064
1064
1064
1064
1064
1064
1064
1064
1064
1064
1064
1064
1064
1064
1064
1064
1064
1064
1064
1064
1064
1064
1064
1064
1064
1064
1064
1064
1064
1064
1064
1064
1064
1064
1064
1064
1064
1064
1064
1064
1064
1064
1064
1064
1064
1064
1064
1064
1064
1064
1064
1064
1064
1064
1064
1064
1064
1064
1064
1064
1064
1064
1064
1064
1064
1064
1064
1064
1064
1064
1064
1064
1064
1064
1064
1064
1064
1064
1064
1064
1064
1064
1064
1064
1064
1064
1064
1064
1064
1064
1064
1064
1064
1064
1064
1064
1064
1064
1064
1064
1064
1064
1064
1064
1064
1064
1064
1064
1064
1064
1064
1064
1064
1064
1064
1064
1064
1064
1064
1064
1064
1064
1064
1064
1064
1064
1064
1064
1064
1064
1064
1064
1064
1064
1064
1064
1064
1064
1064
1064
1064
1064
1064
1064
1064
1064
1064
1064
1064
1064
1064
1064
1064
1064
1064
1064
1064
1064
1064
1064
1064
1064
1064
1064
1064
1064
1064
1064
1064
1064
1064
1064
1064
1064
1064
1064
1064
1064
1064
1064
1064
1064
1064
1064
1064
1064
1064
1064
1064
1064
1064
1064
1064
1064
1064
1064
1064
1064
1064
1064
1064
1064
1064
1064
1064
1064
1064
1064
1064
1064
1064
1064
1064
1064
1064
1064
1064
1064
1064
1064
1064
1064
1064
1064
1064
1064
1064
1064
1064
1064
1064
1064
1064
1064
1064
1064
1064
1064
1064
1064
1064
1064
1064
1064
1064
1064
1064
1064
1064
1064
1064
1064
1064
1064
1064
1064
1064
1064
1064
1064
1064
1064
1064
1064
1064
1064
1064
1064
1064
1064
1064
1064
1064
1064
1064
1064
1064
1064
1064
1064
1064
1064
1064
1064
1064
1064
1064
1064
1064
1064
1064
1064
1064
1064
1064
1064
1064
1064
1064
1064
1064
1064
1064
1064
1064
1064
1064
1064
1064
1064
1064
1064
1064
1064
1064
1064
1064
1064
1064
1064
1064
1064
1064
1064
1064
1064
1064
1064
1064
1064
1064
1064
1064
1064
1064
1064
1064
1064
1064
1064
1064
1064
1064
1064
