1065
926
932
949
951
939
918
928
912
935
936
930
955
923
931
935
954
940
921
933
945
931
922
913
948
937
927
917
920
928
942
951
929
946
926
913
915
941
924
915
943
948
930
931
939
945
926
938
934
948
945
940
942
928
939
952
935
946
932
922
925
938
929
939
933
928
936
923
940
940
924
924
923
912
950
922
934
938
928
936
909
928
931
923
920
944
935
935
930
930
915
918
927
939
942
936
940
927
945
939
932
943
928
916
928
923
946
930
955
942
924
938
934
918
918
915
924
933
936
934
942
917
932
939
921
937
931
936
928
940
918
949
936
937
945
919
916
911
927
926
947
938
951
929
927
933
940
942
918
921
940
932
913
938
939
950
928
930
943
939
945
913
909
918
932
943
925
936
928
933
918
950
934
918
924
931
933
941
928
937
916
932
930
935
914
943
941
926
944
934
949
932
934
931
948
957
933
951
944
936
945
927
925
911
945
959
930
932
930
937
935
913
936
944
929
927
928
954
923
925
915
909
931
935
931
924
929
931
929
942
944
930
913
952
925
932
918
921
933
935
940
941
945
945
939
939
923
935
923
945
947
927
944
936
944
949
951
937
944
929
935
922
932
913
936
926
944
939
952
937
926
941
925
925
936
917
929
942
934
952
925
949
948
938
917
941
931
938
943
952
904
940
939
940
947
943
937
910
934
921
931
906
925
927
910
926
934
931
927
960
924
934
907
922
919
919
918
930
947
917
912
929
921
930
933
944
927
940
927
920
946
932
930
916
954
950
934
941
929
943
937
924
934
935
926
935
928
941
933
915
940
918
939
944
937
922
938
934
929
941
933
948
933
935
925
945
932
933
936
925
956
942
900
914
928
943
916
912
922
941
966
922
936
938
935
941
936
937
916
927
912
944
944
931
931
959
942
926
945
939
940
948
930
938
937
910
934
922
933
944
934
944
915
934
931
949
949
924
934
932
950
924
958
925
920
930
925
930
955
934
946
941
945
932
937
942
943
947
936
934
945
925
917
920
943
925
937
934
933
932
952
933
937
911
924
940
930
929
935
937
953
923
924
925
930
949
946
923
944
922
934
943
933
911
946
925
925
924
962
929
951
936
937
922
930
942
951
938
935
938
951
945
950
938
939
927
950
943
929
927
910
934
945
947
947
934
924
946
934
944
924
937
921
936
932
964
947
935
935
933
939
929
934
955
940
963
948
941
940
932
951
935
938
921
941
921
921
914
927
931
939
945
926
921
933
943
928
939
941
941
932
932
956
951
942
932
940
922
944
921
947
933
936
954
950
935
923
924
952
938
946
932
926
945
942
939
923
923
942
956
947
939
925
930
943
941
931
951
951
948
932
945
940
926
937
954
935
941
925
933
943
934
937
934
944
939
922
916
937
935
941
923
948
950
951
946
936
945
935
945
949
943
951
949
935
923
930
948
935
947
953
936
925
946
930
932
936
918
923
945
939
941
961
943
944
953
945
940
937
947
941
916
932
949
924
941
942
932
967
930
929
944
969
947
944
923
931
938
933
927
947
941
941
942
939
943
941
952
947
948
928
955
937
939
952
942
954
948
934
929
946
927
934
935
934
938
948
921
946
923
930
947
915
940
939
943
946
940
934
939
948
947
947
937
936
951
948
946
944
934
943
941
953
931
939
934
946
942
946
930
929
928
954
937
939
926
923
919
941
941
937
952
948
937
955
958
923
935
931
934
944
926
937
932
938
943
941
939
944
944
940
945
956
945
947
946
940
957
958
934
938
955
945
942
920
951
958
939
955
947
943
965
957
944
931
952
935
924
911
932
944
952
961
939
934
947
951
942
956
935
960
945
963
930
946
952
972
957
939
960
963
952
952
939
937
954
952
942
928
950
944
965
943
961
963
948
952
967
935
955
950
934
941
971
933
935
939
956
941
927
942
961
942
947
934
949
940
944
950
955
955
948
946
957
941
943
958
972
950
934
959
947
955
955
947
945
954
943
921
945
940
939
937
944
943
963
947
949
960
955
944
955
946
949
947
956
941
937
934
944
955
939
956
956
947
969
953
960
946
945
937
940
952
958
961
941
951
948
947
950
935
934
962
948
958
958
966
938
938
954
931
951
947
968
930
950
946
948
945
943
951
956
948
942
933
957
948
927
976
957
953
971
957
970
957
953
952
944
961
960
961
946
947
961
954
946
967
950
957
971
947
947
950
947
953
968
961
953
950
952
964
944
942
953
982
949
953
946
948
972
958
961
941
962
955
971
946
964
942
954
961
936
967
951
957
959
953
958
960
950
953
939
948
954
975
963
956
971
952
966
966
960
961
962
967
981
961
958
961
961
960
973
956
948
960
956
951
963
982
978
971
952
962
965
969
959
956
961
962
954
972
968
976
955
942
937
964
967
977
968
968
960
951
960
957
970
946
939
953
965
964
957
976
967
966
968
972
971
972
967
961
975
975
965
960
972
969
961
971
955
947
946
982
984
965
966
972
965
966
944
963
980
968
980
958
974
968
972
974
965
960
966
954
974
978
970
975
960
967
966
963
959
961
951
975
965
978
987
973
961
958
975
974
981
983
978
975
974
975
984
964
972
970
963
972
972
976
975
963
974
969
991
969
972
984
982
972
965
975
973
974
972
989
975
991
990
986
978
981
966
975
983
972
982
984
986
972
979
977
958
972
974
964
977
988
990
981
973
982
979
985
980
982
984
974
980
972
989
987
974
988
992
996
989
987
977
978
990
980
972
984
980
970
969
973
981
988
982
991
993
992
996
1002
995
998
995
986
970
986
987
975
982
995
977
965
974
980
970
996
999
973
974
996
999
999
995
995
996
998
989
992
988
986
972
980
983
990
982
992
986
989
995
993
980
996
997
991
1001
996
994
997
1003
1000
1004
1010
995
998
990
998
995
973
980
992
997
1002
1005
1002
998
1011
1006
1019
1010
992
983
993
992
981
991
996
1008
997
987
986
992
1005
1008
1002
989
991
996
1001
1008
1006
993
997
986
987
993
990
980
1003
1007
1000
1006
1006
999
1000
1000
1004
999
992
1006
992
995
981
1004
1003
1010
1004
998
1004
1008
1002
999
1005
1002
1010
1006
1004
1002
1008
1010
1009
1009
1005
1008
1004
1005
994
1001
1008
996
998
1006
997
999
1004
1011
1010
1015
1022
1021
1021
1024
1017
1021
1024
1023
1020
1027
1022
1022
1019
1016
1015
1013
1020
1023
1025
1014
1011
1017
1010
1014
1011
1010
1012
1019
1021
1018
1019
1019
1024
1022
1018
1017
1020
1024
1027
1021
1013
1013
1014
1009
1010
1013
1020
1022
1023
1023
1019
1026
1027
1027
1025
1023
1018
1017
1014
1013
1022
1027
1025
1026
1015
1022
1017
1018
1020
1023
1017
1012
1023
1025
1020
1023
1024
1025
1028
1021
1029
1034
1028
1027
1029
1029
1028
1027
1024
1020
1026
1030
1030
1027
1031
1030
1030
1032
1031
1031
1035
1034
1034
1033
1035
1036
1038
1039
1037
1036
1032
1036
1028
1029
1037
1035
1034
1037
1031
1036
1036
1037
1038
1037
1040
1039
1039
1038
1036
1034
1034
1037
1037
1038
1039
1039
1039
1040
1031
1028
1029
1034
1035
1032
1034
1032
1031
1037
1038
1039
1035
1038
1040
1038
1036
1039
1036
1031
1030
1030
1027
1029
1035
1038
1038
1038
1037
1042
1040
1043
1042
1041
1043
1040
1041
1043
1042
1042
1044
1047
1046
1046
1045
1040
1041
1041
1046
1044
1042
1046
1047
1045
1046
1046
1042
1045
1042
1047
1045
1044
1045
1045
1045
1045
1045
1045
1046
1048
1047
1051
1050
1050
1048
1048
1044
1046
1048
1046
1045
1045
1045
1044
1047
1047
1048
1043
1044
1049
1050
1049
1049
1049
1048
1049
1047
1048
1049
1049
1049
1050
1052
1053
1054
1057
1059
1058
1058
1060
1059
1058
1057
1055
1056
1058
1058
1058
1057
1056
1057
1055
1054
1054
1054
1051
1052
1051
1052
1055
1055
1055
1057
1057
1056
1057
1057
1057
1057
1057
1057
1057
1056
1055
1056
1056
1055
1053
1056
1056
1056
1056
1057
1057
1057
1057
1057
1057
1057
1058
1058
1058
1058
1057
1059
1060
1060
1059
1057
1057
1057
1057
1056
1055
1056
1057
1058
1058
1058
1057
1056
1056
1055
1055
1055
1054
1055
1055
1055
1055
1056
1056
1056
1056
1058
1058
1057
1057
1057
1057
1056
1056
1056
1056
1058
1058
1057
1057
1057
1057
1059
1059
1059
1059
1058
1058
1059
1059
1058
1056
1058
1058
1060
1060
1060
1060
1060
1060
1060
1060
1060
1060
1060
1060
1059
1060
1060
1060
1059
1059
1059
1059
1059
1059
1059
1059
1060
1061
1061
1061
1062
1062
1062
1062
1062
1062
1062
1062
1062
1062
1062
1062
1062
1062
1061
1061
1061
1061
1061
1061
1060
1060
1061
1061
1061
1061
1061
1061
1061
1061
1061
1061
1061
1061
1061
1061
1061
1062
1062
1062
1062
1062
1062
1062
1062
1062
1062
1062
1062
1062
1062
1062
1062
1062
1062
1062
1062
1062
1062
1062
1062
1062
1062
1062
1062
1062
1062
1062
1062
1062
1062
1062
1062
1062
1062
1062
1062
1062
1062
1062
1062
1062
1062
1062
1062
1062
1062
1062
1062
1062
1062
1062
1062
1062
1062
1062
1062
1062
1062
1062
1062
1062
1062
1062
1062
1062
1062
1062
1062
1062
1062
1062
1062
1062
1062
1062
1062
1062
1062
1062
1062
1062
1062
1062
1062
1062
1062
1062
1062
1062
1062
1062
1062
1062
1062
1062
1062
1062
1062
1062
1062
1062
1062
1062
1062
1062
1062
1062
1062
1062
1062
1062
1062
1062
1062
1062
1062
1062
1062
1062
1062
1062
1062
1062
1062
1062
1062
1062
1062
1062
1062
1062
1062
1062
1062
1062
1062
1062
1062
1062
1062
1062
1062
1062
1062
1062
1062
1062
1062
1062
1062
1062
1062
1062
1062
1062
1062
1062
1062
1062
1062
1062
1062
1062
1062
1062
1062
1062
1062
1062
1062
1062
1062
1062
1062
1062
1062
1062
1062
1062
1062
1062
1062
1062
1062
1062
1062
1062
1062
1062
1062
1062
1062
1062
1062
1062
1062
1062
1062
1062
1062
1062
1062
1062
1062
1062
1062
1062
1062
1062
1062
1062
1062
1062
1062
1062
1062
1062
1062
1062
1062
1062
1062
1062
1062
1062
1062
1062
1062
1062
1062
1062
1062
1062
1062
1062
1062
1063
1063
1063
1063
1063
1063
1063
1063
1063
1063
1063
1063
1063
1063
1063
1063
1063
1063
1063
1063
1063
1063
1063
1063
1063
1063
1063
1063
1063
1063
1063
1063
1063
1063
1063
1063
1063
1063
1063
1063
1063
1063
1063
1063
1063
1063
1063
1063
1063
1063
1063
1063
1063
1063
1063
1063
1063
1063
1063
1063
1063
1063
1063
1063
1063
1063
1063
1063
1063
1063
1063
1063
1063
1063
1063
1063
1063
1063
1063
1063
1063
1063
1063
1063
1063
1063
1063
1063
1063
1063
1063
1063
1063
1063
1063
1063
1063
1063
1063
1063
1063
1063
1063
1063
1063
1063
1063
1063
1063
1063
1063
1063
1063
1063
1063
1063
1063
1063
1063
1063
1063
1063
1063
1063
1063
1063
1063
1063
1063
1063
1063
1063
1063
1063
1063
1063
1063
1063
1063
1063
1063
1063
1063
1063
1063
1063
1063
1063
1063
1063
1063
1063
1063
1063
1063
1063
1063
1063
1063
1063
1063
1063
1063
1063
1063
1063
1063
1063
1063
1063
1063
1063
1063
1063
1063
1063
1063
1063
1063
1063
1063
1063
1063
1063
1063
1063
1063
1063
1063
1063
1063
1063
1063
1063
1063
1063
1063
1063
1063
1063
1063
1063
1063
1063
1063
1063
1063
1063
1063
1063
1063
1063
1063
1063
1063
1063
1063
1063
1063
1063
1063
1063
1063
1063
1063
1063
1063
1063
1063
1063
1063
1063
1063
1063
1063
1063
1063
1063
1063
1063
1063
1063
1063
1063
1063
1063
1063
1063
1063
1063
1063
1063
1063
1063
1063
1063
1063
1063
1063
1063
1063
1063
1063
1063
1063
1063
1063
1063
1063
1063
1063
1063
1063
1063
1063
1063
1063
1063
1063
1063
1063
1063
1063
1063
1063
1063
1063
1063
1063
1063
1063
1063
1063
1063
1063
1063
1063
1063
1063
1063
1063
1063
1063
1063
1063
1063
1063
1063
1063
1063
1063
1063
1063
1063
1063
1063
1063
1063
1063
1063
1063
1063
1063
1063
1063
1063
1063
1063
1063
1063
1063
1063
1063
1063
1063
1063
1063
1063
1063
1063
1063
1063
1063
1063
1063
1063
1063
1063
1063
1063
1063
1063
1063
1063
1063
1063
1063
1063
1063
1063
1063
1063
1063
1063
1063
1063
1063
1063
1063
1063
1063
1063
1063
1063
1063
1063
1063
1063
1063
1063
1063
1063
1063
1063
1063
1063
1063
1063
1063
1063
1063
1063
1063
1063
1063
1063
1063
1063
1063
1063
1063
1063
1063
1063
1063
1063
1063
1063
1063
1063
1063
1063
1063
1063
1063
1063
1063
1063
1063
1063
1063
1063
1063
1063
1063
1063
1063
1063
1063
1063
1063
1063
1063
1063
1063
1063
1063
1063
1063
1063
1063
1063
1063
1063
1063
1063
1063
1063
1063
1063
1063
1063
1063
1063
1063
1063
1063
1063
1063
1063
1063
1063
1063
1063
1063
1063
1063
1063
1063
1063
1063
1063
1063
1063
1063
1063
