1065
923
933
917
918
953
922
916
920
951
939
927
910
916
919
927
934
924
917
944
938
939
954
951
936
932
922
952
939
928
955
939
925
919
941
940
942
950
927
906
956
930
927
934
929
919
910
934
955
909
925
952
906
924
938
935
934
923
907
931
914
928
931
913
944
947
931
922
911
942
946
936
918
941
922
946
937
921
910
926
908
931
907
939
933
921
937
931
913
922
924
945
945
929
935
933
920
933
937
947
935
929
924
937
916
932
916
926
929
932
922
923
936
951
917
939
938
941
914
926
956
925
921
947
933
938
932
925
925
943
934
927
924
944
936
932
923
944
943
941
931
914
935
946
940
960
929
948
946
946
940
919
928
923
927
920
929
925
929
940
932
952
934
936
920
917
914
938
929
922
912
939
935
955
910
931
930
908
924
934
923
942
932
939
922
936
942
927
929
925
930
941
938
913
930
935
923
920
950
939
923
935
941
925
921
943
916
931
923
918
919
921
927
938
931
941
920
918
933
934
933
939
945
949
921
923
902
920
934
931
937
936
933
953
935
925
920
938
939
947
944
940
930
927
931
944
923
924
927
921
922
921
934
927
929
924
948
932
925
942
940
934
932
938
948
932
925
949
945
919
942
928
934
930
909
941
936
929
932
924
927
934
922
928
912
950
925
970
932
928
957
934
919
922
933
961
948
938
945
929
934
928
932
917
941
925
949
925
932
914
896
935
947
917
960
937
925
931
947
948
922
936
933
929
918
947
933
953
937
934
920
925
921
940
928
943
942
937
929
933
926
928
920
919
913
922
901
938
926
917
948
939
934
936
940
952
929
951
921
924
944
934
927
925
935
920
923
916
931
932
943
938
937
931
910
921
930
939
921
936
951
925
940
927
909
932
935
919
926
938
931
932
918
941
930
933
914
922
913
948
921
927
941
947
934
936
946
924
932
956
934
927
931
954
947
929
944
910
928
934
938
949
937
928
928
938
925
944
930
938
928
941
922
931
934
945
945
945
921
913
926
924
956
927
934
936
939
934
949
933
930
924
915
956
930
928
938
943
926
943
949
925
913
931
942
944
932
929
942
919
956
921
933
921
950
934
926
930
956
940
921
937
935
935
920
943
927
921
926
940
934
912
933
944
933
920
929
928
943
936
946
929
921
928
926
936
939
934
939
927
929
941
924
919
936
923
905
932
944
938
946
918
932
951
946
924
910
941
932
945
927
930
933
933
930
926
916
937
937
925
956
949
946
943
932
933
925
931
919
939
940
927
931
930
941
917
935
929
921
965
938
937
932
931
920
911
904
899
933
928
926
950
937
920
902
930
922
946
924
932
934
921
920
910
943
929
908
944
944
933
928
930
922
929
949
931
922
940
945
937
952
945
937
934
931
935
927
905
917
934
918
937
932
928
936
937
929
944
914
916
929
926
940
929
928
929
918
916
926
920
929
951
919
929
919
914
931
937
930
924
946
951
939
899
919
936
936
915
940
930
931
948
916
906
924
915
911
924
915
945
933
941
935
926
938
930
931
939
939
922
939
947
946
944
939
932
937
923
940
931
936
936
926
938
926
934
939
944
945
941
936
919
929
945
932
925
930
934
927
930
941
927
925
918
942
940
919
931
934
969
923
936
930
936
928
927
923
935
949
935
935
930
920
925
941
938
955
933
917
923
933
943
932
943
915
940
927
907
930
933
952
950
946
917
942
935
932
931
956
956
944
942
929
943
932
922
930
926
929
932
933
927
927
946
938
933
934
956
941
926
923
932
925
930
922
941
914
916
937
927
932
934
920
925
924
939
931
924
930
951
942
926
943
922
936
940
924
932
939
947
933
929
925
917
947
918
931
926
942
954
930
935
954
923
923
933
939
928
914
930
937
939
937
933
933
941
935
913
949
938
937
948
943
927
932
932
919
925
938
936
931
917
929
935
913
932
941
916
929
928
936
932
945
938
939
915
927
922
918
939
925
934
924
924
924
927
941
927
929
929
909
937
932
935
941
939
940
937
935
933
909
927
925
931
926
918
941
950
934
932
947
928
949
909
927
956
942
941
928
953
940
934
936
924
932
930
934
954
928
935
940
928
941
939
933
948
915
940
943
930
924
940
945
918
941
924
941
940
912
922
947
910
938
945
947
922
924
925
942
927
928
941
924
925
916
937
943
925
934
909
934
935
935
929
936
930
945
942
940
935
935
941
923
907
927
950
936
904
951
945
944
902
927
930
930
917
942
946
934
926
943
923
920
913
910
950
941
932
935
946
947
939
940
934
947
938
958
932
930
915
937
941
921
937
936
921
918
930
919
938
929
930
943
930
930
920
941
916
930
934
932
937
916
946
948
929
928
936
929
937
927
933
941
936
915
922
946
918
918
925
941
917
937
907
927
931
942
945
931
936
956
941
933
921
952
930
936
946
936
907
947
945
949
922
940
910
915
919
915
934
893
932
931
923
935
932
936
938
939
919
932
924
944
950
949
930
924
947
934
930
943
936
942
940
910
926
928
932
935
942
917
922
932
930
934
925
939
916
920
930
927
928
934
917
927
933
936
904
934
917
927
927
910
930
952
937
937
928
938
932
918
937
922
922
923
927
928
919
924
903
948
948
924
942
961
965
935
915
947
942
926
921
933
928
909
941
940
925
932
909
939
938
920
942
925
925
926
936
933
934
941
937
920
917
940
918
908
931
931
914
932
939
924
914
934
943
941
947
937
933
929
925
930
920
941
926
925
906
945
941
939
949
927
944
942
939
934
942
935
936
944
928
933
935
924
930
941
947
929
949
954
938
910
919
941
934
931
937
930
943
928
936
929
930
933
935
933
944
932
913
911
940
924
922
941
954
938
948
944
927
932
941
938
934
932
922
939
944
933
948
931
934
957
930
938
930
928
957
926
927
927
949
927
915
918
932
942
949
930
921
913
925
932
925
938
920
926
934
933
928
916
945
925
931
925
929
946
894
911
940
953
946
929
931
938
938
915
919
920
928
921
940
918
944
944
943
944
951
923
909
920
943
922
910
924
924
933
942
939
910
916
946
912
921
923
913
931
916
931
922
914
913
912
932
930
951
923
924
938
949
930
937
941
937
927
915
916
926
934
934
936
935
925
922
922
948
936
955
935
934
938
938
917
930
949
932
932
922
939
958
932
923
924
937
913
909
926
914
917
928
927
946
951
939
930
924
912
928
920
933
917
912
911
924
908
922
932
940
936
927
930
930
905
930
937
924
932
957
923
932
939
949
928
954
934
917
930
937
941
915
908
919
908
937
939
950
923
935
934
937
942
926
939
933
919
941
940
936
936
942
920
926
915
933
945
940
940
934
933
922
915
921
937
934
929
946
931
929
925
915
924
935
935
952
935
941
940
929
929
957
936
918
932
941
932
940
942
932
930
940
932
917
940
948
919
929
937
906
937
929
910
931
938
929
930
927
924
922
924
928
929
957
943
912
946
926
930
937
927
921
930
932
935
921
912
916
931
918
930
929
931
939
948
938
945
947
943
936
943
934
932
919
932
956
944
936
951
939
915
919
931
930
929
909
898
945
944
928
914
935
932
929
925
938
940
934
935
916
931
930
922
919
931
932
944
932
945
942
938
932
925
939
931
934
929
934
937
945
915
935
920
939
947
937
924
928
941
937
904
921
932
912
950
929
931
919
935
923
924
953
925
922
953
943
913
928
940
927
959
932
950
944
941
930
933
944
936
928
949
942
941
938
922
956
919
908
929
940
921
924
929
901
916
972
931
947
937
915
932
925
957
926
950
952
920
918
929
929
948
928
945
928
927
933
939
923
931
941
938
928
920
920
935
931
907
920
927
909
949
956
928
957
933
941
929
940
921
914
944
930
929
937
938
943
932
922
936
923
942
934
938
932
926
918
936
928
930
924
942
942
914
932
946
928
927
939
920
923
955
937
951
914
928
934
924
946
956
943
922
928
938
935
936
919
932
923
912
964
934
939
936
919
939
917
933
927
900
932
926
952
949
926
951
927
915
913
908
930
913
923
931
920
923
930
918
920
919
912
934
925
923
928
918
945
926
942
938
930
940
932
947
947
945
930
938
939
933
931
949
936
933
959
946
935
927
931
955
941
948
934
920
936
941
932
911
960
932
919
913
931
946
927
921
928
913
940
924
923
932
948
925
912
936
932
912
940
933
920
925
951
918
928
937
938
937
918
948
932
941
937
928
916
934
912
933
923
930
932
945
949
935
933
933
918
929
945
928
944
931
930
932
944
931
938
930
946
946
926
949
931
950
960
948
914
929
943
933
932
915
926
916
924
944
915
916
924
944
916
929
934
930
904
949
961
929
908
950
924
937
925
940
923
928
932
932
924
942
941
936
934
933
928
940
924
947
916
922
952
922
936
945
917
941
919
917
929
940
929
942
936
926
925
929
942
929
922
936
946
931
942
930
929
932
944
918
939
939
925
924
920
931
933
929
917
946
930
937
924
928
922
922
925
947
941
924
940
924
928
932
935
951
947
933
925
940
937
941
927
935
945
938
920
941
922
923
924
954
919
945
926
922
937
941
931
935
948
958
909
923
922
933
940
935
913
924
936
930
944
918
938
934
926
942
948
928
940
915
935
934
945
936
934
934
941
936
925
923
931
942
939
913
935
929
932
937
931
935
957
937
935
933
939
929
932
923
934
926
938
940
935
938
945
942
950
942
926
936
946
933
955
955
913
932
939
938
930
924
944
929
913
917
924
945
904
940
926
937
924
927
926
922
924
915
942
912
925
928
919
931
935
922
937
960
940
918
934
945
940
920
954
913
920
948
943
959
919
912
934
937
943
942
908
936
934
944
947
936
925
910
938
934
932
928
949
931
903
922
931
929
936
946
905
949
937
927
920
953
927
918
921
922
938
938
926
930
961
935
927
944
925
902
921
932
929
933
954
922
928
925
925
923
906
933
942
932
922
933
945
913
947
957
948
953
936
933
930
946
923
919
930
922
907
934
931
933
917
946
926
923
918
945
923
919
942
948
959
937
905
924
933
912
912
933
936
921
923
921
919
933
943
925
922
919
915
957
948
931
924
932
920
940
935
934
940
924
924
935
940
908
945
937
938
933
935
934
936
918
921
924
918
924
956
937
937
931
926
918
946
939
944
951
918
935
938
932
952
935
929
922
933
926
944
941
920
942
927
904
942
950
945
942
960
942
956
932
930
934
929
940
941
950
941
935
919
928
957
943
933
931
923
925
944
944
930
933
943
935
931
942
934
942
935
938
928
927
933
931
925
932
940
939
920
937
929
944
939
944
950
932
930
946
944
928
941
923
913
913
935
936
939
926
920
933
957
920
936
933
924
953
935
927
934
923
930
932
917
923
927
929
946
935
924
932
931
937
957
930
918
940
925
940
931
925
918
938
928
942
938
923
925
928
915
925
937
940
927
933
945
941
936
930
925
931
936
929
912
957
928
938
939
922
927
917
922
941
930
950
914
927
919
905
942
930
926
934
938
927
933
914
930
938
936
919
926
930
943
916
938
939
939
926
932
932
932
911
938
944
928
946
921
940
923
932
918
931
933
938
938
938
930
939
934
937
933
932
914
934
938
934
924
932
957
927
910
939
933
907
924
926
920
935
927
941
940
922
944
941
937
921
942
951
935
930
940
920
944
936
931
963
937
936
911
936
946
954
934
951
937
926
925
946
931
922
928
929
932
938
921
935
936
987
