1065
921
934
946
937
931
941
928
925
938
926
907
929
918
930
917
923
949
936
956
932
928
930
954
946
931
940
947
923
923
934
914
911
925
939
932
927
941
946
940
914
946
934
922
947
928
943
936
932
947
932
943
923
925
936
941
930
937
926
939
921
909
944
916
929
933
963
928
926
920
943
937
952
950
940
943
946
932
945
934
933
947
943
941
929
927
917
932
936
933
957
939
942
924
936
936
935
938
947
938
924
916
922
933
936
936
939
919
933
958
940
932
927
925
941
927
934
929
943
929
917
922
943
925
933
915
924
949
933
938
940
931
942
929
923
932
947
934
925
917
943
953
942
954
920
927
943
936
944
901
921
925
928
924
936
929
929
934
926
914
928
927
937
940
934
941
922
927
934
920
934
927
920
934
921
937
957
930
931
940
924
909
931
939
931
927
926
931
938
926
909
928
931
947
919
907
934
920
928
922
909
942
928
941
921
918
926
900
913
937
923
930
940
926
909
941
933
926
945
936
939
938
941
938
922
919
934
933
934
911
928
951
930
938
922
946
947
922
924
929
925
933
919
940
938
917
949
933
923
952
946
928
910
910
944
954
931
927
937
931
934
919
947
917
918
931
909
926
937
934
926
915
922
936
907
928
930
938
934
919
936
914
949
936
927
937
944
931
930
891
925
940
925
949
937
921
927
915
928
917
943
923
927
930
929
928
940
922
941
925
935
941
933
959
941
949
948
943
946
948
904
935
906
921
953
938
931
943
929
939
940
957
924
937
912
934
919
973
925
920
944
934
924
944
933
939
939
923
915
933
922
927
937
913
929
935
943
920
944
932
942
934
938
942
923
926
935
930
942
930
929
920
947
927
926
935
931
941
941
939
933
932
949
929
937
928
926
941
935
937
936
925
933
941
913
941
927
935
932
940
924
928
945
911
943
933
924
939
932
934
939
946
909
929
918
929
931
923
923
922
933
916
926
937
932
926
943
956
936
924
940
921
923
916
918
948
935
930
923
932
926
930
935
917
931
898
931
929
939
925
943
930
934
942
936
922
935
941
932
915
945
926
932
930
923
931
906
924
945
925
953
914
918
914
904
931
918
939
943
951
932
927
937
932
932
955
942
943
933
929
927
917
929
928
921
941
930
912
918
952
923
928
954
935
924
948
931
906
922
925
932
917
925
936
932
917
937
938
930
947
927
921
946
945
928
946
917
939
914
935
939
942
967
959
925
926
944
911
936
936
931
928
941
932
931
943
935
951
912
933
925
920
931
911
935
947
936
933
923
936
931
922
943
937
920
923
937
932
921
932
923
933
904
939
942
931
942
939
911
949
941
927
921
943
942
912
944
947
933
931
914
913
936
942
928
928
935
930
913
921
931
937
941
949
920
963
914
944
930
918
936
949
934
929
933
931
920
929
935
936
937
938
949
944
911
946
953
940
936
941
926
920
909
914
924
950
945
943
937
935
947
926
935
920
927
938
935
924
938
935
928
934
940
930
935
929
930
932
934
924
940
938
921
955
929
938
930
944
909
945
931
935
936
914
934
941
921
926
922
930
915
919
945
916
931
926
950
927
923
941
948
925
927
915
928
926
942
936
944
929
942
938
938
947
927
921
939
932
924
938
941
939
941
932
920
934
928
946
939
933
908
940
940
928
952
950
927
937
939
948
923
936
921
920
945
924
938
941
924
919
911
930
932
930
944
919
930
933
934
944
908
945
942
944
939
938
934
921
925
927
929
934
932
934
935
931
925
914
930
933
940
931
932
931
905
918
935
920
952
933
914
925
911
940
910
941
931
924
913
929
923
932
906
941
940
938
933
931
940
936
921
919
914
936
931
919
914
926
929
936
932
914
922
929
924
948
914
918
939
924
927
920
914
920
937
930
939
937
925
921
934
928
919
916
910
940
935
933
926
940
948
925
941
944
933
947
922
922
920
924
941
925
927
912
919
947
931
925
939
912
912
931
924
923
935
936
926
933
930
917
926
932
926
949
922
930
920
957
951
919
917
932
933
940
956
937
934
947
940
937
933
946
936
926
923
937
935
933
933
931
919
914
921
928
929
934
934
926
942
937
923
937
902
935
924
912
920
939
929
930
921
935
938
930
918
934
935
937
933
936
940
938
932
935
913
945
931
934
937
945
933
919
924
936
908
917
927
946
927
931
936
922
930
960
926
921
906
905
926
942
959
920
933
933
940
935
941
940
931
918
926
943
925
933
938
940
929
915
934
939
932
938
937
933
906
934
941
934
929
924
937
920
925
915
934
939
942
930
923
915
937
937
920
935
914
927
923
932
941
945
925
941
939
927
944
927
936
930
934
933
938
932
938
925
929
941
941
945
934
935
931
930
924
918
934
932
922
909
910
933
946
938
939
928
935
931
921
945
910
931
941
932
946
934
939
924
944
929
911
917
919
936
924
940
936
923
916
915
920
942
930
922
943
928
920
929
945
944
928
938
936
925
958
931
921
928
949
930
955
941
939
947
927
935
921
911
925
927
931
927
940
954
938
929
925
936
937
943
929
943
928
930
938
946
936
945
935
937
927
946
930
925
918
920
920
929
938
928
902
933
919
951
943
920
934
931
928
936
944
924
942
940
935
932
935
945
943
934
944
917
910
905
919
926
940
935
936
934
936
918
928
947
946
936
920
948
933
947
926
926
929
929
932
918
938
942
931
952
925
920
933
909
958
928
936
921
906
920
927
928
940
922
931
919
932
933
927
931
916
946
936
935
950
942
930
934
946
929
938
936
931
929
955
940
916
916
927
918
960
922
940
931
932
939
913
942
928
940
933
944
897
929
929
934
937
947
937
909
932
923
933
941
923
925
941
932
938
925
935
938
954
918
933
931
927
929
934
937
906
938
955
936
920
912
909
920
919
942
942
925
942
933
942
916
950
937
918
923
942
921
944
918
926
930
928
942
943
922
915
910
912
919
909
949
950
937
914
928
924
916
910
934
922
919
929
922
935
938
924
940
932
926
943
918
907
930
942
922
921
931
943
944
929
943
948
942
932
933
926
919
940
937
916
924
955
943
949
922
924
933
939
920
946
939
923
935
918
938
931
938
930
921
943
917
939
942
926
934
939
925
933
902
939
943
931
925
936
934
933
943
929
935
948
938
939
924
925
921
933
930
930
934
932
915
925
914
931
915
934
935
936
935
941
940
925
939
922
932
942
928
927
904
914
928
941
939
932
934
929
922
905
944
931
948
937
953
922
931
923
937
939
934
932
909
936
897
925
935
919
936
942
932
920
935
907
951
937
928
915
941
918
924
926
936
919
929
911
922
935
942
927
919
920
925
941
944
934
952
942
937
934
932
944
913
933
921
942
943
947
932
928
923
944
941
936
925
920
940
951
941
972
937
944
934
941
928
937
926
932
933
925
913
901
929
942
916
926
921
924
934
924
930
909
926
943
913
926
915
938
946
918
939
943
937
938
934
914
929
951
948
938
948
942
933
928
925
937
927
918
928
951
943
946
921
944
951
939
913
926
943
932
935
934
935
941
944
919
946
931
944
938
942
934
934
919
922
919
925
936
922
941
935
938
927
926
927
953
954
919
947
927
947
941
914
919
948
946
921
924
933
923
927
925
942
928
929
944
946
926
943
925
917
925
931
952
945
930
932
929
942
950
961
932
932
915
944
939
930
946
916
939
929
938
919
943
951
956
947
929
947
939
932
922
935
929
929
925
942
935
951
935
932
938
944
930
924
928
943
945
931
935
915
935
935
943
943
953
950
944
920
920
919
937
916
917
903
925
943
933
912
924
949
950
933
932
916
921
947
933
933
935
915
911
923
951
935
927
919
956
941
938
955
941
951
935
931
937
931
928
939
939
947
944
933
920
925
935
925
925
919
943
929
934
935
931
907
946
924
927
921
935
939
942
957
941
953
918
924
932
908
929
929
930
936
918
936
927
922
926
934
946
939
926
928
918
913
936
946
953
939
918
946
944
934
923
948
933
939
938
931
936
938
922
935
947
929
926
942
916
927
930
923
931
937
938
933
916
940
925
939
940
911
943
929
938
930
917
918
926
906
941
925
912
914
927
938
932
931
921
932
926
926
935
956
936
925
936
910
942
928
924
945
913
930
949
925
933
932
919
934
937
914
928
942
944
930
934
936
924
913
919
927
919
929
935
942
919
927
927
939
956
918
922
935
924
930
937
917
934
935
907
927
923
948
945
919
937
918
941
922
927
947
943
920
924
923
924
935
930
931
914
935
925
938
916
941
907
917
937
932
939
934
938
927
920
937
921
914
936
929
941
927
909
900
942
942
936
922
921
947
932
949
934
937
950
939
930
948
933
926
942
936
931
943
923
946
938
939
935
954
926
945
944
940
946
917
946
931
936
925
929
942
918
936
925
941
925
928
929
944
933
929
937
918
919
947
936
918
928
937
922
950
944
926
913
935
932
941
924
936
936
951
935
935
948
919
928
937
932
926
928
936
919
920
922
943
932
927
914
941
936
932
951
927
951
956
952
932
911
946
947
941
907
951
950
941
939
937
924
949
926
923
914
945
914
931
938
913
938
918
930
940
927
934
924
926
923
932
937
932
936
948
916
930
926
936
925
917
950
935
939
930
920
923
920
945
923
946
915
924
923
928
914
937
926
929
938
927
941
936
937
938
948
942
922
923
950
945
920
942
931
945
935
942
926
925
935
932
943
919
920
920
939
934
916
938
931
921
909
917
927
929
910
923
953
925
943
934
942
929
929
933
929
936
930
941
951
913
943
931
918
924
921
932
932
932
948
937
946
915
924
929
932
937
938
951
936
947
912
938
933
920
937
941
953
939
918
937
926
928
930
923
933
928
964
935
945
941
931
929
934
928
942
931
935
936
937
935
936
921
920
931
924
937
921
923
959
921
929
938
951
931
921
930
912
933
942
941
948
917
921
914
939
927
924
928
930
909
955
949
933
942
925
939
936
933
949
923
907
938
956
938
928
924
929
934
930
950
952
932
933
909
920
941
940
927
923
932
937
931
921
930
920
922
931
917
931
940
932
942
927
924
945
921
903
926
927
936
917
932
937
930
921
941
928
942
924
932
923
946
935
935
921
912
923
924
946
933
944
926
938
921
936
937
942
951
926
932
949
923
923
933
923
929
937
929
932
922
924
931
918
935
942
928
937
940
925
911
916
932
921
946
935
930
936
940
942
955
935
899
917
934
914
910
903
931
918
935
938
917
925
933
920
958
936
927
947
952
947
923
927
907
926
940
938
939
924
935
928
941
926
931
932
907
907
935
933
943
915
939
930
925
918
918
932
933
929
926
927
943
944
910
927
937
919
926
918
935
929
928
934
917
925
934
943
923
912
938
929
946
943
926
935
947
941
930
940
916
926
943
935
940
942
925
923
947
926
912
919
934
940
955
931
943
930
940
940
951
932
936
948
928
922
959
929
949
936
944
948
941
937
923
934
926
933
946
926
912
918
944
931
925
927
939
948
932
943
923
934
960
943
918
911
923
930
934
920
929
924
926
921
946
946
948
957
928
920
940
928
914
928
933
945
926
947
939
940
928
936
946
907
921
936
941
934
921
930
940
923
924
939
918
926
902
941
939
934
945
925
938
928
945
936
897
932
921
931
919
949
925
942
931
922
923
951
949
925
934
946
913
956
938
929
912
918
910
921
938
935
936
951
958
941
939
936
928
925
938
919
935
977
