1065
921
935
927
929
943
948
930
930
932
912
922
948
923
928
949
943
920
936
906
932
930
940
938
934
915
923
933
927
935
946
951
929
933
924
913
921
927
939
931
922
931
936
928
936
931
936
921
933
929
919
929
941
940
948
936
939
914
949
940
947
924
933
910
961
935
934
928
911
934
943
927
914
943
943
925
922
919
934
925
935
941
931
949
929
908
920
937
933
915
944
916
911
942
932
953
955
926
932
943
903
936
959
955
929
917
950
930
907
931
930
921
929
924
927
927
949
939
936
948
938
939
933
931
914
943
918
930
909
937
929
928
925
932
951
924
927
910
930
933
941
919
926
943
933
913
941
930
930
932
935
913
934
932
930
918
931
932
924
953
948
923
923
929
914
928
935
931
947
927
939
936
931
928
949
933
932
927
923
915
939
933
922
931
932
927
936
957
937
935
937
940
944
934
928
924
931
922
944
954
944
923
935
915
921
931
932
933
936
946
924
932
925
933
931
953
924
933
957
935
935
956
955
929
937
920
944
931
931
931
929
919
939
935
929
955
926
915
937
928
936
925
937
932
919
951
928
929
915
963
949
928
943
941
951
943
930
932
922
914
934
947
917
929
938
926
944
931
936
921
935
951
943
921
929
923
909
930
938
926
912
937
942
936
948
936
954
918
941
942
936
931
919
926
933
945
938
931
942
920
928
927
921
932
944
938
934
930
929
947
920
936
906
925
933
927
930
931
918
955
918
927
933
935
930
939
909
921
916
922
927
913
923
924
939
920
904
940
930
937
940
917
929
952
960
930
934
931
933
944
931
933
944
935
914
921
926
922
929
950
925
926
935
951
938
931
904
930
921
938
937
925
919
926
923
925
925
920
941
959
920
936
945
919
938
935
925
922
932
930
928
928
937
931
943
922
932
933
938
941
942
944
932
915
937
939
922
931
925
927
925
944
936
940
935
906
914
930
945
927
924
949
946
919
929
940
926
914
940
925
928
943
930
916
924
921
924
935
942
923
928
957
916
942
923
922
940
939
925
930
920
933
933
914
942
918
910
940
926
919
928
926
921
948
948
923
926
932
937
937
952
918
925
908
938
928
906
934
933
915
934
937
919
914
923
946
931
932
922
931
922
928
945
912
941
938
939
928
921
944
941
927
915
911
918
921
924
940
930
943
943
928
924
924
919
926
920
922
939
936
922
911
921
941
931
927
929
930
937
922
949
935
929
944
934
936
946
937
937
950
945
953
915
931
945
936
934
929
953
943
937
909
927
921
942
929
934
899
959
919
923
919
945
949
917
918
933
953
917
904
947
930
922
938
926
935
930
921
910
951
927
933
942
918
940
927
928
944
929
921
936
936
927
910
925
911
943
926
934
934
943
946
940
917
938
936
929
920
924
931
926
937
950
928
927
939
935
909
931
948
947
933
942
919
943
934
934
938
926
936
928
919
926
925
942
925
932
941
962
935
913
937
945
934
934
919
917
936
904
911
950
944
933
921
943
919
938
941
932
913
914
944
950
921
916
923
931
933
952
937
912
939
924
924
914
911
937
932
936
919
927
923
931
938
936
933
896
936
929
943
945
946
925
924
920
913
935
937
934
940
948
914
939
933
945
911
929
933
937
917
934
940
937
921
942
925
948
942
946
948
943
946
937
932
938
947
939
918
914
918
908
930
944
918
944
930
921
937
946
919
910
924
946
926
931
944
942
931
915
935
944
941
956
925
929
944
924
942
941
936
926
937
918
941
926
950
942
933
941
922
938
928
947
924
919
921
915
927
939
931
944
930
941
937
924
933
913
931
924
944
943
929
939
923
957
922
920
929
935
927
944
939
938
937
931
921
944
917
946
930
925
965
944
942
949
945
933
930
938
936
942
947
930
928
909
905
907
932
919
936
923
924
908
941
922
935
918
914
930
928
919
905
924
965
939
926
929
961
944
929
929
951
940
937
918
940
940
958
945
909
924
940
925
939
915
943
920
939
932
934
941
926
939
938
942
930
939
942
945
931
947
953
945
930
916
923
936
947
925
931
943
910
922
920
921
926
927
939
894
933
926
934
935
921
932
937
937
934
944
935
938
932
945
915
921
931
938
929
930
926
937
924
933
943
920
927
947
925
923
935
930
929
925
935
931
932
923
923
900
936
914
939
943
933
923
936
950
918
929
922
929
952
917
927
938
940
923
935
945
921
927
914
934
920
919
930
934
950
926
931
952
941
927
918
920
937
936
911
933
913
929
933
912
931
930
950
936
936
933
931
931
938
929
926
907
922
935
925
939
927
933
931
934
933
922
931
926
943
928
944
947
917
924
915
918
942
923
920
920
940
938
950
932
947
939
919
934
927
942
941
931
943
933
927
947
943
943
945
928
927
937
919
938
939
915
935
938
917
932
939
945
939
937
917
945
947
916
949
946
934
931
949
940
920
922
934
945
942
943
945
922
947
947
930
923
940
920
932
929
917
927
934
908
950
930
936
925
939
946
945
936
939
927
920
945
936
939
931
924
925
937
941
919
935
947
921
940
932
947
943
937
936
937
934
932
944
943
929
917
933
932
933
928
927
943
941
925
948
934
933
942
918
933
937
941
941
932
928
925
939
945
952
931
912
936
930
921
936
931
944
941
945
916
952
921
942
929
930
939
940
931
943
959
933
915
931
932
926
942
945
918
942
950
951
948
936
932
945
919
945
896
933
924
945
945
938
927
926
926
947
906
923
950
934
924
925
924
935
918
934
941
955
934
959
934
927
938
935
935
918
929
927
924
923
931
939
910
935
939
898
927
938
944
926
956
937
920
948
956
959
945
926
923
947
939
928
940
963
950
949
923
941
932
945
944
933
925
919
939
949
941
927
933
935
941
912
929
940
941
921
940
948
930
941
916
918
945
935
923
939
919
912
938
916
934
923
926
932
930
930
929
915
914
930
925
928
953
932
926
930
943
928
935
937
937
942
951
952
942
936
932
931
944
932
945
929
910
921
924
936
930
937
931
936
934
944
938
923
924
934
922
934
914
929
943
928
927
945
937
949
917
922
935
932
938
934
954
948
942
950
927
932
924
942
938
933
928
943
933
931
937
942
926
938
940
945
931
923
943
939
942
928
939
949
928
947
931
937
927
928
928
942
964
959
941
917
909
943
920
932
936
932
935
945
941
921
931
925
934
931
933
917
940
925
944
944
925
932
943
922
943
922
945
917
913
929
919
934
946
929
932
926
955
932
909
931
937
941
902
927
932
915
939
926
936
922
934
931
939
910
927
941
936
946
943
942
942
925
921
910
939
938
940
933
919
904
935
934
935
925
920
936
919
918
948
941
916
933
933
937
921
939
916
954
919
930
924
931
916
942
943
931
969
935
938
934
922
933
932
923
950
912
944
909
910
925
942
928
946
936
941
921
940
926
923
940
911
926
948
930
923
946
948
931
941
939
937
935
906
922
945
945
932
946
933
933
933
936
921
941
949
926
919
918
944
923
923
919
951
937
938
928
922
917
927
933
932
923
946
918
925
915
911
922
920
913
939
942
916
934
922
918
949
938
927
943
932
945
920
922
922
921
950
933
925
933
934
938
927
929
930
938
959
927
939
922
933
934
919
940
937
938
934
931
933
926
928
926
926
944
927
921
939
941
928
923
915
923
926
925
918
930
917
928
935
927
933
938
939
928
947
924
936
918
935
940
905
928
950
920
932
933
947
939
922
907
923
927
933
923
943
921
922
938
911
923
929
942
950
936
917
923
918
928
927
948
926
938
912
939
922
910
907
935
927
925
942
936
925
918
951
927
918
910
932
926
938
940
929
928
928
940
929
931
941
941
936
946
923
919
926
925
935
933
934
924
934
933
932
927
925
917
921
925
941
926
922
951
922
923
933
932
941
939
920
937
940
937
939
924
914
949
939
943
948
928
939
917
910
937
939
935
926
953
923
932
926
921
936
938
911
952
912
933
926
930
921
931
934
920
947
921
931
940
957
956
928
938
931
943
927
918
933
926
920
918
934
894
947
946
927
944
934
917
911
939
935
931
936
920
944
929
926
941
930
930
928
943
938
953
946
929
924
955
912
923
954
923
922
925
911
920
913
924
932
930
936
926
909
947
927
935
953
942
928
934
950
954
920
927
932
947
921
940
918
921
936
925
932
949
936
934
922
927
940
931
934
927
939
950
941
935
939
952
946
923
930
933
936
919
924
936
927
922
907
944
931
942
933
921
945
932
923
939
935
926
927
933
924
933
934
936
921
931
938
925
930
929
931
933
930
908
952
935
932
931
934
935
938
926
946
935
910
944
934
926
931
929
934
920
921
944
925
917
924
927
947
946
927
924
932
931
932
939
939
933
938
937
924
943
923
923
926
924
938
942
920
930
924
932
930
934
918
935
936
923
920
938
931
914
934
941
924
942
932
922
943
928
951
913
934
930
948
919
938
942
921
934
945
940
922
940
926
946
933
926
931
920
913
909
923
917
913
916
935
934
910
912
925
923
924
913
929
932
934
928
928
922
931
923
933
948
941
927
932
939
945
946
954
940
938
924
938
920
939
925
941
927
920
933
947
942
935
950
949
927
926
928
920
940
938
946
941
911
923
943
923
934
927
916
920
930
935
922
930
935
927
906
923
921
920
923
944
929
955
908
919
946
920
934
938
945
945
919
933
937
939
928
934
919
936
947
919
940
933
930
928
928
910
907
919
915
919
923
922
951
933
933
940
911
945
928
944
937
935
936
915
938
922
933
942
929
939
902
912
916
922
941
935
935
940
928
920
934
922
914
930
913
904
941
900
928
939
940
944
951
920
921
950
946
924
932
916
936
929
935
926
921
936
910
928
931
950
941
936
940
932
940
937
938
939
947
924
917
914
943
940
939
916
960
937
938
948
941
936
967
935
930
941
936
910
931
936
914
929
937
945
953
952
944
920
922
923
924
951
938
948
939
936
930
923
909
920
932
931
927
934
923
923
935
940
937
928
940
915
929
940
939
936
931
934
935
917
941
924
924
923
922
940
934
914
924
954
943
931
933
935
918
929
920
938
918
948
944
931
927
941
924
938
938
935
937
950
943
928
930
928
919
930
941
928
923
916
931
938
923
925
920
923
937
930
920
920
953
928
931
933
939
930
917
943
926
948
922
933
919
943
933
923
933
927
924
931
936
932
948
914
934
919
931
937
918
940
927
947
945
928
933
941
936
949
916
934
928
953
930
925
939
949
932
914
910
926
921
921
918
930
935
933
933
946
934
923
940
933
944
929
942
925
922
927
936
948
931
931
927
945
927
942
929
916
932
930
932
927
940
943
939
920
919
925
922
931
927
918
931
919
913
903
926
947
930
958
922
966
929
934
910
911
945
945
928
949
922
944
916
925
959
954
933
934
923
907
921
958
912
917
923
923
921
947
924
947
944
950
922
938
945
936
949
937
941
939
924
937
918
937
938
932
936
925
947
946
911
947
935
945
935
925
930
931
921
930
923
930
944
932
946
911
931
937
933
924
937
916
940
936
929
920
924
913
940
926
929
915
941
932
942
918
936
934
925
917
945
927
909
916
935
909
944
943
926
920
947
939
935
940
935
925
941
927
909
927
944
924
925
923
946
939
913
940
927
942
953
922
936
943
931
957
933
930
935
925
942
931
927
918
930
936
928
929
951
921
927
917
919
933
914
932
940
914
932
932
918
919
932
935
946
926
946
981
