1065
922
926
931
917
937
961
935
933
911
947
913
936
904
914
932
919
920
932
920
941
924
935
913
936
927
941
942
934
931
905
926
927
953
920
948
936
923
943
940
944
941
943
907
915
939
926
925
939
942
933
917
954
941
929
918
935
943
962
932
934
941
936
931
944
931
925
937
947
914
935
913
943
938
917
935
926
935
955
935
912
924
930
926
929
924
939
947
931
946
947
946
940
925
934
938
935
941
944
925
919
901
933
931
906
933
932
937
930
945
936
932
930
921
942
925
932
942
930
955
938
936
946
925
910
920
919
910
923
929
918
931
945
931
930
944
935
952
904
933
939
939
952
931
940
926
938
951
930
928
928
947
925
929
949
932
931
916
935
940
947
914
917
941
945
926
933
949
936
920
940
952
931
947
937
936
949
932
944
943
930
941
936
940
935
914
922
941
920
939
923
952
914
937
924
930
926
909
930
959
934
917
914
938
941
950
955
926
937
931
912
941
948
940
931
938
951
920
915
933
916
928
925
925
922
937
926
896
924
908
913
930
941
938
924
910
928
940
930
952
917
949
930
943
905
945
925
929
953
942
942
917
905
934
926
937
940
924
951
933
921
949
929
935
934
905
917
920
941
938
949
945
938
943
911
923
904
943
936
946
943
941
921
936
938
946
932
955
920
917
931
928
924
926
947
943
915
943
909
913
932
950
947
920
935
932
922
940
929
935
927
921
923
925
924
927
936
957
934
938
940
935
910
918
921
935
950
933
929
924
925
931
917
926
945
939
942
917
905
912
920
932
940
938
947
938
924
928
932
935
953
941
926
932
932
927
935
914
936
939
930
922
905
922
935
927
930
912
933
942
938
941
936
940
919
941
953
933
926
917
921
924
930
927
909
924
945
950
930
917
942
949
934
935
935
947
941
953
940
947
939
936
936
935
936
927
945
943
932
930
946
941
936
947
938
931
927
938
934
916
941
934
919
940
942
919
916
939
943
927
934
928
933
935
912
911
933
935
928
929
957
951
931
937
950
946
933
921
934
949
920
919
901
935
921
934
934
951
930
920
944
938
925
921
931
939
929
950
967
928
931
944
942
942
931
940
908
930
929
928
936
920
933
928
945
914
941
934
936
935
922
915
944
931
947
938
936
939
925
924
935
943
923
943
930
946
926
946
936
940
923
929
921
922
928
926
944
926
935
921
942
921
914
921
942
939
948
951
932
919
948
933
925
955
943
934
931
921
924
925
941
946
950
927
911
929
934
919
928
907
925
927
939
922
940
925
929
941
941
924
907
946
939
923
932
924
939
927
947
913
941
947
951
942
914
924
918
940
945
937
928
947
941
938
934
922
938
935
942
952
939
938
974
947
935
935
929
932
932
916
956
916
942
926
946
936
946
925
914
936
955
940
922
946
950
934
952
932
925
926
953
943
936
931
936
940
940
917
926
936
942
936
943
917
945
938
910
917
945
928
938
943
944
930
935
931
931
943
924
934
938
926
933
934
944
957
935
922
925
936
939
943
927
944
940
951
946
935
924
924
951
953
909
928
936
935
942
936
938
924
956
938
925
949
946
922
941
943
950
928
949
932
947
930
940
932
926
943
930
929
932
940
936
951
926
928
935
942
949
932
908
926
946
925
930
934
940
935
944
940
925
928
931
946
935
939
939
944
923
935
938
929
956
936
931
916
955
941
955
909
950
938
925
925
923
934
936
937
938
954
936
955
956
956
936
928
941
935
944
929
940
935
943
930
955
941
935
939
954
936
923
946
948
934
941
928
947
931
919
946
925
920
939
960
948
952
929
921
942
940
931
925
951
943
952
957
944
937
919
918
931
938
942
928
943
924
931
908
921
898
944
938
944
955
949
955
938
944
934
929
933
930
937
946
939
944
934
936
933
936
945
931
936
963
935
929
927
934
934
927
943
948
948
946
934
960
951
934
967
951
937
958
928
948
943
949
957
947
938
953
965
935
934
939
950
950
950
937
935
939
939
937
925
930
935
933
939
946
942
938
933
929
937
951
956
941
936
934
955
941
935
947
958
955
943
946
932
961
948
929
958
936
942
950
949
953
948
944
931
946
951
955
928
943
954
939
934
934
944
926
937
938
928
936
942
933
947
944
922
925
937
946
957
939
955
951
935
938
940
952
937
935
924
933
938
952
933
936
929
953
946
953
940
944
944
948
940
930
937
955
933
938
942
946
953
945
943
952
936
962
952
954
957
948
947
954
952
945
961
941
949
955
955
943
924
938
951
941
949
944
942
933
952
931
932
950
936
968
955
950
944
947
958
921
926
942
938
960
939
958
937
948
946
943
920
956
942
942
930
925
926
930
939
953
947
955
955
955
945
949
929
955
935
960
935
946
939
962
961
959
957
936
952
956
960
960
942
952
965
941
935
947
953
951
951
943
938
948
932
943
935
944
951
953
964
933
937
940
945
939
922
940
967
962
941
947
960
958
962
963
937
936
946
940
950
943
933
950
949
962
969
952
938
941
947
961
956
942
955
961
963
941
956
962
957
969
954
964
942
952
955
960
960
942
949
957
967
952
944
956
968
951
937
945
959
954
959
961
967
947
960
949
964
962
959
952
945
964
944
933
946
933
963
939
948
948
978
951
950
954
959
964
943
941
947
961
964
955
955
939
960
951
950
961
955
959
949
952
961
964
960
957
967
949
960
968
949
948
955
959
957
957
955
954
954
952
956
958
962
958
946
943
959
960
964
966
956
951
959
972
967
958
971
947
945
955
959
966
961
957
954
938
971
951
963
961
950
962
953
962
973
980
967
952
954
962
957
956
958
961
959
953
972
981
966
974
960
971
970
974
964
962
960
948
945
975
958
954
973
973
964
948
949
965
959
962
971
957
972
969
958
970
952
959
973
981
949
958
976
973
972
960
967
968
959
957
944
951
964
968
958
957
976
957
963
963
962
970
973
978
970
950
964
955
968
973
985
987
984
979
956
963
957
967
974
965
965
968
978
955
977
957
970
983
986
964
976
969
982
984
972
949
971
969
974
971
975
958
973
969
979
962
970
978
984
975
986
979
976
976
966
975
963
959
972
972
969
980
986
982
973
980
985
974
973
972
980
987
975
975
979
994
980
976
977
973
970
966
975
981
987
982
990
987
998
972
974
983
969
979
969
976
985
975
984
979
998
1011
995
990
991
981
981
979
972
971
985
981
986
986
975
983
987
994
988
973
982
996
977
985
991
989
999
990
992
995
999
998
1003
992
1004
1001
991
994
992
990
993
994
981
989
994
995
990
993
999
984
986
978
997
993
1013
997
992
997
992
998
993
991
986
982
982
989
1000
1000
1003
1008
1010
1008
1006
992
997
983
982
991
993
996
986
1007
996
999
1009
994
999
998
994
987
977
985
997
1003
1004
1000
994
998
992
1011
1009
1005
1003
999
1003
1005
1002
1003
1005
994
1007
1000
999
1006
1001
1004
1002
1003
995
991
994
993
989
993
1002
999
999
1002
1000
999
1002
998
1000
998
1012
1013
1011
1013
1008
1004
999
1009
1004
1008
1010
999
1002
1009
1007
1003
1002
1004
1001
1005
1021
1020
1018
1020
1012
1012
1016
1019
1008
1008
1016
1012
1012
1014
1018
1014
1017
1021
1017
1017
1012
1009
1010
1010
1006
1011
1008
1008
1003
1007
1004
1005
1014
1018
1006
1020
1015
1015
1017
1010
1016
1012
1018
1024
1016
1016
1014
1011
1019
1021
1026
1015
1014
1020
1025
1022
1023
1032
1027
1020
1025
1015
1018
1023
1022
1027
1026
1029
1027
1025
1019
1017
1022
1021
1020
1018
1019
1023
1021
1017
1024
1017
1013
1015
1021
1021
1019
1020
1025
1016
1023
1017
1018
1020
1025
1020
1019
1017
1020
1021
1023
1025
1028
1028
1032
1036
1035
1037
1021
1024
1020
1033
1036
1036
1029
1030
1031
1034
1035
1034
1032
1033
1034
1032
1031
1032
1028
1026
1031
1033
1030
1032
1031
1030
1034
1030
1033
1037
1038
1035
1032
1030
1035
1033
1035
1034
1035
1037
1034
1035
1037
1039
1038
1039
1034
1036
1033
1037
1037
1037
1033
1035
1040
1036
1037
1034
1035
1037
1037
1042
1040
1043
1043
1045
1044
1039
1040
1044
1045
1048
1044
1045
1045
1047
1046
1043
1039
1044
1044
1047
1047
1049
1047
1046
1046
1042
1044
1045
1047
1046
1048
1048
1046
1048
1045
1047
1047
1047
1048
1049
1049
1049
1049
1050
1050
1041
1043
1042
1044
1044
1043
1040
1040
1040
1040
1045
1048
1048
1050
1049
1049
1048
1045
1046
1048
1048
1047
1047
1048
1047
1048
1048
1046
1047
1049
1048
1049
1051
1051
1051
1052
1052
1056
1056
1058
1058
1056
1056
1056
1054
1053
1056
1056
1056
1056
1055
1055
1054
1054
1054
1054
1050
1051
1050
1051
1051
1052
1051
1051
1054
1055
1055
1055
1054
1055
1055
1056
1057
1057
1057
1057
1057
1057
1057
1057
1058
1058
1057
1057
1055
1056
1055
1055
1055
1056
1057
1057
1057
1056
1057
1056
1058
1057
1057
1057
1057
1057
1056
1056
1057
1057
1055
1056
1056
1056
1055
1053
1052
1052
1052
1052
1052
1053
1053
1054
1054
1052
1053
1055
1056
1058
1059
1059
1058
1058
1058
1058
1058
1058
1058
1059
1058
1058
1058
1058
1058
1058
1058
1058
1058
1057
1057
1058
1058
1057
1057
1057
1058
1058
1058
1058
1058
1059
1059
1059
1059
1060
1060
1059
1059
1059
1059
1059
1059
1058
1057
1057
1057
1057
1058
1058
1058
1059
1059
1059
1059
1059
1059
1059
1059
1059
1058
1058
1058
1057
1056
1056
1056
1056
1057
1057
1058
1057
1057
1057
1057
1057
1057
1056
1057
1057
1057
1057
1058
1059
1059
1060
1060
1060
1060
1060
1060
1060
1059
1059
1060
1060
1061
1061
1061
1061
1061
1061
1062
1062
1062
1061
1062
1062
1062
1062
1062
1062
1062
1061
1061
1061
1060
1060
1061
1062
1062
1062
1062
1062
1062
1062
1062
1062
1062
1062
1062
1062
1062
1062
1062
1062
1062
1062
1062
1062
1062
1062
1062
1062
1062
1062
1062
1062
1062
1062
1062
1062
1062
1062
1061
1061
1061
1061
1061
1061
1061
1061
1061
1061
1061
1061
1061
1061
1061
1061
1061
1061
1061
1062
1062
1062
1062
1062
1062
1062
1062
1062
1062
1062
1062
1062
1062
1062
1062
1062
1062
1062
1062
1062
1062
1062
1062
1062
1062
1062
1062
1062
1062
1062
1062
1062
1062
1062
1062
1062
1062
1062
1062
1062
1062
1062
1062
1062
1062
1062
1062
1062
1062
1062
1062
1062
1062
1062
1062
1062
1062
1062
1062
1062
1062
1062
1062
1062
1062
1062
1062
1062
1062
1062
1062
1062
1062
1062
1062
1062
1062
1062
1062
1062
1062
1062
1062
1062
1062
1062
1062
1062
1062
1062
1062
1062
1062
1062
1062
1062
1062
1062
1062
1062
1062
1062
1062
1062
1062
1062
1062
1062
1062
1062
1062
1062
1062
1062
1062
1062
1062
1062
1062
1062
1062
1062
1062
1062
1062
1062
1062
1062
1062
1062
1062
1062
1062
1062
1062
1062
1062
1062
1062
1062
1062
1062
1062
1062
1062
1062
1062
1062
1062
1062
1062
1062
1062
1062
1062
1062
1062
1062
1062
1062
1062
1062
1062
1062
1062
1062
1062
1062
1062
1062
1062
1062
1062
1062
1062
1062
1062
1062
1062
1062
1062
1062
1062
1062
1062
1062
1062
1062
1062
1062
1062
1062
1062
1062
1062
1062
1062
1062
1062
1062
1062
1062
1062
1062
1062
1062
1062
1062
1062
1062
1062
1062
1062
1062
1062
1062
1062
1062
1062
1062
1062
1062
1062
1062
1062
1062
1062
1062
1062
1062
1062
1062
1062
1062
1062
1062
1062
1062
1062
1062
1062
1062
1062
1062
1062
1062
1062
1062
1062
1062
1062
1062
1062
1062
1062
1062
1062
1062
1062
1062
1062
1062
1062
1062
1062
1062
1062
1062
1062
1062
1062
1062
1062
1062
1062
1062
1062
1062
1062
1062
1062
1062
1062
1062
1062
1062
1062
1062
1062
1062
1062
1062
1062
1062
1062
1062
1062
1062
1062
1062
1062
1062
1062
1062
1062
1062
1062
1062
1062
1062
1062
1062
1062
1062
1062
1062
1062
1062
1062
1062
1062
1062
1062
1062
1062
1062
1062
1062
1062
1062
1062
1062
1062
1062
1062
1062
1062
1062
1062
1062
1062
1062
1062
1062
1062
1062
1062
1062
1062
1062
1062
1062
1062
1062
1062
1062
1062
1062
1062
1062
1062
1062
1062
1062
1062
1062
1062
1062
1062
1062
1062
1062
1062
1062
1062
1062
1062
1062
1062
1062
1062
1062
1062
1062
1062
1062
1062
1062
1062
1062
1062
1062
1062
1062
1062
1062
1062
1062
1062
1062
1062
1062
1062
1062
1062
1062
1062
1062
1062
1062
1062
1062
1062
1062
1062
1062
1062
1062
1062
1062
1062
1062
1062
1062
1062
1062
1062
1062
1062
1062
1062
1062
1062
1062
1062
1062
1062
1062
1062
1062
1062
1062
1062
1062
1062
1062
