1065
927
928
937
938
931
921
931
929
938
934
923
920
945
941
957
940
925
946
930
927
938
933
933
940
946
929
924
935
938
926
922
917
955
928
939
939
942
942
931
940
937
937
923
936
943
944
923
944
930
927
935
921
934
953
942
936
933
960
924
926
924
918
918
950
942
938
945
923
945
939
926
933
931
931
946
925
936
935
943
931
928
937
931
944
955
957
930
937
951
915
909
932
914
938
944
928
926
936
922
917
940
939
936
932
926
926
925
923
919
941
938
948
940
954
943
932
942
942
931
945
945
946
938
947
943
943
936
933
929
940
916
930
929
931
927
912
936
926
925
925
933
937
923
941
937
926
938
920
937
921
931
926
947
913
940
937
927
928
928
947
927
924
932
935
953
954
930
935
929
927
941
915
940
933
927
925
933
919
935
929
917
933
941
935
943
943
932
931
907
936
921
931
935
920
943
939
930
940
937
948
935
941
952
942
925
924
938
935
922
928
913
901
930
949
933
936
938
936
931
933
930
923
923
934
947
942
939
922
933
924
920
942
934
914
938
924
933
947
915
935
935
923
938
900
920
920
953
937
921
919
910
912
950
924
946
948
940
921
940
939
929
930
929
925
937
931
900
934
936
926
932
935
954
940
929
932
951
941
920
933
921
937
912
917
934
932
920
940
919
918
932
919
920
911
953
933
935
910
934
925
947
930
934
930
926
935
931
930
948
933
938
938
931
936
942
921
928
910
929
922
926
952
948
926
953
931
939
948
924
927
922
929
938
920
923
917
928
946
950
937
960
948
944
920
953
950
924
939
926
939
944
933
921
938
916
924
920
926
922
949
931
934
937
936
907
931
938
946
927
939
932
935
931
939
933
921
921
943
934
933
915
943
937
937
948
931
932
929
914
926
922
929
929
931
936
928
935
943
931
951
938
926
928
945
910
937
924
924
932
936
918
923
950
921
922
925
932
916
949
925
928
951
953
934
945
917
915
930
960
943
923
929
955
934
955
929
924
923
916
938
930
945
919
945
940
942
926
939
936
938
943
943
943
900
923
931
916
922
930
926
938
926
934
941
926
906
906
946
922
943
928
938
938
933
902
936
949
930
911
941
930
927
914
916
948
937
930
946
932
943
948
937
918
915
927
952
943
942
939
934
920
932
927
923
899
922
922
920
914
921
930
922
930
922
917
942
928
928
942
919
944
925
934
926
906
928
934
960
941
929
915
938
926
935
926
933
933
926
947
938
913
922
947
925
925
943
948
957
937
940
943
913
922
935
929
915
934
924
918
918
915
922
938
944
940
939
943
931
929
946
920
924
905
939
943
956
948
932
955
929
925
935
949
942
954
941
927
943
952
939
938
939
941
949
937
937
934
904
921
930
930
918
923
907
919
920
950
926
944
934
934
904
938
949
950
904
927
926
927
940
947
947
944
921
940
936
941
929
934
935
943
943
954
934
932
934
926
937
937
946
937
930
933
929
937
929
941
938
922
947
927
937
913
952
938
938
919
937
953
940
933
921
930
927
938
932
933
918
939
926
937
934
931
939
914
921
935
939
930
933
934
930
932
923
915
934
941
939
951
948
944
919
938
930
944
952
940
938
948
948
937
928
948
952
920
935
921
930
945
912
914
928
932
945
942
949
942
945
948
905
946
920
956
942
933
957
947
935
949
933
944
917
923
934
927
935
937
945
927
942
930
933
957
941
926
922
952
913
931
945
941
929
929
918
929
929
933
936
922
940
929
945
923
940
917
937
925
929
936
943
934
925
933
916
934
941
939
954
939
939
930
921
952
946
939
942
927
934
919
923
939
930
930
928
937
935
934
942
943
919
935
935
934
933
948
919
935
932
921
946
934
928
924
927
932
946
936
933
926
944
942
931
928
944
945
921
929
940
934
955
920
938
937
936
955
933
936
913
948
935
938
924
937
936
932
942
920
970
930
952
954
946
942
908
930
938
941
919
940
944
925
940
944
928
924
943
922
934
928
938
931
933
917
939
919
943
948
928
947
937
921
926
946
931
938
921
937
932
917
948
929
941
939
936
922
920
916
937
922
923
926
923
911
938
949
933
934
921
939
940
929
943
909
948
919
941
925
946
939
937
942
925
935
933
923
935
895
920
939
914
909
935
918
932
936
902
921
925
940
942
915
919
943
924
932
944
921
949
921
940
926
939
910
945
941
959
927
927
924
941
959
941
932
933
941
938
934
941
926
924
943
910
924
940
920
935
932
954
930
928
923
923
942
935
932
953
911
935
930
940
927
917
933
915
936
932
924
930
938
942
927
912
940
919
922
918
933
932
933
951
930
942
928
938
945
941
933
922
929
936
938
904
925
929
918
907
937
935
897
913
919
946
926
942
915
928
942
950
927
934
939
946
944
921
930
946
940
935
916
917
929
942
923
929
935
939
924
923
937
941
946
943
940
943
935
937
931
918
945
942
937
927
926
951
923
945
902
929
934
925
946
938
943
930
905
924
940
932
925
925
923
936
953
948
945
925
922
933
941
935
947
934
916
908
936
941
933
942
934
953
942
950
940
939
950
943
918
944
933
931
931
934
922
925
915
932
936
934
930
953
929
945
939
925
921
935
937
932
913
933
941
942
920
930
949
941
914
942
910
931
926
933
937
940
937
916
948
931
938
926
931
939
915
923
936
923
925
935
934
932
925
947
917
944
926
921
932
940
915
937
938
947
931
926
932
938
934
938
938
926
918
936
931
929
927
922
945
931
952
927
920
945
922
942
920
932
944
945
962
924
926
937
927
934
936
915
932
937
940
918
930
935
922
943
953
943
932
938
937
923
929
942
918
931
927
939
928
950
942
945
948
947
932
930
927
939
914
934
937
914
929
926
934
945
931
941
949
947
928
939
952
922
939
921
947
939
935
921
964
929
947
931
943
944
923
934
946
933
910
946
935
940
931
944
953
947
932
918
946
937
927
936
928
922
942
940
947
925
927
951
934
929
954
936
940
929
946
938
942
942
942
928
922
926
944
945
933
945
943
928
940
928
909
914
937
927
953
936
939
938
926
927
938
938
937
943
921
912
912
936
934
932
931
922
937
927
958
944
918
947
935
935
921
955
928
924
952
938
924
949
934
927
914
936
937
928
929
947
935
947
915
924
936
945
946
938
924
943
935
938
932
928
949
926
917
927
941
928
923
932
950
951
940
939
938
935
920
934
939
958
924
943
952
951
957
932
922
931
943
938
945
920
934
929
909
931
917
928
935
926
928
933
913
919
930
934
937
934
922
928
918
958
933
935
934
918
941
929
944
909
951
949
948
926
923
938
929
935
922
935
957
941
931
931
930
945
935
942
933
925
933
944
929
941
935
924
926
926
942
934
938
918
926
944
923
936
953
935
923
917
921
947
933
947
933
932
945
934
926
933
929
915
909
915
937
937
928
939
936
927
930
901
937
951
933
911
940
926
915
926
954
937
928
918
938
940
932
945
944
915
931
934
904
934
936
927
929
950
940
935
922
924
919
926
940
934
932
947
942
943
927
925
946
928
936
938
936
923
920
909
929
934
932
956
935
943
931
921
925
938
929
956
942
943
933
952
939
956
920
921
917
942
935
932
927
928
943
926
945
927
928
926
933
936
918
947
937
926
921
935
926
927
934
929
921
956
953
944
942
929
926
938
941
927
937
929
926
916
926
931
922
924
919
934
926
930
931
940
944
947
930
910
955
911
917
917
953
924
944
932
938
929
946
937
943
927
942
952
944
944
940
934
936
922
934
926
928
951
943
918
941
955
929
941
950
952
939
943
937
942
925
926
938
924
958
936
925
927
940
940
925
917
929
931
936
935
929
940
936
914
933
928
925
941
915
954
937
921
934
921
935
955
929
939
942
931
931
934
924
943
918
933
933
930
926
973
929
925
909
947
931
936
925
936
918
925
930
932
928
932
934
915
925
928
936
935
926
950
938
927
939
933
937
942
928
899
926
940
927
935
942
922
939
935
924
953
940
932
928
943
946
938
936
922
925
933
922
937
930
928
920
941
930
927
933
949
937
935
945
938
931
933
932
920
929
935
920
937
923
934
939
941
925
945
942
939
925
934
940
939
912
936
942
929
930
925
923
932
930
940
945
916
916
929
932
938
907
940
944
939
935
921
927
931
930
936
941
947
929
927
932
922
954
936
934
944
942
933
937
967
948
945
925
932
919
912
942
937
951
944
924
935
926
947
927
929
933
957
930
915
946
938
950
956
930
927
929
964
942
931
932
950
924
939
937
940
956
937
928
938
945
936
947
919
948
939
941
932
936
945
946
929
942
923
922
904
943
949
951
942
937
920
923
942
944
934
952
917
937
917
921
930
933
936
937
937
932
961
951
916
938
929
941
938
947
946
937
942
921
962
920
934
927
922
921
911
918
917
935
939
920
944
947
948
922
950
909
922
935
913
930
938
956
942
918
944
932
942
915
944
957
941
928
921
925
933
933
942
943
933
918
929
927
956
946
939
940
935
941
933
913
944
930
958
937
926
942
935
940
931
948
943
939
927
907
942
945
909
940
943
940
936
930
927
957
950
938
948
944
923
942
934
933
948
966
932
930
923
951
923
921
950
948
950
934
940
952
904
915
933
927
927
923
953
937
945
937
926
954
949
952
954
938
928
927
936
930
941
942
932
936
957
951
940
924
927
943
933
944
939
940
941
916
945
942
928
958
956
933
954
945
961
931
919
931
944
934
951
936
946
934
916
940
939
953
947
943
939
942
931
940
928
936
929
938
952
951
931
919
943
922
948
939
939
927
936
949
925
944
929
933
945
942
946
941
963
965
949
930
925
948
933
960
943
928
925
945
926
948
926
950
938
943
950
929
936
945
959
971
943
954
952
929
936
948
934
915
939
936
950
929
940
953
915
941
933
935
937
949
936
922
961
942
933
933
939
966
945
934
963
944
944
928
945
931
952
950
939
949
957
964
953
945
941
932
937
937
955
940
955
920
940
928
936
958
949
955
944
954
940
944
955
939
949
946
948
948
932
954
961
939
947
946
932
961
962
951
943
956
947
947
952
962
940
930
946
933
947
956
952
949
948
952
932
934
943
949
954
942
953
939
949
951
966
948
953
951
942
956
961
943
973
959
960
936
953
949
956
959
947
948
952
958
963
945
943
959
943
957
953
975
957
943
952
952
942
951
956
959
948
955
958
934
959
956
965
954
966
959
952
949
945
970
961
957
963
978
950
946
964
969
967
949
963
966
946
965
948
979
977
973
968
962
943
955
955
971
950
961
955
959
969
965
966
964
959
957
955
952
961
954
961
971
961
972
967
962
985
983
968
980
981
980
976
974
988
967
952
963
969
961
960
953
963
953
976
966
964
988
982
972
989
984
971
976
977
981
991
988
979
975
977
981
983
982
967
983
976
991
990
980
988
993
993
986
969
980
979
983
989
985
987
991
994
997
993
993
993
1000
1002
1006
1004
1014
1005
1012
1004
1002
1004
1007
1009
1011
1013
1021
1013
1013
1011
1015
1017
1015
1023
1029
1033
1025
1016
1015
1015
1019
1025
1024
1029
1029
1029
1025
1025
1025
1028
1030
1034
1030
1035
1034
1037
1034
1035
1038
1041
1041
1042
1042
1044
1045
1044
1044
1045
1045
1043
1045
1045
1046
1046
1046
1045
1047
1048
1050
1050
1050
1052
1052
1052
1053
1054
1054
1054
1054
1054
1054
1054
1055
1055
1055
1055
1056
1057
1057
1057
1057
1057
1057
1057
1058
1058
1058
1058
1058
1058
1058
1058
1058
1058
1058
1058
1058
1058
1058
1058
1058
1058
1060
1060
