1065
922
906
916
912
927
934
932
926
950
939
939
935
926
949
950
941
947
944
931
927
925
911
936
942
947
937
945
937
938
938
944
924
944
936
942
931
926
915
916
941
933
921
921
920
936
950
906
933
921
922
935
936
918
925
927
927
931
950
945
930
925
939
942
930
933
914
952
920
961
917
909
929
927
942
931
922
920
934
937
929
912
945
931
944
938
935
928
924
926
928
926
924
928
920
917
927
918
950
942
942
938
937
935
930
938
926
937
940
932
930
955
931
927
931
936
927
920
933
944
927
935
915
916
924
931
941
945
917
948
939
937
932
936
927
926
938
919
939
923
930
926
908
935
928
953
954
931
941
925
916
925
932
944
923
948
958
934
931
941
940
960
916
931
943
951
933
953
921
949
940
925
937
946
925
909
933
912
917
938
918
934
921
933
941
955
943
928
938
909
941
939
923
934
921
918
923
926
934
914
920
946
946
960
935
932
944
931
915
907
909
930
926
947
922
928
944
932
927
942
932
916
930
925
922
931
930
938
925
940
941
937
943
944
922
932
940
911
936
918
936
934
913
917
923
949
904
927
948
938
948
932
959
929
932
928
937
931
928
944
944
933
951
927
943
920
922
943
940
932
934
928
938
938
938
954
926
919
936
922
926
932
931
941
930
929
936
919
928
918
907
919
915
913
928
937
924
922
952
932
938
946
927
942
929
943
927
926
933
934
955
960
944
922
973
921
943
945
940
936
938
937
923
933
945
932
924
923
935
934
939
947
936
925
948
925
943
950
918
919
928
949
931
952
938
923
945
937
927
927
932
932
946
954
948
947
955
908
938
921
928
947
957
935
909
927
934
933
947
940
931
938
919
929
939
920
953
925
925
927
933
935
935
955
947
934
949
942
929
947
938
931
930
950
928
921
923
927
935
926
950
935
947
945
966
920
929
927
938
943
924
927
919
930
919
907
922
915
939
930
929
935
941
946
949
939
926
928
940
929
937
930
919
940
927
942
931
936
917
933
935
942
938
931
927
926
941
923
944
930
950
918
924
943
936
923
930
938
941
938
953
929
916
932
939
923
945
944
940
924
948
927
945
915
935
954
923
929
950
941
946
929
943
908
902
929
951
943
925
935
933
935
922
945
947
929
925
929
929
935
925
932
929
933
923
921
927
931
931
906
936
946
934
941
929
928
954
961
941
934
924
928
931
953
902
922
928
941
932
905
940
938
942
945
952
937
930
932
943
926
933
904
901
914
910
922
922
960
940
936
928
945
928
928
921
934
922
916
936
922
926
922
907
929
938
925
945
922
939
926
951
942
946
949
934
925
918
952
967
917
940
927
923
938
925
936
935
916
932
940
938
934
930
926
932
945
936
933
925
927
939
912
931
959
922
921
920
934
912
955
947
939
943
922
922
942
939
937
923
947
934
923
921
920
950
922
922
921
926
923
933
920
914
908
953
941
929
935
936
938
921
935
940
944
949
937
932
919
927
949
927
955
939
949
931
934
958
936
929
929
919
945
925
929
941
943
923
942
944
939
946
945
937
926
925
939
921
936
955
928
918
937
925
926
931
919
913
924
936
917
941
913
919
933
926
934
924
955
928
926
924
947
938
932
921
936
923
940
937
915
928
937
929
939
934
942
962
941
930
922
911
910
942
934
932
951
940
935
921
961
922
930
942
936
940
935
940
931
933
927
968
934
934
951
932
936
942
932
933
954
929
937
931
924
934
922
924
922
934
937
929
934
927
954
927
924
936
937
930
939
926
950
932
930
939
939
940
934
925
939
926
947
955
949
939
956
953
929
913
941
954
935
935
946
951
943
952
956
932
948
939
935
934
939
943
941
919
938
930
941
936
951
934
937
933
951
945
944
949
942
925
953
943
934
951
953
928
947
942
928
925
936
930
946
943
932
919
919
928
949
952
939
940
934
941
929
952
940
918
939
939
933
957
929
937
934
926
936
939
929
952
941
918
936
948
935
927
945
931
936
938
938
952
954
941
945
931
928
950
914
932
939
940
941
934
932
941
947
942
940
931
944
935
960
921
939
940
945
955
930
951
948
950
969
952
941
953
950
942
962
929
942
953
960
945
936
946
937
943
951
935
940
919
931
957
933
948
951
944
934
953
941
934
948
936
947
952
951
946
941
940
964
955
928
931
953
948
949
939
942
951
970
945
930
937
950
936
934
954
947
941
953
915
938
940
932
940
944
937
944
944
949
939
932
949
940
943
938
944
941
923
945
945
913
955
929
952
962
948
953
938
952
949
943
936
966
947
957
957
939
957
956
964
948
954
952
946
930
950
950
957
937
947
942
951
954
965
943
954
929
946
964
932
952
940
936
945
963
948
933
962
951
953
935
931
945
927
929
942
946
943
935
948
956
954
973
955
939
948
942
947
925
934
938
942
943
942
950
948
947
961
950
963
962
945
949
938
940
951
949
947
963
947
936
955
944
952
957
943
957
948
972
950
934
950
943
948
955
936
962
953
948
950
947
966
952
948
973
955
954
966
954
944
953
951
944
952
942
946
946
947
953
962
959
958
940
941
933
951
952
969
964
946
932
964
950
968
963
959
953
962
957
963
962
965
942
962
943
938
947
955
955
965
955
939
947
952
962
957
954
978
976
969
942
966
971
966
946
971
968
957
955
950
964
952
936
948
936
955
962
971
964
949
963
971
955
946
955
959
952
951
973
968
954
947
948
941
968
957
941
968
975
952
960
957
954
968
945
946
944
950
952
965
948
966
971
948
948
964
956
956
948
961
952
961
969
939
954
946
949
939
950
969
962
957
965
968
960
969
961
964
956
989
971
968
951
953
952
950
962
969
967
966
959
979
972
959
969
958
963
960
977
961
974
967
969
960
943
950
964
964
964
959
974
983
966
972
979
967
962
969
977
971
966
969
982
987
958
976
985
971
963
963
969
960
971
975
984
967
960
985
969
963
965
976
982
982
947
977
974
952
955
963
980
983
966
980
972
977
982
984
975
976
979
965
953
961
964
972
965
969
964
948
947
959
962
975
982
970
966
971
973
981
967
980
983
981
987
967
986
981
986
967
971
968
972
984
969
977
990
980
968
962
967
974
973
984
970
976
982
969
965
980
969
982
987
987
978
969
976
976
978
965
977
982
989
982
982
978
984
984
977
964
982
978
977
970
992
993
995
989
1000
981
976
974
981
982
994
993
992
980
989
996
991
991
992
983
985
981
990
982
980
978
986
975
982
997
1001
1001
968
984
996
983
985
980
983
986
988
979
990
990
987
992
977
979
995
1000
1007
996
1001
999
994
1001
1000
994
996
999
993
994
991
990
996
994
991
1001
998
1007
1005
1000
1005
1003
1002
987
991
998
1009
988
990
992
990
1004
1008
1000
1003
1002
1001
1001
1008
1006
1003
998
1000
1001
1005
987
996
995
999
994
997
989
996
1000
1001
1003
994
1012
1018
1000
1006
1005
1014
1009
1012
1012
1010
1013
1002
1004
1000
994
1006
1007
1004
1003
1008
1019
1015
1018
1005
1011
1008
1010
1016
1022
1013
1006
1010
1009
1012
1011
1015
1015
1009
1009
1009
1003
1014
1008
1005
1012
1016
1016
1019
1022
1019
1022
1018
1010
1022
1030
1019
1022
1011
1018
1022
1012
1005
1015
1015
1013
1010
1007
1013
1019
1017
1013
1010
1016
1024
1022
1014
1025
1024
1020
1020
1017
1027
1016
1021
1011
1010
1007
1014
1012
1010
1016
1017
1006
1009
1016
1010
1013
1021
1024
1022
1016
1016
1016
1021
1017
1013
1019
1017
1022
1025
1033
1029
1026
1029
1029
1026
1030
1027
1023
1023
1026
1021
1022
1023
1017
1012
1017
1013
1011
1015
1020
1013
1015
1022
1022
1020
1024
1024
1025
1024
1030
1028
1030
1027
1023
1021
1026
1030
1035
1033
1034
1032
1036
1040
1035
1035
1039
1038
1038
1030
1031
1026
1026
1027
1023
1025
1020
1023
1030
1029
1029
1024
1031
1032
1027
1032
1031
1035
1035
1036
1034
1028
1030
1028
1030
1026
1025
1027
1031
1030
1033
1033
1034
1033
1025
1031
1034
1034
1036
1036
1035
1039
1040
1038
1038
1036
1037
1037
1040
1039
1041
1039
1037
1041
1044
1045
1044
1043
1041
1042
1037
1036
1034
1034
1043
1042
1042
1042
1041
1041
1045
1047
1050
1051
1047
1044
1045
1046
1049
1048
1049
1046
1049
1049
1049
1047
1046
1045
1049
1049
1048
1051
1051
1051
1050
1052
1051
1053
1050
1051
1053
1054
1055
1053
1051
1051
1051
1050
1049
1049
1050
1049
1051
1050
1051
1051
1050
1050
1051
1050
1050
1051
1050
1051
1051
1053
1052
1051
1051
1049
1048
1050
1047
1047
1048
1050
1051
1050
1051
1051
1051
1053
1054
1051
1050
1051
1051
1052
1051
1051
1050
1051
1053
1053
1052
1052
1053
1052
1053
1052
1051
1051
1052
1048
1049
1049
1049
1049
1046
1049
1049
1049
1051
1051
1051
1050
1048
1048
1048
1048
1050
1050
1052
1052
1053
1057
1057
1058
1057
1057
1059
1060
1060
1059
1059
1060
1060
1060
1059
1059
1057
1057
1058
1059
1059
1057
1057
1057
1057
1056
1057
1057
1055
1055
1056
1055
1056
1057
1058
1058
1058
1058
1060
1060
1060
1060
1060
1060
1060
1061
1061
1061
1058
1058
1058
1059
1058
1058
1059
1059
1059
1058
1059
1059
1059
1059
1060
1060
1060
1060
1060
1059
1059
1060
1060
1060
1060
1060
1060
1060
1060
1059
1059
1059
1059
1059
1060
1060
1061
1061
1061
1061
1061
1061
1061
1061
1061
1060
1061
1061
1061
1061
1061
1061
1061
1061
1060
1060
1060
1060
1060
1060
1060
1060
1060
1060
1060
1060
1060
1060
1060
1060
1061
1061
1061
1061
1061
1061
1061
1061
1061
1061
1061
1060
1060
1060
1060
1060
1060
1060
1061
1061
1061
1061
1061
1061
1061
1061
1061
1061
1061
1061
1062
1062
1062
1062
1062
1062
1062
1062
1062
1062
1062
1062
1062
1062
1062
1062
1062
1062
1061
1062
1062
1062
1062
1062
1062
1062
1062
1062
1062
1062
1062
1062
1062
1062
1062
1062
1062
1062
1062
1062
1062
1062
1062
1062
1062
1062
1062
1062
1061
1061
1061
1061
1061
1061
1061
1061
1061
1061
1061
1061
1061
1061
1061
1061
1061
1061
1061
1061
1061
1061
1061
1061
1061
1061
1061
1061
1061
1061
1061
1061
1061
1061
1061
1061
1061
1061
1061
1061
1061
1061
1061
1061
1061
1061
1061
1061
1061
1061
1061
1061
1061
1061
1062
1062
1062
1062
1062
1062
1062
1062
1062
1062
1062
1062
1062
1062
1062
1062
1062
1062
1062
1062
1062
1062
1062
1062
1062
1062
1062
1062
1062
1062
1062
1062
1062
1062
1062
1062
1062
1062
1062
1062
1062
1062
1062
1062
1062
1062
1062
1062
1062
1062
1062
1062
1062
1062
1062
1062
1062
1062
1062
1062
1062
1062
1062
1062
1062
1062
1062
1062
1062
1062
1062
1062
1062
1062
1062
1062
1062
1062
1062
1062
1062
1062
1062
1062
1062
1062
1062
1062
1062
1062
1062
1062
1062
1062
1062
1062
1062
1062
1062
1062
1062
1062
1062
1062
1062
1062
1062
1062
1062
1062
1062
1062
1062
1062
1062
1062
1062
1062
1062
1062
1062
1062
1062
1062
1062
1062
1062
1062
1062
1062
1062
1062
1062
1062
1062
1062
1062
1062
1062
1062
1062
1062
1062
1062
1062
1062
1062
1062
1062
1062
1062
1062
1062
1062
1062
1062
1062
1062
1062
1062
1062
1062
1062
1062
1062
1062
1062
1062
1062
1062
1062
1062
1062
1062
1062
1062
1062
1062
1062
1062
1062
1062
1062
1062
1062
1062
1062
1062
1062
1062
1062
1062
1062
1062
1062
1062
1062
1062
1062
1062
1062
1062
1062
1062
1062
1062
1062
1062
1062
1062
1062
1062
1062
1062
1062
1062
1062
1062
1062
1062
1062
1062
1062
1062
1062
1062
1062
1062
1062
1062
1062
1062
1062
1062
1062
1062
1062
1062
1062
1062
1062
1062
1062
1062
1062
1062
1062
1062
1062
1062
1062
1062
1062
1062
1062
1062
1062
1062
1062
1062
1062
1062
1062
1062
1062
1062
1062
1062
1062
1062
1062
1062
1062
1062
1062
1062
1062
1062
1062
1062
1062
1062
1062
1062
1062
1062
1062
1062
1062
1062
1062
1062
1062
1062
1062
1062
1062
1062
1062
1062
1062
1062
1062
1062
1062
1062
1062
1062
1062
1062
1062
1062
1062
1062
1062
1062
1062
1062
1062
1062
1062
1062
1062
1062
1062
1062
1062
1062
1062
1062
1062
1062
1062
1062
1062
1062
1062
1062
1062
1062
1062
1062
1062
1062
1062
1062
1062
1062
1062
1062
1062
1062
1062
1062
1062
1062
1062
1062
1062
1062
1062
1062
1062
1062
1062
1062
1062
1062
1062
1062
1062
1062
1062
1062
1062
1062
1062
1062
1062
1062
1062
1062
1062
1062
1062
1062
1062
1062
1062
1062
1062
1062
1062
1062
1062
1062
1062
1062
1062
1062
1062
1062
1062
1062
1062
1062
1062
1062
1062
1062
1062
