1065
919
927
928
929
934
948
958
952
941
918
933
934
932
934
940
941
940
920
924
908
939
936
916
925
931
917
942
926
924
917
925
931
950
938
935
937
918
942
944
941
934
933
930
933
925
931
933
941
962
895
919
954
914
951
939
939
928
938
931
927
924
936
943
945
920
953
927
933
937
915
921
935
920
929
936
929
928
943
961
935
932
942
939
944
904
939
952
938
935
931
918
930
921
922
925
926
936
926
918
926
922
954
935
926
945
931
919
931
919
934
937
934
934
921
943
927
927
917
938
929
927
941
910
927
915
932
930
937
952
964
930
928
936
947
965
949
947
934
928
924
931
906
923
938
943
934
937
915
936
909
937
946
945
928
929
945
930
914
929
948
900
920
929
930
920
921
936
944
908
931
939
918
934
941
951
932
936
940
940
940
926
932
921
924
943
941
947
943
923
928
948
921
927
928
917
962
925
934
931
925
908
923
929
949
921
931
947
937
931
920
940
921
925
930
933
932
955
941
924
920
942
943
909
942
930
923
924
916
936
945
940
935
932
912
945
940
957
914
944
923
926
940
947
945
958
946
936
926
939
934
942
924
942
938
929
921
943
937
928
937
919
940
924
929
914
923
927
927
933
919
940
936
930
937
940
923
933
955
942
933
927
914
941
953
943
909
949
942
916
920
939
937
929
923
925
954
927
932
931
932
898
915
927
938
950
943
920
918
932
948
941
930
929
929
929
922
933
935
936
938
939
935
929
928
959
944
945
936
934
919
923
921
931
932
957
915
915
934
941
931
930
930
941
931
940
937
935
923
935
916
938
933
952
929
925
933
946
944
936
947
909
947
949
922
945
939
923
936
936
926
935
938
928
926
940
937
936
948
938
930
938
930
931
909
931
931
928
937
922
938
930
946
926
941
912
939
923
947
921
935
930
946
946
915
935
924
938
944
944
944
936
918
932
948
930
929
935
925
931
923
927
926
933
928
916
916
909
926
900
950
941
933
938
922
922
914
936
941
935
934
923
924
930
930
936
928
922
921
928
949
919
924
907
941
945
947
929
947
943
928
925
930
944
945
926
945
935
936
921
954
932
928
922
935
922
930
930
941
942
947
938
930
942
933
939
935
935
954
947
931
927
943
935
933
921
933
938
929
927
930
933
943
941
931
933
923
957
921
943
911
915
936
924
937
902
936
907
943
940
943
928
928
926
934
923
945
932
928
943
941
941
935
910
917
931
933
932
936
934
924
923
930
923
945
941
927
929
954
916
953
929
945
953
950
948
946
931
933
928
927
939
929
949
925
961
945
921
926
920
942
918
929
924
942
934
929
924
924
919
911
939
940
960
924
947
953
941
934
939
936
940
943
929
931
934
928
937
954
936
917
951
949
927
942
930
950
941
934
947
931
934
936
936
934
946
925
932
953
943
942
932
935
938
944
924
931
929
946
949
934
938
939
921
938
958
921
930
919
946
942
942
935
932
939
941
926
941
947
933
925
936
939
940
938
941
927
921
939
953
931
938
935
944
929
945
923
945
929
926
927
939
953
941
901
959
943
928
946
950
929
926
944
929
950
921
941
928
926
954
961
927
928
932
943
935
951
939
915
924
925
930
914
932
937
926
925
937
924
925
918
948
945
925
940
929
943
932
937
945
933
937
942
932
928
939
941
939
940
955
933
937
949
914
940
934
934
941
938
941
946
919
923
916
940
940
934
947
936
950
940
929
958
939
945
932
940
943
955
953
941
936
923
969
921
935
940
943
947
943
945
941
934
915
944
932
931
935
935
943
958
940
951
940
934
952
931
945
956
929
938
953
935
927
929
924
929
919
929
912
928
948
936
941
936
952
946
954
943
940
940
943
933
947
956
920
935
922
912
958
941
931
926
941
936
942
956
939
959
941
955
960
949
939
935
928
942
947
931
923
948
926
943
918
925
944
955
941
940
947
927
920
935
919
957
946
932
956
934
940
953
951
957
930
939
938
928
942
927
944
934
936
945
949
956
951
945
931
939
935
933
969
951
934
940
941
937
945
948
941
952
942
947
935
947
955
946
936
934
920
939
951
954
941
930
923
930
951
942
954
927
946
947
946
951
939
924
939
944
911
938
939
948
952
950
934
936
948
957
948
965
945
938
947
931
953
954
948
938
945
943
947
948
934
962
957
924
940
942
949
949
937
943
939
944
953
952
936
943
947
950
952
954
957
941
953
919
930
926
949
957
947
953
928
946
953
950
957
945
947
919
937
952
938
945
953
940
937
934
938
933
939
944
933
953
945
968
955
954
959
940
933
947
957
941
959
933
954
947
957
938
952
957
945
931
950
938
950
939
932
951
939
933
934
959
921
936
934
969
967
942
955
951
973
942
953
945
944
942
955
962
958
946
957
952
966
937
933
955
925
947
931
953
940
951
949
961
928
930
958
939
979
941
951
966
971
977
938
943
943
947
940
954
945
953
958
938
927
943
945
927
938
951
946
943
952
953
971
958
960
945
944
937
956
957
964
957
967
955
958
955
969
969
958
948
943
964
952
951
950
956
945
928
924
951
955
938
965
963
962
961
957
949
945
957
926
937
959
957
940
969
973
964
953
971
941
954
946
936
964
959
956
949
966
979
964
970
965
941
937
930
940
937
951
952
949
944
958
933
937
956
947
950
946
941
969
950
953
948
962
947
947
966
947
948
957
939
949
959
965
971
954
958
959
953
940
974
952
956
958
950
943
964
952
946
948
972
953
961
973
960
976
958
968
947
943
952
957
952
950
961
958
977
954
944
969
977
970
971
970
974
964
983
959
965
989
949
967
964
975
971
957
952
961
968
960
976
958
983
977
974
980
970
965
938
967
973
979
961
967
957
962
956
945
960
956
980
970
971
965
957
960
964
967
949
970
965
983
976
962
974
959
969
967
965
969
968
958
964
967
967
957
964
963
955
962
960
981
976
976
974
957
980
967
981
970
968
962
985
989
969
981
968
963
964
975
966
966
964
978
984
970
968
968
952
969
980
961
965
969
982
964
977
969
969
970
978
981
982
975
987
988
966
978
971
969
971
973
962
961
962
965
969
966
966
973
979
992
970
970
978
970
971
976
972
989
980
963
976
975
994
989
978
988
988
985
971
986
990
996
987
985
992
1000
981
967
965
976
975
972
980
975
986
985
993
999
976
988
993
986
980
962
978
988
988
983
988
982
1001
975
974
968
976
978
975
978
985
982
979
983
986
989
973
989
988
985
990
986
987
989
986
987
982
982
984
998
993
991
987
995
995
990
974
990
986
977
988
997
976
976
991
982
991
990
1002
986
987
998
992
988
998
993
1002
1000
992
981
987
992
997
994
984
987
980
976
989
981
997
986
991
986
1002
1003
1002
991
988
984
997
990
988
995
1005
999
999
1000
1008
1007
989
983
1002
1003
1007
1004
1005
1001
1004
999
1000
997
991
993
995
998
1001
995
998
1004
1003
992
1001
1002
1013
1003
1007
1003
1003
1011
1015
1014
1009
1016
1009
1012
1008
1011
1005
1009
1013
1007
1007
1010
1010
1006
1008
1013
1015
1012
1012
1012
1010
1001
1004
1008
1003
1000
1003
1009
1005
1005
1008
1006
1006
1011
1002
1014
1015
1014
1007
1008
1003
1008
998
1005
1006
1006
1004
1005
1012
1010
1008
1011
1015
1015
1013
1011
1007
1011
1012
1011
1006
1007
1011
1017
1011
1015
1024
1021
1023
1017
1019
1020
1017
1017
1019
1022
1028
1030
1029
1031
1033
1033
1035
1032
1028
1027
1023
1020
1014
1017
1023
1026
1022
1022
1021
1024
1028
1030
1026
1027
1020
1014
1014
1024
1018
1012
1016
1014
1017
1019
1021
1014
1022
1021
1017
1019
1019
1021
1024
1024
1028
1020
1027
1028
1028
1027
1024
1023
1034
1033
1032
1026
1023
1026
1028
1027
1028
1034
1035
1033
1034
1034
1029
1031
1033
1037
1031
1029
1030
1031
1030
1029
1033
1033
1038
1037
1033
1025
1023
1029
1033
1030
1032
1035
1029
1028
1030
1034
1036
1036
1034
1034
1034
1033
1034
1036
1034
1035
1039
1041
1041
1037
1037
1036
1035
1036
1035
1031
1033
1035
1038
1038
1035
1033
1034
1040
1038
1033
1031
1036
1032
1034
1037
1037
1038
1042
1046
1047
1046
1044
1043
1046
1041
1043
1043
1042
1043
1045
1043
1041
1044
1046
1045
1045
1045
1047
1047
1047
1046
1044
1045
1047
1048
1047
1048
1047
1046
1051
1047
1046
1047
1049
1047
1049
1046
1045
1044
1044
1047
1046
1047
1047
1048
1049
1050
1051
1053
1053
1053
1052
1051
1054
1054
1055
1055
1055
1054
1054
1052
1052
1052
1050
1050
1052
1050
1052
1051
1053
1053
1054
1052
1053
1054
1052
1054
1055
1057
1056
1056
1054
1054
1052
1054
1053
1053
1052
1053
1055
1056
1053
1053
1054
1053
1053
1051
1053
1053
1054
1052
1052
1052
1052
1053
1054
1057
1057
1056
1057
1057
1058
1056
1057
1056
1055
1056
1056
1057
1057
1057
1057
1057
1057
1056
1056
1056
1056
1056
1055
1056
1056
1056
1057
1057
1057
1058
1058
1059
1059
1059
1059
1059
1058
1059
1057
1057
1057
1057
1057
1057
1057
1057
1056
1056
1057
1058
1058
1058
1057
1057
1058
1059
1059
1059
1059
1059
1059
1059
1059
1058
1058
1058
1058
1056
1057
1055
1056
1057
1057
1056
1056
1055
1058
1059
1060
1059
1059
1059
1059
1059
1058
1057
1057
1057
1058
1058
1058
1058
1057
1058
1059
1059
1059
1059
1059
1059
1059
1059
1059
1059
1059
1059
1059
1059
1059
1059
1059
1059
1059
1059
1059
1059
1059
1059
1059
1059
1059
1059
1059
1059
1059
1059
1058
1058
1058
1058
1058
1058
1058
1057
1057
1057
1056
1056
1057
1057
1057
1057
1057
1058
1058
1057
1057
1057
1058
1058
1058
1058
1058
1057
1057
1057
1057
1058
1058
1058
1058
1058
1058
1058
1058
1058
1058
1058
1058
1059
1059
1059
1059
1059
1060
1060
1060
1060
1060
1060
1060
1060
1060
1059
1059
1059
1060
1060
1060
1060
1060
1060
1060
1060
1060
1059
1059
1059
1060
1060
1060
1060
1060
1060
1060
1060
1061
1061
1061
1061
1062
1062
1062
1063
1063
1063
1063
1063
1063
1063
1063
1063
1063
1063
1063
1063
1063
1063
1063
1063
1063
1063
1063
1063
1063
1063
1063
1063
1063
1063
1063
1063
1063
1063
1063
1063
1063
1063
1063
1063
1063
1063
1063
1063
1063
1064
1064
1064
1064
1064
1064
1064
1064
1064
1064
1064
1064
1064
1064
1064
1064
1064
1064
1064
1064
1064
1064
1064
1064
1064
1064
1064
1064
1064
1064
1064
1064
1064
1064
1064
1064
1064
1064
1064
1064
1064
1064
1064
1064
1064
1064
1064
1064
1064
1064
1064
1064
1064
1064
1064
1064
1064
1064
1064
1064
1064
1064
1064
1064
1064
1064
1064
1064
1064
1064
1064
1064
1064
1064
1064
1064
1064
1064
1064
1064
1064
1064
1064
1064
1064
1064
1064
1064
1064
1064
1064
1064
1064
1064
1064
1064
1064
1064
1064
1064
1064
1064
1064
1064
1064
1064
1064
1064
1064
1064
1064
1064
1064
1064
1064
1064
1064
1064
1064
1064
1064
1064
1064
1064
1064
1064
1064
1064
1064
1064
1064
1064
1064
1064
1064
1064
1064
1064
1064
1064
1064
1064
1064
1064
1064
1064
1064
1064
1064
1064
1064
1064
1064
1064
1064
1064
1064
1064
1064
1064
1064
1064
1064
1064
1064
1064
1064
1064
1064
1064
1064
1064
1064
1064
1064
1064
1064
1064
1064
1064
1064
1064
1064
1064
1064
1064
1064
1064
1064
1064
1064
1064
1064
1064
1064
1064
1064
1064
1064
1064
1064
1064
1064
1064
1064
1064
1064
1064
1064
1064
1064
1064
1064
1064
1064
1064
1064
1064
1064
1064
1064
1064
1064
1064
1064
1064
1064
1064
1064
1064
1064
1064
1064
1064
1064
1064
1064
1064
1064
1064
1064
1064
1064
1064
1064
1064
1064
1064
1064
1064
1064
1064
1064
1064
1064
1064
1064
1064
1064
1064
1064
1064
1064
1064
1064
1064
1064
1064
1064
1064
1064
1064
1064
1064
1064
1064
1064
1064
1064
1064
1064
1064
1064
1064
1064
1064
1064
1064
1064
1064
1064
1064
1064
1064
1064
1064
1064
1064
1064
1064
1064
1064
1064
1064
1064
1064
1064
1064
1064
1064
1064
1064
1064
1064
1064
1064
1064
1064
1064
1064
1064
1064
1064
1064
1064
1064
1064
1064
1064
1064
1064
1064
1064
1064
1064
1064
1064
1064
1064
1064
1064
1064
1064
1064
1064
1064
1064
1064
1064
1064
1064
1064
1064
1064
1064
1064
1064
1064
1064
1064
1064
1064
1064
1064
1064
1064
1064
1064
1064
1064
1064
1064
1064
1064
1064
1064
1064
1064
1064
1064
1064
1064
1064
1064
1064
1064
1064
1064
1064
1064
1064
1064
1064
1064
1064
1064
1064
1064
1064
1064
1064
1064
1064
1064
1064
1064
1064
1064
1064
1064
1064
1064
1064
