1065
923
933
932
931
942
929
932
914
938
920
900
933
944
903
931
937
939
934
931
934
922
943
934
933
908
939
936
922
940
949
926
930
924
914
949
942
924
942
912
930
931
933
930
945
924
939
928
943
926
923
944
940
928
923
919
951
957
933
936
939
937
934
943
951
946
940
943
941
936
930
940
931
925
927
943
947
911
930
952
933
938
927
945
942
948
906
925
944
936
930
956
929
938
936
946
944
943
929
918
927
922
944
942
926
927
938
927
937
935
928
930
967
940
937
927
935
934
941
943
935
919
932
942
942
949
923
919
941
935
945
909
936
951
939
932
949
946
916
925
925
931
934
937
927
928
937
926
949
940
928
937
943
926
930
939
941
945
942
942
933
944
941
932
933
912
941
928
941
936
947
933
928
934
939
933
951
950
940
944
937
922
928
938
928
926
935
941
928
932
926
951
913
934
929
929
941
930
913
944
958
928
919
914
924
917
934
918
949
941
943
926
947
930
924
932
937
925
948
928
925
933
935
952
948
930
935
927
943
926
931
926
930
930
945
934
937
927
927
930
931
938
926
939
915
914
933
929
935
925
931
924
948
924
928
942
952
956
917
932
943
940
936
918
951
923
914
922
943
941
930
932
946
931
923
934
949
920
933
932
937
928
931
943
923
943
925
907
939
923
916
959
932
948
950
935
932
932
944
930
942
921
941
937
927
924
933
941
944
925
926
954
943
927
938
946
958
934
925
915
935
938
945
935
923
936
952
930
951
921
944
941
922
936
920
934
924
933
966
936
950
936
938
944
935
902
920
934
930
932
928
930
955
956
911
947
943
917
947
931
940
936
926
939
917
918
928
945
940
939
944
925
938
928
931
947
949
915
940
933
941
928
916
941
942
930
938
943
914
937
946
945
939
946
917
945
935
925
917
919
936
940
940
916
941
945
946
922
932
945
943
926
906
925
930
937
934
938
938
946
946
929
925
926
934
916
954
941
941
948
953
929
948
930
941
939
949
937
928
930
930
922
934
918
939
915
935
924
934
912
938
938
953
932
918
928
937
950
947
939
929
954
945
937
927
943
940
929
954
929
934
925
940
938
939
943
930
912
923
927
923
923
939
947
939
932
920
952
937
940
933
957
941
950
953
936
935
934
932
915
933
927
937
938
946
949
948
932
932
948
943
912
935
936
943
938
956
935
942
934
917
944
934
938
927
935
939
941
915
910
910
922
923
938
934
933
914
921
926
936
933
927
931
929
935
926
944
938
944
935
915
941
932
912
944
942
937
906
939
923
928
939
926
946
946
923
953
919
942
941
934
935
931
940
942
925
945
943
924
922
942
945
924
929
945
938
948
950
927
927
931
951
939
920
916
928
939
932
922
930
941
931
951
909
941
939
938
956
941
947
934
938
945
921
939
930
935
929
920
950
921
934
935
950
923
941
936
942
932
929
943
919
941
927
943
942
950
923
931
945
945
940
939
943
939
944
942
941
932
924
940
913
938
950
917
937
950
939
945
927
929
936
920
925
920
959
950
938
950
923
938
942
919
936
933
923
935
914
909
931
922
919
941
952
923
940
929
935
927
939
946
931
926
923
907
932
924
932
928
942
936
942
946
929
946
947
931
936
941
936
935
940
937
938
934
940
939
942
937
929
945
926
942
944
915
926
930
919
949
920
944
933
940
933
916
934
930
933
946
954
932
952
942
917
926
945
929
947
961
936
939
931
941
937
945
945
932
943
950
922
949
933
931
933
934
936
946
934
903
930
928
940
958
931
946
943
926
936
945
926
933
943
941
932
923
912
917
924
925
916
916
938
917
941
948
958
951
937
924
918
919
928
924
949
949
919
925
941
943
936
937
948
940
936
938
946
932
923
944
934
935
938
918
933
948
927
934
932
947
930
935
935
910
937
936
951
937
937
941
932
922
918
916
917
947
911
942
943
929
940
933
945
927
940
925
934
936
938
944
920
939
935
946
935
948
942
936
937
947
931
934
950
943
929
948
917
923
945
921
938
934
927
929
929
936
940
938
964
926
940
935
942
920
930
931
934
937
920
943
929
946
944
947
943
925
918
930
958
940
923
946
938
920
953
940
937
922
919
941
925
941
935
921
933
921
935
933
947
953
954
947
945
919
945
911
939
929
933
953
923
926
924
925
944
936
964
935
941
920
930
936
935
959
945
949
944
921
935
928
949
952
929
934
933
941
946
947
937
930
951
946
927
929
936
941
927
920
934
942
952
929
946
932
936
933
953
941
944
926
929
924
929
934
916
936
930
921
947
939
932
935
927
934
943
917
941
948
933
916
935
918
938
934
926
945
916
932
922
962
942
953
943
938
932
918
923
931
957
945
932
950
944
949
935
938
947
931
923
904
939
952
940
930
941
925
927
926
927
926
960
932
937
930
918
930
943
934
916
928
947
930
942
950
936
929
928
934
961
954
957
933
948
957
937
928
927
927
934
938
949
931
950
925
936
945
934
951
950
939
930
908
933
928
935
936
942
929
930
946
938
940
940
945
935
967
910
926
956
948
931
948
945
924
937
949
944
924
955
943
933
938
929
960
940
942
918
925
957
931
933
938
944
945
939
938
944
936
959
920
942
934
941
932
933
944
943
937
937
939
931
926
938
936
940
953
926
963
956
943
952
928
931
926
939
933
946
918
918
938
938
934
928
952
941
935
933
935
925
940
951
923
944
934
937
947
950
953
942
942
938
942
953
942
942
938
932
934
947
938
940
962
929
928
927
946
928
962
936
944
921
933
959
937
937
930
954
929
945
934
939
939
942
957
915
954
953
928
948
938
936
946
945
930
946
948
949
951
952
932
947
932
918
950
941
934
928
926
954
929
939
939
941
944
959
928
933
932
946
956
925
913
938
920
926
933
939
941
925
944
949
930
952
936
947
945
927
941
956
938
925
947
960
928
950
959
938
936
946
948
945
930
933
941
937
946
957
956
930
944
936
941
940
955
946
940
921
962
952
942
947
941
944
951
935
933
943
930
953
943
952
933
935
930
955
962
931
944
919
961
938
939
930
928
950
924
932
941
957
926
952
942
925
934
936
925
934
940
944
937
940
948
922
948
943
948
925
950
932
946
950
964
956
948
925
948
934
934
952
939
948
940
941
928
948
934
953
924
939
940
923
944
943
922
950
948
954
944
947
920
947
951
949
927
949
946
946
963
940
949
940
956
943
937
921
923
945
947
951
928
962
956
938
950
940
950
940
957
924
937
942
944
953
921
945
947
933
945
963
938
939
943
931
932
941
956
927
936
941
938
947
957
939
955
953
932
964
931
957
964
942
952
943
957
934
924
952
947
948
928
941
965
946
945
947
917
950
936
945
975
951
942
957
930
950
947
937
959
958
943
933
942
957
946
944
951
936
942
957
946
946
932
941
944
934
936
928
938
957
950
957
944
956
961
957
952
943
949
931
949
927
940
930
938
951
939
946
952
965
954
943
949
937
947
958
964
939
942
949
952
945
953
929
953
960
939
943
965
951
953
959
957
949
947
936
932
947
917
947
961
951
954
941
945
950
943
954
950
970
944
961
958
959
958
946
933
954
962
953
952
949
930
951
949
939
944
939
957
942
952
937
937
943
944
947
949
959
960
939
952
946
969
935
961
937
941
935
941
961
939
954
937
940
940
938
956
937
942
942
948
943
935
960
943
934
954
941
948
952
965
944
956
957
963
976
949
967
934
946
945
957
948
936
946
961
948
936
953
942
961
956
945
958
938
955
942
972
957
966
969
959
950
958
955
943
951
948
936
931
951
961
959
946
947
972
961
955
933
926
955
955
963
951
939
957
965
946
945
951
967
947
959
957
960
960
924
954
960
952
957
944
940
958
948
966
951
947
946
944
955
952
925
956
965
950
962
961
954
954
967
972
950
945
955
961
944
953
964
964
948
949
960
957
943
950
956
948
951
940
950
941
947
950
940
951
959
964
974
978
956
955
952
969
957
949
949
949
965
937
942
951
953
944
948
952
956
953
942
954
960
951
945
946
952
963
973
943
967
964
964
964
950
965
967
955
942
954
960
964
946
959
959
962
960
952
936
973
948
949
962
947
965
955
943
959
937
950
946
961
951
954
957
959
957
956
968
943
949
964
959
968
961
947
971
940
948
962
964
951
932
950
981
968
969
950
963
961
962
937
972
959
966
966
957
968
978
968
979
969
955
956
971
969
968
950
966
972
958
951
956
963
966
965
961
961
959
960
943
937
937
968
974
958
937
952
960
971
966
957
958
960
959
940
941
952
954
968
971
969
962
950
953
965
972
973
965
956
956
958
966
970
950
957
959
957
948
942
940
965
966
969
967
974
980
971
949
964
971
968
945
953
976
961
987
980
976
974
971
975
949
976
962
986
960
970
963
955
969
961
975
958
951
957
970
981
968
972
954
963
961
959
963
946
949
979
966
970
953
947
961
969
962
963
972
970
968
962
969
971
966
959
961
947
932
968
978
976
971
972
989
969
936
949
961
969
963
984
967
964
967
964
951
972
950
966
970
971
981
964
959
964
969
957
958
957
961
975
986
970
956
967
968
967
964
981
958
964
961
977
972
975
965
957
962
955
950
972
976
974
976
957
971
961
967
967
956
963
953
965
953
955
962
971
970
979
960
970
971
970
975
965
945
940
951
974
986
979
973
973
978
966
965
968
993
981
978
973
963
965
960
958
948
960
971
979
972
971
978
976
981
975
984
966
983
973
969
970
976
976
979
981
991
983
984
963
969
952
959
971
967
966
984
983
984
977
967
969
953
956
957
977
970
978
976
980
974
983
994
978
989
970
965
970
986
991
981
985
981
988
993
991
985
979
978
966
979
984
979
973
988
976
974
985
971
979
968
970
978
966
983
970
961
971
971
968
989
990
977
978
977
978
989
982
987
982
976
981
986
999
999
979
979
988
976
982
991
978
984
993
973
980
973
977
998
979
971
974
979
973
975
986
968
979
970
974
977
990
976
964
979
989
988
982
984
966
979
981
986
972
984
982
985
1011
1003
984
995
984
978
966
988
988
996
999
985
996
990
980
988
986
989
981
976
986
993
988
990
990
993
983
987
994
989
978
982
988
986
985
982
995
993
991
990
981
980
979
966
977
990
994
995
1003
998
997
990
984
987
981
975
975
991
990
974
982
986
991
996
996
1006
1005
994
986
984
1000
976
977
976
970
983
990
982
984
984
985
988
983
975
1001
994
988
1005
1004
1009
998
993
985
987
999
990
1004
1004
1003
1001
1004
1012
1009
997
994
995
1004
1011
994
994
994
1002
1005
1001
993
997
985
982
995
986
986
995
998
1001
991
989
1012
1006
1000
1004
987
996
1008
1002
989
985
994
1002
996
1006
1004
995
999
1000
1003
1002
998
1001
994
997
989
993
1003
1004
1000
1012
1002
1010
1001
997
991
1005
1003
1001
998
999
1007
1000
996
1004
1004
999
991
1001
1003
1013
1013
1008
1009
1011
1013
1005
1002
1015
1017
1009
999
995
1008
1005
1009
1008
1005
1001
1002
1005
1009
1000
1007
1002
1000
1001
995
1007
1000
1003
997
1009
993
1005
1006
1009
1015
1017
1001
1004
1005
994
1008
1000
1001
1002
1010
996
997
1001
1007
1003
1013
1005
1015
1006
1013
1005
1019
1013
1009
1003
1000
991
997
1002
1008
1004
1016
1009
997
1001
1012
1011
1003
1001
1004
994
996
998
994
1004
1004
1009
1014
1004
1014
1009
1016
1021
1017
1022
1018
1009
1007
1007
1003
1008
1008
988
1006
1007
1010
1004
1003
1003
1006
995
1003
1007
1016
1018
1021
1020
1025
1016
1018
1017
1005
1008
1018
1016
1015
1026
