1065
922
928
947
954
950
925
931
939
943
929
917
934
931
959
936
939
941
935
917
927
940
931
928
941
953
929
936
924
928
944
922
932
931
919
945
941
929
918
917
929
946
943
926
921
929
937
937
953
928
934
936
942
938
938
927
927
947
918
921
936
937
933
912
921
938
949
954
926
931
948
914
938
910
936
933
933
941
929
936
929
944
931
937
923
937
941
944
934
930
943
906
915
921
916
937
935
932
929
936
927
938
917
920
919
958
940
937
921
931
929
918
918
933
943
935
962
947
920
925
922
943
923
929
928
935
928
927
911
948
943
933
945
931
939
931
931
929
924
921
954
935
927
933
918
957
934
948
923
931
920
902
923
945
933
949
926
948
947
938
939
934
941
935
940
949
933
914
936
952
928
931
920
934
940
918
940
938
945
928
943
914
931
936
945
940
935
926
931
918
945
938
936
908
936
924
926
925
942
944
930
943
932
922
939
929
926
926
924
913
941
915
930
927
937
939
943
934
936
920
955
941
934
918
954
934
937
934
919
943
914
936
923
935
945
937
927
926
922
934
936
913
942
950
918
920
916
923
937
955
924
921
954
937
955
950
930
953
945
935
925
926
932
932
908
919
942
937
912
936
913
934
926
927
930
935
929
923
940
926
928
916
911
932
934
941
917
930
947
949
913
942
934
918
946
930
945
933
944
957
929
948
947
931
933
908
932
948
937
948
942
936
926
939
943
920
931
921
911
924
935
926
935
924
926
949
924
935
934
954
943
924
928
930
943
917
963
936
949
931
933
922
951
931
926
927
931
946
922
921
921
929
931
945
937
928
940
918
943
944
941
924
938
958
916
948
952
950
943
942
927
959
938
944
946
936
955
949
921
934
943
931
945
921
947
920
922
916
936
924
929
914
926
936
937
922
929
912
946
924
938
929
951
955
943
951
925
917
918
942
924
928
935
946
930
945
933
957
938
924
951
933
942
930
933
917
923
922
932
932
945
942
949
946
933
949
908
936
932
937
911
931
934
939
948
932
939
918
933
938
942
942
942
939
940
909
917
945
941
941
937
952
949
912
931
944
931
926
936
940
931
920
932
944
939
922
935
936
964
938
934
934
912
950
950
947
961
931
925
940
907
931
934
937
948
952
942
925
938
933
920
922
931
923
928
921
942
927
927
934
939
911
922
937
947
931
933
939
954
931
936
950
938
935
936
917
929
944
929
923
938
947
950
947
937
939
939
928
929
933
916
932
938
929
941
930
941
926
909
915
914
927
928
962
932
939
949
937
934
941
922
935
924
937
936
927
953
945
916
933
941
933
939
926
909
948
935
928
935
943
938
940
941
927
928
915
942
921
956
915
944
938
928
930
929
926
937
953
934
925
922
941
946
922
937
943
922
936
943
929
908
928
953
955
939
940
928
949
953
927
937
927
932
951
953
917
943
947
935
963
924
932
935
951
921
936
920
927
919
932
939
930
916
957
933
930
945
944
943
934
933
929
935
938
930
943
947
920
937
934
936
920
924
931
917
948
928
931
932
943
943
947
943
937
924
939
941
942
932
919
935
925
949
958
962
938
937
943
940
939
937
932
932
923
923
927
940
933
942
946
944
921
943
959
938
935
925
922
931
924
934
930
934
951
942
938
957
935
933
933
934
923
924
942
926
952
930
927
931
930
936
940
930
931
939
953
944
936
930
906
938
932
929
944
941
927
932
948
937
924
932
928
937
943
937
944
935
947
942
929
946
913
938
945
922
923
939
923
961
914
935
946
935
937
948
942
952
936
943
921
946
942
937
953
932
937
934
943
952
922
944
952
934
934
934
936
932
924
920
949
963
953
950
940
937
930
943
939
926
939
939
922
947
914
922
934
937
922
945
926
927
948
942
924
944
913
927
946
951
953
923
938
943
937
915
926
930
948
933
936
953
952
932
941
943
923
939
937
933
946
914
933
948
925
953
950
950
948
928
940
953
948
949
923
924
935
941
918
931
935
946
927
941
932
938
926
937
936
925
927
951
947
939
948
931
932
934
951
914
954
924
922
925
925
917
918
926
946
926
927
919
931
934
941
929
915
936
952
924
938
938
935
947
933
942
927
953
947
933
938
941
933
933
946
941
944
932
940
959
928
937
935
930
937
915
917
930
955
910
932
938
936
934
938
926
946
940
929
962
946
924
918
931
929
931
921
914
916
945
951
945
937
943
940
934
918
938
948
926
946
938
930
912
939
914
935
934
925
929
934
935
938
951
950
941
935
931
962
928
921
939
944
930
919
918
948
924
955
942
938
935
942
946
951
924
934
933
923
932
931
916
950
928
937
926
933
931
941
941
928
943
940
945
941
940
942
954
932
924
917
943
931
937
943
919
945
931
924
936
919
931
957
924
953
912
922
940
945
918
936
950
944
922
914
919
925
929
922
926
930
928
919
936
930
943
948
935
961
958
939
940
916
940
929
930
925
929
915
932
921
926
924
943
949
934
943
922
937
937
937
928
925
933
944
960
931
941
927
930
929
924
909
934
954
930
931
923
943
938
943
935
933
951
930
950
949
917
944
948
923
937
935
938
948
941
939
936
952
945
910
943
949
943
940
938
922
940
919
946
938
938
935
934
957
924
947
947
926
948
942
942
936
956
943
933
933
944
926
937
940
936
950
944
957
929
941
952
927
940
922
948
921
935
941
930
943
953
948
935
919
939
937
935
919
943
958
933
927
936
950
929
953
925
925
939
934
937
951
928
926
959
947
935
927
934
928
923
930
942
940
947
942
942
959
955
933
952
938
935
962
955
914
926
936
924
927
958
935
938
945
923
932
942
939
950
938
950
928
942
950
923
936
942
932
947
938
927
949
951
938
937
955
946
944
929
934
936
942
930
952
957
928
934
942
954
948
941
944
940
951
927
943
946
935
931
942
934
946
942
945
930
948
921
945
964
948
956
932
939
941
933
929
946
944
925
937
918
920
936
926
953
927
929
936
934
934
937
950
951
948
945
933
934
925
944
947
954
937
928
930
939
944
937
946
938
946
943
924
913
927
951
964
933
942
953
945
942
933
939
948
944
944
951
944
935
942
937
935
939
931
924
937
936
926
923
964
949
938
923
946
939
936
922
938
946
947
929
936
938
949
955
927
958
946
944
931
934
924
941
960
944
938
952
951
926
955
932
946
928
939
941
936
943
925
952
938
936
939
934
938
953
924
936
958
940
930
936
940
935
942
939
966
956
936
957
933
954
969
961
954
946
946
947
959
958
920
934
967
941
942
942
950
938
960
941
943
937
946
951
936
946
946
955
937
947
958
940
958
940
950
928
927
954
962
941
956
951
942
973
959
959
945
932
944
960
957
940
951
954
945
952
925
952
946
936
932
928
955
958
926
912
944
950
952
955
939
954
955
943
928
939
935
929
946
939
937
943
963
957
946
952
945
935
932
947
954
962
952
950
935
942
951
930
947
942
952
941
963
936
950
929
949
940
954
945
950
939
942
927
937
934
956
936
951
953
958
958
948
961
950
947
932
921
948
957
948
943
942
940
944
952
962
950
959
930
970
938
959
944
952
954
952
922
956
947
935
938
943
964
953
958
948
943
957
955
955
960
966
945
943
942
950
935
955
948
951
958
941
956
937
940
940
954
964
937
951
966
944
949
971
964
956
958
945
945
949
949
944
945
945
969
941
935
942
967
939
934
950
956
941
942
951
960
945
932
952
968
949
946
972
948
954
959
950
956
966
961
947
940
936
942
962
960
958
955
940
942
943
977
958
963
955
965
955
959
947
944
947
929
950
952
960
971
971
961
955
951
945
944
949
948
955
941
932
943
952
936
954
958
978
962
956
947
972
968
962
934
960
945
966
960
954
959
948
944
969
940
949
947
953
947
946
955
941
953
961
937
966
972
948
955
959
955
940
948
934
933
962
969
950
959
958
959
953
956
958
961
962
963
954
942
953
946
954
956
941
937
964
959
957
946
961
942
953
952
952
950
958
959
949
956
955
949
967
951
934
958
935
952
964
961
963
964
961
963
948
942
948
946
951
954
978
964
976
969
961
952
957
954
956
952
949
957
964
965
964
969
956
963
962
960
966
970
957
931
947
964
949
953
954
945
959
952
968
967
973
945
952
949
964
962
954
958
950
956
961
952
969
948
963
948
952
956
958
961
966
964
962
946
962
956
963
967
969
960
968
959
954
970
969
968
958
970
950
962
957
943
965
969
953
961
963
973
948
956
940
968
957
953
961
952
947
944
963
949
965
956
951
970
983
973
966
969
972
972
975
964
964
958
958
971
970
963
965
968
967
970
962
962
944
954
969
976
962
963
974
948
962
951
962
954
971
988
969
954
960
940
950
969
964
957
969
970
959
945
959
967
959
965
968
971
969
968
960
962
962
965
949
960
964
960
951
964
950
967
972
980
947
958
963
955
958
966
959
969
959
960
959
969
982
975
957
950
971
965
977
957
964
971
987
980
961
954
956
974
977
960
957
976
965
957
969
954
961
978
963
955
961
981
969
964
964
973
949
959
969
975
986
964
965
981
981
971
969
966
961
958
956
976
958
994
975
982
973
976
968
956
943
962
960
960
977
957
981
968
985
979
964
949
946
971
957
969
967
971
976
977
975
982
976
965
960
968
971
975
980
981
978
964
957
972
971
975
964
957
968
967
971
962
979
985
978
974
976
971
966
982
968
988
976
980
983
973
991
996
978
977
975
979
976
991
964
973
983
975
955
954
969
962
980
966
959
972
972
981
972
971
975
966
965
968
978
975
978
979
972
942
993
991
980
983
975
968
973
978
965
962
956
972
992
988
982
987
993
977
984
969
973
976
980
980
968
972
967
972
971
969
966
983
973
982
968
979
971
961
982
978
975
970
973
980
975
987
982
971
977
980
986
970
982
985
979
958
964
975
971
982
975
981
984
977
973
992
994
982
978
980
986
990
995
989
971
986
987
988
991
1001
988
987
994
982
978
971
969
976
972
966
975
984
986
982
981
991
986
986
977
980
975
968
982
977
996
994
994
997
995
980
990
978
977
997
998
981
985
980
991
994
995
984
976
987
990
981
999
1000
985
995
1000
979
983
976
980
970
980
973
990
981
985
964
984
979
994
993
985
994
995
997
984
989
992
1006
993
993
994
995
999
994
1011
1001
995
986
986
977
984
996
988
983
1006
995
986
994
990
982
993
990
996
999
993
994
994
1000
999
1001
999
1002
992
996
982
987
998
1000
994
987
986
990
964
976
997
980
973
980
982
995
998
996
1006
1004
995
992
984
992
993
992
991
992
987
991
996
1006
981
990
995
992
991
998
1001
993
999
1007
997
1015
1012
1002
998
1000
1004
1006
995
996
995
1004
1014
1008
992
988
997
1004
1007
1006
1009
1004
1009
1004
1014
1009
1001
992
994
995
999
992
998
1004
1000
1002
996
998
999
996
980
996
1004
1007
996
986
994
988
988
1006
1009
1002
1003
1005
1008
1001
999
1002
1010
1008
1012
999
998
999
992
1007
1001
992
994
994
1000
989
997
998
1006
1001
1000
1003
997
1011
1000
1015
1010
994
999
1000
1010
1004
998
988
999
1005
1005
999
996
996
999
997
1001
1008
999
1000
1002
1005
1007
1003
1002
993
1005
1003
1003
1000
997
1001
997
998
1002
1008
1008
1011
1002
1002
1007
1000
1003
1006
1006
994
1003
1000
995
1005
999
1009
1001
1003
1006
1018
1012
1020
1015
1016
1012
1014
1015
1011
1020
1011
1009
1007
1009
1014
1012
1009
1011
1006
1009
1005
1008
1007
1016
1005
1009
1018
1023
1023
1022
1010
1022
1011
1019
1026
