1065
922
932
929
940
909
927
923
921
948
926
942
927
936
930
947
933
924
933
933
909
937
930
931
957
920
929
925
927
924
926
945
925
936
933
947
927
944
932
919
938
961
956
941
928
924
954
935
932
937
925
928
936
939
937
940
937
941
928
935
944
955
940
944
931
943
933
936
942
934
919
924
929
919
935
919
938
953
934
930
935
929
922
933
910
926
944
943
932
957
928
957
928
928
916
939
900
923
933
943
934
935
931
961
926
923
921
923
941
921
947
937
905
912
931
924
939
936
933
936
935
926
939
944
934
910
927
935
942
935
943
922
919
929
945
939
941
928
923
911
954
942
929
925
946
952
942
932
921
950
936
936
931
923
923
936
940
961
921
930
942
946
937
948
935
932
928
919
914
929
931
942
939
933
942
942
939
919
947
923
921
922
931
943
918
940
946
940
933
948
923
934
935
945
942
934
933
929
933
945
937
925
935
936
940
920
928
937
925
928
937
937
939
909
931
923
937
937
949
939
947
899
917
951
931
927
928
950
920
921
936
929
910
927
932
938
920
928
941
916
942
948
933
928
933
937
917
915
955
949
928
940
933
926
923
926
926
935
932
922
926
932
932
935
942
938
942
944
923
948
922
942
943
934
931
935
921
933
962
922
924
926
929
910
929
920
931
938
935
945
919
930
930
933
917
937
928
934
937
946
929
931
942
928
943
939
925
931
925
946
923
948
922
938
925
920
922
937
927
923
938
941
933
946
926
940
908
915
944
937
950
918
913
936
936
949
937
947
925
957
918
924
911
932
939
939
942
941
911
928
922
908
924
936
944
940
943
936
924
906
907
936
922
933
937
945
937
936
938
935
949
953
934
930
932
912
902
950
926
929
950
943
921
912
946
958
937
940
917
943
935
950
918
922
918
924
948
928
940
939
936
925
925
948
921
937
944
944
932
938
951
939
925
927
933
924
930
923
931
948
932
916
951
951
920
938
950
938
923
938
922
920
939
943
931
929
933
939
923
937
933
931
926
924
933
944
935
932
946
926
945
939
926
930
928
920
919
930
945
945
953
936
921
933
931
950
916
949
946
934
931
939
952
933
929
941
937
941
921
946
918
929
955
928
926
926
944
938
931
946
939
941
942
924
912
940
932
938
926
924
934
919
927
922
942
930
912
930
921
933
928
943
903
909
930
953
930
932
938
941
905
938
915
934
936
934
936
939
938
930
928
926
934
944
941
926
946
928
926
914
937
930
929
937
936
951
924
956
944
917
936
922
933
911
946
927
936
915
929
946
928
955
942
946
915
923
934
931
938
930
920
904
943
950
938
930
936
934
931
955
937
940
910
935
942
926
933
938
939
951
929
910
922
924
924
932
935
911
944
943
915
923
923
913
936
933
923
942
930
926
936
935
912
914
935
940
943
933
946
929
935
955
941
937
940
935
962
942
933
923
930
932
949
938
923
948
938
950
923
938
917
936
916
942
936
922
939
927
933
932
938
926
940
925
938
927
938
904
946
945
933
945
911
940
938
932
934
955
939
923
932
943
940
926
935
919
918
917
928
930
918
934
928
952
933
928
929
927
929
929
932
958
937
932
934
934
943
947
954
938
927
923
954
925
913
945
955
935
934
911
940
954
936
939
937
931
945
937
928
930
933
952
933
914
922
929
928
927
928
943
935
929
933
943
927
934
926
920
934
920
924
947
942
938
940
924
952
930
936
932
923
934
935
921
927
940
934
934
953
931
914
938
948
941
937
928
932
937
943
932
941
937
941
951
940
909
944
922
946
952
952
915
947
935
933
920
930
912
950
922
928
923
915
933
936
936
940
932
924
932
936
932
942
957
929
918
950
941
942
904
922
947
949
942
946
939
937
948
924
930
930
943
932
923
928
929
939
937
935
916
915
949
922
914
935
927
934
921
948
924
923
930
924
909
935
916
921
935
926
932
927
914
921
921
921
914
931
928
923
906
948
935
933
932
932
930
933
930
929
939
923
927
918
935
931
938
941
933
919
932
917
944
927
946
927
931
946
951
923
930
932
940
933
907
944
930
951
943
953
937
939
932
940
909
919
929
931
914
920
924
926
935
914
910
926
937
936
923
949
911
938
914
940
933
916
945
902
936
917
917
937
934
937
950
944
946
940
941
942
930
925
936
919
921
938
948
933
926
931
944
936
918
928
935
941
920
935
924
948
938
921
926
938
923
934
925
950
945
949
934
936
935
932
903
926
931
942
930
948
901
913
942
928
928
934
935
943
923
919
917
932
918
953
912
943
919
943
908
925
920
933
914
939
932
927
955
945
930
931
938
954
938
946
934
919
931
918
965
938
945
939
938
931
940
928
938
915
928
931
925
947
937
932
929
919
928
934
927
945
941
945
947
945
923
934
929
914
938
924
942
926
944
928
950
941
930
936
958
932
926
947
956
955
919
933
946
963
916
935
904
933
942
910
923
924
910
911
930
929
906
923
939
938
939
948
922
910
934
929
937
921
928
927
954
955
944
934
925
942
919
938
947
932
924
917
932
937
929
943
945
924
920
933
924
928
917
920
918
938
924
938
947
947
952
917
912
935
925
941
944
935
926
940
939
934
938
945
927
938
930
930
920
936
947
929
951
933
948
950
931
927
949
947
941
925
930
947
921
952
938
926
905
936
923
933
927
939
928
945
939
938
947
930
930
945
938
929
947
938
954
934
942
946
915
940
926
934
941
914
921
935
942
945
938
950
947
929
933
926
928
958
925
922
928
938
949
916
939
960
934
934
927
928
919
941
920
925
930
930
928
931
945
918
934
957
955
939
903
900
936
931
937
937
935
947
950
913
927
958
928
932
925
932
944
938
924
933
918
921
938
935
930
888
917
934
948
952
928
952
934
920
939
945
943
944
940
934
920
932
934
932
936
943
916
934
913
942
922
934
932
942
932
931
908
929
934
927
913
930
924
926
924
936
932
937
951
932
928
946
938
926
929
937
932
933
920
934
942
923
933
933
952
921
962
917
930
928
944
947
916
946
928
942
926
938
937
935
934
933
933
931
909
924
922
918
942
936
923
931
920
915
944
950
948
945
946
938
934
923
925
921
944
959
917
936
938
915
941
930
925
942
928
923
941
931
944
928
932
929
942
943
938
935
917
924
932
941
939
924
915
921
932
928
932
927
946
935
937
923
940
928
941
913
928
933
919
926
931
925
938
945
946
948
916
936
927
948
940
935
942
921
918
916
937
942
915
946
916
920
930
933
932
917
949
926
933
940
932
926
938
938
929
936
928
914
934
948
932
923
949
926
946
937
943
948
933
927
932
933
928
932
934
942
950
952
914
931
927
936
929
929
927
932
939
945
937
939
933
936
939
940
922
944
925
927
905
932
939
944
949
936
934
927
939
920
942
929
917
949
936
937
948
940
923
944
944
931
928
932
954
942
934
923
932
940
938
942
939
934
930
929
943
947
943
943
937
952
933
924
916
938
938
918
935
937
935
927
939
924
927
930
936
930
928
932
933
938
934
930
944
926
927
926
937
957
937
933
941
954
925
922
945
936
932
934
929
917
948
932
922
932
919
926
938
951
939
946
924
948
935
945
941
913
915
930
935
937
924
937
947
933
911
929
925
931
905
932
941
941
921
933
946
928
925
916
931
952
944
917
941
935
934
949
935
922
941
941
934
916
926
949
929
933
925
929
937
916
919
931
937
933
935
925
935
952
944
941
925
925
942
922
928
946
931
948
924
930
942
942
913
952
951
931
918
943
925
943
937
942
946
930
939
940
915
931
948
936
945
919
931
929
953
940
928
932
958
933
919
946
911
920
950
931
917
926
942
927
931
955
937
944
936
931
914
933
935
939
942
938
945
940
936
930
924
919
924
937
941
925
926
929
941
926
937
951
933
942
950
953
935
908
937
918
942
923
943
936
926
928
918
944
941
942
937
919
931
936
924
922
925
933
936
943
929
938
934
935
931
953
939
933
930
954
932
937
928
943
932
946
931
937
925
938
940
942
947
922
941
937
937
953
932
937
934
937
956
932
915
932
909
944
935
933
924
936
941
938
917
907
927
936
939
935
942
946
933
949
928
911
933
925
934
918
943
915
935
923
929
948
928
935
937
913
922
938
951
928
933
934
932
934
952
954
934
938
915
920
949
947
931
930
920
936
938
948
944
917
953
928
909
942
920
935
958
918
938
917
930
944
939
950
943
932
931
930
947
919
947
934
914
936
929
938
942
930
914
949
959
947
922
950
914
914
941
932
958
952
928
950
947
912
941
922
919
936
941
953
936
926
936
949
911
932
911
936
953
928
955
918
931
934
933
918
906
925
928
911
932
935
908
930
952
945
953
943
952
957
938
935
942
950
932
939
920
926
936
935
934
932
927
945
945
927
910
956
930
945
929
925
947
918
930
938
945
922
936
920
930
953
930
938
949
936
911
915
933
919
938
912
918
931
946
921
920
929
902
940
917
930
943
937
933
937
938
936
924
946
934
922
947
931
931
935
922
938
941
946
929
940
938
934
930
922
918
945
945
933
942
932
926
938
935
939
925
945
922
939
931
932
929
923
942
963
917
944
928
935
933
924
938
939
934
919
955
938
928
925
925
929
930
949
914
918
959
948
947
921
939
928
940
930
939
955
956
939
927
936
937
934
936
943
945
917
942
929
941
946
929
936
942
949
949
918
929
941
954
929
911
940
931
934
932
937
932
917
932
933
936
925
936
937
945
933
935
949
936
943
945
939
940
933
929
938
936
949
922
946
935
924
951
934
953
929
946
928
931
936
951
940
924
927
950
936
940
927
941
924
923
945
948
934
946
924
958
949
946
936
929
931
936
926
929
937
922
924
949
928
907
926
923
927
948
925
935
950
928
926
940
928
910
923
939
934
932
918
940
945
929
932
921
923
940
937
962
950
941
928
938
929
926
921
931
933
927
903
933
920
927
947
921
926
947
951
932
933
928
953
925
914
931
940
927
947
936
930
947
957
943
942
923
933
908
937
916
935
944
953
939
957
947
939
938
950
958
929
938
935
926
920
948
951
939
929
928
952
945
930
934
934
958
945
939
918
948
947
925
947
953
926
939
941
942
941
940
941
925
950
923
936
941
947
924
936
933
928
931
950
920
921
943
951
941
942
937
939
947
960
935
934
945
930
935
934
949
957
915
928
939
941
959
945
958
947
929
921
942
942
932
940
936
911
934
938
919
933
934
953
954
934
952
937
947
946
941
936
935
950
942
945
935
917
936
946
971
929
944
950
934
953
947
943
934
945
943
934
926
942
917
933
930
931
942
940
936
941
935
939
934
940
934
939
948
935
938
959
918
950
920
947
919
936
934
960
949
933
931
921
941
940
936
932
945
946
951
931
928
963
957
943
924
944
944
932
932
966
949
945
951
928
946
939
952
949
941
943
941
922
929
916
944
948
956
948
946
954
945
954
935
936
944
950
951
941
925
937
927
928
951
930
928
950
938
935
948
937
944
950
936
957
946
935
959
939
949
952
952
963
952
952
955
956
954
948
944
954
937
965
941
952
945
938
944
969
935
943
944
945
971
952
945
937
938
953
958
932
939
953
955
985
948
947
967
952
947
934
937
951
960
956
952
952
960
970
957
977
963
970
973
957
965
958
969
959
980
980
963
960
974
972
963
985
993
985
980
991
989
992
1003
991
995
990
989
1005
1013
1015
1025
1029
1034
1035
1036
1039
