1065
915
941
935
945
950
928
931
936
913
928
941
935
934
918
917
898
923
947
930
945
941
931
922
941
932
935
928
926
938
942
915
945
929
920
931
929
918
929
930
923
926
936
933
930
945
937
938
934
917
908
924
936
929
938
933
940
951
923
937
935
944
938
910
956
929
940
931
944
936
935
936
945
933
942
934
927
928
927
943
909
925
941
918
923
933
943
926
916
937
925
950
951
919
938
938
943
942
934
935
944
900
927
941
948
921
941
939
935
930
950
936
931
920
938
912
930
932
937
934
931
927
929
937
918
921
917
933
929
939
958
938
903
935
916
939
925
954
940
935
939
925
955
946
938
939
922
913
934
939
930
925
941
929
930
955
950
927
929
932
903
934
936
933
942
947
941
943
932
937
929
946
933
923
919
938
938
919
933
931
941
940
931
934
929
902
937
931
921
942
931
954
928
910
928
927
922
919
943
919
914
928
912
944
946
938
915
929
938
934
940
923
947
935
929
928
932
921
930
951
941
939
936
915
932
916
919
920
906
918
913
926
919
930
927
927
918
943
918
918
934
948
928
936
929
932
927
943
929
947
941
954
945
941
948
927
951
927
925
938
948
931
919
939
940
931
956
914
921
924
935
931
942
931
944
928
926
944
951
924
942
931
930
954
942
935
928
927
940
941
948
939
957
938
931
917
922
931
916
938
946
948
922
958
959
944
916
947
951
923
941
939
933
944
929
930
935
942
930
924
937
926
930
926
925
936
918
947
945
952
910
937
922
925
922
947
941
938
931
942
928
934
920
934
914
944
918
927
948
926
926
939
948
936
944
938
923
925
925
934
942
914
923
938
943
947
944
926
945
923
920
943
926
941
953
944
933
920
906
902
899
932
949
946
947
924
943
936
923
929
943
951
922
934
928
937
939
929
941
933
941
924
922
949
917
934
940
940
934
929
947
933
926
962
948
929
922
952
935
929
922
941
938
925
941
934
944
937
939
940
939
937
912
934
930
942
943
943
934
940
916
928
927
926
938
937
943
941
943
940
932
932
944
932
938
904
935
951
933
944
935
940
924
952
935
929
950
945
935
917
917
944
941
950
956
953
929
952
931
932
916
936
933
921
906
919
941
912
942
956
925
945
943
926
918
930
925
914
914
942
928
919
934
934
918
939
936
949
926
944
948
911
917
946
944
943
938
936
947
947
936
933
946
928
945
915
929
949
941
952
947
928
935
949
918
933
928
932
911
945
938
947
922
939
928
930
906
936
928
928
935
923
928
928
935
938
914
923
917
930
924
926
942
939
934
938
925
932
942
943
930
947
926
929
933
937
941
931
946
932
935
945
938
951
930
931
939
952
944
932
924
925
927
923
929
952
944
925
938
945
938
934
936
921
936
948
929
940
920
921
938
942
925
930
949
932
915
921
941
935
940
920
919
953
924
956
925
944
934
947
936
930
932
927
945
936
924
938
947
906
947
933
921
924
926
919
918
934
934
932
924
941
939
944
924
937
909
944
932
945
943
917
946
949
932
918
942
922
939
946
932
929
941
939
932
941
943
934
927
939
933
926
944
942
935
956
941
907
936
930
936
943
940
942
936
928
939
924
927
939
931
941
930
934
918
935
947
931
939
949
943
939
955
942
946
936
933
917
933
930
928
929
924
944
951
934
951
925
914
929
931
915
933
941
933
929
946
930
925
929
933
938
926
926
935
936
938
940
947
942
926
922
929
929
903
924
917
937
929
946
948
928
949
940
918
914
936
947
927
926
924
925
918
940
941
928
950
955
943
936
947
947
937
941
921
940
948
945
949
946
931
936
926
940
936
936
937
937
919
951
937
950
944
941
950
958
924
935
929
920
933
948
956
933
944
942
941
941
937
941
927
912
944
943
916
940
947
943
930
940
935
930
936
931
932
956
949
940
937
947
967
933
949
934
939
948
958
943
930
924
937
935
927
951
954
954
952
946
930
935
936
942
929
936
928
941
945
947
933
923
942
936
921
935
931
941
942
943
930
938
931
935
916
955
938
919
939
927
945
931
927
942
929
916
946
948
937
951
921
943
917
934
927
930
922
935
932
940
937
942
955
935
948
928
922
929
943
952
943
932
949
924
940
931
916
933
959
941
944
948
941
942
953
929
923
939
927
930
942
924
936
951
948
946
935
945
955
955
944
949
928
938
956
942
923
924
937
948
932
923
957
939
908
931
939
936
923
930
950
943
929
927
931
911
934
942
944
924
944
930
952
929
928
937
951
923
930
937
931
952
912
916
946
923
952
954
939
932
964
938
926
931
931
950
946
954
937
918
923
928
923
915
935
959
941
921
941
916
937
950
938
904
944
942
935
941
934
940
916
932
949
942
944
942
946
943
940
934
931
935
917
927
922
942
929
929
944
944
937
914
936
933
951
949
949
948
935
940
940
934
938
926
940
958
923
941
939
937
924
943
934
933
942
935
954
947
947
951
945
936
945
925
940
966
936
906
935
914
930
940
963
939
915
921
916
944
944
933
940
944
950
944
933
936
926
933
933
946
939
936
935
940
932
936
949
940
941
928
937
952
934
940
931
944
946
926
940
926
936
934
931
943
929
933
941
946
929
929
943
946
936
958
953
936
941
918
940
936
921
955
949
937
939
943
946
946
944
929
955
947
918
938
937
954
934
933
955
928
940
951
940
927
924
948
956
944
933
929
919
933
929
940
954
956
945
949
926
927
926
942
939
949
977
933
956
947
942
933
941
950
942
941
943
942
945
924
934
927
937
940
927
941
955
951
946
952
935
940
948
934
954
946
948
923
931
961
942
942
942
955
933
944
922
946
925
925
933
926
948
927
942
936
921
942
926
945
958
913
940
918
911
925
929
933
941
939
927
934
941
930
939
928
938
927
923
940
934
943
926
940
948
939
959
947
938
926
945
959
955
964
939
935
943
941
930
958
936
962
940
930
933
940
942
942
936
948
936
941
925
930
938
974
959
940
944
950
942
940
957
948
938
929
926
948
950
940
951
945
934
925
940
935
941
937
955
941
947
931
943
956
948
942
950
933
926
935
953
943
938
927
947
947
941
951
960
946
941
938
956
948
947
971
928
953
946
931
935
933
951
923
947
943
956
957
952
937
933
952
949
943
938
937
959
937
946
934
935
957
951
946
944
925
956
958
952
955
952
952
933
942
934
948
949
946
977
963
950
937
961
944
945
934
950
941
960
946
932
949
951
935
954
941
942
948
952
950
926
945
946
958
950
942
944
956
943
926
947
948
937
942
937
949
944
955
945
940
957
947
920
943
938
952
948
933
952
938
948
938
937
930
939
957
954
923
937
951
951
973
954
954
947
946
956
955
946
943
957
954
938
950
927
940
959
936
963
932
956
942
956
958
927
940
948
947
955
954
945
938
925
946
938
940
929
953
961
931
939
949
965
952
947
940
953
959
952
961
953
944
953
949
936
952
925
959
945
951
944
930
936
934
940
934
944
944
910
940
936
947
960
944
946
943
940
959
932
947
947
931
955
954
962
955
958
938
948
952
961
958
952
933
953
956
926
946
940
930
945
957
952
931
958
939
935
947
951
942
957
959
956
942
934
955
947
946
948
951
956
948
943
940
928
945
956
932
948
976
958
972
941
951
950
950
951
932
957
936
935
956
939
945
939
932
925
955
943
963
960
943
943
932
941
959
930
950
961
957
934
957
948
947
955
960
956
938
948
954
963
947
956
947
950
951
948
954
923
955
954
950
956
950
947
962
933
943
959
957
941
946
966
953
950
965
945
960
964
965
935
947
953
932
952
958
941
944
938
943
960
939
956
960
948
953
925
941
946
951
946
950
933
953
954
955
952
941
945
940
954
950
950
947
957
956
949
938
956
958
954
957
959
934
942
957
944
974
942
956
942
945
957
954
946
965
945
942
944
960
953
956
962
956
954
967
956
962
935
939
962
971
961
947
947
933
950
949
947
953
962
958
966
950
962
944
966
951
969
959
944
951
951
944
942
966
960
945
948
981
959
948
949
952
954
943
968
958
939
962
962
966
971
954
950
940
940
978
964
954
954
942
972
952
938
942
942
956
950
959
953
952
951
955
977
963
957
944
951
950
965
954
962
982
949
945
949
958
959
944
956
948
955
960
962
961
959
967
972
959
967
956
966
959
937
950
971
965
953
954
959
970
967
966
966
970
956
957
954
951
959
949
960
962
957
986
964
962
966
969
960
965
991
971
950
957
960
965
950
965
968
952
962
973
978
961
969
969
958
952
958
961
962
953
948
945
953
958
958
967
960
941
941
953
947
959
965
971
957
970
955
966
961
959
957
951
944
961
968
962
978
975
978
949
945
972
963
965
949
959
960
956
942
949
966
967
966
949
952
946
962
966
954
964
975
970
976
959
964
973
973
964
958
963
955
963
965
943
969
969
968
942
961
954
960
948
960
966
953
952
963
978
959
957
959
966
981
959
976
962
963
973
966
952
971
968
961
957
955
971
962
980
992
970
974
987
953
945
971
954
956
969
956
948
968
961
965
962
969
965
966
972
974
961
974
968
963
974
957
969
975
977
964
956
974
959
955
966
991
983
953
964
973
964
962
965
945
966
968
967
971
959
977
972
975
999
985
963
971
965
975
985
963
958
963
965
974
963
968
982
967
978
977
967
974
963
954
979
955
957
962
965
973
970
975
970
967
966
963
971
962
973
951
973
963
963
957
970
980
957
970
957
980
960
971
985
984
971
969
964
981
975
965
954
984
980
972
992
976
974
969
981
982
985
971
980
971
960
975
969
961
970
962
978
975
985
982
983
989
981
973
966
967
960
970
978
966
961
974
976
973
980
970
969
984
991
979
992
973
966
982
983
996
981
979
974
977
993
985
977
979
974
971
982
974
982
971
977
979
976
975
976
991
990
984
992
983
990
986
983
982
976
980
980
964
971
973
977
983
981
986
996
980
990
972
982
980
986
983
988
989
976
982
991
986
976
974
976
975
977
997
986
1001
995
978
987
992
988
993
991
984
991
997
993
994
993
982
997
989
1002
1000
992
983
984
980
976
972
980
978
988
992
990
993
991
992
998
990
961
982
980
964
973
974
981
970
986
994
981
990
985
983
991
995
978
986
993
993
982
981
983
986
987
986
989
988
990
983
1001
1002
1002
992
993
999
1000
988
989
990
998
995
986
991
988
981
983
991
990
982
982
989
994
1006
992
990
986
993
997
989
1005
987
990
1004
998
998
998
997
1001
986
1006
1002
994
998
992
995
1006
998
989
993
987
986
993
990
997
990
981
983
991
984
985
992
995
990
998
995
988
993
986
989
995
996
1001
998
1008
1005
994
1004
999
996
994
994
995
976
989
983
992
1000
993
986
984
991
1001
993
985
995
998
997
995
989
992
999
1004
990
989
1003
1001
1010
996
994
985
989
1001
1006
1000
993
1003
1000
1003
1007
1013
1005
988
996
994
996
1004
997
993
1007
990
1003
993
1002
1005
1006
994
991
995
999
985
980
996
1005
993
995
1004
1005
1004
1012
985
1001
1002
1001
988
999
995
1001
994
1001
1002
999
1000
996
1007
1019
1005
1003
1010
1007
998
1011
1008
1003
1005
1015
1014
1003
1012
1009
1004
1002
994
1009
1014
1003
1010
1011
1011
1016
1016
1015
1010
1008
1019
1018
1019
1009
1003
999
1005
1014
1015
1020
1013
1018
1007
1012
1009
998
998
1003
1006
1012
1010
1003
1001
998
1014
1014
1016
1004
1011
1020
1011
1007
1008
1009
1003
1003
992
990
1002
1013
1012
1019
1020
1015
1017
1015
1017
1018
1024
1009
1011
1020
1022
1026
