1065
920
941
920
940
939
929
935
946
919
931
940
906
928
931
943
949
926
934
921
937
947
942
942
924
933
922
929
918
911
916
930
939
927
915
935
924
929
945
926
955
929
935
957
956
927
920
917
934
925
935
922
928
942
931
944
933
924
946
931
928
935
950
925
938
929
926
931
949
926
915
946
921
932
926
947
933
927
931
954
932
945
936
930
924
924
941
913
903
924
931
943
929
910
924
937
941
935
934
929
940
943
945
935
921
927
945
923
927
922
913
921
939
918
927
931
939
939
934
929
929
924
932
926
932
924
933
937
931
946
918
937
924
927
916
919
946
922
915
932
926
932
923
932
955
928
919
942
950
932
934
926
933
931
927
935
947
925
931
928
953
918
934
933
917
931
928
932
927
901
932
939
933
922
928
928
937
937
943
920
940
948
930
940
944
939
923
935
935
932
938
934
942
941
951
912
941
955
924
929
911
944
937
927
937
941
928
951
941
940
943
927
946
912
923
939
941
947
915
910
936
942
936
922
934
929
928
926
925
917
922
932
922
929
928
923
933
935
935
941
913
921
960
917
938
921
901
947
954
936
946
927
921
942
936
911
939
952
915
921
952
924
945
949
951
933
925
921
920
929
941
931
944
923
936
935
933
946
924
932
918
919
931
937
926
939
924
926
945
927
926
930
927
936
918
923
938
946
935
929
938
932
923
948
937
929
886
938
934
921
934
923
961
932
932
935
921
944
926
934
926
943
935
939
925
961
922
947
932
945
935
927
935
933
937
922
939
910
923
916
927
928
943
939
937
931
926
931
944
918
936
929
912
942
933
917
941
942
928
923
925
945
943
938
950
930
931
946
949
954
934
933
902
927
913
920
919
937
915
910
928
924
914
922
942
920
928
949
919
933
922
913
930
938
928
938
922
935
954
929
926
927
915
944
939
918
922
930
922
923
930
936
927
930
930
954
908
910
929
941
926
917
940
921
915
932
933
927
934
938
943
929
935
930
929
946
957
930
940
944
932
935
919
938
916
925
933
921
925
899
913
925
949
929
942
930
931
946
928
934
938
937
925
939
950
932
947
922
918
916
944
936
936
927
954
936
930
928
926
928
944
935
936
911
925
928
892
918
933
926
936
938
926
939
928
918
913
923
956
917
933
942
933
929
935
926
940
918
942
938
934
939
929
942
936
933
936
945
922
929
938
927
928
909
946
942
936
933
937
934
931
936
934
922
947
919
943
928
940
942
931
907
929
932
921
929
933
913
931
934
932
920
931
922
931
922
920
948
944
939
927
928
938
932
929
948
914
940
907
925
930
934
928
931
905
908
945
946
941
936
934
949
924
924
918
930
928
944
942
947
936
930
942
916
934
934
933
939
946
920
921
947
940
949
955
935
941
932
936
942
942
921
927
939
919
934
922
937
942
926
929
919
914
931
916
934
922
937
940
932
922
943
921
930
947
922
943
951
936
945
927
922
941
953
919
926
928
933
934
953
945
926
931
928
918
921
961
948
954
938
932
942
920
923
925
932
937
939
912
918
932
950
939
925
918
914
940
929
911
933
937
932
930
927
920
915
943
927
919
920
932
948
931
935
923
928
913
934
946
933
932
908
923
928
952
931
935
929
946
941
936
930
941
939
955
941
960
925
940
913
908
910
926
937
931
921
931
939
921
943
936
930
948
923
937
935
928
930
939
949
941
909
910
946
921
907
943
920
951
932
922
938
929
939
920
924
918
897
928
921
926
912
919
963
937
929
939
939
933
933
950
943
908
915
939
936
930
934
931
938
918
935
930
925
936
938
927
952
925
904
933
925
913
922
936
951
928
938
925
950
944
919
953
940
926
926
930
939
936
927
938
941
935
943
927
927
949
939
933
939
932
913
934
941
932
947
950
917
929
959
941
935
943
939
924
928
939
932
937
926
929
921
933
915
935
925
926
940
921
915
928
926
928
933
939
932
943
940
920
935
929
941
949
939
912
918
920
952
924
919
960
941
925
937
928
926
936
931
938
934
919
930
936
944
956
934
931
932
932
957
943
943
937
904
920
943
940
911
936
926
937
913
932
922
925
934
939
913
899
932
928
922
929
919
929
933
932
915
942
940
942
920
935
927
929
936
937
950
925
935
939
937
913
941
932
945
947
929
938
925
934
925
925
931
939
937
945
939
946
925
935
931
938
945
917
925
946
905
935
938
924
942
935
942
924
936
926
916
932
922
933
939
922
919
941
922
921
908
931
923
952
936
934
930
940
936
947
928
920
933
943
937
932
933
933
927
931
932
945
925
924
939
942
926
941
926
935
923
918
918
953
941
924
947
940
947
927
931
932
926
922
923
943
912
923
943
937
929
942
935
923
918
938
917
929
930
942
931
921
927
921
927
925
908
936
934
915
944
940
936
933
939
937
939
940
927
948
934
921
915
918
952
929
940
949
939
934
927
938
941
942
931
932
944
931
935
943
937
934
922
929
929
923
912
901
925
953
937
946
947
944
929
919
927
943
942
945
936
922
927
944
947
940
931
926
920
924
933
923
925
924
935
925
945
939
927
898
930
924
937
929
937
938
934
917
919
917
923
921
930
939
928
945
931
926
945
922
940
945
937
945
931
940
926
920
938
955
947
933
939
936
928
933
935
943
946
909
935
936
906
950
924
941
939
916
941
927
923
920
912
932
936
928
951
905
933
930
932
920
938
939
934
951
932
927
927
920
917
919
929
932
944
930
941
918
925
922
938
937
932
938
950
934
922
926
917
948
936
942
923
918
920
920
925
923
946
926
941
925
941
944
919
944
929
940
933
933
910
935
921
925
917
933
932
937
913
953
936
914
932
952
935
936
925
954
920
930
925
926
938
947
918
940
935
937
913
938
935
951
939
924
938
933
947
931
954
922
941
930
928
933
948
935
922
942
943
919
940
950
927
943
935
943
938
920
927
914
945
913
929
935
937
935
933
927
946
935
943
922
936
940
933
937
915
944
930
938
909
929
925
938
918
933
944
931
945
919
937
928
937
911
916
936
932
933
940
942
947
940
923
924
946
945
946
912
900
926
930
933
937
924
933
911
941
948
937
936
915
947
926
945
934
939
924
922
923
933
936
947
930
943
923
929
920
926
896
933
933
930
927
928
929
937
906
927
946
950
936
941
940
928
940
928
943
935
938
931
911
933
914
925
938
928
905
962
917
914
937
915
925
930
936
936
921
933
924
927
937
938
927
931
946
935
923
911
917
936
917
921
945
938
940
928
931
953
938
940
954
947
930
923
933
939
933
922
949
925
933
937
942
933
932
920
936
918
929
923
918
944
930
923
927
920
918
946
930
922
942
935
930
923
942
938
922
918
921
948
928
940
906
937
913
938
949
943
931
930
927
930
929
911
926
949
943
921
923
950
919
923
935
943
943
929
932
945
938
933
934
956
948
929
922
926
924
941
936
944
934
946
939
935
928
950
928
930
934
929
935
917
919
946
930
933
947
922
932
923
941
940
942
937
936
930
928
926
927
928
930
941
936
930
926
924
920
936
924
920
926
920
924
935
939
914
908
935
944
961
932
929
934
945
936
920
936
937
947
950
923
937
917
939
934
933
922
944
943
913
929
927
927
911
925
957
923
956
946
935
932
927
922
939
939
933
941
932
943
922
934
916
939
930
938
919
930
937
933
940
938
939
932
925
946
936
904
934
931
944
935
942
930
946
938
920
935
938
930
945
920
894
924
926
921
916
949
932
928
930
920
937
934
933
930
922
939
920
951
938
928
936
947
934
922
927
936
929
943
942
936
942
945
931
925
922
930
926
921
923
932
937
923
925
949
948
943
933
948
952
957
925
923
915
952
931
927
942
935
937
958
925
923
928
916
930
941
943
948
940
934
938
937
927
922
950
931
925
945
930
928
937
925
917
942
931
929
945
927
936
936
928
924
933
938
921
926
933
929
947
931
938
939
925
919
931
941
936
939
931
936
935
939
913
918
918
927
939
934
942
926
933
922
900
920
926
924
938
938
930
931
934
937
927
949
928
929
931
921
913
930
925
921
939
932
922
919
924
940
928
945
945
933
924
935
947
928
952
933
916
935
932
935
947
948
918
943
927
929
939
924
936
931
926
945
958
936
935
935
934
931
923
938
924
936
961
950
942
934
937
931
919
913
938
930
931
925
941
933
935
925
933
926
915
924
913
946
939
911
927
933
924
939
924
932
923
926
942
947
940
916
937
937
948
928
947
938
924
934
949
924
944
936
936
939
934
927
921
934
939
930
930
915
927
906
929
928
932
936
961
933
933
935
928
935
952
916
909
930
914
933
919
915
937
936
927
935
923
915
946
948
929
932
927
955
937
936
920
934
933
934
924
930
945
913
935
958
941
932
940
924
928
912
929
933
939
927
922
923
952
949
928
944
936
930
931
945
933
915
916
915
916
938
942
930
940
930
936
925
929
936
935
935
909
928
918
942
927
936
924
947
924
928
926
932
947
923
925
948
942
932
930
928
949
929
940
929
932
919
934
927
929
934
927
950
915
912
928
916
924
910
926
951
917
936
929
931
931
941
913
923
914
937
947
928
950
917
924
911
933
932
939
927
942
927
925
937
927
938
944
921
911
918
938
921
931
928
927
923
919
924
918
948
932
934
920
935
934
934
922
932
924
922
910
918
933
920
932
938
961
957
938
927
943
961
951
931
940
917
915
930
926
926
946
931
921
930
927
943
949
932
942
933
936
916
952
931
932
914
934
942
926
950
928
926
940
958
952
950
929
935
910
929
937
956
941
925
928
943
927
942
920
946
923
940
931
913
949
950
945
934
953
936
941
928
934
941
926
943
935
928
938
930
931
930
924
924
929
914
944
931
934
942
935
936
955
946
918
914
926
931
947
944
926
915
937
927
940
934
937
945
939
938
934
934
923
901
932
941
908
946
938
944
945
933
930
920
939
927
922
916
924
917
921
955
927
947
941
939
920
914
941
924
926
938
905
933
943
921
933
936
935
926
930
906
940
944
945
938
935
933
952
928
959
925
941
939
938
931
927
940
944
915
928
925
917
936
944
926
919
934
939
931
933
945
938
934
922
938
935
939
924
958
932
940
946
915
929
946
926
931
944
933
944
917
926
928
936
931
937
947
952
941
918
925
909
932
919
931
912
930
949
930
927
923
920
941
916
942
944
917
956
938
924
933
926
936
920
910
947
922
942
944
932
917
941
948
938
925
937
930
933
914
943
942
941
960
916
940
921
946
930
932
932
911
899
918
924
922
944
928
930
947
932
926
935
948
941
941
946
914
923
938
949
928
930
930
937
919
927
938
923
925
916
930
924
930
935
951
948
918
933
937
921
950
933
947
942
930
946
910
944
934
957
937
926
932
927
953
931
948
938
922
932
910
931
924
929
914
931
942
943
907
937
928
930
936
932
904
933
942
928
929
924
927
942
937
914
929
922
951
928
926
908
928
931
930
947
917
923
931
913
938
950
922
925
941
937
932
924
925
951
928
932
917
930
912
919
930
939
901
933
946
950
942
925
940
925
938
927
927
913
915
920
918
922
912
927
942
938
925
926
933
950
948
931
925
937
947
924
922
922
930
927
920
944
931
918
920
943
933
922
944
939
922
925
914
913
945
927
923
930
952
933
937
939
930
942
923
924
931
936
939
925
934
928
951
925
940
937
948
933
957
926
935
942
931
933
938
931
929
931
932
977
