1065
926
958
940
945
928
952
939
927
936
933
935
929
936
917
921
941
935
926
933
920
957
952
923
943
922
930
941
915
945
941
913
945
921
939
924
927
925
916
931
917
943
943
950
935
930
924
955
929
932
934
926
921
914
925
941
915
922
923
918
931
931
933
926
918
933
939
939
946
947
949
939
931
934
940
925
923
947
896
917
941
947
927
918
932
938
939
942
935
936
924
928
913
923
923
914
958
931
922
940
952
934
925
932
948
940
911
947
927
950
929
927
928
915
919
932
940
925
954
925
950
921
927
923
949
947
920
891
925
940
952
945
929
949
959
935
924
940
926
933
929
943
931
925
930
937
961
938
934
915
924
931
929
936
924
949
941
934
934
918
931
933
939
955
944
939
952
926
919
917
926
932
925
926
930
932
916
928
948
928
939
940
928
933
928
933
947
942
946
951
925
915
924
928
927
930
936
931
935
919
924
926
947
923
941
925
947
938
953
931
942
942
943
918
921
932
945
918
931
936
941
953
938
942
925
929
945
919
932
939
951
931
938
926
908
944
924
932
933
921
937
945
922
921
929
918
933
942
946
938
926
935
940
934
933
934
949
919
930
930
935
940
938
934
934
935
900
930
936
938
926
945
942
942
941
935
945
918
940
916
931
932
943
923
924
925
957
929
920
912
943
938
898
915
932
948
925
912
925
939
934
919
929
923
939
956
927
909
947
932
949
939
933
948
947
924
920
935
912
938
928
961
937
939
936
933
932
941
920
960
922
928
948
945
945
930
927
928
937
947
932
935
943
942
944
944
934
924
917
935
931
909
936
925
927
949
934
930
954
924
947
917
934
926
940
919
938
937
927
929
933
930
917
945
932
937
919
932
927
944
917
908
929
958
935
944
933
930
938
948
930
932
925
928
933
909
937
932
953
934
932
938
932
913
918
956
944
943
948
936
918
923
921
954
938
940
926
956
920
937
935
956
944
917
939
930
924
922
927
947
940
931
935
943
917
923
944
942
934
941
942
928
923
945
934
921
917
932
941
937
929
941
925
912
919
932
933
940
923
940
921
946
933
921
947
930
900
933
940
931
951
937
929
923
930
927
939
932
935
920
924
931
934
919
936
938
922
911
918
926
921
935
951
921
937
930
957
954
934
920
942
952
924
940
936
921
930
942
950
917
913
930
935
927
950
918
918
921
925
943
920
936
923
932
907
933
939
943
948
943
941
936
919
932
923
945
942
934
921
907
939
949
951
945
921
924
944
942
927
942
919
940
927
935
934
942
934
921
921
930
936
918
944
916
922
924
924
935
928
929
934
939
942
936
935
931
928
918
951
957
944
941
941
930
947
943
940
932
937
922
952
910
934
921
936
910
918
932
921
949
929
924
930
942
941
944
931
926
929
942
930
942
933
928
922
948
924
940
927
930
923
947
943
917
925
945
953
915
912
936
936
943
930
938
923
922
967
941
937
938
940
930
934
955
934
940
957
947
941
936
926
921
941
924
936
930
939
930
939
936
931
933
947
926
926
911
931
920
903
927
921
929
938
934
937
941
947
921
931
936
926
948
928
952
932
942
947
920
929
941
927
924
938
958
943
938
930
938
933
940
941
947
944
939
950
915
923
938
946
919
937
918
944
933
949
938
932
925
923
943
938
928
932
933
925
945
937
912
933
935
926
936
947
938
919
950
940
909
941
912
946
926
926
937
920
947
942
935
920
960
943
935
934
934
925
924
946
921
926
931
923
945
941
935
931
937
904
942
926
937
925
906
926
924
919
935
915
932
929
931
935
902
916
935
931
935
914
943
953
946
918
921
936
936
931
923
925
911
940
944
937
942
931
944
925
947
933
944
924
930
951
933
934
918
929
927
929
948
923
933
926
933
930
946
938
944
947
959
945
954
932
931
939
946
941
921
928
943
925
943
941
933
924
925
941
943
967
951
950
938
926
932
937
937
933
931
921
936
945
926
927
912
931
933
914
913
936
924
942
925
949
946
939
910
919
938
914
939
940
931
937
919
929
945
927
923
917
910
958
926
931
950
925
931
927
922
934
945
933
927
921
932
934
925
926
937
932
941
942
930
930
925
935
921
938
938
936
919
938
948
936
920
934
935
950
935
929
943
915
937
937
939
947
964
921
918
943
941
938
949
930
921
928
918
935
935
925
923
934
911
932
901
933
931
924
926
926
925
918
936
926
925
933
915
932
907
929
935
903
944
929
916
929
943
946
945
914
933
924
936
936
944
915
945
930
943
937
937
927
945
931
916
919
927
921
942
918
934
905
936
945
947
937
954
936
962
929
921
948
920
937
932
933
920
930
937
931
946
950
921
919
933
929
934
928
932
927
933
921
939
936
930
941
943
929
927
954
956
942
953
937
933
944
921
943
922
933
919
924
921
925
938
933
936
936
934
943
916
939
939
936
948
932
941
915
942
925
932
956
915
914
923
956
944
926
927
932
937
942
936
950
936
929
938
932
942
924
926
910
921
935
941
936
919
937
916
917
924
923
929
927
941
924
939
940
942
936
926
941
921
938
953
927
922
940
928
945
918
926
911
946
946
930
947
947
942
936
938
932
923
941
933
943
930
930
923
920
930
916
946
939
926
938
934
925
920
937
925
919
947
945
940
927
937
948
942
930
929
922
931
926
933
922
942
925
912
927
936
938
938
931
935
934
942
927
930
934
910
944
939
923
920
935
955
932
932
944
933
930
945
929
943
934
938
919
943
942
927
953
924
943
948
942
939
921
930
951
922
945
936
937
942
944
942
940
949
928
942
921
945
933
940
928
935
935
937
933
930
936
906
923
929
935
946
932
922
947
924
928
927
929
954
930
920
934
931
915
911
923
925
949
942
926
933
957
930
947
946
924
945
936
952
926
933
938
940
923
913
938
937
946
931
929
943
937
910
945
955
917
937
940
912
948
940
947
929
945
949
947
924
946
952
945
922
908
940
944
921
939
916
920
926
934
947
933
930
940
926
921
942
939
945
918
932
943
913
933
946
926
947
950
949
925
932
938
930
923
935
947
918
933
928
936
940
928
926
957
925
939
952
930
950
934
929
931
932
928
936
941
919
925
914
929
942
945
917
921
919
917
936
937
931
925
946
940
913
951
917
930
943
929
940
930
902
938
944
921
926
946
950
961
928
932
922
956
935
948
960
937
934
956
909
921
939
936
948
957
951
949
923
935
934
929
948
929
921
947
926
922
946
936
906
927
936
930
925
948
931
939
926
933
931
914
917
914
934
929
919
934
928
925
941
943
948
924
937
942
931
940
933
934
949
928
945
916
920
915
920
911
937
932
947
943
942
935
924
924
931
944
935
939
923
925
940
960
935
950
938
950
940
924
930
942
942
942
932
923
940
945
916
927
945
925
935
924
954
938
922
948
957
932
943
928
940
942
922
952
944
923
915
937
949
929
912
919
924
942
934
931
944
936
938
924
930
925
934
933
927
942
941
931
930
933
941
924
924
921
911
946
933
919
931
944
931
919
946
934
930
949
918
939
927
948
951
938
916
950
942
926
942
913
941
948
947
923
946
924
913
947
904
914
933
907
949
933
955
934
932
930
949
943
922
939
930
935
942
926
928
916
933
928
929
908
930
933
941
925
921
930
941
930
923
926
943
941
945
909
950
930
959
957
910
960
945
917
938
929
941
929
933
920
951
963
935
931
932
917
935
942
937
940
934
940
921
948
935
930
942
957
944
940
940
942
926
943
936
937
947
937
941
938
927
932
930
932
917
917
919
933
923
931
906
943
936
933
926
949
931
941
927
937
951
932
935
948
918
915
946
936
940
930
939
932
945
933
936
921
926
925
926
925
937
934
945
942
933
953
929
925
940
937
934
951
931
953
930
954
940
929
938
935
934
911
920
930
933
939
928
929
945
934
948
917
916
932
939
939
933
940
922
951
945
955
934
935
949
920
939
934
942
946
943
925
954
961
935
935
938
945
925
927
948
935
923
945
935
961
942
934
952
931
935
931
920
944
936
938
931
926
941
930
940
939
945
940
931
929
942
935
933
920
915
945
932
952
938
921
954
943
926
930
940
939
924
917
931
932
929
936
933
925
943
941
926
946
950
944
942
971
939
940
944
928
914
951
939
945
940
925
930
950
929
943
933
941
954
929
937
949
941
915
930
945
938
937
949
930
931
929
929
953
947
928
926
942
936
940
932
932
934
933
933
941
929
963
928
943
954
929
944
932
949
940
946
958
924
915
929
947
960
926
936
941
962
951
958
921
928
937
922
935
933
927
929
930
917
934
940
933
931
937
941
935
952
948
938
961
965
951
942
923
937
937
944
949
934
899
915
937
935
937
935
947
943
939
944
928
916
939
938
926
940
933
931
924
944
937
948
939
936
938
948
931
935
957
953
935
921
924
926
920
940
930
927
921
943
934
927
930
939
944
963
948
936
913
930
920
940
953
935
927
943
942
942
920
935
923
943
929
928
943
935
934
930
922
942
941
939
942
919
947
942
934
936
915
931
939
953
926
956
940
932
942
924
946
943
922
957
934
938
934
943
951
929
945
933
934
941
932
921
928
941
930
939
934
927
937
926
934
920
929
929
940
949
934
937
928
945
935
916
928
955
950
940
938
942
930
937
945
948
948
926
925
937
939
951
933
951
929
934
944
948
940
935
916
925
937
968
927
897
926
957
937
934
945
947
931
924
940
959
958
934
930
953
937
918
923
935
938
948
933
943
930
944
927
915
936
925
954
944
941
924
941
939
922
924
928
966
937
944
948
941
922
932
943
951
942
903
929
936
951
950
945
944
931
946
936
937
946
924
950
959
940
954
945
930
926
931
927
946
949
953
933
924
941
942
958
945
950
935
955
946
948
946
913
938
940
937
932
941
928
946
953
917
944
926
936
930
932
943
949
954
924
927
954
949
935
935
956
958
935
927
944
938
951
954
956
938
961
933
956
943
951
935
947
931
933
931
918
934
937
936
947
952
933
936
927
928
957
941
951
949
952
940
924
923
930
929
945
943
937
950
938
923
946
951
941
928
945
935
947
939
951
945
953
942
952
940
917
939
933
934
927
932
943
942
912
947
954
940
958
944
948
931
932
946
943
931
943
937
960
942
937
919
938
946
942
928
945
940
956
953
949
941
934
958
937
936
954
953
959
941
918
943
940
965
948
931
933
940
934
916
935
956
953
955
928
936
927
939
933
955
935
956
952
940
948
947
958
941
958
939
932
941
950
942
943
943
942
958
951
941
948
945
957
959
941
953
963
939
930
933
935
944
951
923
927
942
956
958
960
958
947
955
949
924
955
937
937
946
942
950
951
958
956
945
949
946
950
963
938
938
941
957
965
956
956
945
940
957
952
956
940
950
951
943
947
957
961
952
945
964
953
936
941
956
943
941
932
936
948
946
968
949
949
932
953
972
956
946
941
961
939
972
959
947
956
946
951
958
959
942
950
963
962
967
967
950
970
951
944
953
959
952
951
962
953
945
966
964
972
946
958
964
957
950
968
940
952
952
968
976
962
969
952
959
983
965
970
966
976
974
959
966
965
969
963
954
954
971
967
959
977
963
970
969
978
988
973
970
959
948
965
981
972
980
969
979
970
977
977
980
990
981
987
991
983
991
994
1001
1000
992
995
996
1001
1006
1011
1001
1002
1001
1006
1001
996
1006
1018
1020
1024
1025
1026
1026
1025
1026
1026
1031
1032
1034
1036
1042
1044
1046
1050
