1065
921
925
906
930
939
930
905
942
914
908
927
944
917
924
943
949
919
934
923
942
932
942
943
938
927
915
929
932
922
939
935
913
934
922
939
925
930
938
929
931
946
957
929
933
927
923
931
917
923
934
953
919
922
929
948
930
950
949
941
926
935
933
943
930
906
929
924
932
930
935
925
952
941
933
911
944
952
939
954
931
952
946
937
933
939
933
920
928
942
926
932
933
909
928
931
933
922
944
928
936
910
943
956
926
938
953
946
933
952
951
943
930
934
937
945
915
946
959
949
952
937
944
938
946
943
934
913
925
928
947
950
938
931
937
913
940
946
932
945
935
946
934
927
936
935
945
917
938
943
924
937
936
924
931
934
941
928
927
942
939
918
926
938
942
941
912
933
945
935
949
922
932
933
938
917
927
931
924
948
937
945
921
933
921
950
950
936
932
940
923
963
945
940
928
925
926
940
931
940
924
934
919
943
927
917
918
944
962
964
909
950
917
930
926
911
910
933
915
939
934
928
937
935
938
920
955
933
950
926
916
929
932
925
932
924
945
933
923
953
932
934
936
920
923
922
942
941
936
933
918
934
956
926
927
941
942
939
925
947
930
954
933
928
935
943
939
929
918
939
922
928
923
938
921
931
928
928
943
943
931
923
923
941
936
952
940
932
922
939
935
951
938
932
935
914
926
919
922
928
934
925
941
933
926
932
937
921
937
924
943
930
943
918
931
916
925
928
923
938
927
944
927
942
943
937
933
940
925
927
932
950
938
937
931
933
921
922
946
910
940
937
916
940
916
927
936
923
927
955
945
953
924
930
932
928
944
926
964
937
935
931
936
928
929
931
941
938
925
942
935
947
908
934
920
933
928
933
941
911
947
931
948
924
936
930
947
936
938
922
930
935
931
928
927
917
949
952
929
929
929
936
921
930
950
944
959
927
942
931
915
937
945
917
938
928
925
926
942
937
933
934
938
941
908
945
911
934
919
936
934
945
929
932
928
934
928
927
932
938
927
935
942
936
937
944
940
912
937
937
937
941
920
935
941
936
938
930
946
921
943
932
926
936
927
932
928
932
942
939
942
941
947
922
929
937
933
938
944
931
930
923
932
926
942
944
931
930
931
923
928
923
934
926
931
945
924
921
939
916
937
941
942
931
933
925
908
939
913
931
921
936
922
917
928
943
924
931
916
897
931
937
916
951
935
956
948
925
938
940
936
937
940
927
936
920
940
944
934
921
948
930
910
938
935
929
925
935
930
940
961
927
925
941
932
933
946
951
933
952
941
924
916
932
925
933
923
934
927
940
966
963
939
934
926
925
910
913
932
958
941
934
928
921
906
927
940
944
924
948
911
931
921
942
941
967
961
928
942
942
946
940
923
940
940
920
930
949
934
929
925
927
930
931
922
938
929
918
921
919
958
935
943
926
923
933
930
919
928
932
931
929
947
937
921
941
922
931
947
916
931
945
939
941
951
947
915
933
943
929
910
926
897
937
943
920
938
935
934
923
934
935
934
924
930
937
938
921
925
926
911
934
933
903
917
934
919
950
920
929
931
954
928
927
941
938
916
937
937
935
929
940
909
937
936
953
942
937
945
951
931
933
956
924
914
939
932
942
944
938
941
933
949
927
937
928
929
938
957
941
937
931
926
930
939
937
945
940
934
936
952
923
949
939
924
933
925
945
911
906
932
942
934
938
928
914
926
942
922
931
934
935
927
932
941
911
937
938
946
938
933
933
937
922
937
932
948
944
926
918
942
935
932
921
920
954
917
920
940
944
951
907
917
927
928
926
934
937
904
934
926
912
957
948
936
938
926
935
942
946
935
916
929
925
920
939
923
939
918
929
924
933
943
915
925
942
931
901
941
947
931
913
930
947
957
931
933
924
916
932
916
934
946
912
952
924
932
959
925
919
931
943
946
927
931
944
933
924
921
940
933
936
940
934
942
927
940
938
917
940
944
945
932
923
927
944
916
934
952
931
919
962
928
932
919
946
940
931
933
938
927
929
938
916
956
945
925
933
931
910
932
932
944
920
931
918
932
950
942
933
939
935
905
922
936
934
914
925
934
931
958
932
943
936
933
910
945
940
927
926
937
909
926
923
950
929
945
921
948
915
925
932
921
929
931
916
929
936
936
925
928
940
941
911
901
924
946
931
935
944
932
935
939
930
948
924
913
946
919
941
937
909
925
923
935
934
940
906
944
945
951
935
919
945
925
939
920
936
948
949
941
923
920
948
929
915
920
944
921
925
936
937
947
930
933
928
917
931
925
931
910
907
934
935
929
937
933
933
931
917
934
911
916
945
926
936
947
921
922
925
940
914
922
944
921
938
946
926
914
939
944
934
925
922
929
940
923
914
940
932
941
934
928
919
924
928
927
939
946
947
949
930
929
918
919
926
933
942
939
941
929
926
927
931
902
924
943
934
922
937
955
925
930
928
943
902
922
945
925
932
930
939
928
929
942
925
943
948
939
927
906
931
939
937
955
930
925
925
957
934
942
945
931
908
920
918
926
932
911
933
945
950
922
951
930
933
948
942
914
953
935
923
920
936
928
921
939
954
909
946
938
931
928
942
927
938
921
935
925
909
923
950
955
942
940
960
910
933
946
942
934
937
930
977
953
922
921
913
948
936
930
942
950
936
947
912
940
939
938
950
934
937
940
948
938
946
919
936
949
938
937
940
939
931
921
935
930
939
936
937
943
948
937
932
945
920
937
922
940
923
941
938
933
920
945
951
950
918
946
914
936
909
932
928
939
938
926
941
949
940
946
925
922
925
949
938
949
932
941
952
923
944
928
942
944
932
941
945
912
932
931
912
929
939
925
931
925
924
939
952
948
942
928
931
923
925
963
918
932
934
926
903
917
922
917
935
914
926
930
952
937
926
950
906
924
929
952
928
943
937
922
933
929
938
943
926
926
932
926
926
931
921
933
916
921
941
939
948
944
930
927
921
924
937
934
937
899
938
927
925
928
920
942
944
954
906
922
914
902
922
909
934
946
918
938
934
933
924
938
953
931
933
924
922
946
926
929
935
916
933
925
922
919
955
939
927
952
938
953
939
937
918
943
948
951
914
957
926
931
937
936
935
950
940
932
921
918
947
943
934
944
937
919
928
941
946
932
935
938
926
920
936
942
914
938
945
935
923
934
949
953
939
915
929
929
927
936
930
936
932
907
929
927
939
938
923
911
942
938
944
928
939
942
924
924
922
929
940
934
889
931
935
950
950
915
930
939
946
936
923
930
910
940
930
937
955
934
940
917
935
940
927
934
924
939
961
924
921
939
916
913
925
938
936
945
950
952
940
938
929
944
940
943
944
937
932
943
939
926
944
940
929
944
914
921
940
934
940
931
925
929
922
936
936
931
923
921
924
920
941
928
932
914
931
939
932
924
951
941
941
935
933
944
939
939
940
937
928
937
922
937
938
918
935
930
936
927
902
927
950
927
944
923
927
940
921
944
943
936
934
910
916
947
929
930
919
946
916
932
920
936
933
926
936
935
944
936
936
932
906
903
933
961
939
937
918
941
934
926
946
940
929
925
939
930
933
924
924
942
918
920
944
927
925
940
945
941
915
931
943
911
932
906
931
939
931
939
902
952
910
937
921
944
954
931
951
946
935
936
923
922
930
934
930
940
928
955
923
941
940
913
945
932
936
928
933
946
930
938
917
939
930
924
938
943
922
923
930
928
920
949
940
919
922
953
944
944
934
941
942
946
948
950
931
920
934
939
937
915
930
929
919
948
938
926
917
931
941
922
918
955
946
922
926
943
945
928
933
930
931
934
931
934
923
926
928
936
939
934
922
938
952
929
926
922
942
941
927
934
925
958
948
922
916
927
940
926
914
930
935
934
924
931
932
908
931
923
933
934
929
943
928
944
945
955
928
938
929
944
931
945
944
939
926
944
948
933
915
924
953
930
947
945
931
949
938
912
929
940
927
945
934
946
953
927
921
925
922
938
932
945
957
954
927
927
931
925
941
934
910
930
933
958
940
945
943
943
945
913
921
930
934
917
952
936
943
941
950
934
958
961
938
926
935
935
941
951
923
934
947
931
934
953
912
936
947
916
941
945
920
928
922
932
919
931
944
942
946
926
936
931
942
922
939
916
936
940
925
941
927
924
924
938
949
931
929
943
933
928
908
919
923
958
929
947
926
948
922
923
916
940
935
934
937
933
960
938
937
950
949
947
942
934
923
928
921
927
943
930
925
944
944
946
927
931
943
953
941
936
930
929
928
943
927
950
946
927
923
940
936
927
941
955
934
970
922
950
930
933
941
923
924
923
919
932
935
925
917
926
929
945
932
933
935
936
930
937
936
943
918
935
918
935
911
939
929
931
922
937
924
936
955
930
901
941
943
926
931
933
922
926
939
931
927
931
912
937
928
952
931
923
929
938
917
928
932
933
930
920
938
942
943
945
938
919
931
949
939
952
939
923
947
935
934
921
923
952
950
939
931
934
932
918
932
916
925
926
964
935
927
936
919
941
957
944
939
925
943
930
943
929
921
927
924
948
930
911
946
938
929
942
930
915
926
938
947
947
941
928
939
913
957
939
928
930
925
919
941
932
921
930
933
938
919
936
938
938
904
916
929
941
914
932
931
935
915
930
919
941
949
936
935
932
944
929
940
950
925
928
933
944
927
936
921
937
938
921
935
935
944
920
919
943
927
947
917
938
941
944
942
944
928
947
939
932
930
935
923
945
901
935
938
933
946
923
926
930
912
917
921
953
926
950
924
918
916
948
941
935
933
938
918
920
950
934
935
944
923
934
928
932
932
929
945
919
934
928
921
926
929
955
936
924
951
935
931
946
924
949
939
932
915
915
914
907
940
921
950
919
931
940
920
930
947
921
944
932
953
933
939
927
937
929
926
939
930
932
921
904
925
930
927
930
906
917
941
938
928
926
929
924
944
941
933
923
942
923
944
928
931
916
935
918
934
925
955
945
934
941
938
917
903
923
929
931
917
929
934
929
936
937
937
931
947
917
936
934
921
933
929
943
931
913
923
942
933
934
934
931
922
937
945
944
916
898
948
921
930
932
942
932
937
933
943
931
913
918
930
942
937
912
936
946
932
942
937
936
931
907
915
938
933
932
936
939
926
918
928
927
913
932
950
929
936
928
910
931
938
939
929
906
939
934
928
931
942
928
930
932
925
919
940
933
936
950
934
950
944
923
925
932
927
927
933
949
945
932
920
937
930
933
936
931
946
926
912
929
932
926
926
919
908
924
938
938
961
935
934
944
941
937
941
919
932
911
905
923
932
917
964
942
932
920
953
937
934
932
930
917
940
946
932
936
943
939
936
925
926
924
919
941
931
935
950
952
941
921
931
928
918
939
913
953
948
926
925
934
929
930
919
917
939
926
940
919
927
947
916
924
931
951
938
926
919
945
923
929
933
917
929
925
943
914
932
929
932
933
921
917
930
919
921
922
944
955
948
941
958
961
919
932
932
909
924
931
940
927
924
935
932
944
910
937
954
921
921
928
917
924
938
940
934
929
929
944
948
934
948
945
939
918
917
934
942
951
935
939
927
918
942
921
926
947
938
930
919
938
943
944
940
924
918
948
935
926
938
908
923
938
927
929
932
936
948
937
934
943
927
951
938
940
938
959
920
927
934
935
933
925
920
907
932
955
946
939
932
923
942
916
940
979
