1065
922
936
930
936
920
921
926
927
952
933
924
905
939
903
917
940
943
935
934
921
926
944
941
931
933
933
936
955
923
939
938
935
909
921
945
957
947
934
945
935
942
936
929
941
948
960
931
914
948
941
946
937
943
937
928
926
916
949
947
942
936
950
920
922
946
943
934
935
948
926
929
912
939
945
926
932
931
921
921
950
938
936
936
940
942
948
930
934
941
936
942
926
925
940
937
913
938
929
939
940
925
918
918
947
943
935
942
925
938
938
936
929
919
920
928
949
937
929
939
925
919
941
896
934
939
938
927
941
935
939
942
937
920
920
944
945
941
947
946
932
928
925
935
932
937
938
932
920
931
950
941
938
932
925
945
943
915
949
935
929
935
921
940
937
919
924
942
951
954
955
935
950
928
917
916
940
926
932
926
917
918
926
917
941
932
946
956
906
926
926
926
928
920
907
909
921
931
934
945
925
936
928
932
927
938
936
941
911
930
935
943
935
944
923
924
932
932
942
925
932
951
939
942
931
933
917
951
955
931
944
940
939
933
919
922
930
936
924
951
933
940
940
913
923
923
931
950
935
951
957
929
940
929
939
933
939
942
955
936
939
932
911
945
920
939
929
921
945
928
917
945
934
926
926
928
925
923
944
930
929
915
917
928
932
918
943
939
932
921
892
937
948
940
926
944
931
923
916
930
944
925
945
932
951
936
940
940
935
934
911
933
930
941
934
908
931
914
935
923
935
918
929
934
926
918
937
921
917
945
952
940
913
933
923
950
935
938
938
940
915
900
922
945
925
940
918
942
927
927
935
926
917
917
928
920
935
953
938
925
936
936
929
950
914
949
931
929
948
927
930
929
931
936
948
937
941
963
937
914
952
931
922
927
935
930
956
949
964
952
935
940
917
914
922
947
914
945
940
911
936
938
928
934
939
919
937
944
917
946
920
912
939
936
935
943
945
953
941
926
934
922
936
935
932
919
927
941
926
936
927
931
931
932
935
943
948
925
947
952
923
939
913
935
933
942
944
934
931
946
926
906
925
906
939
922
912
935
940
948
962
938
931
943
934
917
929
928
912
916
935
916
927
913
919
922
940
928
926
933
930
925
937
931
929
930
938
921
929
928
932
928
928
929
936
918
923
929
946
936
922
921
929
937
923
947
941
927
923
935
928
921
940
921
941
924
958
917
923
947
922
918
937
921
919
943
925
933
908
923
940
928
940
956
923
932
938
941
924
913
920
925
938
944
933
945
938
936
936
954
939
915
951
918
942
928
927
938
931
937
922
913
914
910
938
935
931
933
944
944
935
935
920
928
934
934
913
939
933
932
939
932
922
922
933
940
933
918
954
925
924
936
923
924
937
923
936
939
930
921
940
920
933
914
943
942
936
927
925
920
923
924
929
921
941
921
945
946
943
933
924
927
949
926
941
922
929
917
934
943
917
942
934
942
919
942
943
954
922
934
927
946
943
936
933
953
945
917
925
939
951
938
932
944
929
936
941
930
925
948
929
923
942
925
943
952
928
950
939
937
949
929
941
957
915
938
932
914
927
932
935
951
936
947
948
932
927
935
928
940
961
931
936
935
917
915
927
926
939
913
940
939
944
918
917
931
933
943
928
913
946
939
922
935
931
921
912
934
924
927
933
937
944
945
936
924
929
943
945
917
940
935
929
924
939
947
923
930
919
915
920
943
935
930
943
932
943
940
940
920
937
923
958
912
924
949
937
919
947
951
932
939
922
947
926
953
925
933
924
939
928
925
927
949
920
929
930
939
958
937
940
949
914
928
934
927
959
939
934
943
952
934
937
922
924
929
948
943
915
941
918
933
921
932
941
941
956
930
929
940
943
912
950
945
922
957
933
956
928
933
933
954
915
929
926
929
952
949
952
912
927
929
947
931
915
951
930
940
928
923
930
930
924
912
940
937
943
925
932
919
945
918
945
928
944
939
938
938
911
940
925
925
934
923
932
915
935
930
925
923
921
940
929
935
937
932
946
940
934
942
925
949
930
936
929
940
950
928
943
943
929
931
915
925
927
942
938
936
934
923
934
924
945
925
931
929
945
947
950
942
944
924
940
919
933
914
958
953
920
931
908
931
946
922
933
918
925
925
938
928
931
923
929
928
942
941
934
933
953
939
937
947
938
938
941
947
905
932
942
921
927
938
925
956
944
946
924
933
930
921
931
951
927
940
934
912
934
930
932
960
939
939
939
928
931
928
945
942
929
939
935
932
924
934
940
922
929
940
949
933
938
927
920
947
942
951
927
943
926
928
926
935
920
933
921
915
971
918
939
936
933
925
941
948
926
898
947
948
936
948
933
935
909
938
934
939
933
928
926
934
922
935
928
933
928
916
925
913
927
955
934
959
938
918
928
930
931
913
922
936
947
944
924
934
906
927
938
925
942
931
948
938
960
947
927
934
936
945
940
942
947
935
911
955
943
906
927
955
928
928
935
927
917
934
923
928
913
924
941
934
937
955
936
947
927
924
940
946
943
925
937
935
933
922
921
936
940
935
944
935
924
941
935
917
936
935
938
928
951
939
932
926
929
910
931
916
929
939
942
919
935
924
922
939
948
938
913
908
942
923
947
945
947
936
922
921
929
942
925
917
934
943
931
919
950
934
925
923
924
926
953
922
937
944
928
924
911
926
930
921
924
915
924
955
939
910
927
933
942
914
943
952
909
928
918
906
921
929
929
940
950
939
944
932
926
928
914
947
927
924
915
928
943
941
939
939
942
940
912
926
946
932
940
944
939
930
936
933
913
928
955
927
935
925
924
933
928
911
941
940
929
921
924
919
942
926
955
939
937
923
938
940
921
955
949
944
930
939
928
946
939
949
926
924
900
938
949
907
927
944
939
918
933
941
948
918
950
932
930
940
934
927
927
922
938
933
940
932
926
925
926
939
935
933
928
931
932
920
926
946
965
936
941
942
919
925
909
926
913
931
940
913
942
929
951
948
931
938
948
929
930
930
947
918
932
917
939
940
937
944
922
912
932
927
933
942
926
942
920
937
965
907
924
930
915
931
923
934
951
943
922
926
932
923
926
923
945
947
936
936
931
941
934
928
926
912
934
928
927
938
934
933
918
920
924
936
930
934
934
952
939
928
940
944
938
923
929
923
942
944
942
936
941
953
944
930
942
930
937
933
918
925
937
951
931
933
924
945
941
932
946
929
933
936
952
936
945
949
944
941
925
924
935
933
938
932
926
937
953
930
947
939
930
935
934
933
948
937
918
946
937
927
909
940
927
928
934
947
937
929
924
944
936
944
938
935
925
918
930
934
936
913
922
932
914
935
917
938
943
924
920
942
932
945
927
938
928
934
942
936
954
949
922
955
952
925
912
920
931
936
938
955
939
945
927
918
919
930
938
931
932
937
929
931
936
932
932
945
938
927
936
944
908
932
951
943
932
908
956
929
934
946
920
926
939
929
960
931
916
942
930
907
937
931
947
927
932
929
920
926
941
933
938
910
937
942
931
913
939
926
927
930
931
940
939
939
928
942
956
938
921
927
929
924
936
921
920
935
926
941
918
938
937
956
935
940
926
955
948
916
916
940
926
933
944
924
938
937
917
925
935
918
924
935
938
946
946
934
941
954
944
927
905
937
938
921
912
940
931
920
937
939
933
933
939
919
929
918
940
937
925
923
922
930
952
936
945
938
947
932
922
934
935
924
935
955
907
938
935
930
923
938
932
943
938
949
924
911
945
937
952
930
951
920
917
932
934
924
931
957
934
926
925
917
930
937
922
949
927
935
940
926
946
948
931
945
943
906
918
927
921
949
944
928
939
936
935
940
935
950
937
931
931
927
942
936
929
941
915
937
924
937
950
932
945
941
933
937
958
947
925
924
916
937
933
952
904
932
927
937
921
946
922
923
942
935
942
905
921
942
931
932
939
910
922
933
910
941
924
924
917
919
936
923
927
921
939
944
932
958
924
931
931
912
940
924
941
937
934
912
933
898
924
921
939
930
930
924
922
919
913
918
920
941
933
940
922
943
930
943
916
947
960
942
956
948
946
912
936
945
918
927
936
938
939
928
943
921
930
935
951
936
936
911
940
936
932
914
942
934
934
933
935
931
911
922
937
929
943
953
944
939
930
937
933
929
919
934
935
929
933
927
932
945
928
927
926
941
944
949
941
931
926
922
943
936
919
940
930
932
954
937
934
929
928
913
926
920
926
937
925
935
954
925
929
935
956
943
938
926
948
946
923
910
943
910
936
933
925
917
923
918
945
918
937
936
930
927
940
942
935
925
955
935
925
935
936
923
932
917
931
938
945
932
934
936
935
925
937
934
947
946
934
917
922
926
934
939
932
947
930
925
929
935
937
928
917
929
930
927
933
928
922
941
950
942
942
924
930
943
941
925
963
939
940
933
924
934
946
922
959
935
929
929
920
922
949
934
947
931
944
926
929
916
944
937
941
927
920
923
947
918
925
944
907
909
925
935
927
933
943
934
924
938
947
953
931
935
921
935
937
923
939
939
954
928
943
955
944
932
944
938
950
948
929
923
960
915
935
923
943
933
937
927
909
927
944
916
926
922
948
919
963
935
920
937
920
895
928
928
918
935
932
918
925
949
947
921
927
925
925
928
925
927
941
960
928
931
956
935
944
933
938
933
945
901
942
921
930
949
937
939
923
924
913
920
930
927
929
913
947
906
934
926
913
931
938
936
935
932
930
927
944
928
934
943
957
959
944
941
937
931
925
923
946
934
934
916
941
940
923
936
927
934
940
924
930
926
930
944
946
916
937
934
932
943
943
915
908
948
937
941
942
954
932
912
932
942
937
933
936
931
921
931
946
939
926
932
926
926
928
920
932
947
941
929
955
941
925
940
933
908
930
921
929
959
912
936
929
932
943
938
921
939
921
928
929
944
935
939
926
926
920
939
939
930
937
934
923
923
912
937
937
927
933
910
927
932
944
908
924
926
934
945
933
939
940
938
929
927
944
943
928
939
939
936
926
940
939
913
950
937
919
930
935
935
928
944
925
926
935
946
933
956
926
936
931
922
920
943
944
915
941
933
952
940
940
925
923
939
928
940
933
936
955
928
932
932
938
936
923
935
932
918
926
923
919
935
916
924
937
939
934
942
933
945
916
921
920
918
935
941
929
952
934
932
933
915
948
961
937
931
916
911
930
918
931
924
928
942
931
931
946
947
949
924
924
916
947
927
932
937
937
926
919
931
927
934
913
931
912
951
925
955
941
931
953
940
925
939
924
943
948
944
946
921
932
950
935
920
925
917
942
943
933
931
940
928
939
934
929
924
927
930
932
925
911
909
942
925
952
936
935
910
925
932
936
929
936
957
946
936
942
944
937
952
929
949
941
935
929
914
945
939
928
940
916
938
914
920
925
914
932
954
949
935
930
913
948
948
931
943
922
934
934
932
933
937
944
939
913
913
929
914
931
922
919
929
939
945
917
906
949
921
929
908
923
948
941
929
920
935
935
928
941
916
926
930
927
948
927
931
936
935
932
942
934
916
952
931
922
936
938
952
936
933
923
929
934
927
944
912
938
937
932
918
929
928
918
931
956
924
943
931
932
938
907
941
944
941
931
932
918
910
906
939
934
935
935
916
940
933
929
950
930
935
937
928
944
920
923
944
930
933
927
939
939
954
935
941
946
945
947
931
930
936
951
928
934
947
978
