1065
921
911
944
940
936
943
934
947
953
932
937
936
943
911
935
935
939
924
944
924
922
934
940
932
935
947
965
946
941
944
926
933
926
925
924
951
925
933
940
926
941
944
953
943
916
920
962
924
937
916
926
923
946
926
936
951
935
905
926
941
933
923
941
924
944
952
930
939
923
936
924
937
909
937
936
935
923
928
943
930
941
939
928
930
944
941
935
951
933
955
918
933
924
930
929
939
938
930
913
931
918
950
953
927
934
923
940
943
940
948
912
937
944
949
933
922
930
931
919
941
938
938
934
931
918
928
923
945
923
945
935
932
946
931
940
936
939
920
930
915
937
936
933
925
925
972
944
937
918
951
938
917
935
939
938
929
933
932
940
947
911
917
950
938
946
949
921
922
940
925
933
929
943
926
967
925
944
953
944
932
929
922
927
933
921
944
940
912
936
924
943
945
926
925
930
938
946
941
918
938
924
934
938
929
936
940
943
924
923
923
937
917
957
931
937
938
930
945
954
942
938
919
933
913
935
931
949
932
932
949
904
932
940
931
925
948
920
929
930
923
951
948
930
936
947
955
937
925
925
911
922
938
893
940
947
935
938
934
934
943
919
920
932
952
946
932
952
928
914
947
926
938
942
943
940
939
927
941
933
933
932
935
926
940
910
929
929
936
934
935
912
951
930
910
931
938
952
943
929
944
936
935
903
928
935
925
939
917
919
932
931
918
961
944
948
926
942
927
932
910
935
930
927
930
928
927
908
942
938
934
937
949
920
945
914
931
921
930
930
914
934
946
949
934
943
930
907
942
940
919
926
944
919
922
940
937
940
935
916
935
944
942
939
921
936
907
942
949
918
928
899
924
934
930
914
938
916
933
952
935
945
935
940
918
940
925
907
929
922
919
936
930
934
946
927
929
946
923
934
927
929
936
936
937
939
930
951
953
934
914
950
943
935
949
915
928
930
958
918
952
940
946
960
950
948
935
918
927
946
917
938
944
935
932
933
942
945
944
923
939
936
927
943
936
918
920
939
931
931
922
928
928
940
933
938
948
921
924
939
924
934
940
944
952
942
922
951
938
919
925
911
931
922
943
930
941
936
935
931
937
940
938
932
952
931
934
931
947
941
937
935
946
942
940
942
934
949
958
920
947
927
930
931
930
935
923
932
926
918
933
941
932
930
931
920
934
961
919
924
914
916
942
925
939
936
936
926
937
933
904
941
919
908
939
921
922
916
918
930
936
931
931
926
910
927
955
952
928
926
922
930
932
936
936
909
943
926
944
952
934
940
946
934
921
935
937
938
942
927
923
941
926
935
934
921
921
937
922
917
927
935
921
931
944
953
923
919
916
930
938
919
933
931
956
935
937
932
932
901
919
930
926
948
924
934
930
941
936
947
941
943
942
937
922
937
927
946
931
947
918
932
937
942
933
945
947
949
931
935
956
926
938
930
929
940
937
924
921
928
935
942
923
930
948
938
951
924
930
917
930
914
933
924
948
936
927
922
934
934
924
942
937
927
922
929
938
932
937
943
924
929
931
930
906
943
930
949
948
926
946
916
921
946
933
927
922
939
922
931
936
933
931
939
932
932
940
920
942
924
928
922
945
903
934
926
946
932
932
949
953
916
921
935
934
934
940
935
933
937
923
919
939
931
941
940
927
924
944
931
921
937
946
933
937
954
959
945
932
929
941
947
920
951
939
942
912
943
945
940
939
931
921
948
939
942
944
904
924
949
925
944
934
955
935
939
941
939
934
925
917
916
946
933
945
945
946
938
923
914
931
924
939
921
960
935
922
932
904
947
948
939
937
944
934
939
956
944
944
937
911
943
952
942
941
931
936
935
921
935
935
933
958
918
925
930
950
929
942
919
917
934
949
920
946
923
929
923
929
929
931
950
939
936
944
946
923
924
924
922
940
919
918
909
927
905
942
923
948
931
942
936
956
933
940
947
951
953
935
929
939
940
942
958
950
945
928
912
933
941
916
942
966
951
927
924
949
949
945
959
946
937
936
932
919
921
929
926
924
919
956
947
941
931
947
948
933
947
939
945
926
927
924
931
948
941
944
943
958
937
926
929
935
942
922
933
937
937
938
935
924
927
946
964
945
917
918
936
936
923
926
925
943
924
938
917
936
940
924
919
923
946
954
957
936
942
927
940
936
922
906
923
929
928
925
950
925
954
925
913
939
947
930
949
945
924
940
956
929
936
932
928
939
943
932
935
929
937
934
940
942
944
934
918
931
940
931
938
926
926
921
946
933
926
971
934
925
934
940
944
922
932
944
929
948
938
938
925
921
935
939
925
930
930
917
936
925
920
929
923
935
952
961
929
929
936
952
935
919
941
938
941
937
927
939
938
914
934
919
912
944
919
937
933
940
936
944
935
942
940
951
930
920
937
921
933
934
930
936
947
927
943
916
929
939
927
938
930
929
927
939
935
929
926
921
944
935
941
915
945
949
952
926
937
950
946
930
920
925
944
944
934
930
931
952
929
921
925
938
941
952
909
936
921
931
928
938
927
933
929
951
944
938
947
932
929
917
953
939
944
922
933
932
926
908
940
935
924
907
927
944
922
934
930
940
912
945
937
914
927
919
928
934
942
937
925
934
929
948
940
931
941
946
947
942
944
924
944
938
935
944
913
937
950
935
933
925
932
936
947
932
930
947
926
928
917
916
927
934
921
918
914
922
945
955
949
914
919
913
943
940
930
933
928
907
932
923
935
951
922
934
921
927
944
926
940
937
952
915
922
928
916
924
956
925
946
938
912
927
953
923
946
934
929
937
923
939
942
928
936
938
947
945
938
947
943
931
942
944
928
946
955
948
936
937
932
924
939
920
929
927
938
930
940
935
922
917
944
937
907
923
942
936
937
939
927
924
939
917
918
926
937
922
903
937
928
919
938
940
948
936
936
923
930
922
924
937
957
914
940
940
938
943
944
944
926
932
931
942
939
938
943
927
923
922
924
932
920
931
936
932
929
938
935
948
925
921
934
934
931
932
934
931
939
926
945
922
912
924
924
925
947
937
917
928
941
935
932
931
958
919
922
926
923
919
939
921
934
928
949
931
910
924
940
932
938
934
921
913
923
931
939
916
942
930
944
939
938
935
927
922
939
940
947
929
935
929
945
919
946
921
937
918
907
919
930
914
942
934
937
927
956
932
929
937
934
942
937
928
934
929
933
937
908
938
953
929
950
929
940
925
942
951
915
945
936
942
940
935
927
926
932
948
940
941
941
923
947
937
935
933
941
952
919
920
924
948
935
919
937
912
932
933
930
920
936
931
956
937
949
935
926
918
918
927
933
948
931
933
923
917
910
927
944
929
927
930
923
919
939
935
909
932
935
937
938
916
937
917
935
942
949
945
922
929
928
931
951
956
924
925
924
928
939
933
949
933
932
917
912
926
929
938
926
950
943
952
928
949
921
922
926
933
923
929
931
913
939
955
928
954
927
947
942
937
933
913
942
927
949
947
929
946
923
920
945
938
921
899
926
932
926
933
940
924
923
961
926
940
945
912
927
944
939
937
944
924
933
942
921
920
949
950
946
933
940
932
918
927
931
921
919
941
930
926
934
952
937
948
935
942
949
936
942
939
935
927
959
949
913
933
932
951
944
954
929
949
937
931
912
946
946
926
932
924
942
944
936
920
938
930
930
924
922
917
944
941
925
921
957
929
935
939
925
924
912
930
925
938
947
936
946
931
955
929
941
933
952
932
934
935
947
952
931
923
936
930
925
948
934
947
929
938
929
935
924
919
953
935
929
946
928
938
919
924
899
933
923
946
943
934
931
936
919
916
935
922
946
949
925
912
931
922
953
934
944
928
936
947
942
930
928
935
945
934
915
945
915
935
933
913
940
944
948
933
928
920
921
926
940
934
920
915
927
941
931
931
944
921
933
925
932
929
951
912
912
923
936
922
927
940
938
924
936
927
934
928
934
943
948
939
933
944
933
929
912
934
924
934
930
916
933
931
939
933
926
946
946
929
925
942
937
940
930
928
948
920
943
927
932
938
949
932
940
919
939
917
934
921
909
954
939
944
925
955
940
950
945
925
942
941
928
939
945
929
937
945
915
938
921
934
921
930
918
940
928
943
934
947
941
934
947
931
937
936
929
929
942
929
948
939
925
922
937
949
911
927
934
934
945
928
941
938
921
945
935
918
932
939
954
930
926
935
932
934
922
939
955
927
939
932
943
955
920
934
935
928
917
938
933
944
935
928
927
951
931
931
926
930
919
929
940
958
922
921
951
945
933
922
939
927
931
921
921
931
941
934
918
919
912
947
911
934
922
919
943
937
929
935
942
966
913
938
931
939
940
948
934
926
935
923
911
937
926
926
929
937
921
919
950
929
922
921
936
940
937
934
921
949
929
957
942
925
921
922
923
942
933
933
951
931
932
940
918
924
939
936
926
927
937
923
918
938
926
954
898
922
945
929
927
937
935
938
940
916
946
949
922
954
913
924
946
950
927
926
930
929
924
922
933
913
940
929
921
949
925
950
938
937
918
933
927
943
938
938
966
921
937
924
928
925
921
922
940
921
942
932
926
916
961
916
924
953
910
930
936
934
933
918
943
937
935
923
940
917
934
933
932
928
934
941
948
922
933
941
922
929
943
934
920
931
940
931
926
921
934
918
920
916
943
939
933
925
938
945
948
935
933
950
924
914
941
928
935
924
944
922
920
934
944
937
924
939
942
930
935
941
919
924
933
958
932
912
922
930
933
922
924
950
923
932
926
925
941
923
918
931
926
941
936
925
943
909
938
934
934
906
930
927
927
927
922
936
931
923
933
944
938
915
933
933
956
935
933
943
940
940
939
966
944
936
942
932
914
933
937
932
951
928
938
945
952
930
925
929
921
948
934
930
923
954
946
918
936
914
916
935
935
928
952
950
943
940
941
936
934
937
927
923
927
934
909
944
957
943
936
940
954
944
919
934
934
934
927
951
953
942
937
945
941
926
939
940
918
944
924
922
946
922
949
938
932
913
924
941
936
941
939
929
911
950
930
954
938
945
930
920
916
924
923
924
943
950
937
949
924
938
940
936
929
951
937
942
947
922
924
940
934
953
926
942
937
931
948
927
944
947
927
935
947
932
938
924
928
946
941
932
952
937
927
938
937
950
953
918
938
911
938
922
932
936
942
924
931
944
936
926
912
930
918
950
935
928
930
911
902
934
932
933
947
926
933
929
927
923
938
932
914
925
928
920
936
924
931
938
939
943
937
920
938
927
950
931
922
937
918
938
940
936
918
930
928
919
937
944
910
944
936
906
935
919
938
925
921
951
920
909
941
919
951
934
907
952
949
916
949
939
922
907
937
939
931
910
927
923
913
927
944
927
934
934
940
942
948
946
950
926
924
938
932
949
921
930
936
947
933
920
932
931
938
927
932
944
921
944
932
933
921
937
922
941
959
950
924
924
947
932
898
931
932
948
934
941
939
924
921
912
936
923
933
911
956
942
915
932
926
933
930
935
908
927
918
940
927
947
942
961
922
936
931
917
933
923
930
937
930
931
942
923
944
935
914
933
953
933
939
927
919
953
926
944
915
949
946
926
923
904
937
937
925
934
932
954
951
934
936
938
930
943
935
905
924
948
958
953
928
928
925
931
946
940
934
954
911
922
931
943
942
921
937
923
940
949
947
942
924
940
932
937
933
985
