1065
923
950
930
951
943
936
955
949
933
934
924
935
923
934
934
938
940
916
906
937
931
958
922
938
931
929
957
933
944
947
924
948
939
938
927
925
926
941
936
945
944
920
936
943
950
950
936
940
935
920
928
935
937
926
900
925
912
936
935
939
918
938
943
928
935
935
930
929
945
926
926
945
937
933
929
930
951
932
940
933
932
931
930
902
938
949
944
943
937
949
944
944
924
942
926
944
927
949
908
934
924
934
938
951
902
919
930
940
927
910
926
945
919
956
921
925
928
934
940
940
939
947
925
918
934
930
935
920
932
925
930
936
931
937
936
926
937
948
943
931
941
939
944
920
925
923
923
930
931
931
917
940
926
931
935
926
942
939
936
934
931
933
931
934
938
930
932
924
927
933
934
953
946
951
940
937
920
908
916
949
943
927
959
932
965
949
954
932
937
918
940
960
953
939
950
931
925
919
930
931
915
937
932
948
938
921
934
949
935
928
942
935
930
945
912
939
937
920
956
943
940
938
923
941
954
944
946
932
914
941
939
921
939
906
933
936
916
916
917
938
939
917
908
947
933
938
929
924
930
931
935
938
920
914
937
928
928
948
925
931
927
940
918
930
915
927
928
925
947
922
935
938
945
915
922
925
939
958
926
922
943
947
925
928
945
940
933
928
923
941
938
943
935
923
940
929
947
929
947
929
911
926
920
922
924
941
935
934
926
932
927
936
917
942
934
915
944
936
935
951
929
917
921
914
928
928
930
927
911
936
927
932
920
949
946
917
941
919
926
916
935
932
935
930
916
930
926
938
937
937
925
940
941
950
948
919
930
939
934
914
920
936
924
945
914
925
942
930
934
926
928
939
928
923
931
933
932
919
918
920
934
941
911
921
932
948
930
920
934
926
938
934
947
928
925
933
928
912
937
937
926
925
963
934
924
932
928
933
915
925
934
930
941
944
943
948
920
933
944
937
937
942
924
926
921
920
919
930
937
940
960
941
930
948
938
940
946
943
930
948
946
937
938
940
924
945
924
941
935
947
934
918
943
941
935
928
942
931
939
940
921
927
941
939
943
940
941
925
950
928
937
947
938
948
934
942
945
920
940
910
918
940
928
938
948
942
941
945
943
933
925
943
920
924
927
929
916
932
919
907
924
952
932
937
911
956
923
941
960
926
901
914
937
943
943
919
932
952
942
942
929
918
941
936
925
941
932
913
929
941
920
912
916
917
938
915
935
928
940
919
922
928
939
925
935
938
933
916
933
951
930
941
934
942
930
938
947
936
926
922
946
927
927
930
926
929
940
925
928
954
943
932
913
933
944
931
932
927
957
932
944
925
924
933
924
932
937
942
927
918
927
945
925
926
934
932
954
919
937
940
942
932
941
917
937
909
923
936
932
946
943
928
937
936
951
943
934
944
925
941
933
914
953
925
919
941
929
931
934
945
938
925
924
912
931
949
932
942
932
948
947
930
934
923
944
944
925
904
935
917
948
953
920
927
922
942
944
903
921
923
917
940
927
936
923
911
920
944
908
930
948
941
938
923
936
930
924
926
935
936
950
936
952
946
910
928
921
910
927
929
916
942
917
943
899
929
951
933
921
945
935
936
932
943
935
931
944
928
962
935
929
928
939
936
933
937
942
931
931
908
930
928
945
939
920
915
930
950
956
942
916
937
933
936
935
958
930
947
930
940
927
955
932
943
933
934
930
938
938
920
950
953
938
912
943
951
932
949
931
931
934
934
939
921
917
930
908
896
939
941
933
949
955
937
915
941
946
938
939
927
942
932
923
926
938
950
918
947
916
920
938
924
941
944
944
939
916
922
933
917
943
926
939
930
933
927
922
937
938
937
941
945
926
927
934
919
929
941
931
948
945
922
927
923
934
944
943
943
932
950
934
941
916
944
934
924
937
936
938
931
908
930
928
935
943
934
919
933
917
941
965
946
938
945
930
932
933
931
930
930
925
942
940
933
920
939
961
932
933
926
941
932
945
942
933
928
947
916
935
954
914
947
911
924
938
927
945
916
950
939
923
919
924
932
944
951
924
934
926
931
936
943
946
925
939
939
914
936
924
950
932
933
940
935
921
932
928
940
943
931
945
951
945
931
947
924
920
916
941
937
940
931
911
914
931
943
912
937
933
925
919
926
906
937
921
915
945
939
949
930
932
936
910
918
960
921
929
921
940
918
933
948
920
910
925
921
931
938
938
928
914
938
940
948
950
930
918
934
939
932
945
954
932
926
945
922
930
912
919
928
923
933
943
921
955
922
923
945
927
925
916
926
944
931
940
936
926
924
926
923
950
932
936
939
929
931
930
931
926
934
931
947
949
936
929
941
914
911
930
925
916
953
952
927
919
913
922
923
922
942
936
920
931
940
924
938
939
915
926
932
943
935
947
936
952
952
922
937
920
942
941
933
934
932
927
918
941
933
950
920
920
936
930
937
950
937
940
926
932
916
927
922
940
928
930
927
920
915
929
910
935
915
952
940
926
939
934
952
925
939
970
925
922
946
924
932
941
931
932
934
916
927
918
939
927
924
912
940
944
919
917
928
953
924
946
929
936
928
924
932
913
919
952
925
912
934
914
943
937
932
940
923
931
931
932
932
921
930
938
937
896
936
926
942
938
918
940
917
920
931
940
938
948
906
944
942
929
938
948
939
932
931
939
924
915
932
936
932
955
941
928
927
935
941
942
942
931
926
933
928
933
901
939
935
933
915
926
923
933
914
919
937
921
925
938
941
940
918
940
936
924
941
937
928
928
933
931
899
944
928
925
931
923
922
949
938
924
933
926
956
933
919
924
943
932
940
929
942
939
935
927
951
912
928
951
947
934
957
922
924
926
975
997
1012
1021
1032
1037
1037
1037
1039
1040
1040
1040
1043
1043
1046
1046
1046
1046
1046
1048
1049
1049
1049
1051
1052
1053
1053
1053
1053
1054
1054
1055
1055
1055
1056
1057
1057
1057
1057
1057
1057
1057
1057
1057
1057
1057
1057
1057
1057
1057
1057
1057
1057
1057
1057
1057
1057
1057
1057
1057
1058
1058
1059
1059
1059
1059
1059
1060
1060
1060
1060
1060
1060
1060
1060
1060
1060
1060
1060
1060
1060
1060
1060
1060
1061
1061
1061
1061
1061
1061
1061
1061
1061
1061
1061
1061
1061
1061
1061
1061
1061
1061
1061
1061
1061
1061
1061
1061
1061
1061
1061
1061
1061
1061
1061
1062
1062
1062
1062
1062
1062
1062
1062
1062
1062
1062
1062
1062
1062
1062
1062
1062
1062
1062
1062
1062
1062
1062
1062
1062
1063
1063
1063
1063
1063
1063
1063
1063
1063
1063
1063
1063
1063
1063
1063
1063
1063
1063
1063
1063
1063
1063
1063
1063
1063
1063
1063
1063
1063
1063
1063
1063
1063
1063
1063
1063
1063
1063
1063
1063
1063
1063
1063
1063
1063
1063
1063
1063
1063
1063
1063
1063
1063
1063
1063
1063
1063
1063
1063
1063
1063
1063
1063
1063
1063
1063
1063
1063
1063
1063
1063
1063
1063
1063
1063
1063
1063
1063
1063
1063
1063
1063
1063
1063
1063
1063
1063
1063
1063
1063
1063
1063
1063
1063
1063
1063
1063
1063
1063
1063
1063
1063
1063
1063
1063
1063
1063
1063
1063
1063
1063
1063
1063
1063
1063
1063
1063
1063
1063
1063
1063
1063
1063
1063
1063
1063
1063
1063
1063
1063
1063
1063
1063
1063
1063
1063
1063
1063
1063
1063
1063
1063
1063
1063
1063
1063
1063
1063
1063
1063
1063
1063
1063
1063
1063
1063
1063
1063
1063
1063
1063
1063
1063
1063
1063
1063
1063
1063
1063
1063
1063
1063
1063
1063
1063
1063
1063
1063
1063
1063
1063
1063
1063
1063
1063
1063
1063
1063
1063
1063
1063
1064
1064
1064
1064
1064
1064
1064
1064
1064
1064
1064
1064
1064
1064
1064
1064
1064
1064
1064
1064
1064
1064
1064
1064
1064
1064
1064
1064
1064
1064
1064
1064
1064
1064
1064
1064
1064
1064
1064
1064
1064
1064
1064
1064
1064
1064
1064
1064
1064
1064
1064
1064
1064
1064
1064
1064
1064
1064
1064
1064
1064
1064
1064
1064
1064
1064
1064
1064
1064
1064
1064
1064
1064
1064
1064
1064
1064
1064
1064
1064
1064
1064
1064
1064
1064
1064
1064
1064
1064
1064
1064
1064
1064
1064
1064
1064
1064
1064
1064
1064
1064
1064
1064
1064
1064
1064
1064
1064
1064
1064
1064
1064
1064
1064
1064
1064
1064
1064
1064
1064
1064
1064
1064
1064
1064
1064
1064
1064
1064
1064
1064
1064
1064
1064
1064
1064
1064
1064
1064
1064
1064
1064
1064
1064
1064
1064
1064
1064
1064
1064
1064
1064
1064
1064
1064
1064
1064
1064
1064
1064
1064
1064
1064
1064
1064
1064
1064
1064
1064
1064
1064
1064
1064
1064
1064
1064
1064
1064
1064
1064
1064
1064
1064
1064
1064
1064
1064
1064
1064
1064
1064
1064
1064
1064
1064
1064
1064
1064
1064
1064
1064
1064
1064
1064
1064
1064
1064
1064
1064
1064
1064
1064
1064
1064
1064
1064
1064
1064
1064
1064
1064
1064
1064
1064
1064
1064
1064
1064
1064
1064
1064
1064
1064
1064
1064
1064
1064
1064
1064
1064
1064
1064
1064
1064
1064
1064
1064
1064
1064
1064
1064
1064
1064
1064
1064
1064
1064
1064
1064
1064
1064
1064
1064
1064
1064
1064
1064
1064
1064
1064
1064
1064
1064
1064
1064
1064
1064
1064
1064
1064
1064
1064
1064
1064
1064
1064
1064
1064
1064
1064
1064
1064
1064
1064
1064
1064
1064
1064
1064
1064
1064
1064
1064
1064
1064
1064
1064
1064
1064
1064
1064
1064
1064
1064
1064
1064
1064
1064
1064
1064
1064
1064
1064
1064
1064
1064
1064
1064
1064
1064
1064
1064
1064
1064
1064
1064
1064
1064
1064
1064
1064
1064
1064
1064
1064
1064
1064
1064
1064
1064
1064
1064
1064
1064
1064
1064
1064
1064
1064
1064
1064
1064
1064
1064
1064
1064
1064
1064
1064
1064
1064
1064
1064
1064
1064
1064
1064
1064
1064
1064
1064
1064
1064
1064
1064
1064
1064
1064
1064
1064
1064
1064
1064
1064
1064
1064
1064
1064
1064
1064
1064
1064
1064
1064
1064
1064
1064
1064
1064
1064
1064
1064
1064
1064
1064
1064
1064
1064
1064
1064
1064
1064
1064
1064
1064
1064
1064
1064
1064
1064
1064
1064
1064
1064
1064
1064
1064
1064
1064
1064
1064
1064
1064
1064
1064
1064
1064
1064
1064
1064
1064
1064
1064
1064
1064
1064
1064
1064
1064
1064
1064
1064
1064
1064
1064
1064
1064
1064
1064
1064
1064
1064
1064
1064
1064
1064
1064
1064
1064
1064
1064
1064
1064
1064
1064
1064
1064
1064
1064
1064
1064
1064
1064
1064
1064
1064
1064
1064
1064
1064
1064
1064
1064
1064
1064
1064
1064
1064
1064
1064
1064
1064
1064
1064
1064
1064
1064
1064
1064
1064
1064
1064
1064
1064
1064
1064
1064
1064
1064
1064
1064
1064
1064
1064
1064
1064
1064
1064
1064
1064
1064
1064
1064
1064
1064
1064
1064
1064
1064
1064
1064
1064
1064
1064
1064
1064
1064
1064
1064
1064
1064
1064
1064
1064
1064
1064
1064
1064
1064
1064
1064
1064
1064
1064
1064
1064
1064
1064
1064
1064
1064
1064
1064
1064
1064
1064
1064
1064
1064
1064
1064
1064
1064
1064
1064
1064
1064
1064
1064
1064
1064
1064
1064
1064
1064
1064
1064
1064
1064
1064
1064
1064
1064
1064
1064
1064
1064
1064
1064
1064
1064
1064
1064
1064
1064
1064
1064
1064
1064
1064
1064
1064
1064
1064
1064
1064
1064
1064
1064
1064
1064
1064
1064
1064
1064
1064
1064
1064
1064
1064
1064
1064
1064
1064
1064
1064
1064
1064
1064
1064
1064
1064
1064
1064
1064
1064
1064
1064
1064
1064
1064
1064
1064
1064
1064
1064
1064
1064
1064
1064
1064
1064
1064
1064
1064
1064
1064
1064
1064
1064
1064
1064
1064
1064
1064
1064
1064
1064
1064
1064
1064
1064
1064
1064
1064
1064
1064
1064
1064
1064
1064
1064
1064
1064
1064
1064
1064
1064
1064
1064
1064
1064
1064
1064
1064
1064
1064
1064
1064
1064
1064
1064
1064
1064
1064
1064
1064
1064
1064
1064
1064
1064
1064
1064
1064
1064
1064
1064
1064
1064
1064
1064
1064
1064
1064
1064
1064
1064
1064
1064
1064
1064
1064
1064
1064
1064
1064
1064
1064
1064
1064
1064
1064
1064
1064
1064
1064
1064
1064
1064
1064
1064
1064
1064
1064
1064
1064
1064
1064
1064
1064
1064
1064
1064
1064
1064
1064
1064
1064
1064
1064
1064
1064
1064
1064
1064
1064
1064
1064
1064
1064
1064
1064
1064
1064
1064
1064
1064
1064
1064
1064
1064
1064
1064
1064
1064
1064
1064
1064
1064
1064
1064
1064
1064
1064
1064
1064
1064
1064
1064
1064
1064
1064
1064
1064
1064
1064
1064
1064
1064
1064
1064
1064
1064
1064
1064
1064
1064
1064
1064
1064
1064
1064
1064
1064
1064
1064
1064
1064
1064
1064
1064
1064
1064
1064
1064
1064
1064
1064
1064
1064
1064
1064
1064
1064
1064
1064
1064
1064
1064
1064
1064
1064
1064
1064
1064
1064
1064
1064
1064
1064
1064
1064
1064
1064
1064
1064
1064
1064
1064
1064
1064
1064
1064
1064
1064
1064
1064
