1065
922
916
921
928
931
932
936
912
916
931
933
943
936
935
922
933
927
917
933
917
925
942
938
942
945
928
918
929
925
951
931
919
945
925
935
928
905
942
933
922
920
920
961
939
942
933
929
934
922
938
950
922
932
928
913
925
941
940
932
928
926
938
929
906
917
935
940
920
939
930
939
921
957
946
958
926
940
929
926
938
928
925
934
933
937
936
933
950
936
923
935
926
934
935
944
932
936
933
943
926
928
934
924
937
941
942
940
940
936
927
915
939
936
927
933
947
937
952
917
916
941
929
916
934
942
942
951
928
944
938
928
920
919
958
928
925
930
943
932
939
931
929
934
936
939
938
929
927
937
947
945
925
941
945
921
940
942
932
941
927
929
914
936
947
924
938
934
943
917
941
931
919
934
926
916
926
936
950
920
915
918
946
933
918
922
916
924
932
931
940
928
929
950
939
947
941
928
917
932
940
928
954
954
928
943
932
938
949
927
922
924
943
921
916
912
929
932
927
952
916
926
942
916
908
934
919
924
928
922
914
939
941
936
929
925
930
939
928
915
939
937
950
943
935
945
943
926
923
930
920
945
918
923
914
924
947
929
934
939
922
922
939
931
924
927
952
924
930
934
933
927
940
948
942
938
950
923
935
945
931
947
924
941
946
932
927
928
935
949
942
949
943
917
951
946
925
939
938
937
914
923
950
922
909
944
945
927
929
931
922
950
936
942
940
917
921
914
942
926
925
941
948
932
913
938
923
919
941
935
925
926
919
935
932
941
930
944
918
944
924
917
937
918
926
919
947
942
941
928
922
913
920
917
937
918
937
931
933
937
937
918
936
962
950
925
934
956
945
921
926
944
942
937
936
940
906
917
948
931
917
919
951
933
941
929
929
929
933
941
929
916
925
917
932
939
921
926
916
919
936
930
949
910
931
932
929
967
928
933
921
930
913
923
942
927
945
931
939
933
929
921
924
930
939
937
937
942
923
969
944
924
950
948
957
944
920
938
925
938
937
928
928
932
943
929
965
939
934
930
938
942
924
922
933
926
927
939
929
935
937
950
924
944
929
927
946
955
944
936
952
931
932
939
936
950
930
949
930
949
926
954
928
923
936
928
949
918
928
931
951
924
947
934
944
954
941
926
935
940
932
930
927
929
929
931
943
911
930
935
946
949
923
946
937
941
957
953
938
956
945
946
935
924
943
933
911
927
928
942
923
940
945
934
936
937
938
925
918
942
950
946
933
937
920
949
922
949
931
934
931
932
940
931
926
957
946
929
957
936
930
944
939
923
942
913
934
914
911
915
935
930
933
929
936
934
956
934
944
928
947
943
964
935
939
956
923
940
943
925
929
927
929
924
937
927
943
928
923
940
929
925
946
948
932
938
931
942
934
935
931
931
937
946
940
919
946
939
941
933
956
926
945
930
926
920
937
948
928
936
934
942
951
943
916
942
925
931
927
941
953
925
945
949
941
943
938
942
932
932
932
940
941
962
949
949
947
940
946
921
937
944
940
937
943
945
939
941
933
936
953
943
928
953
949
933
944
947
949
946
939
933
951
942
935
935
953
929
953
942
951
946
936
925
945
924
943
938
927
946
919
949
935
938
951
932
945
939
956
931
935
952
954
946
960
946
944
934
928
930
939
942
932
961
965
928
927
941
924
945
947
925
955
933
925
938
925
935
948
924
935
947
936
939
934
941
944
929
940
960
974
939
945
930
950
944
956
953
913
917
946
948
938
937
935
939
958
932
935
928
933
942
939
937
936
951
937
931
951
931
933
957
939
928
961
951
947
958
950
942
930
929
943
955
950
945
942
962
943
947
951
933
954
945
950
945
946
946
932
942
932
942
941
939
932
930
925
957
929
959
961
936
955
925
976
951
941
948
933
956
957
947
944
953
924
953
956
942
963
945
947
949
935
930
930
956
950
957
949
959
945
943
940
934
964
955
950
954
969
942
952
950
957
949
967
938
939
940
946
937
941
959
956
934
955
950
944
956
931
954
958
939
947
960
954
975
954
950
943
935
965
933
947
955
950
962
946
944
937
951
958
934
953
969
938
950
955
949
949
927
955
958
967
953
942
945
953
962
963
940
965
945
946
958
954
947
961
957
956
951
962
974
969
968
955
962
952
951
952
946
955
937
963
949
954
957
943
965
959
953
950
950
963
953
983
946
953
952
951
956
948
970
940
947
935
943
959
959
958
954
955
967
952
952
956
947
952
952
969
971
949
972
955
961
972
957
957
945
952
950
975
954
961
988
971
960
964
970
961
958
951
968
962
965
939
946
954
973
972
956
963
949
971
962
944
962
982
958
973
964
969
957
956
952
964
974
947
950
960
971
971
971
958
944
961
966
962
958
952
961
973
979
956
949
947
970
958
960
970
967
955
948
962
951
957
965
953
968
974
973
964
955
955
972
972
977
971
977
969
957
979
973
945
966
961
954
968
971
971
971
972
953
948
957
954
961
962
967
963
975
969
958
959
967
986
972
965
964
961
970
960
947
980
986
988
972
980
974
973
977
983
978
972
974
973
974
959
966
963
982
986
962
958
982
991
975
986
966
961
977
979
992
980
978
962
982
972
972
966
984
978
974
976
975
965
965
972
972
982
966
979
966
975
988
972
976
990
983
994
981
975
974
978
970
985
982
992
989
977
989
986
992
1002
982
970
986
962
978
981
959
959
970
976
968
981
985
993
1001
986
987
967
977
976
982
984
980
986
991
987
986
982
992
982
992
995
980
990
988
992
983
984
969
990
987
990
986
984
987
983
992
989
981
974
984
989
994
1003
1012
988
987
971
980
967
979
989
992
1000
997
1000
998
996
1003
995
989
988
990
981
995
979
987
985
989
993
998
1002
1003
993
995
998
1000
995
995
987
994
1006
998
983
989
993
994
997
1005
1010
1004
997
1005
999
998
997
999
990
995
1004
1001
998
997
1004
1009
1010
1011
1001
1011
1007
1000
999
996
1002
999
975
996
996
989
995
1006
998
995
1009
1014
1008
1003
1005
1008
998
1002
992
996
983
997
1001
987
998
1001
995
1005
1008
1005
997
1012
1012
1015
1011
1003
999
1012
1006
1011
1015
1015
1018
1013
1015
1016
1004
1009
1012
1004
1003
1014
1003
1008
1012
1013
1014
1009
1006
1001
1003
1017
1017
1010
1013
1020
1021
1022
1028
1021
1025
1020
1008
1008
1011
1008
1010
992
1002
999
1021
1023
1022
1024
1020
1022
1021
1021
1033
1037
1035
1028
1020
1017
1021
1024
1018
1016
1023
1023
1020
1010
1008
1008
1018
1023
1023
1025
1024
1018
1007
1019
1015
1020
1021
1017
1023
1020
1020
1017
1021
1028
1028
1029
1023
1023
1015
1014
1011
1017
1020
1021
1022
1027
1026
1029
1026
1017
1025
1029
1026
1020
1029
1034
1032
1023
1025
1028
1032
1032
1032
1035
1023
1024
1033
1035
1035
1032
1032
1039
1036
1026
1030
1033
1026
1030
1037
1035
1032
1036
1038
1038
1033
1035
1034
1036
1039
1040
1037
1040
1044
1040
1038
1039
1041
1039
1037
1040
1038
1033
1032
1033
1034
1035
1036
1038
1040
1041
1039
1037
1035
1037
1037
1036
1037
1037
1037
1037
1041
1038
1037
1035
1034
1038
1039
1041
1040
1042
1037
1037
1040
1038
1040
1040
1044
1044
1045
1043
1041
1042
1041
1042
1042
1044
1045
1045
1043
1043
1044
1044
1043
1043
1043
1042
1045
1041
1043
1045
1044
1046
1046
1045
1046
1047
1044
1046
1046
1046
1048
1048
1043
1043
1042
1042
1041
1044
1047
1047
1045
1044
1044
1046
1045
1044
1045
1046
1045
1045
1045
1047
1046
1047
1044
1049
1049
1048
1050
1051
1049
1051
1051
1048
1049
1050
1050
1052
1053
1055
1056
1054
1055
1053
1052
1051
1055
1055
1055
1054
1055
1055
1055
1053
1053
1053
1053
1052
1052
1052
1053
1054
1055
1053
1052
1054
1055
1053
1054
1055
1054
1055
1055
1054
1053
1051
1051
1049
1049
1050
1051
1051
1052
1052
1052
1052
1051
1051
1053
1054
1055
1055
1055
1055
1055
1055
1054
1054
1055
1056
1056
1056
1056
1055
1054
1054
1054
1055
1056
1055
1054
1054
1054
1054
1054
1055
1055
1056
1056
1056
1056
1056
1056
1054
1054
1056
1056
1056
1056
1056
1056
1056
1056
1056
1056
1056
1056
1055
1056
1057
1058
1058
1058
1058
1058
1058
1059
1059
1059
1059
1059
1059
1059
1058
1059
1059
1060
1061
1061
1061
1061
1061
1061
1061
1061
1061
1061
1061
1061
1062
1062
1062
1062
1062
1062
1062
1061
1061
1061
1061
1061
1061
1060
1060
1061
1061
1061
1061
1061
1062
1062
1062
1062
1062
1062
1062
1062
1062
1062
1062
1062
1062
1062
1062
1061
1062
1062
1062
1062
1062
1062
1062
1062
1061
1061
1061
1061
1061
1061
1061
1060
1061
1061
1061
1061
1058
1058
1058
1058
1059
1059
1059
1058
1059
1058
1058
1058
1059
1058
1058
1058
1058
1058
1058
1058
1059
1059
1059
1059
1060
1060
1060
1060
1060
1060
1060
1060
1060
1061
1061
1061
1061
1061
1062
1061
1061
1061
1061
1061
1061
1062
1062
1062
1062
1062
1062
1062
1062
1062
1062
1062
1062
1062
1062
1062
1062
1062
1062
1062
1062
1062
1062
1062
1062
1062
1062
1062
1062
1062
1062
1062
1062
1062
1062
1062
1062
1062
1062
1062
1062
1062
1062
1062
1062
1062
1062
1062
1062
1062
1062
1062
1062
1062
1062
1062
1062
1062
1062
1062
1062
1062
1062
1062
1062
1062
1062
1062
1062
1062
1062
1062
1062
1062
1062
1062
1062
1062
1062
1062
1062
1062
1062
1062
1062
1062
1062
1062
1062
1062
1062
1062
1062
1062
1062
1062
1062
1062
1062
1062
1062
1062
1062
1062
1062
1062
1062
1062
1062
1062
1062
1062
1062
1062
1062
1062
1062
1062
1062
1062
1062
1062
1062
1062
1062
1062
1062
1062
1062
1062
1062
1062
1062
1062
1062
1062
1062
1062
1062
1062
1062
1062
1062
1062
1062
1062
1062
1062
1062
1062
1062
1062
1062
1062
1062
1062
1062
1062
1062
1062
1062
1062
1062
1062
1062
1062
1062
1062
1062
1062
1062
1062
1062
1062
1062
1062
1062
1062
1062
1062
1062
1062
1062
1062
1062
1062
1062
1062
1062
1062
1062
1062
1062
1062
1062
1062
1062
1062
1062
1062
1062
1062
1062
1062
1062
1062
1062
1062
1062
1062
1062
1062
1062
1062
1062
1062
1062
1062
1062
1062
1062
1062
1062
1062
1062
1062
1062
1062
1062
1062
1062
1062
1062
1062
1062
1062
1062
1062
1062
1062
1062
1062
1062
1062
1062
1062
1062
1062
1062
1062
1062
1062
1062
1062
1062
1062
1062
1062
1062
1062
1062
1063
1063
1063
1063
1063
1063
1063
1063
1063
1063
1063
1063
1063
1063
1063
1063
1063
1063
1063
1063
1063
1063
1063
1063
1063
1063
1063
1063
1063
1063
1063
1063
1063
1063
1063
1063
1063
1063
1063
1063
1063
1063
1063
1063
1063
1063
1063
1063
1063
1063
1063
1063
1063
1063
1063
1063
1063
1063
1063
1063
1063
1063
1063
1063
1063
1063
1063
1063
1063
1063
1063
1063
1063
1063
1063
1063
1063
1063
1063
1063
1063
1063
1063
1063
1063
1063
1063
1063
1063
1063
1063
1063
1063
1063
1063
1063
1063
1063
1063
1063
1063
1063
1063
1063
1063
1063
1063
1063
1063
1063
1063
1063
1063
1063
1063
1063
1063
1063
1063
1063
1063
1063
1063
1063
1063
1063
1063
1063
1063
1063
1063
1063
1063
1063
1063
1063
1063
1063
1063
1063
1063
1063
1063
1063
1063
1063
1063
1063
1063
1063
1063
1063
1063
1063
1063
1063
1063
1063
1063
1063
1063
1063
1063
1063
1063
1063
1063
1063
1063
1063
1063
1063
1063
1063
1063
1063
1063
1063
1063
1063
1063
1063
1063
1063
1063
1063
1063
1063
1063
1063
1063
1063
1063
1063
1063
1063
1063
1063
1063
1063
1063
1063
1063
1063
1063
1063
1063
1063
1063
1063
1063
1063
1063
1063
1063
1063
1063
1063
1063
1063
1063
1063
1063
1063
1063
1063
1063
1063
1063
1063
1063
1063
1063
1063
1063
1063
1063
1063
1063
1063
1063
1063
1063
1063
1063
1063
1063
1063
1063
1063
1063
1063
1063
1063
1063
1063
1063
1063
1063
1063
1063
1063
1063
1063
1063
1063
1063
1063
1063
1063
1063
1063
1063
1063
1063
1063
1063
1063
1063
1063
1063
1063
1063
1063
1063
1063
1063
1063
1063
1063
1063
1063
1063
1063
1063
1063
1063
1063
1063
1063
1063
1063
1063
1063
1063
1063
1063
1063
1063
1063
1063
1063
1063
1063
1063
1063
1063
1063
1063
1063
1063
1063
1063
1063
1063
1063
1063
1063
1063
1063
1063
1063
1063
1063
1063
1063
1063
1063
1063
1063
1063
1063
1063
1063
1063
1063
1063
1063
1063
1063
1063
1063
1063
1063
1063
1063
1063
1063
1063
1063
1063
1063
1063
1063
1063
1063
1063
1063
1063
1063
1063
1063
1063
1063
1063
1063
1063
1063
1063
1063
1063
1063
1063
1063
1063
1063
1063
1063
1063
1063
1063
1063
1063
1063
1063
1063
1063
1063
1063
1063
1063
1063
1063
1063
1063
1063
1063
1063
1063
1063
1063
1063
1063
1063
1063
1063
1063
