1065
919
945
926
945
929
935
931
936
921
931
934
921
907
928
937
951
911
930
935
931
937
914
938
960
936
947
930
933
931
938
927
939
934
946
901
915
922
956
927
931
936
923
930
948
936
936
958
929
931
923
944
943
945
937
938
923
933
937
944
932
941
916
921
938
924
928
931
943
932
921
928
923
950
915
912
947
936
944
943
943
942
924
925
910
937
948
948
929
936
962
936
927
930
938
948
938
930
946
927
921
914
923
931
920
924
934
917
950
928
926
932
927
949
921
927
953
929
938
927
930
937
917
930
924
935
933
936
912
922
923
940
949
951
943
923
953
930
941
934
940
925
935
943
924
924
950
926
926
933
927
926
936
940
941
949
933
911
930
921
919
915
927
929
913
912
948
947
936
921
949
931
934
934
925
907
934
947
929
946
933
927
941
950
923
929
944
938
927
911
920
924
919
931
937
923
916
936
933
941
935
927
945
946
939
913
938
932
927
934
893
917
937
929
944
949
930
942
939
949
934
933
934
929
935
945
938
933
906
923
968
945
925
928
913
918
935
929
925
940
941
944
942
939
935
917
931
933
944
935
935
903
915
920
939
929
948
946
950
940
916
931
957
947
917
941
925
945
920
953
920
929
942
924
935
945
926
928
943
934
935
918
944
937
917
925
935
925
934
935
928
938
942
916
916
941
946
934
949
930
934
936
916
934
949
928
930
939
915
940
945
935
923
938
931
931
920
932
937
948
957
930
906
947
927
938
915
943
942
929
945
931
938
934
913
919
932
918
928
956
945
952
923
930
936
928
925
921
929
924
923
924
951
958
938
932
957
924
960
947
935
943
944
949
949
943
948
923
930
939
920
940
936
932
925
926
935
945
921
923
947
928
919
938
914
932
925
936
927
909
940
932
935
933
932
944
940
954
940
934
947
921
954
926
937
946
912
924
923
929
948
937
948
930
916
931
933
933
936
926
939
926
936
952
937
940
922
935
929
926
953
936
946
949
931
941
930
925
932
932
928
942
929
923
955
926
957
938
932
925
926
935
940
916
943
940
938
940
938
938
942
933
930
958
944
946
917
935
945
929
952
934
939
948
942
939
937
931
941
937
925
936
962
935
905
927
941
947
935
939
924
924
928
939
931
927
919
945
945
944
952
934
926
950
940
942
930
929
934
909
942
944
941
948
910
935
929
926
939
941
938
937
934
924
948
940
920
934
929
919
924
916
929
946
941
932
929
922
936
954
948
942
949
943
923
930
934
935
926
942
950
935
918
931
942
929
937
939
935
935
939
917
939
932
929
929
935
938
933
921
951
942
949
947
931
945
934
932
931
904
947
937
950
948
940
926
965
948
949
924
947
936
937
926
955
954
951
951
935
926
950
941
956
956
934
949
932
922
932
944
928
903
945
937
926
934
919
941
931
939
936
936
949
955
933
939
943
958
942
940
933
914
932
918
951
931
903
950
930
952
947
925
922
944
931
927
929
940
929
929
940
928
931
947
941
936
932
927
941
916
945
936
937
945
920
948
945
942
948
934
933
924
917
911
944
938
923
940
959
949
941
909
926
950
951
937
941
932
943
964
946
926
945
935
945
931
930
928
940
939
941
930
932
941
945
943
937
934
934
943
944
935
937
938
969
940
954
946
950
938
944
952
960
945
937
949
937
940
929
943
941
942
947
941
930
924
944
949
937
947
944
920
943
951
952
936
941
948
955
932
944
950
941
938
944
957
947
943
947
946
934
922
947
958
936
944
950
939
943
951
952
961
935
923
919
935
952
927
950
945
948
953
957
953
950
973
950
941
954
955
952
962
957
945
928
957
943
965
957
934
952
934
953
945
940
929
922
936
958
948
920
952
950
952
941
965
954
928
946
971
954
964
959
939
941
937
937
949
960
933
947
940
949
936
949
933
943
947
954
945
964
920
926
944
949
940
952
952
945
957
942
936
944
960
929
944
929
943
927
951
955
952
951
940
945
949
949
922
945
954
940
949
948
956
972
949
963
954
955
933
946
949
930
976
938
951
963
951
967
942
966
956
941
939
942
948
945
931
955
943
950
957
958
949
952
958
971
952
942
948
935
939
948
969
943
942
952
939
942
926
945
960
949
972
940
938
956
968
961
950
947
948
952
959
928
967
941
962
943
962
948
958
943
958
962
949
950
968
939
952
945
956
945
972
951
944
933
963
960
961
952
957
950
957
956
954
961
953
954
956
955
962
952
947
949
953
960
957
973
943
943
978
958
954
957
948
941
955
950
934
976
957
946
953
957
979
953
961
966
945
951
951
952
951
944
941
956
957
946
963
959
935
937
949
948
956
936
960
964
954
963
962
962
954
964
952
956
950
971
956
970
946
941
937
963
948
967
951
957
975
964
975
958
966
955
951
958
943
950
942
946
969
940
951
963
957
973
960
969
960
966
955
945
968
975
957
961
979
963
964
964
974
965
970
954
953
969
972
968
958
969
964
967
963
956
955
966
953
961
970
969
964
969
971
974
975
968
986
977
956
979
958
980
976
964
958
951
969
970
988
987
974
946
961
956
968
977
977
985
968
971
982
988
989
954
965
987
977
983
987
983
960
971
968
978
975
968
973
993
992
968
970
974
973
973
976
969
989
979
982
983
978
967
967
987
983
990
977
984
977
976
978
964
976
986
975
990
979
986
994
984
1001
988
978
964
980
984
976
983
985
987
985
983
991
978
991
998
984
980
983
994
969
972
990
982
992
998
993
989
976
991
988
982
974
976
992
997
988
971
985
978
978
977
982
981
989
981
996
986
969
980
979
990
988
986
988
984
988
987
997
981
1001
1004
998
1001
995
989
989
992
990
990
975
986
971
983
1006
992
972
976
981
990
995
987
981
975
995
998
990
989
988
978
982
989
985
998
1001
986
998
996
984
988
993
994
999
1005
1001
1006
994
990
992
1001
998
1010
1011
1007
998
983
1002
1001
1011
1009
997
1008
1006
1006
1010
1007
1004
1007
1011
998
1003
1002
1006
998
1002
1003
1003
1008
1002
1006
1006
997
1002
1009
1015
999
994
1000
1002
1010
1001
1003
998
998
994
986
988
1002
1006
1004
1004
993
1006
1009
1005
1003
1007
1006
1006
1010
1014
1018
1007
1003
1006
1006
1002
1006
994
996
1006
1021
1025
1016
1012
1015
1015
1007
1014
1010
1012
1006
1013
1008
1018
1020
1013
1010
1012
1014
1014
1021
1017
1023
1024
1022
1013
1011
1019
1015
1009
1024
1026
1027
1031
1025
1022
1019
1022
1019
1030
1030
1030
1035
1022
1020
1024
1026
1021
1021
1023
1024
1019
1012
1018
1021
1020
1024
1022
1016
1017
1015
1025
1027
1031
1028
1028
1032
1036
1030
1034
1033
1029
1024
1025
1024
1028
1036
1038
1038
1040
1038
1035
1035
1036
1035
1038
1038
1038
1034
1033
1033
1039
1039
1039
1030
1032
1029
1029
1031
1033
1035
1033
1030
1030
1029
1031
1039
1040
1038
1036
1033
1032
1033
1034
1029
1032
1026
1026
1034
1034
1029
1030
1032
1033
1034
1031
1031
1024
1023
1026
1027
1030
1027
1031
1027
1030
1032
1032
1034
1035
1032
1031
1029
1031
1038
1035
1033
1033
1025
1031
1034
1032
1037
1035
1037
1039
1032
1038
1038
1037
1038
1035
1035
1035
1033
1035
1034
1035
1033
1037
1031
1033
1034
1036
1035
1038
1041
1039
1039
1039
1034
1032
1035
1041
1046
1046
1045
1042
1039
1041
1041
1044
1045
1044
1041
1039
1039
1040
1041
1044
1042
1045
1044
1044
1043
1041
1047
1048
1046
1048
1045
1044
1041
1039
1044
1045
1044
1044
1045
1045
1047
1046
1047
1048
1048
1049
1050
1049
1049
1049
1047
1046
1046
1049
1047
1045
1042
1045
1045
1043
1043
1043
1045
1047
1049
1048
1050
1050
1047
1048
1046
1047
1049
1049
1049
1049
1051
1048
1048
1048
1048
1048
1048
1048
1046
1047
1047
1048
1047
1046
1049
1053
1054
1055
1055
1054
1053
1051
1051
1050
1052
1052
1052
1053
1053
1055
1054
1054
1055
1055
1055
1055
1057
1057
1057
1057
1056
1057
1057
1057
1057
1055
1055
1054
1055
1056
1057
1058
1057
1057
1057
1057
1057
1057
1058
1058
1058
1059
1059
1059
1059
1060
1060
1060
1060
1060
1060
1060
1060
1059
1059
1058
1059
1059
1060
1060
1060
1061
1061
1061
1061
1061
1060
1060
1060
1060
1061
1061
1061
1061
1061
1061
1061
1061
1061
1061
1061
1061
1061
1061
1061
1061
1061
1060
1060
1060
1060
1060
1060
1060
1060
1060
1060
1060
1060
1060
1060
1060
1060
1060
1060
1061
1060
1060
1060
1060
1060
1060
1060
1060
1060
1060
1060
1060
1060
1060
1060
1060
1060
1060
1060
1060
1060
1061
1061
1061
1061
1061
1062
1062
1062
1062
1062
1062
1062
1062
1062
1062
1062
1062
1062
1062
1062
1061
1062
1062
1061
1061
1061
1061
1061
1061
1061
1061
1061
1061
1061
1061
1061
1061
1061
1061
1061
1061
1061
1061
1061
1061
1061
1061
1061
1061
1061
1061
1061
1061
1061
1061
1061
1061
1062
1062
1062
1062
1062
1062
1062
1062
1062
1062
1062
1062
1062
1062
1062
1062
1062
1062
1062
1062
1062
1062
1062
1062
1062
1062
1062
1062
1062
1062
1062
1062
1062
1062
1063
1063
1063
1063
1063
1063
1063
1063
1063
1063
1063
1063
1063
1063
1063
1063
1063
1063
1063
1063
1063
1063
1063
1063
1063
1063
1063
1063
1063
1063
1063
1063
1063
1063
1063
1063
1063
1063
1063
1063
1063
1063
1063
1063
1063
1063
1063
1063
1063
1063
1063
1063
1063
1063
1063
1063
1063
1063
1063
1063
1063
1063
1063
1063
1063
1063
1063
1063
1063
1063
1063
1063
1063
1063
1063
1063
1063
1063
1063
1063
1063
1063
1063
1063
1063
1063
1063
1063
1063
1063
1063
1063
1063
1063
1063
1063
1063
1063
1063
1063
1063
1063
1063
1063
1063
1063
1063
1063
1063
1063
1063
1063
1063
1063
1063
1063
1063
1063
1063
1063
1063
1063
1063
1063
1063
1063
1063
1063
1063
1063
1063
1063
1064
1064
1064
1064
1064
1064
1064
1064
1064
1064
1064
1064
1064
1064
1064
1064
1064
1064
1064
1064
1064
1064
1064
1064
1064
1064
1064
1064
1064
1064
1064
1064
1064
1064
1064
1064
1064
1064
1064
1064
1064
1064
1064
1064
1064
1064
1064
1064
1064
1064
1064
1064
1064
1064
1064
1064
1064
1064
1064
1064
1064
1064
1064
1064
1064
1064
1064
1064
1064
1064
1064
1064
1064
1064
1064
1064
1064
1064
1064
1064
1064
1064
1064
1064
1064
1064
1064
1064
1064
1064
1064
1064
1064
1064
1064
1064
1064
1064
1064
1064
1064
1064
1064
1064
1064
1064
1064
1064
1064
1064
1064
1064
1064
1064
1064
1064
1064
1064
1064
1064
1064
1064
1064
1064
1064
1064
1064
1064
1064
1064
1064
1064
1064
1064
1064
1064
1064
1064
1064
1064
1064
1064
1064
1064
1064
1064
1064
1064
1064
1064
1064
1064
1064
1064
1064
1064
1064
1064
1064
1064
1064
1064
1064
1064
1064
1064
1064
1064
1064
1064
1064
1064
1064
1064
1064
1064
1064
1064
1064
1064
1064
1064
1064
1064
1064
1064
1064
1064
1064
1064
1064
1064
1064
1064
1064
1064
1064
1064
1064
1064
1064
1064
1064
1064
1064
1064
1064
1064
1064
1064
1064
1064
1064
1064
1064
1064
1064
1064
1064
1064
1064
1064
1064
1064
1064
1064
1064
1064
1064
1064
1064
1064
1064
1064
1064
1064
1064
1064
1064
1064
1064
1064
1064
1064
1064
1064
1064
1064
1064
1064
1064
1064
1064
1064
1064
1064
1064
1064
1064
1064
1064
1064
1064
1064
1064
1064
1064
1064
1064
1064
1064
1064
1064
1064
1064
1064
1064
1064
1064
1064
1064
1064
1064
1064
1064
1064
1064
1064
1064
1064
1064
1064
1064
1064
1064
1064
1064
1064
1064
1064
1064
1064
1064
1064
1064
1064
1064
1064
1064
1064
1064
1064
1064
1064
1064
1064
1064
1064
1064
1064
1064
1064
1064
1064
1064
1064
1064
1064
1064
1064
1064
1064
1064
1064
1064
1064
1064
1064
1064
1064
1064
1064
1064
1064
1064
1064
1064
1064
1064
1064
1064
1064
1064
1064
1064
1064
1064
1064
1064
1064
1064
1064
1064
1064
1064
1064
1064
1064
1064
1064
1064
1064
1064
1064
1064
1064
1064
1064
1064
1064
1064
1064
1064
1064
1064
1064
1064
1064
1064
1064
1064
1064
1064
1064
1064
1064
1064
1064
1064
1064
1064
1064
1064
1064
1064
1064
1064
1064
1064
1064
1064
1064
1064
1064
1064
1064
1064
1064
1064
1064
1064
1064
1064
1064
1064
1064
1064
1064
1064
1064
1064
1064
1064
1064
1064
1064
1064
1064
1064
1064
1064
1064
1064
1064
1064
1064
1064
1064
1064
1064
1064
1064
1064
1064
1064
1064
1064
1064
1064
1064
1064
1064
1064
1064
1064
1064
1064
1064
1064
1064
1064
1064
1064
1064
1064
1064
1064
1064
1064
1064
1064
1064
1064
1064
1064
1064
1064
1064
1064
1064
1064
1064
1064
1064
1064
1064
1064
1064
1064
1064
1064
1064
1064
1064
1064
1064
1064
1064
1064
1064
1064
1064
1064
1064
1064
1064
1064
1064
1064
1064
1064
1064
1064
