1065
918
918
925
914
943
940
931
940
913
941
940
930
929
924
926
929
919
925
929
931
961
917
953
935
948
948
950
945
937
965
943
913
932
931
942
935
933
936
937
936
944
906
906
924
930
938
924
932
927
930
948
934
926
926
943
934
934
942
924
929
942
949
923
947
949
927
942
953
924
927
953
944
939
908
900
939
949
928
924
917
951
936
956
948
923
910
919
933
930
937
938
925
931
934
939
938
917
919
920
932
916
922
926
912
934
949
937
923
934
943
919
933
923
923
915
932
929
938
933
929
937
916
940
936
938
930
934
936
936
910
955
933
941
934
933
942
938
936
929
944
944
929
936
936
921
929
928
919
918
920
941
944
930
938
944
939
943
919
922
940
920
926
932
928
920
945
934
935
952
923
950
924
919
940
918
936
936
913
926
911
918
917
929
954
944
943
933
929
929
930
936
936
923
957
933
943
924
948
941
941
926
937
940
943
904
913
943
934
947
917
919
941
939
943
934
937
929
925
932
951
929
916
917
926
943
923
915
941
910
907
932
930
940
931
930
938
942
934
937
928
939
935
946
936
934
941
939
921
948
951
943
927
937
944
945
927
931
941
950
915
927
926
930
936
926
932
927
934
939
922
944
940
932
941
964
910
915
942
923
918
920
920
925
949
931
937
943
942
927
941
931
944
924
942
939
941
927
913
928
943
915
924
945
914
929
923
939
924
918
921
952
954
921
913
928
946
934
931
919
935
956
917
934
945
930
936
933
938
947
940
914
934
945
919
919
928
938
918
945
922
933
933
915
918
919
926
945
946
935
927
925
928
906
946
932
946
924
923
929
929
929
928
935
942
922
911
936
924
944
946
916
934
951
934
944
944
950
947
917
925
929
922
919
929
934
931
942
941
925
926
937
945
930
942
932
940
936
926
931
928
933
921
919
936
924
919
943
933
919
914
946
948
923
924
929
939
948
951
942
933
925
924
938
933
908
942
927
927
925
919
925
932
952
940
938
915
928
926
918
933
919
931
917
930
941
930
943
937
933
934
930
940
921
937
959
931
929
937
936
924
913
943
925
948
942
939
927
930
933
942
926
929
915
925
936
931
917
941
927
954
921
916
929
933
933
935
955
926
951
932
933
922
914
928
940
918
922
961
928
946
941
935
926
934
928
930
949
927
946
927
916
932
953
960
931
943
945
940
945
934
927
931
918
915
932
921
932
948
943
927
939
935
930
938
922
948
922
927
957
933
941
913
943
935
948
933
920
951
942
930
944
954
949
913
939
931
915
928
932
937
922
931
935
940
933
924
942
941
930
936
923
921
926
944
956
929
944
942
925
944
937
921
926
935
934
941
940
918
944
932
921
919
947
938
931
941
930
924
924
920
905
924
936
932
939
924
911
929
926
933
931
927
948
931
928
915
929
934
930
924
950
941
934
940
938
916
928
925
919
939
947
945
929
921
934
943
926
927
918
930
921
917
925
940
917
950
931
919
933
936
928
936
930
922
943
947
925
936
948
927
918
938
923
919
932
948
924
926
942
922
946
936
916
942
915
928
933
933
920
931
927
922
917
918
947
940
940
936
937
940
940
939
942
944
919
928
935
936
956
939
921
945
943
937
947
925
938
935
942
937
921
921
912
920
908
924
929
945
932
921
926
919
920
932
911
932
922
928
928
935
951
924
953
923
948
936
940
943
943
928
939
954
924
927
941
938
924
939
943
927
932
948
936
919
939
925
933
941
939
911
950
929
946
946
910
939
923
908
920
947
896
943
946
937
914
937
963
940
916
920
930
932
908
933
945
945
923
938
938
940
936
922
936
918
928
928
934
940
936
929
938
898
920
939
957
944
938
946
945
917
926
933
927
914
934
931
936
934
920
946
939
957
933
919
927
928
949
932
945
923
947
938
946
956
941
930
928
934
926
909
930
919
949
940
925
934
935
919
906
942
929
939
941
932
943
943
926
947
939
917
948
922
919
932
932
953
954
942
931
934
940
928
917
956
957
935
941
924
916
923
928
927
945
939
943
927
926
935
937
935
925
937
939
924
920
919
930
951
929
930
928
951
949
947
916
923
942
943
940
930
918
924
917
943
934
942
930
955
922
933
918
923
940
935
924
959
910
924
928
932
914
931
948
932
941
944
912
951
930
947
943
945
954
928
935
929
922
925
936
943
921
928
937
939
932
937
931
920
913
938
932
914
929
915
934
922
929
920
933
933
925
931
944
926
916
925
938
938
933
932
933
932
917
939
921
926
926
915
937
938
934
932
926
923
939
943
932
895
912
927
942
932
944
952
945
932
927
937
947
939
957
941
907
931
938
942
933
920
912
936
949
934
943
924
936
937
925
926
935
934
931
946
932
911
923
921
941
921
931
937
925
954
925
926
923
936
930
952
933
933
935
948
948
921
918
939
958
930
908
923
927
950
943
924
924
927
944
935
951
948
933
952
932
950
945
938
966
939
930
918
949
928
952
923
953
944
917
922
953
946
945
923
932
934
919
936
949
946
945
926
947
932
935
931
931
915
931
941
919
921
935
945
928
948
935
933
929
941
940
913
924
922
951
941
929
934
926
931
937
930
892
915
912
961
934
949
933
923
923
945
940
929
921
933
926
945
907
952
974
941
943
923
937
925
928
939
934
922
932
941
924
952
914
936
923
935
921
903
922
932
935
928
910
916
925
942
926
938
945
939
911
932
937
942
955
942
949
945
938
940
931
926
942
940
932
918
908
938
917
935
925
938
933
937
936
937
935
951
930
942
947
940
921
937
926
914
928
919
927
925
920
932
929
925
928
940
937
951
915
942
937
941
942
917
922
918
925
922
935
932
941
940
933
950
939
942
938
930
929
930
929
924
931
941
942
928
927
926
929
933
924
943
954
939
939
938
935
938
950
925
933
938
918
927
943
933
941
934
913
940
931
921
924
933
943
919
927
941
933
933
925
932
936
936
938
919
937
925
917
931
925
921
920
937
940
938
934
933
933
937
945
928
931
937
937
930
954
955
929
931
941
955
936
931
924
923
932
916
910
929
936
931
948
930
918
953
921
911
943
932
937
941
929
928
938
924
917
946
933
925
921
929
934
922
924
940
940
944
930
929
935
931
944
924
942
922
938
935
934
954
944
920
934
945
940
941
918
930
944
941
929
944
917
949
920
945
950
947
929
933
926
925
941
934
919
953
945
931
937
927
934
935
942
933
932
922
932
952
922
923
931
939
940
911
950
923
945
932
928
927
921
922
920
956
929
941
937
942
954
936
944
933
954
939
941
923
923
921
922
941
934
940
935
935
941
917
934
928
929
922
913
934
951
950
927
927
919
914
933
934
924
921
937
928
964
929
927
938
932
948
956
920
942
935
920
913
946
920
947
937
947
948
931
939
936
941
931
933
922
930
937
937
933
938
920
930
936
927
929
939
919
943
946
927
912
926
918
914
939
913
933
942
942
940
935
952
950
925
944
944
939
929
946
922
938
932
914
928
948
950
940
941
932
948
939
944
946
935
933
952
952
937
915
937
937
933
936
912
910
948
943
935
944
927
927
920
941
941
948
924
943
945
935
939
933
915
927
934
944
927
938
941
927
933
934
933
939
952
919
939
940
947
945
937
932
948
930
928
936
940
922
960
919
938
929
938
935
938
945
938
933
929
934
946
931
917
929
950
935
939
929
929
921
938
940
934
919
931
927
938
936
940
935
951
928
915
941
943
928
941
934
916
928
928
932
940
939
948
933
931
928
919
930
925
928
937
937
938
942
927
924
931
933
953
935
931
938
953
941
931
931
933
932
913
950
936
941
941
943
926
921
926
954
939
928
934
920
928
952
941
938
925
922
933
927
915
935
919
933
938
915
929
931
950
936
935
930
937
945
933
930
929
929
941
942
948
944
932
932
925
922
934
936
939
925
925
948
928
908
936
960
938
934
939
936
931
944
933
947
940
937
922
928
932
950
912
916
916
917
940
937
921
942
921
919
948
939
936
911
923
938
939
927
930
939
934
931
916
925
939
947
936
922
956
947
926
935
954
943
940
923
932
925
933
959
939
940
917
919
946
935
936
946
943
927
939
924
929
936
939
937
933
941
928
912
919
927
945
943
934
930
918
928
926
940
930
913
945
942
934
939
896
928
937
936
917
921
933
941
945
937
942
934
933
941
921
933
931
945
939
934
942
941
947
931
934
934
961
946
943
936
926
944
940
934
932
922
935
932
932
931
934
931
923
920
937
939
928
935
934
938
931
925
954
917
915
937
929
939
913
908
922
925
936
936
925
944
931
913
941
934
946
932
946
926
953
946
947
925
951
932
941
932
936
936
946
939
928
937
928
932
935
942
933
944
944
940
938
937
919
926
927
932
932
953
924
921
943
932
934
935
932
940
937
943
925
931
941
939
919
952
928
935
937
928
933
941
935
926
948
928
931
934
953
930
933
944
921
946
927
937
940
939
948
934
959
934
944
936
942
910
947
945
957
934
925
949
958
942
933
949
925
933
922
921
923
939
932
929
920
922
926
943
921
939
934
928
937
937
937
943
948
938
940
937
934
947
934
917
946
923
940
943
920
928
931
930
932
948
923
941
921
953
948
932
945
935
938
919
932
936
923
931
945
943
919
945
947
929
937
947
941
923
941
937
932
945
929
916
939
924
951
932
928
933
938
939
954
933
933
952
938
942
921
914
937
931
917
919
920
918
928
930
925
939
940
930
935
956
932
937
933
948
935
937
922
936
940
942
939
932
932
937
935
936
940
930
922
946
933
942
942
964
957
921
926
922
925
937
928
943
932
945
923
933
933
947
929
940
928
925
942
932
924
943
928
914
930
947
941
956
944
939
929
933
931
931
939
947
917
927
939
942
921
932
933
937
940
939
931
942
929
957
939
934
954
933
931
947
924
944
947
930
951
939
928
910
933
921
924
924
912
923
940
929
960
954
921
940
938
929
935
929
947
941
946
924
929
945
947
931
933
946
945
938
925
922
944
953
935
922
931
937
936
945
925
925
937
951
935
951
943
940
930
966
956
944
950
943
943
924
935
950
928
929
934
936
933
923
919
924
928
944
969
936
927
907
949
951
951
933
934
949
902
941
934
932
932
940
938
926
938
953
922
921
928
939
940
945
906
922
944
941
915
940
941
943
925
934
917
932
932
948
950
920
953
928
927
950
933
946
940
929
941
939
936
942
934
959
968
931
929
942
924
926
968
940
949
939
944
949
929
939
927
938
940
936
937
930
954
931
935
945
911
950
955
934
939
957
947
953
934
943
935
925
957
935
927
926
940
938
945
944
932
911
934
922
943
955
943
931
925
933
941
957
950
940
957
944
940
934
925
946
937
942
931
951
945
928
935
944
930
929
963
943
943
942
936
922
952
948
950
942
944
922
930
951
944
937
928
945
924
936
934
935
926
935
944
936
929
940
961
931
949
948
944
941
937
935
949
963
924
941
942
940
960
960
946
946
960
951
951
964
934
938
946
935
943
938
948
948
956
945
934
961
942
944
941
948
957
953
969
941
954
952
936
951
936
951
953
945
948
943
944
965
964
940
952
960
950
946
972
954
950
963
969
965
962
954
944
943
959
976
968
969
944
966
959
974
966
952
953
953
964
963
953
960
951
971
977
947
963
978
965
983
961
983
978
955
949
974
974
979
989
1004
990
986
988
992
1010
1016
1002
1017
1016
1019
1030
1037
1040
1043
1047
