1065
923
944
942
930
919
949
931
910
922
933
942
921
920
945
939
943
918
927
935
927
939
928
918
917
930
935
939
936
933
909
921
954
922
931
958
930
917
946
932
923
943
926
930
926
935
950
922
933
925
928
936
940
914
942
938
940
930
933
939
943
946
942
926
932
923
924
944
911
939
930
930
918
928
950
936
947
928
933
919
914
935
934
931
928
940
912
922
942
954
935
951
943
938
931
911
940
944
945
926
919
945
941
918
926
938
940
913
937
927
932
940
934
930
947
926
927
946
921
936
914
928
942
939
930
946
944
930
929
912
937
917
925
912
935
945
936
922
940
954
930
938
945
932
914
936
938
921
949
916
924
933
956
946
932
936
935
937
920
941
921
931
929
928
940
908
938
942
935
925
926
910
922
935
933
922
938
943
927
923
955
925
927
930
942
917
906
929
925
941
919
935
947
926
930
938
934
940
947
952
974
948
913
932
938
948
943
932
942
925
932
923
949
917
913
932
927
942
947
946
950
912
941
932
915
935
928
936
940
940
952
942
948
952
941
926
925
919
912
936
938
947
917
930
948
941
936
922
950
928
942
944
901
940
919
937
935
931
925
939
951
922
916
946
908
952
925
909
927
925
932
931
926
934
908
894
934
945
924
934
924
924
948
915
922
913
929
955
927
908
918
930
918
922
926
939
913
938
905
923
922
934
943
942
932
954
925
921
929
955
932
928
942
944
960
932
929
934
943
936
929
922
922
941
952
947
953
916
947
927
932
922
911
926
945
913
924
920
935
922
902
928
932
896
911
922
936
929
935
926
925
936
945
946
926
936
933
935
944
942
940
927
928
921
915
935
909
923
931
949
971
926
941
936
918
931
916
923
928
919
945
946
933
944
939
936
918
920
926
925
929
925
942
931
931
923
918
932
927
934
930
924
928
932
924
936
929
944
948
928
929
922
910
942
949
928
941
939
923
926
927
937
920
939
940
930
935
952
955
939
939
936
947
912
928
946
914
937
931
938
932
936
936
929
944
944
938
942
936
931
932
929
913
949
927
925
950
945
947
945
919
936
926
945
929
928
920
941
927
961
952
913
946
915
947
925
934
904
962
928
956
927
916
954
938
923
944
926
927
942
945
925
932
931
926
918
929
946
931
937
929
923
921
927
937
937
933
955
940
942
940
946
936
909
938
946
941
937
920
930
923
926
944
925
940
923
959
945
935
941
939
936
919
938
931
928
932
924
932
935
943
947
928
937
933
936
922
920
921
936
945
936
953
949
938
926
924
933
935
942
938
950
908
936
948
947
924
925
929
930
917
925
922
927
944
940
930
950
931
943
938
937
923
924
922
926
951
926
937
925
945
941
918
934
941
939
933
912
942
940
936
953
938
943
939
930
902
922
938
937
932
937
935
955
927
921
927
924
935
931
931
932
917
938
927
915
928
935
934
929
929
934
927
922
946
931
940
937
932
928
927
956
922
913
924
927
928
932
930
921
936
929
943
930
941
924
950
937
932
925
930
923
930
924
934
934
945
928
923
931
928
927
932
935
924
938
916
947
944
933
949
954
939
940
917
933
949
940
913
952
936
933
937
931
942
944
952
928
929
942
947
953
950
936
943
933
932
945
936
924
915
938
922
938
960
937
939
938
935
945
946
917
926
941
946
944
929
943
921
929
944
931
950
947
945
945
950
912
921
955
919
943
928
938
934
945
949
946
935
940
929
951
953
940
946
938
924
940
928
928
933
945
943
940
922
927
936
937
933
941
933
948
941
925
928
948
932
934
924
917
918
922
922
922
936
923
930
938
925
930
935
919
933
928
915
917
919
935
949
942
935
925
932
929
940
931
939
936
932
926
943
944
942
920
928
937
946
930
931
938
955
949
916
940
909
934
945
930
950
932
942
940
925
934
944
931
923
944
943
929
940
950
950
932
940
923
923
927
931
930
934
918
928
929
927
917
930
925
951
949
934
935
919
944
938
920
922
956
930
946
943
919
921
915
922
926
947
937
923
934
919
941
961
940
922
945
939
929
917
942
930
943
920
931
943
937
916
930
938
930
945
921
925
928
942
941
948
938
933
948
942
936
947
958
924
940
927
928
939
940
934
943
949
911
940
942
948
951
931
942
936
929
912
944
960
921
951
924
964
924
936
930
926
934
945
945
943
944
935
939
943
929
934
954
946
933
958
913
952
935
941
943
937
938
941
916
936
937
929
942
928
925
945
933
940
929
945
949
946
920
932
958
933
940
941
932
958
938
929
945
930
938
939
964
957
944
935
944
954
932
932
929
948
951
953
931
939
937
938
924
942
930
933
950
938
941
934
933
914
929
934
944
935
933
932
929
929
945
940
943
939
940
947
952
918
937
944
932
939
932
938
938
944
924
927
941
967
936
923
937
946
938
933
923
925
937
956
927
930
949
928
931
936
959
920
940
917
936
958
936
940
929
929
927
941
936
923
942
956
937
932
928
918
943
954
932
928
935
943
948
937
940
942
948
935
955
952
933
937
927
948
930
938
933
954
947
944
911
939
941
936
941
940
929
921
946
940
934
938
932
931
941
922
950
941
935
938
937
945
947
937
949
951
946
934
936
929
945
927
947
928
926
944
949
949
930
925
940
934
929
954
938
933
943
923
944
925
938
930
934
936
958
940
931
935
939
936
957
915
930
937
958
954
933
939
939
906
936
918
953
935
950
963
939
914
938
965
964
953
952
949
944
946
939
936
934
939
939
936
925
932
928
934
934
936
935
923
953
932
940
955
941
921
943
955
945
938
933
923
936
949
919
953
939
955
947
937
945
963
951
945
930
938
930
932
935
958
945
949
939
935
962
940
927
944
922
924
952
945
940
935
940
958
947
958
937
965
941
941
944
929
930
950
934
927
930
932
956
946
960
933
930
924
951
933
933
918
924
934
934
947
948
952
933
949
943
923
944
954
939
945
925
925
919
946
947
950
947
916
925
952
936
942
946
946
933
936
951
937
958
937
937
935
950
940
946
942
950
948
947
948
950
934
932
928
940
928
938
957
939
949
950
937
945
920
938
950
945
940
945
928
937
932
942
948
955
943
941
936
924
942
939
932
937
918
941
930
937
945
947
941
915
923
936
938
936
950
932
933
931
948
927
945
955
935
937
944
928
957
933
933
949
943
943
944
948
947
956
949
943
948
941
952
957
946
929
951
923
926
940
930
940
933
942
942
931
958
946
958
944
946
906
918
950
949
931
945
963
948
954
940
940
920
926
936
926
962
934
931
935
938
952
947
933
942
951
943
941
946
963
936
955
957
946
936
955
947
946
943
939
947
940
957
972
949
953
943
932
927
931
954
949
934
926
946
954
950
933
930
940
958
943
964
937
933
956
956
937
937
954
958
969
949
953
944
921
940
941
950
946
949
935
971
932
960
942
945
939
950
936
941
942
929
951
972
957
940
915
945
951
965
943
954
932
945
935
925
956
936
938
937
934
952
949
953
934
944
954
947
946
934
944
953
928
947
951
950
937
940
954
954
954
952
965
961
941
947
939
939
951
945
965
963
953
966
948
940
954
946
955
954
969
941
941
967
952
942
962
943
927
938
925
958
953
947
945
965
953
966
940
939
944
951
943
941
953
948
954
954
947
946
947
938
930
940
941
953
960
934
940
951
949
945
947
944
951
958
933
944
942
958
962
930
958
947
963
941
950
930
941
960
942
938
949
944
939
962
944
938
952
930
949
956
950
966
944
939
944
947
958
955
937
955
961
937
932
964
932
956
949
963
948
962
935
941
953
948
956
955
940
962
976
943
943
944
947
946
955
971
960
951
943
958
953
945
956
958
957
948
945
944
957
925
950
944
949
968
970
946
940
960
961
953
951
952
963
959
957
963
961
961
955
925
958
960
958
959
950
951
965
975
946
960
951
961
946
941
956
952
951
917
948
943
961
960
931
926
954
952
967
945
958
969
956
944
943
949
959
969
948
949
968
932
952
951
947
941
946
971
943
963
953
957
952
973
948
957
973
957
961
951
965
953
936
952
951
940
951
938
942
934
972
951
955
944
945
944
941
974
955
959
965
963
949
957
960
946
947
964
953
941
960
974
961
961
952
966
962
955
950
956
939
962
959
944
951
947
926
959
963
960
982
957
965
956
948
952
944
953
952
952
950
964
954
965
965
957
947
961
958
972
983
958
961
975
965
950
969
967
955
960
950
946
959
962
959
973
962
958
947
967
958
955
968
957
963
958
953
948
965
953
964
968
943
954
969
961
963
967
953
958
949
965
946
968
971
966
967
975
958
988
962
967
973
945
945
965
954
958
962
957
973
973
967
973
944
958
960
970
954
955
960
971
973
964
977
949
957
952
978
947
971
970
958
969
956
968
969
956
974
959
963
966
974
979
959
974
968
949
976
965
974
958
969
964
954
961
952
970
979
954
964
970
971
964
956
960
965
958
971
977
972
977
952
959
958
968
964
966
951
966
969
969
975
976
956
968
959
978
943
951
968
968
970
972
972
968
956
967
954
959
954
956
950
949
960
961
970
973
979
964
969
959
962
969
961
975
975
962
971
984
965
957
974
988
958
982
975
977
982
981
975
979
982
967
953
945
969
964
984
972
965
966
963
953
970
976
957
965
973
966
995
969
965
976
975
979
947
959
950
968
970
952
958
976
974
954
959
964
959
969
972
964
967
967
951
965
965
980
969
964
957
979
972
978
979
973
965
984
981
982
985
974
973
974
956
971
973
958
983
970
982
983
988
975
979
954
975
985
971
972
971
985
975
987
982
967
963
969
967
974
958
966
964
966
969
958
969
972
977
967
971
962
977
978
965
968
977
977
978
979
990
983
981
972
976
979
979
968
966
973
984
974
971
979
978
982
993
977
983
986
983
979
988
992
971
985
987
989
995
979
972
975
978
973
977
990
997
994
1002
989
989
971
972
983
981
981
980
976
985
979
987
973
974
976
968
981
980
999
998
988
980
984
986
983
967
977
987
976
983
997
995
993
1002
1002
979
969
988
994
983
995
985
980
988
984
993
987
960
978
979
992
982
993
997
999
993
993
980
981
985
980
990
985
984
986
993
971
996
1008
993
1006
1002
995
988
993
983
973
980
987
968
983
981
998
998
989
1000
991
1008
996
992
982
980
984
985
983
979
977
979
989
991
997
993
990
981
978
978
999
995
986
995
982
981
982
979
974
985
981
979
987
987
995
1012
999
994
989
982
995
996
980
969
980
991
999
1002
990
993
988
989
985
978
999
988
995
989
998
984
995
986
981
994
988
984
980
984
977
994
990
1006
996
999
1008
1006
1003
1009
1009
1001
996
980
979
980
1003
988
995
1005
1003
988
988
982
989
995
993
993
1000
992
988
991
983
988
1000
1006
1001
993
997
1005
996
1002
994
994
993
992
997
994
1004
999
986
980
981
992
995
992
995
1003
1007
1005
992
988
998
1002
1003
986
1002
989
986
1001
1007
1001
990
994
995
1004
1004
1004
1008
1010
1009
1001
1014
1013
1019
1015
1009
999
1006
989
993
1003
1011
1008
1008
1001
1000
999
1001
1004
1010
1008
1000
1006
1009
1003
1010
1006
989
1002
991
1002
1002
996
996
997
1000
1001
992
993
987
997
997
996
1000
1010
1005
1012
1005
1003
1003
1011
1003
1001
1002
1006
999
1006
1007
998
1000
1012
997
997
1005
1009
1001
1012
1017
1017
1020
1020
1025
1021
1022
1020
1013
1013
1011
1003
999
990
997
1004
1007
1001
999
1003
1002
1009
1012
1003
1005
1005
1008
1011
1015
1015
1014
1007
1006
1013
1014
997
1003
1011
1026
