1065
923
923
933
929
925
935
919
935
927
939
927
930
944
944
908
931
919
932
910
932
929
916
938
915
923
909
917
937
942
928
932
934
899
941
966
923
933
944
929
920
913
934
932
940
938
941
934
902
931
945
939
951
944
929
924
944
930
941
921
911
946
920
936
920
928
942
930
948
944
940
941
926
938
935
959
924
955
957
928
944
924
916
917
933
944
925
922
922
926
949
938
928
925
923
925
917
940
925
920
947
908
944
910
935
937
934
912
949
938
930
932
949
924
926
916
937
941
916
934
937
938
923
928
934
922
915
925
932
948
933
935
955
932
941
932
952
936
932
898
944
932
921
930
935
934
926
933
928
937
937
944
951
939
933
931
935
928
940
947
935
939
933
934
930
943
926
922
937
944
940
942
921
925
920
919
937
932
938
948
916
921
904
927
931
941
931
929
927
927
930
928
928
912
928
947
947
931
940
923
922
934
919
925
924
923
939
951
936
907
934
941
911
955
938
941
940
924
938
919
950
933
947
954
941
921
934
945
904
932
926
970
931
933
935
928
934
939
929
925
933
951
931
943
918
920
944
915
926
943
930
945
911
912
915
935
935
932
934
920
932
934
913
940
925
937
942
932
936
934
935
915
957
940
944
958
926
930
925
938
926
915
936
947
919
929
936
936
919
936
921
957
939
934
928
948
931
938
946
935
904
957
940
940
923
933
943
933
933
933
939
931
930
934
925
919
929
937
913
937
943
946
947
922
932
939
932
939
919
904
944
935
935
916
939
940
941
945
930
932
914
952
933
928
920
923
923
926
921
929
940
921
924
924
915
935
939
937
940
938
931
910
935
919
943
953
952
949
948
952
925
937
926
933
928
929
920
957
947
926
914
923
914
933
942
901
947
929
911
920
925
934
951
923
930
936
928
942
939
937
931
931
926
932
914
933
930
944
955
952
960
931
933
917
925
938
926
952
937
937
919
938
933
923
920
922
925
935
926
937
918
935
928
942
936
922
933
936
928
936
944
938
945
928
947
939
938
925
928
957
927
939
939
925
934
915
944
938
921
956
947
948
921
945
925
930
918
918
930
925
946
929
941
940
948
921
920
953
933
936
939
933
922
937
941
938
935
924
928
955
920
929
930
943
932
928
924
931
924
937
930
932
941
937
930
925
920
924
924
932
901
926
931
930
932
932
935
939
930
959
939
945
917
946
926
920
924
942
956
954
944
909
945
935
921
955
925
931
925
923
931
939
932
933
944
935
933
911
921
924
931
967
938
934
921
921
939
906
935
951
935
898
919
921
916
926
946
922
941
931
952
949
934
926
953
935
939
935
931
938
940
921
918
937
940
919
954
946
943
953
954
933
933
933
942
927
934
923
909
926
913
906
920
941
931
919
944
950
930
939
940
929
936
947
927
935
942
945
933
924
950
932
938
926
949
950
935
932
953
916
927
942
942
944
932
933
928
922
942
929
922
935
949
946
950
943
951
934
916
942
923
931
936
915
921
928
929
940
922
919
926
939
926
920
927
958
954
936
936
951
922
941
927
950
948
946
934
923
925
952
929
919
936
926
934
921
928
932
928
948
931
939
920
936
904
943
944
926
935
932
925
916
932
946
936
920
931
933
940
929
934
936
923
931
933
930
935
949
923
943
942
932
933
927
931
942
940
926
939
949
930
936
934
936
939
941
947
918
937
925
910
936
934
915
940
927
927
941
934
942
949
942
938
943
931
937
915
944
927
928
944
929
935
918
930
947
945
935
922
922
918
923
942
943
933
927
941
947
928
924
947
934
923
921
913
931
942
943
943
949
913
917
929
919
933
929
926
929
940
933
938
929
927
930
939
935
927
949
961
945
924
929
920
913
915
940
935
929
942
933
942
932
936
950
933
924
932
934
937
934
933
930
927
937
915
942
926
933
910
921
950
922
949
935
936
959
932
949
920
928
930
934
925
934
939
947
933
945
939
926
944
924
937
934
941
943
941
931
934
936
944
933
936
933
941
916
931
936
929
935
942
914
918
912
918
931
912
910
931
936
935
932
928
917
911
935
946
927
927
936
924
930
951
931
914
937
932
917
942
923
923
923
935
935
923
951
934
945
929
921
918
937
930
946
936
908
942
936
935
942
936
934
930
930
931
938
939
941
943
927
948
920
922
940
937
943
916
923
937
938
935
936
938
911
925
927
917
945
917
950
941
959
952
941
934
917
943
935
922
929
932
945
937
925
935
933
913
919
947
938
918
938
927
933
933
954
951
952
920
914
943
945
947
934
932
945
928
911
932
912
941
945
936
914
932
935
936
931
912
936
941
947
939
960
931
946
933
938
937
926
938
937
948
932
940
936
929
938
931
940
958
917
946
919
947
935
926
935
942
924
933
931
941
925
929
934
908
938
924
916
925
930
943
922
929
923
916
941
946
929
920
910
939
958
918
939
924
934
931
950
940
945
912
926
935
940
921
927
925
952
945
914
931
937
941
928
943
936
948
923
927
942
943
932
955
939
907
921
929
937
940
927
926
917
930
928
946
939
936
914
941
939
939
926
947
904
944
914
939
920
929
933
921
942
940
933
951
930
955
946
930
940
924
943
941
926
930
945
943
943
916
941
936
931
919
940
923
936
942
945
938
928
928
950
917
944
926
889
937
938
927
925
941
951
954
950
947
941
952
927
920
931
923
932
928
937
947
943
929
953
922
939
961
939
947
917
932
933
934
920
942
917
929
931
923
913
942
913
937
934
949
938
950
940
901
936
930
922
923
932
913
926
923
919
925
939
926
949
936
940
940
918
935
935
933
913
910
900
936
918
914
930
940
947
949
935
925
943
936
934
946
937
944
953
947
951
921
925
920
919
934
926
922
933
927
912
931
917
931
945
919
926
935
931
912
931
915
928
935
904
930
931
946
924
938
934
935
924
921
924
932
941
961
942
946
921
930
925
908
931
941
946
934
930
943
955
929
923
925
924
935
926
951
914
935
919
939
938
945
950
928
934
937
931
944
936
943
947
940
929
949
945
923
927
925
936
926
928
916
922
949
935
928
928
945
949
951
929
930
945
934
937
932
945
942
939
929
950
911
918
940
921
914
926
950
927
939
927
932
934
935
960
933
922
930
921
939
920
929
923
930
946
921
932
926
939
924
944
931
908
927
932
925
933
938
947
924
940
918
944
944
930
917
926
923
932
935
942
932
933
927
933
929
937
915
912
945
920
941
941
918
920
934
926
921
953
951
947
943
931
923
941
943
946
946
945
935
932
965
921
951
926
925
929
931
941
929
916
924
939
939
947
936
947
922
939
937
930
948
946
951
945
955
951
931
923
947
935
954
947
922
940
918
909
924
939
933
924
937
916
933
936
931
934
933
936
947
929
929
940
905
915
937
926
935
929
929
921
940
956
949
925
939
921
921
951
934
954
943
949
931
938
936
937
921
946
933
924
916
945
951
956
924
936
927
925
922
926
921
931
938
921
906
935
941
950
921
935
949
919
918
940
927
914
951
939
914
942
929
951
959
923
953
928
909
932
924
934
951
924
922
945
945
936
939
920
906
939
914
948
928
938
951
946
946
936
925
956
939
939
942
928
925
924
961
932
929
936
949
951
956
935
915
927
926
930
943
941
941
937
929
964
941
935
936
934
942
936
934
925
965
936
928
936
940
948
934
919
929
929
946
934
936
925
951
931
927
954
952
946
955
945
932
934
930
932
947
940
933
939
948
939
938
931
956
953
956
931
933
927
921
938
917
916
947
924
935
926
939
944
937
923
908
921
952
946
940
941
924
929
924
930
938
930
921
937
925
925
927
930
906
911
938
950
947
924
944
957
950
957
934
934
930
942
939
952
919
945
920
919
930
941
921
924
951
930
935
937
951
923
949
934
928
938
937
926
928
928
926
912
923
908
930
959
924
936
925
922
950
940
926
931
918
932
921
916
935
947
949
949
936
952
951
930
933
944
914
939
930
921
925
937
951
920
930
936
956
927
926
933
935
941
930
933
918
919
920
928
930
934
933
920
922
945
924
924
932
924
941
916
935
944
948
930
923
965
921
948
929
942
914
929
935
932
929
944
938
925
933
951
939
915
933
945
918
930
919
941
943
932
950
934
921
940
950
933
933
950
919
949
942
933
942
948
953
929
914
917
934
936
917
927
926
949
915
942
916
911
939
921
947
943
933
931
938
921
952
929
913
938
925
933
920
930
948
919
948
929
942
945
937
940
927
927
927
931
939
928
925
900
942
929
926
917
934
947
950
930
957
943
922
934
930
917
929
929
931
955
947
925
927
936
943
946
942
942
946
943
940
928
943
939
929
932
933
943
950
937
906
946
938
942
954
962
941
955
942
935
942
917
933
942
946
953
947
935
937
916
943
950
938
932
937
926
938
925
933
945
937
921
938
940
939
957
938
935
938
954
928
944
942
933
948
938
937
923
928
928
928
941
938
937
944
942
940
930
923
926
914
906
919
933
919
940
920
920
934
937
945
938
927
929
931
935
932
921
929
930
923
953
960
934
950
947
941
938
918
937
945
935
937
925
938
929
929
939
950
936
916
904
952
943
933
941
957
938
937
933
925
920
934
919
944
934
922
925
932
929
938
929
938
923
928
947
925
936
929
932
941
943
945
936
950
933
933
954
935
913
925
928
904
930
943
936
934
937
933
953
938
926
947
922
937
950
934
944
951
937
945
921
942
938
940
943
949
944
952
938
949
922
939
938
950
949
944
926
916
936
913
949
955
942
932
921
924
938
926
951
945
928
941
964
924
924
943
948
962
950
953
932
925
931
954
937
928
943
926
933
934
935
929
937
938
939
954
935
936
935
924
950
938
928
940
920
933
918
935
935
932
932
937
941
926
906
939
924
938
923
918
931
936
919
954
923
934
939
934
936
927
926
927
941
933
925
958
935
924
929
937
926
940
954
944
944
922
951
922
958
938
931
926
946
928
925
937
932
940
934
925
934
924
927
925
944
935
930
945
947
924
931
927
939
935
923
923
940
931
925
938
935
923
910
947
933
942
940
944
940
938
930
927
921
909
928
932
944
949
931
944
934
931
931
943
931
937
937
954
945
920
935
948
921
950
931
937
945
923
937
923
944
934
939
952
938
942
944
950
933
930
939
942
938
935
937
925
952
947
933
944
933
937
930
954
938
920
928
936
925
934
953
958
946
926
926
968
940
949
941
932
937
940
914
943
941
914
944
911
950
958
930
929
941
940
922
931
940
914
939
934
931
931
948
937
932
935
931
931
926
926
920
953
950
945
952
943
950
936
942
935
938
943
940
936
940
945
945
938
939
937
935
919
948
954
940
941
921
943
940
952
940
952
934
934
956
944
950
932
963
955
952
945
939
938
916
931
939
946
933
933
927
956
945
938
931
945
947
926
947
944
939
932
955
946
950
918
931
945
937
933
940
927
925
937
935
943
947
929
950
939
940
949
938
938
931
937
960
951
952
940
948
949
932
933
945
940
941
957
934
948
955
942
958
942
939
957
929
955
937
946
964
957
969
949
935
941
949
959
957
951
947
948
937
951
944
954
963
959
952
941
947
930
957
947
947
957
943
962
953
940
936
968
979
966
956
971
955
964
962
990
968
971
957
949
973
969
951
963
957
956
959
958
988
978
983
970
970
964
965
961
972
991
981
979
994
988
979
982
990
1002
1009
1010
1016
1013
1011
1011
1019
1018
1022
1027
1035
1044
