1065
925
924
946
948
940
930
918
918
930
927
943
949
901
924
943
920
933
923
922
930
950
921
932
938
942
937
933
929
921
911
921
917
925
931
936
931
934
944
923
954
923
926
945
929
949
927
908
915
923
928
918
923
935
951
932
935
936
942
951
914
943
924
916
929
939
907
920
942
937
932
932
911
909
916
912
917
952
939
936
949
935
942
941
924
931
920
943
925
926
949
946
939
947
915
936
925
929
925
932
941
926
916
938
971
943
944
919
924
927
913
924
926
948
931
972
943
935
939
946
933
931
937
918
933
947
930
908
915
931
897
938
966
944
924
910
930
945
931
932
935
936
923
942
950
934
946
948
946
942
938
930
926
941
935
943
936
930
937
940
930
956
928
919
920
932
949
933
942
920
931
929
926
928
942
927
922
930
923
940
941
936
934
931
913
916
934
937
925
917
929
923
940
933
946
927
936
924
941
938
922
934
918
919
926
938
934
937
928
917
941
915
925
941
938
941
935
924
938
942
926
932
930
933
942
915
926
943
925
939
937
903
942
928
949
951
934
956
954
937
924
924
927
927
930
918
933
943
926
934
936
928
935
929
923
924
941
906
913
933
938
947
938
942
934
943
950
936
928
923
912
924
926
939
935
936
942
937
914
924
923
941
925
929
934
930
925
937
938
921
931
929
931
948
922
934
938
930
940
936
929
943
923
938
937
941
932
939
957
923
936
949
925
930
907
950
932
926
933
938
930
927
923
942
917
917
927
953
925
953
926
937
937
946
931
941
915
913
940
937
949
943
949
915
938
936
955
938
946
946
931
952
941
933
916
933
941
933
941
927
920
909
948
944
945
919
940
940
936
934
942
925
912
921
938
949
921
949
935
913
923
942
934
945
951
928
941
950
945
940
937
939
918
941
932
940
940
945
958
943
930
942
951
926
928
942
924
932
949
940
947
934
923
933
940
928
922
941
943
936
913
934
910
932
931
926
921
919
939
924
927
914
942
930
924
917
930
928
941
945
924
936
942
934
943
933
922
928
938
933
931
942
927
926
919
941
942
938
941
938
935
941
935
936
939
935
952
954
930
936
926
925
927
949
922
944
929
914
937
924
937
949
930
928
925
930
910
926
928
944
933
948
923
924
923
922
943
935
917
937
932
945
932
937
930
906
931
936
927
944
945
960
930
943
924
910
915
942
918
932
951
932
936
965
941
936
945
904
922
934
923
940
925
936
953
924
925
921
927
912
930
937
946
940
932
944
938
937
945
924
933
937
926
935
927
934
895
919
910
938
930
916
951
935
926
921
927
930
921
909
916
948
952
938
922
929
922
924
919
937
934
925
931
932
935
930
948
945
938
927
956
937
937
904
922
944
920
954
920
928
933
926
933
939
944
909
937
931
943
941
933
939
929
931
913
945
936
944
938
954
931
918
949
965
942
950
916
943
919
905
932
929
936
940
929
927
930
933
936
944
935
944
938
934
933
928
941
937
931
945
928
937
930
923
926
920
931
923
925
936
938
917
915
930
934
931
928
928
920
919
943
936
931
923
925
933
929
919
921
937
945
935
926
931
938
950
920
941
927
911
939
916
930
937
944
907
930
946
956
927
926
924
927
901
919
943
924
926
916
934
935
937
945
941
946
965
955
935
934
949
918
927
947
946
951
950
927
936
954
960
937
945
938
931
930
931
937
936
941
930
928
900
931
940
914
914
953
923
940
948
956
937
946
949
923
954
934
942
946
922
943
950
915
932
937
909
935
945
940
912
919
921
938
923
928
957
933
909
931
938
918
931
949
932
932
937
928
948
935
924
933
936
944
914
923
943
946
936
936
952
925
959
961
925
934
922
934
945
935
945
929
935
931
962
924
935
941
940
944
939
937
930
924
953
940
919
913
929
950
938
924
935
943
941
945
942
948
949
937
913
914
919
917
937
944
927
943
945
943
944
902
924
922
930
933
941
944
934
938
923
945
964
946
950
927
927
925
941
940
949
938
953
923
941
933
925
937
941
919
907
935
934
933
935
935
929
943
938
943
920
948
946
933
938
921
921
935
923
942
931
943
938
930
945
928
927
951
950
929
952
934
933
932
925
922
926
936
917
936
918
960
943
938
939
933
924
929
949
942
918
945
940
931
927
941
936
943
936
931
914
925
936
912
932
920
935
941
931
915
945
925
943
946
922
914
936
938
924
954
964
937
936
933
930
941
928
940
914
926
935
941
925
924
951
944
938
948
948
970
930
947
949
923
918
925
915
930
939
935
920
934
936
952
941
938
932
915
922
948
929
937
945
941
929
923
943
933
946
919
923
929
948
933
939
941
924
929
933
926
924
938
927
948
934
937
924
947
929
938
940
949
923
935
913
947
930
931
924
938
952
947
915
939
930
944
957
943
927
930
927
943
928
930
939
944
942
935
938
948
932
922
952
917
932
934
935
949
937
921
940
933
946
935
945
933
949
918
914
929
928
933
943
920
922
939
925
936
958
927
926
945
938
934
944
937
938
958
916
952
921
925
915
947
950
931
956
948
936
956
935
925
941
946
930
905
922
943
938
938
940
945
933
930
947
928
928
931
925
932
923
947
939
947
917
927
919
951
942
959
939
924
941
921
915
927
924
943
928
931
943
957
935
939
918
921
931
923
921
909
929
937
940
934
926
925
948
930
923
902
922
916
948
921
922
922
945
938
922
918
934
926
937
926
928
927
936
940
916
943
965
917
912
925
942
926
938
937
924
928
940
922
923
926
930
916
947
931
929
925
927
955
929
940
938
923
933
941
926
920
921
934
953
905
929
927
926
926
944
944
946
937
934
941
915
942
943
917
941
944
935
929
928
931
933
948
929
919
924
943
935
927
914
939
946
928
928
915
940
907
929
944
950
945
951
945
936
933
933
941
929
933
936
936
935
952
926
917
928
925
942
918
902
931
933
947
932
934
946
932
936
929
941
936
898
937
920
941
937
923
932
936
939
945
926
929
949
937
929
936
940
945
934
953
952
916
934
947
944
949
941
941
937
944
933
924
932
933
918
937
945
945
939
934
957
940
945
945
944
942
925
942
922
908
918
939
920
932
920
919
926
930
922
913
904
925
937
936
940
938
917
944
947
934
933
928
923
941
940
943
940
930
923
949
937
938
943
924
928
948
917
930
933
944
926
943
931
944
947
939
931
923
912
925
913
931
924
959
938
957
936
919
943
913
930
932
936
932
941
941
949
941
943
927
930
938
920
916
929
946
943
946
941
929
927
924
904
937
933
938
938
941
959
944
949
950
914
910
946
937
949
933
941
932
937
934
946
926
938
923
919
970
932
955
948
942
950
920
934
941
922
940
943
952
939
952
932
945
946
934
933
941
943
932
938
930
937
942
921
936
919
926
951
939
940
935
946
947
923
930
944
931
920
938
930
937
941
921
927
935
928
927
948
955
938
940
950
960
938
941
936
949
925
936
932
932
937
949
925
931
936
950
949
923
924
948
943
950
951
937
933
924
949
923
939
929
921
933
944
938
939
942
948
937
937
942
928
964
936
928
929
924
929
948
956
919
941
922
936
921
941
944
947
943
928
940
948
934
925
925
920
907
936
941
953
933
947
930
943
947
935
942
929
912
928
946
948
915
928
933
935
939
933
914
907
929
936
905
946
950
937
929
942
927
947
950
925
939
933
950
954
935
923
938
923
936
927
929
936
931
938
950
933
930
930
939
937
921
951
939
949
935
908
966
943
940
914
927
946
941
941
922
950
931
943
933
934
947
927
925
938
930
937
938
932
949
928
912
920
909
927
911
940
926
939
929
916
926
926
914
938
920
931
937
947
946
955
954
946
938
925
947
934
944
953
935
940
956
931
942
919
950
961
942
955
926
937
935
934
932
917
916
918
942
932
935
938
941
926
923
945
925
951
922
955
941
950
924
920
922
929
943
936
919
954
936
922
939
934
937
921
928
931
940
944
924
944
944
943
936
937
917
928
935
932
932
930
947
939
939
923
933
923
943
932
943
924
937
943
942
945
930
923
933
922
929
933
942
938
920
940
929
937
928
947
925
943
939
925
935
923
937
931
928
925
945
910
920
945
933
949
947
932
931
956
942
931
931
927
940
955
951
922
933
940
934
926
915
937
947
940
928
930
930
915
917
924
945
957
941
927
943
955
941
923
941
951
949
939
929
936
925
911
945
961
947
951
962
921
932
947
950
926
919
945
943
929
942
930
936
933
940
935
946
938
971
937
950
941
940
923
926
936
939
924
943
925
952
920
926
929
940
947
952
960
938
915
924
965
928
955
954
941
927
940
940
939
939
941
925
921
942
949
936
951
947
943
925
932
945
923
939
948
947
930
943
916
943
949
935
930
950
950
931
951
939
937
938
940
934
937
931
932
951
945
932
944
938
946
930
932
925
952
927
943
938
925
926
939
943
929
940
928
932
935
946
939
914
928
926
932
950
948
944
955
935
958
954
948
944
926
960
940
930
932
936
931
934
931
931
961
935
937
935
946
922
921
925
946
929
932
928
936
959
941
933
922
934
939
922
922
924
935
931
924
915
930
935
936
939
934
930
913
923
930
942
944
951
942
946
958
920
931
919
939
928
931
928
945
952
944
944
935
933
943
935
933
927
938
961
952
927
933
929
926
936
926
926
934
958
927
924
907
946
928
950
946
937
943
945
930
925
926
950
941
941
945
933
943
953
945
920
921
924
949
941
937
948
942
921
913
941
931
951
941
915
937
947
955
939
945
942
924
944
949
961
946
943
934
942
954
957
924
924
930
950
959
959
926
920
927
938
925
944
943
932
940
944
956
946
936
943
946
938
941
943
947
940
940
943
959
950
936
938
950
947
921
940
941
921
929
945
932
948
947
951
951
938
929
914
927
953
947
945
950
939
934
945
936
919
918
925
942
933
953
899
937
951
940
927
948
924
941
943
930
940
916
946
942
935
915
949
961
946
951
945
934
960
932
930
934
949
931
922
936
942
940
928
931
933
942
951
940
970
941
929
938
935
948
934
948
946
931
947
943
946
949
954
952
943
927
939
943
926
947
940
940
956
941
942
936
950
933
946
907
919
951
948
963
964
950
947
958
941
959
933
943
941
941
935
948
951
953
939
945
933
937
951
943
936
940
953
922
961
943
958
955
945
941
940
923
940
931
930
957
944
938
938
946
949
940
935
934
965
926
918
940
939
948
951
935
945
950
949
936
941
942
938
959
942
959
936
963
950
945
931
949
942
946
963
956
934
942
952
959
949
952
936
953
958
940
965
953
960
927
937
949
951
948
934
958
943
952
953
958
946
944
945
942
904
944
945
961
934
941
928
958
942
953
936
953
956
973
955
932
946
943
938
967
943
950
957
934
954
947
945
950
954
957
958
945
938
950
948
937
947
949
948
937
957
943
934
966
961
950
948
953
945
936
966
960
944
952
950
958
951
961
950
940
953
962
942
955
958
955
963
981
960
952
961
940
951
961
962
957
944
971
944
960
958
948
952
961
962
957
941
933
959
970
972
951
950
975
961
962
975
973
976
959
965
979
973
992
973
965
958
959
960
971
957
963
967
970
967
972
971
955
977
976
955
976
972
990
981
982
973
975
988
982
989
977
971
986
999
1000
994
992
991
983
978
992
978
989
1013
1001
1002
1005
998
997
999
998
1011
1009
1016
1018
1018
1023
1025
1031
1031
1031
1032
1037
1038
1036
1043
1044
1044
1044
1044
1044
1046
