1065
920
918
905
926
929
920
921
917
930
934
913
924
919
958
917
946
917
953
940
939
937
926
944
941
933
940
933
917
916
934
947
933
933
929
934
935
938
932
956
936
945
934
927
935
927
926
896
931
916
954
927
955
944
942
938
899
924
939
934
931
930
939
918
913
924
950
937
928
912
927
931
934
948
925
938
941
946
933
922
922
915
924
925
933
905
936
933
924
941
929
931
935
913
934
921
933
944
922
948
926
923
942
933
949
935
921
932
916
924
915
921
938
932
936
929
936
949
940
935
937
934
943
934
938
933
922
923
933
944
943
927
942
950
953
942
940
941
946
932
933
918
947
927
940
918
922
916
932
946
923
921
954
939
924
924
937
926
924
951
930
936
925
927
930
924
929
945
915
929
932
939
924
953
944
935
953
946
933
928
922
944
905
938
937
920
932
926
959
927
933
944
930
929
932
927
928
936
953
920
938
922
930
931
930
934
925
937
925
930
919
933
924
953
947
920
936
935
931
918
935
932
910
926
942
929
930
942
922
950
920
927
949
925
951
945
958
936
944
930
898
929
922
940
923
954
946
927
910
931
943
925
952
929
937
938
923
933
937
921
921
904
944
926
929
916
921
926
912
940
931
922
950
942
947
930
930
956
932
924
930
923
906
936
934
913
928
919
922
928
945
948
926
911
933
940
949
952
946
926
912
956
951
934
929
942
938
946
924
931
952
930
930
923
948
942
902
930
920
929
931
953
935
935
944
910
961
944
924
938
932
931
934
944
942
946
925
930
921
933
947
940
922
926
934
915
921
951
947
943
937
919
932
940
925
945
957
965
952
944
932
942
931
937
942
933
931
928
915
937
932
965
935
937
931
918
920
914
937
921
935
932
943
935
917
935
917
935
944
932
937
939
916
913
921
925
931
929
946
926
943
902
946
946
930
943
918
915
945
942
926
922
917
922
947
923
939
941
930
938
949
953
948
940
915
928
933
922
938
932
927
954
937
935
932
957
934
961
937
937
942
942
923
932
931
938
935
927
946
940
944
930
930
941
930
944
928
947
939
927
931
929
946
926
924
936
951
936
919
922
925
924
931
932
937
929
936
948
942
944
937
943
924
924
934
925
926
914
945
927
929
952
915
922
938
953
929
938
927
951
949
941
947
924
948
932
955
939
916
922
948
931
950
950
938
932
942
942
925
936
939
927
915
945
939
939
940
959
945
930
956
938
934
927
931
913
946
939
945
933
938
932
936
937
941
935
921
915
934
938
937
946
934
929
922
949
923
936
917
913
928
945
934
933
952
945
937
935
933
934
926
921
933
937
931
929
920
931
937
929
955
942
933
934
943
954
939
938
929
916
932
952
944
930
933
948
941
955
952
935
942
922
930
933
937
921
935
934
944
932
928
938
938
931
941
935
933
944
941
939
945
934
939
930
933
955
946
928
938
939
955
940
923
936
940
923
957
929
928
927
933
927
930
945
950
922
940
953
928
937
955
923
944
955
951
945
941
947
937
958
943
937
943
946
921
924
941
954
925
939
953
948
947
934
938
923
941
945
929
938
925
936
944
961
936
926
928
943
965
946
939
959
943
918
941
939
947
933
941
944
926
951
914
937
934
946
934
964
947
939
924
947
940
951
937
921
918
922
941
946
925
929
945
927
947
958
962
936
952
941
954
933
952
945
944
936
937
951
940
940
917
918
934
951
946
938
939
938
950
932
927
951
951
938
917
932
934
946
942
938
962
944
955
950
932
938
944
949
932
952
953
949
944
921
933
939
952
912
915
933
942
948
941
949
923
943
936
951
941
950
947
937
940
937
952
948
953
954
930
933
933
954
943
930
942
945
947
971
956
950
950
933
942
964
942
947
937
952
938
941
943
921
947
929
942
929
950
945
937
935
934
951
942
949
942
948
927
942
936
950
935
949
938
936
953
935
958
949
941
943
928
927
949
957
943
945
944
946
942
928
931
953
955
967
949
924
938
938
950
961
954
934
922
942
960
945
946
933
941
936
932
931
950
932
941
926
931
942
947
940
951
943
941
943
966
943
940
949
952
957
933
946
952
933
930
954
952
957
955
941
953
947
951
957
948
961
961
975
967
959
935
943
948
936
975
950
941
948
946
950
954
938
951
946
942
957
966
938
959
958
958
953
952
951
960
939
938
955
958
963
957
961
956
937
949
968
963
939
936
967
939
923
940
940
979
958
955
965
950
949
958
939
953
952
954
949
943
956
972
961
947
963
962
963
975
952
975
962
959
945
950
960
953
966
966
962
961
950
950
961
959
942
958
955
950
963
968
949
951
961
961
952
953
958
969
972
950
972
958
970
954
962
966
960
954
958
952
961
968
970
937
973
979
956
969
962
960
966
956
954
977
964
977
959
960
974
984
980
972
972
955
972
960
970
978
982
985
984
965
976
968
965
962
961
972
964
951
945
972
954
956
955
966
969
953
967
952
954
940
986
962
967
979
968
970
969
969
963
964
966
959
950
964
966
976
966
940
957
963
964
962
971
962
974
964
964
962
967
988
964
971
962
967
972
948
974
972
958
969
955
956
960
974
967
949
950
959
985
969
982
967
956
978
966
967
966
965
958
956
973
955
962
969
965
975
976
970
980
979
978
975
979
991
981
972
969
951
984
977
977
973
992
988
978
982
975
983
985
971
970
989
976
977
980
967
968
976
982
984
971
979
990
970
984
986
988
980
984
987
985
962
981
986
1008
994
981
991
984
974
976
981
973
990
1002
995
991
970
964
969
970
996
991
988
996
983
988
982
998
990
986
995
1000
996
994
988
991
990
1003
1000
1003
994
998
994
1002
992
981
968
974
1001
1001
989
992
999
1002
975
1004
989
990
989
988
990
991
990
989
989
989
980
993
1000
994
985
989
1000
983
985
981
993
996
1007
1006
1002
989
989
994
999
998
987
981
991
1007
1000
996
996
999
1002
1000
1002
1017
1007
1014
1001
999
1008
997
995
991
1013
1012
998
996
1000
994
1006
1013
1007
1007
1010
1005
998
1000
1010
1000
1006
994
997
1007
1007
1010
1007
1014
1005
1010
995
998
1006
998
998
985
994
996
1006
1011
1011
1007
1006
1020
1016
1011
1005
1011
1015
1015
1006
1004
995
1003
1002
1004
1002
1007
1005
1014
1018
1006
1014
1007
1011
1007
1003
1005
1013
1021
1025
1018
1012
1007
1010
1017
1012
1012
1015
1006
1011
1019
1012
1012
1009
1010
1014
1018
1018
1021
1014
1015
1013
1016
1010
1014
1026
1017
1019
1021
1020
1018
1021
1014
1020
1025
1025
1023
1027
1021
1025
1019
1013
1011
1019
1020
1019
1014
1012
1017
1023
1028
1032
1029
1027
1026
1027
1025
1024
1026
1034
1032
1037
1033
1026
1030
1028
1029
1032
1032
1031
1031
1032
1030
1027
1024
1028
1029
1032
1030
1023
1020
1024
1023
1030
1032
1033
1030
1031
1035
1033
1032
1038
1040
1037
1039
1044
1041
1032
1034
1037
1032
1028
1033
1034
1041
1040
1031
1027
1031
1034
1031
1039
1036
1041
1043
1041
1040
1033
1034
1034
1034
1030
1029
1035
1035
1038
1043
1042
1042
1045
1042
1041
1041
1036
1038
1038
1041
1040
1043
1045
1043
1047
1047
1048
1047
1049
1048
1045
1043
1038
1038
1038
1039
1045
1043
1039
1037
1033
1035
1033
1038
1035
1038
1037
1037
1036
1037
1038
1035
1036
1038
1039
1040
1040
1041
1044
1043
1042
1042
1045
1047
1046
1045
1046
1046
1042
1043
1043
1043
1042
1046
1047
1045
1046
1046
1047
1049
1049
1049
1050
1049
1049
1052
1046
1047
1052
1052
1052
1053
1053
1052
1052
1051
1052
1050
1051
1049
1050
1049
1051
1052
1052
1051
1049
1051
1050
1051
1048
1049
1051
1052
1053
1052
1050
1050
1051
1051
1051
1051
1051
1051
1052
1051
1051
1051
1050
1052
1051
1052
1051
1051
1050
1050
1051
1052
1052
1052
1052
1052
1053
1053
1054
1053
1053
1053
1054
1054
1054
1054
1054
1055
1054
1054
1052
1051
1051
1050
1050
1049
1051
1051
1052
1052
1051
1051
1051
1052
1052
1052
1052
1052
1052
1052
1053
1052
1051
1051
1052
1051
1050
1050
1050
1049
1049
1052
1051
1053
1052
1052
1054
1054
1054
1053
1053
1053
1053
1054
1054
1055
1054
1055
1055
1055
1055
1055
1055
1055
1055
1055
1055
1057
1056
1056
1056
1056
1055
1055
1055
1055
1055
1054
1054
1054
1055
1057
1057
1057
1056
1057
1058
1058
1059
1059
1059
1059
1059
1059
1059
1059
1059
1059
1059
1059
1059
1058
1058
1058
1058
1058
1058
1058
1058
1058
1058
1058
1058
1058
1058
1058
1058
1058
1058
1058
1058
1058
1058
1058
1058
1058
1058
1059
1059
1060
1060
1060
1060
1060
1060
1060
1060
1060
1060
1059
1059
1059
1059
1059
1059
1059
1059
1059
1059
1059
1059
1059
1059
1059
1060
1060
1060
1060
1060
1060
1060
1060
1060
1060
1060
1060
1060
1060
1060
1060
1060
1060
1060
1060
1061
1061
1061
1061
1061
1061
1061
1061
1061
1061
1061
1061
1061
1061
1061
1061
1061
1061
1061
1061
1061
1061
1061
1061
1061
1061
1061
1061
1061
1061
1061
1061
1061
1061
1061
1061
1061
1061
1061
1061
1061
1061
1061
1061
1061
1060
1060
1060
1060
1060
1060
1060
1060
1060
1060
1060
1061
1061
1061
1061
1061
1061
1061
1061
1061
1061
1061
1061
1061
1061
1061
1061
1061
1061
1061
1061
1061
1061
1061
1062
1062
1062
1062
1062
1062
1062
1062
1062
1062
1062
1062
1062
1062
1062
1062
1062
1062
1062
1062
1062
1062
1062
1062
1062
1062
1062
1062
1062
1062
1062
1062
1062
1062
1062
1062
1062
1062
1062
1062
1062
1062
1062
1062
1062
1062
1062
1062
1062
1062
1062
1062
1062
1062
1062
1062
1062
1062
1062
1062
1062
1062
1062
1062
1062
1062
1062
1062
1062
1062
1062
1062
1062
1062
1062
1062
1062
1062
1062
1062
1062
1062
1062
1062
1062
1062
1062
1062
1062
1062
1062
1062
1062
1062
1062
1062
1062
1062
1062
1062
1062
1062
1062
1062
1062
1062
1062
1062
1062
1062
1062
1062
1062
1062
1062
1062
1062
1062
1062
1062
1062
1062
1062
1062
1062
1062
1062
1062
1062
1062
1062
1062
1062
1062
1062
1062
1062
1062
1062
1062
1062
1062
1062
1062
1062
1062
1062
1062
1062
1062
1062
1062
1062
1062
1062
1062
1062
1062
1062
1062
1062
1062
1062
1062
1062
1062
1062
1062
1062
1062
1062
1062
1062
1062
1062
1062
1062
1062
1062
1062
1062
1062
1062
1062
1062
1062
1062
1063
1063
1063
1063
1063
1063
1063
1063
1063
1063
1063
1063
1063
1063
1063
1063
1063
1063
1063
1063
1063
1063
1063
1063
1063
1063
1063
1063
1063
1063
1063
1063
1063
1063
1063
1063
1063
1063
1063
1063
1063
1063
1063
1063
1063
1063
1064
1064
1064
1064
1064
1064
1064
1064
1064
1064
1064
1064
1064
1064
1064
1064
1064
1064
1064
1064
1064
1064
1064
1064
1064
1064
1064
1064
1064
1064
1064
1064
1064
1064
1064
1064
1064
1064
1064
1064
1064
1064
1064
1064
1064
1064
1064
1064
1064
1064
1064
1064
1064
1064
1064
1064
1064
1064
1064
1064
1064
1064
1064
1064
1064
1064
1064
1064
1064
1064
1064
1064
1064
1064
1064
1064
1064
1064
1064
1064
1064
1064
1064
1064
1064
1064
1064
1064
1064
1064
1064
1064
1064
1064
1064
1064
1064
1064
1064
1064
1064
1064
1064
1064
1064
1064
1064
1064
1064
1064
1064
1064
1064
1064
1064
1064
1064
1064
1064
1064
1064
1064
1064
1064
1064
1064
1064
1064
1064
1064
1064
1064
1064
1064
1064
1064
1064
1064
1064
1064
1064
1064
1064
1064
1064
1064
1064
1064
1064
1064
1064
1064
1064
1064
1064
1064
1064
1064
1064
1064
1064
1064
1064
1064
1064
1064
1064
1064
1064
1064
1064
1064
1064
1064
1064
1064
1064
1064
1064
1064
1064
1064
1064
1064
1064
1064
1064
1064
1064
1064
1064
1064
1064
1064
1064
1064
1064
1064
1064
1064
1064
1064
1064
1064
1064
1064
1064
1064
1064
1064
1064
1064
1064
1064
1064
1064
1064
1064
1064
1064
1064
1064
1064
1064
1064
1064
1064
1064
1064
1064
1064
1064
1064
1064
1064
1064
1064
1064
1064
1064
1064
1064
1064
1064
1064
1064
1064
1064
1064
1064
1064
1064
1064
1064
1064
1064
1064
1064
1064
1064
1064
1064
1064
1064
1064
1064
1064
1064
1064
1064
1064
1064
1064
1064
1064
1064
1064
1064
1064
1064
1064
1064
1064
1064
1064
1064
1064
1064
1064
1064
1064
1064
1064
1064
1064
1064
1064
1064
1064
1064
1064
1064
1064
1064
1064
1064
1064
1064
1064
1064
1064
1064
1064
1064
1064
1064
1064
1064
1064
1064
1064
1064
1064
1064
1064
1064
1064
1064
1064
1064
1064
1064
1064
1064
1064
1064
1064
1064
1064
1064
1064
1064
1064
1064
1064
1064
1064
1064
1064
1064
1064
1064
1064
1064
1064
1064
1064
1064
1064
1064
1064
1064
1064
1064
1064
1064
1064
1064
1064
1064
1064
1064
1064
1064
1064
1064
1064
1064
1064
1064
1064
1064
1064
1064
1064
1064
1064
1064
1064
