1065
922
941
936
938
927
916
930
949
940
941
941
919
943
932
947
940
915
934
924
935
933
929
921
932
926
939
943
928
938
916
929
928
922
932
943
930
952
918
949
930
919
927
940
919
923
929
930
941
938
949
940
936
942
947
948
933
927
936
936
927
940
948
912
909
921
923
926
924
946
936
908
935
913
938
965
906
932
936
940
944
916
922
925
926
938
929
945
920
915
931
927
915
936
937
915
938
919
936
921
904
914
922
935
922
934
965
957
939
932
927
934
930
947
908
913
925
930
927
939
950
944
944
929
924
922
940
925
921
920
928
916
930
925
922
942
919
928
909
920
928
934
934
929
928
934
939
948
948
923
913
927
941
937
945
914
943
927
929
940
920
935
944
940
928
940
938
936
930
932
919
935
938
940
922
929
922
931
903
935
940
927
929
945
933
917
933
938
923
935
926
930
928
921
935
949
928
955
924
932
927
933
921
938
944
928
935
946
923
910
930
930
941
923
928
938
916
939
944
946
946
938
939
936
940
925
928
947
955
930
934
955
930
941
938
938
952
930
923
938
939
929
935
925
912
935
931
919
936
927
930
922
916
939
921
922
927
929
930
948
916
936
948
917
926
934
917
954
922
935
945
932
922
929
935
958
932
930
936
911
918
932
917
931
914
926
935
932
929
937
932
927
940
912
927
935
942
945
943
943
912
927
908
940
932
914
931
937
911
929
921
935
913
933
928
935
938
940
910
933
933
938
932
937
925
954
942
956
929
944
926
931
934
919
946
960
926
899
943
931
931
925
940
937
946
916
932
934
940
936
944
935
927
939
919
933
914
942
931
930
933
954
935
929
918
917
951
927
949
930
944
963
921
934
930
911
930
914
939
947
939
920
951
938
942
936
939
950
935
934
943
920
940
943
931
923
943
923
926
926
933
935
923
953
924
936
929
908
921
928
925
924
912
936
934
898
938
935
943
951
917
932
943
923
937
924
931
943
942
938
944
912
931
923
921
933
933
918
921
940
931
962
934
940
930
923
927
933
933
942
924
913
931
928
941
936
946
940
926
941
940
932
939
939
927
922
926
961
955
937
917
926
920
895
926
932
933
939
934
949
936
931
908
920
915
949
938
942
924
951
951
935
934
933
930
912
931
928
926
932
937
942
917
930
938
956
931
931
926
942
934
941
937
938
931
932
942
927
938
922
928
916
922
930
938
911
934
925
929
915
947
938
948
944
935
937
942
956
934
940
932
935
938
928
915
916
924
957
944
929
942
943
953
943
936
914
920
936
936
910
928
932
928
906
925
927
936
929
928
929
931
952
944
926
947
916
948
940
926
931
937
933
936
913
925
917
931
938
929
927
942
947
937
936
927
925
928
917
924
934
937
917
942
924
947
926
913
928
941
916
950
941
936
920
934
915
941
945
915
929
941
936
936
948
925
937
937
913
934
913
913
922
936
947
939
943
947
933
935
935
934
936
941
927
949
924
925
934
952
933
926
946
952
940
929
939
940
945
923
945
917
934
946
926
940
941
915
939
953
933
945
937
915
933
915
936
949
950
914
909
925
933
929
950
937
928
936
924
928
894
914
922
941
912
923
942
913
930
916
936
947
932
923
932
958
943
926
935
947
948
911
929
945
957
935
937
954
919
938
946
928
920
912
928
934
920
961
917
926
944
944
949
941
921
938
954
957
947
931
935
920
943
919
928
936
945
935
927
940
939
933
928
922
927
933
924
939
926
925
934
931
957
922
929
916
939
934
929
940
949
949
934
930
944
924
944
933
931
946
940
928
925
916
940
932
911
941
917
928
924
915
934
909
942
937
952
948
926
942
938
923
924
928
935
941
932
931
913
942
926
932
930
931
949
937
914
914
956
952
956
921
942
955
942
941
932
937
948
937
939
923
934
934
942
923
934
930
939
924
923
936
931
926
920
915
918
938
931
929
908
933
942
928
938
944
934
947
931
924
932
934
928
932
937
934
921
946
940
932
934
939
953
929
938
936
943
927
917
925
926
938
931
935
924
922
943
926
939
927
919
933
925
946
930
947
935
926
939
951
941
917
915
931
933
918
938
935
929
918
923
913
940
939
933
932
936
927
922
936
955
938
946
939
927
921
937
935
933
945
951
934
933
941
945
959
938
949
934
928
923
924
949
945
933
938
927
931
929
927
935
946
919
928
927
924
930
919
920
933
894
925
934
949
925
935
945
922
916
941
946
939
926
936
940
919
939
917
914
955
930
945
934
936
933
937
946
924
931
924
944
927
920
930
952
928
932
925
936
953
935
951
926
921
943
923
932
923
923
933
930
923
943
945
932
941
939
940
940
924
934
940
922
939
920
926
936
941
924
926
942
953
935
939
923
937
943
924
926
936
921
940
913
921
933
932
941
941
925
933
912
921
940
938
933
933
932
940
938
923
935
923
937
925
929
939
925
933
935
945
950
925
920
917
937
940
927
928
935
937
940
927
940
918
924
928
921
932
944
934
941
916
966
908
950
935
920
960
930
939
944
932
943
913
914
937
927
918
927
911
935
929
940
926
958
939
945
940
943
941
941
928
925
922
926
924
944
947
922
926
923
942
904
919
934
930
927
938
928
923
910
940
921
924
942
925
935
939
930
940
917
912
945
929
936
942
933
914
923
932
931
928
912
930
943
938
934
916
946
937
914
944
929
921
943
909
932
924
910
933
938
944
915
940
930
918
921
940
908
916
913
936
936
938
925
924
929
924
920
926
924
925
951
935
948
940
945
922
937
939
936
921
933
940
932
930
938
931
905
935
923
957
928
948
939
924
933
915
928
926
919
944
953
933
919
928
923
916
908
940
951
927
918
937
930
932
930
941
925
924
937
935
934
920
945
931
927
928
944
938
932
922
917
923
920
935
945
930
927
946
924
928
945
943
924
944
956
927
927
948
949
928
939
914
913
948
940
927
924
949
936
937
954
933
927
916
941
938
921
941
924
916
928
939
946
933
945
946
932
939
931
933
942
946
945
930
920
928
934
949
946
947
930
926
921
923
940
949
945
931
939
951
936
939
932
922
956
933
930
934
948
936
938
933
937
952
928
925
935
922
913
929
936
940
937
933
938
942
925
914
921
916
914
920
936
930
925
925
904
939
931
927
928
930
937
932
947
932
926
936
923
938
937
950
930
933
933
932
932
945
936
946
947
931
934
923
937
942
951
941
937
932
935
917
953
918
899
949
940
925
928
939
945
947
938
951
910
916
920
917
933
934
940
915
940
953
917
944
961
933
917
931
943
934
949
939
950
941
940
936
933
932
949
923
943
902
927
918
933
929
934
939
932
929
926
935
954
946
956
927
961
923
928
925
927
940
944
937
935
923
945
908
954
920
930
925
918
931
920
926
923
942
933
939
925
948
934
938
908
944
923
940
929
919
944
931
942
932
947
935
935
935
922
918
920
912
932
943
926
950
928
916
942
937
949
938
930
922
941
925
955
957
939
916
923
932
921
933
941
934
918
928
939
910
940
939
922
922
934
926
951
913
935
931
916
944
928
937
930
932
926
934
921
930
921
942
935
941
930
924
915
921
954
946
934
937
954
930
915
935
945
944
955
936
937
945
933
916
921
965
939
943
953
944
947
927
926
943
941
919
941
930
917
939
930
928
931
922
927
947
952
937
918
928
929
924
944
935
933
931
931
934
948
926
914
921
919
935
938
924
942
937
911
916
931
921
925
915
931
923
927
947
934
943
930
932
919
941
933
930
935
941
950
922
942
917
943
932
918
919
921
927
932
930
955
940
932
938
932
930
931
934
933
939
934
917
913
924
921
943
917
930
936
943
921
940
944
941
937
941
941
937
931
946
932
926
933
921
949
931
929
933
937
928
913
929
945
926
929
930
927
931
929
925
926
942
930
937
939
940
940
924
961
945
930
946
936
927
949
927
949
935
929
923
932
916
932
951
929
936
939
936
926
950
927
933
935
948
930
913
930
921
924
946
927
931
925
953
938
940
955
950
952
948
943
913
952
947
928
944
912
944
924
948
948
932
932
925
948
939
938
918
943
936
922
956
932
934
948
949
928
935
942
922
925
937
950
936
926
938
933
942
927
935
913
913
935
943
924
949
933
942
946
946
940
935
928
941
934
909
948
932
928
940
935
929
916
933
931
904
936
942
924
930
929
946
922
934
924
934
936
930
909
932
920
938
933
920
901
922
924
903
936
948
947
935
943
949
907
944
932
958
926
934
942
928
948
936
954
939
949
939
944
936
912
921
924
931
944
917
920
910
940
951
963
943
946
934
930
934
939
934
937
936
937
937
930
929
919
922
917
937
936
940
936
938
923
939
919
946
942
934
923
939
914
916
938
939
927
933
928
939
947
935
928
940
923
934
937
937
966
930
928
930
947
929
943
934
954
933
941
938
932
929
926
922
936
931
931
923
932
941
949
933
952
931
948
942
941
938
925
926
928
919
948
949
933
930
972
941
926
924
930
949
935
961
947
917
929
938
938
936
937
947
950
935
920
930
950
952
948
945
928
913
940
930
935
925
923
942
937
921
952
940
940
934
940
946
931
929
943
937
945
938
954
941
935
926
945
933
918
925
931
930
949
955
937
934
948
944
928
944
959
928
940
955
935
926
945
939
931
934
933
938
938
944
903
950
942
934
939
935
960
960
945
940
928
921
944
939
935
945
937
948
933
950
939
948
933
939
921
925
923
955
931
932
951
946
924
950
946
933
943
916
944
940
920
940
940
934
928
944
938
952
932
926
954
934
925
938
944
943
970
939
924
937
925
945
935
927
937
912
943
948
940
940
956
914
931
953
959
955
938
934
935
923
944
951
925
908
947
932
959
930
922
940
958
953
936
925
936
946
943
924
938
962
954
930
938
936
937
950
928
944
925
950
929
917
930
944
948
933
929
951
951
952
946
950
951
945
951
942
941
939
967
968
954
937
953
926
946
940
948
952
915
936
934
934
957
950
930
949
961
938
933
963
958
936
940
953
958
951
959
943
928
929
928
948
954
951
964
953
932
944
960
939
958
936
956
952
938
964
942
946
954
940
940
934
931
954
956
954
963
949
953
956
963
949
943
942
951
930
932
933
931
952
942
949
941
968
938
950
968
961
943
956
955
946
946
944
955
961
964
972
956
949
951
952
959
947
959
955
959
964
947
962
962
962
970
950
962
965
947
955
955
956
957
966
963
950
965
963
960
959
951
955
948
948
937
961
951
963
955
954
948
967
961
949
959
965
961
981
951
944
953
956
957
979
973
957
967
968
960
946
969
962
981
964
969
986
971
966
971
959
964
967
960
974
991
967
964
968
973
955
949
968
982
961
964
980
967
954
969
974
973
971
970
987
969
957
970
974
972
979
973
985
973
994
993
981
994
988
998
995
996
979
987
996
986
993
990
986
990
994
987
986
991
988
976
982
974
989
1001
991
990
998
1006
997
999
998
1005
1006
999
998
1006
1002
1003
1001
1007
1015
1012
1002
1014
1018
1021
1017
1017
1022
1025
1026
1025
1025
1026
1023
1023
1027
1026
1022
1028
1029
1028
1024
1024
1027
1026
1028
1037
1037
1042
1044
1045
1043
1044
1043
1046
1048
1045
1043
1043
1041
1040
1044
1048
1050
1048
1046
1048
1048
1050
1051
1054
1054
1056
1056
1056
1056
1056
1057
1056
1057
1057
1057
1057
1058
1058
1058
1058
1058
1058
1058
1058
1058
1058
1058
1058
1059
1059
1059
1059
1060
1060
1060
1060
1060
1060
1060
1060
1061
1061
1061
1061
1061
1061
1061
1061
1061
1061
1061
1061
1061
1061
1061
