1065
918
920
934
929
922
946
926
939
945
925
935
915
937
924
936
929
921
914
948
945
946
943
937
934
908
934
927
933
923
937
931
930
920
927
937
932
935
920
931
937
925
927
938
905
925
918
953
949
933
938
910
914
937
933
919
924
941
940
926
934
943
949
935
932
918
927
944
944
926
942
955
926
930
928
947
939
918
927
920
943
936
930
925
928
958
925
938
922
937
935
920
950
943
956
950
942
939
927
932
934
931
940
935
936
937
924
945
931
944
925
938
946
934
928
935
909
931
921
937
936
934
931
921
942
931
918
933
940
932
933
940
944
949
948
943
938
939
954
916
928
923
929
941
929
912
953
948
921
941
934
947
943
938
922
939
919
958
960
953
924
926
914
937
925
954
928
945
950
940
931
934
943
946
923
928
936
941
919
932
929
942
919
925
950
933
934
927
931
930
932
906
939
956
935
936
939
922
939
936
942
932
942
942
927
930
933
928
954
933
943
944
929
921
930
937
947
937
929
939
934
932
927
906
928
917
941
952
947
932
925
920
934
942
926
935
943
943
935
929
927
935
926
943
939
928
947
958
938
943
948
941
917
942
944
939
932
923
938
930
929
928
922
916
935
934
928
934
947
943
925
918
949
946
940
940
926
925
924
916
919
931
926
927
948
940
925
931
932
940
950
934
929
928
921
948
922
928
938
940
939
948
914
928
914
911
932
948
940
933
933
912
913
939
926
936
927
938
932
898
923
923
942
939
948
937
950
938
945
935
940
934
912
939
930
935
956
945
939
939
960
947
943
943
921
938
928
937
941
949
925
938
921
907
933
932
951
931
935
924
930
931
931
948
937
931
934
936
908
920
945
944
940
923
925
927
922
946
902
933
945
912
937
915
913
906
937
957
945
926
930
929
931
933
919
933
923
921
929
937
934
913
950
933
935
949
931
921
934
916
942
937
931
940
934
946
934
926
937
924
922
939
941
936
938
944
937
945
937
929
932
912
953
935
938
958
933
909
927
932
934
938
927
936
941
937
905
945
942
917
909
941
953
932
917
950
931
935
938
905
922
938
920
917
933
959
948
943
921
952
951
943
945
924
911
901
936
946
955
938
920
954
914
943
933
941
916
924
932
942
941
931
939
919
943
930
937
952
930
912
915
941
930
947
932
926
918
947
940
928
920
946
944
935
920
915
930
933
932
934
933
949
916
917
912
919
935
956
933
936
916
932
923
925
943
935
947
943
942
907
919
928
902
944
916
927
924
937
924
913
922
936
933
938
934
933
925
935
899
960
930
936
925
941
943
921
934
940
940
922
936
943
942
934
947
938
950
938
932
924
935
950
916
931
924
951
935
929
929
943
930
934
931
934
946
935
934
950
939
936
918
933
913
930
934
948
940
922
929
932
939
948
959
920
939
939
931
935
946
935
941
930
932
930
937
921
938
922
936
934
951
948
933
940
939
923
951
920
922
934
934
937
953
946
941
941
928
931
942
924
935
921
939
940
930
940
924
957
919
926
915
922
928
930
932
923
950
927
924
926
937
933
937
931
926
928
940
942
930
942
928
936
928
938
933
952
918
946
929
923
918
924
918
933
931
941
943
929
918
946
933
949
940
931
921
944
942
942
933
934
954
932
936
952
940
943
927
929
933
952
947
921
917
921
935
948
935
938
923
933
939
938
926
920
938
939
925
946
939
942
918
936
938
932
934
924
934
909
933
944
933
919
936
956
951
924
911
925
933
914
927
942
942
933
940
953
931
924
925
913
945
924
930
927
944
931
948
945
936
931
935
913
946
934
930
931
942
929
928
924
922
919
944
948
929
939
938
947
935
928
941
938
946
952
949
920
914
924
927
928
938
950
951
952
926
908
930
937
941
940
943
953
939
925
921
941
940
923
931
933
929
951
946
931
928
916
924
926
946
928
957
931
922
943
920
943
937
935
952
945
936
936
951
920
945
930
933
926
933
929
942
942
949
939
932
938
921
929
909
942
943
938
918
927
924
927
929
945
928
923
932
938
933
926
922
909
918
951
935
936
950
925
943
950
932
941
946
942
946
942
934
947
928
931
955
925
944
939
942
949
940
927
926
931
945
945
910
941
928
933
931
929
939
932
912
940
932
927
954
955
914
928
908
947
933
933
932
934
928
915
928
927
932
937
933
953
938
944
951
945
931
936
911
918
909
943
927
913
936
932
929
935
946
930
928
948
939
927
936
937
932
945
933
927
931
938
953
931
940
939
952
935
923
920
930
943
943
933
934
934
923
941
942
925
922
943
936
930
929
929
928
939
914
946
932
936
933
914
927
925
939
931
956
949
913
930
940
924
942
938
938
939
937
923
928
935
930
939
935
941
923
936
943
938
930
933
930
947
930
935
933
932
928
933
927
926
928
945
938
937
935
933
919
941
926
927
917
925
927
935
922
948
933
950
952
912
935
936
942
933
940
920
920
929
911
918
931
942
928
937
931
911
933
939
916
931
937
927
926
945
939
913
946
948
934
926
920
929
927
921
924
914
913
935
933
932
924
934
935
927
929
925
950
928
932
923
930
911
937
943
964
929
935
943
909
917
931
923
922
928
917
954
928
934
944
922
949
919
935
926
922
935
928
915
932
943
939
956
943
922
944
953
931
932
931
921
924
932
940
939
930
920
951
936
942
947
930
927
938
923
933
951
908
934
939
936
921
937
936
926
927
934
950
933
930
930
939
925
952
919
926
937
920
938
929
932
939
941
951
933
951
914
941
927
921
909
928
922
917
933
920
932
910
926
928
924
944
921
929
952
922
928
932
924
934
942
925
922
920
944
944
945
938
923
940
961
930
939
932
942
946
940
920
906
917
938
905
908
916
937
931
951
939
948
942
916
928
932
946
917
917
919
924
926
933
944
949
932
935
931
937
937
935
933
927
922
938
922
953
925
921
935
935
929
937
937
948
937
929
914
924
934
941
948
957
921
912
919
934
933
947
952
931
923
923
918
923
954
946
944
919
919
933
938
927
929
955
939
930
935
940
940
936
954
914
950
936
913
924
948
923
927
951
948
933
929
940
922
933
940
944
947
942
911
922
928
933
926
938
926
940
933
934
947
946
940
938
940
939
914
931
930
931
940
928
931
955
911
918
916
925
930
932
927
921
911
932
940
917
932
933
922
932
930
896
936
936
929
942
935
936
907
924
931
935
930
926
918
917
953
924
951
936
933
933
944
921
932
917
947
922
934
946
928
940
957
933
923
942
939
940
937
925
904
931
938
925
930
920
927
924
931
918
900
934
922
913
934
934
929
940
940
915
915
925
953
926
939
915
931
935
929
943
923
943
924
928
931
934
918
936
920
949
929
911
933
904
922
924
934
935
933
944
933
943
938
923
935
954
918
917
938
931
943
912
923
922
928
932
928
958
929
936
914
947
920
926
929
906
934
934
936
925
937
934
940
938
932
938
940
941
940
944
944
912
901
936
940
962
919
927
925
935
940
940
924
947
922
957
933
953
929
931
945
941
932
935
934
930
921
939
928
936
921
925
926
939
909
922
930
950
946
934
941
929
937
929
940
943
923
945
930
934
925
956
955
937
929
951
922
939
932
928
914
933
943
960
937
931
951
930
918
933
940
935
936
918
939
939
926
941
924
940
931
902
936
913
949
930
950
939
926
957
927
945
946
923
934
935
926
931
923
936
942
921
921
943
911
922
923
923
919
917
929
934
952
925
932
922
918
920
939
943
928
924
914
946
928
942
933
957
920
949
927
938
930
934
917
931
946
929
922
951
941
954
932
928
938
939
933
939
914
932
922
939
949
925
922
945
938
939
930
926
944
950
943
924
926
929
919
940
928
918
928
943
935
941
936
925
919
911
913
937
942
941
932
924
933
933
934
937
913
919
935
944
954
934
926
929
931
933
912
936
914
938
913
926
923
927
930
929
944
926
942
937
941
944
929
939
944
951
941
934
931
915
939
933
939
923
914
939
938
923
932
927
941
907
944
912
934
944
944
941
955
930
926
933
934
922
942
918
912
947
941
917
938
935
942
933
935
944
938
935
924
940
939
946
926
932
935
929
910
926
943
916
907
931
922
930
936
929
931
918
934
938
954
927
947
938
904
917
935
936
955
940
930
951
928
936
962
929
939
915
948
932
950
952
931
923
949
947
958
912
924
926
930
922
939
931
940
923
938
936
931
940
941
933
949
938
927
945
935
923
924
945
942
945
939
929
940
936
933
905
950
912
941
956
938
924
944
932
920
940
957
929
934
929
932
940
932
955
932
930
929
921
946
948
944
936
933
927
942
943
911
942
947
937
938
940
926
937
928
934
920
936
931
936
918
916
929
943
941
932
956
939
942
926
931
933
919
945
939
914
919
932
939
925
937
926
935
912
927
922
941
941
937
955
947
940
928
947
929
911
929
937
923
907
944
924
926
951
915
948
932
937
927
931
920
933
918
938
932
928
941
931
922
953
934
945
940
943
951
961
934
931
937
919
934
925
938
950
941
924
939
948
944
938
938
922
921
920
924
944
930
916
942
921
922
941
941
918
941
951
940
934
946
937
948
945
949
935
945
934
941
934
927
945
944
936
922
946
919
935
938
941
933
943
948
912
913
925
941
945
912
941
939
924
920
937
914
931
944
915
939
930
921
928
925
933
922
927
933
925
912
924
935
943
934
941
927
922
928
943
933
912
939
942
912
939
924
930
949
920
940
937
934
930
940
922
934
947
929
925
929
926
931
919
913
946
923
929
949
932
919
944
928
929
937
930
930
929
937
930
938
948
952
921
937
932
940
932
918
931
923
913
928
926
905
917
932
945
931
937
941
929
941
937
939
958
912
929
913
923
931
919
946
948
931
920
926
935
914
951
930
960
946
944
938
926
944
945
928
955
938
923
934
929
927
934
948
910
919
946
926
939
927
933
932
935
940
929
950
949
930
924
927
923
938
943
948
934
937
928
911
927
938
925
917
921
927
931
950
933
933
937
920
943
936
941
955
944
913
930
916
942
953
937
943
925
938
939
943
940
916
934
925
931
943
927
932
940
935
935
938
953
940
947
929
931
951
940
940
926
950
947
945
933
928
934
946
924
937
918
919
941
932
929
930
959
952
933
949
911
952
934
924
939
948
945
939
927
922
912
932
896
924
922
945
939
943
922
931
923
940
929
933
946
930
930
922
932
932
948
920
932
942
926
940
926
935
925
934
941
941
917
932
931
906
931
927
918
910
921
943
945
916
936
934
928
931
939
927
935
936
933
912
935
939
928
941
947
939
916
918
943
920
925
933
920
931
937
936
932
913
927
938
923
935
905
923
921
930
939
948
939
932
938
935
930
932
934
935
925
928
934
936
935
927
911
936
942
937
932
928
924
945
927
934
925
935
917
943
923
916
911
933
927
960
941
931
927
923
920
952
935
937
921
917
921
932
944
942
934
935
946
932
930
909
928
927
931
938
944
933
921
932
915
914
938
939
925
927
934
931
929
933
933
945
947
951
954
923
927
936
914
948
924
939
932
935
952
915
930
949
922
942
932
942
931
933
930
947
933
937
931
940
943
933
920
924
928
923
935
932
917
931
938
931
929
932
929
950
919
935
918
928
932
929
934
944
943
934
929
930
947
933
943
945
920
926
952
929
951
944
937
943
924
922
935
907
928
913
921
917
938
925
937
959
940
949
924
924
943
925
926
928
927
928
931
930
975
