1065
920
946
928
932
939
934
921
914
932
921
936
933
936
926
923
914
916
923
918
931
936
935
913
934
952
915
925
940
925
921
928
941
931
917
910
945
930
937
949
931
935
936
940
934
931
928
936
932
939
928
914
936
942
927
910
943
945
935
930
913
934
920
930
946
921
933
917
941
936
925
932
957
928
951
926
943
934
925
917
939
947
924
930
923
934
918
920
943
919
928
950
945
935
938
933
945
929
928
923
928
953
933
929
925
924
933
929
919
920
925
940
931
913
915
937
926
935
927
943
928
936
952
929
933
916
946
929
921
925
948
919
929
940
948
928
925
926
927
922
926
946
934
953
935
956
924
927
951
934
929
936
923
952
923
930
925
912
937
940
949
932
935
945
939
946
931
923
939
927
939
931
945
930
934
945
930
934
929
938
922
943
929
933
907
908
939
922
926
920
917
931
925
939
939
928
945
935
918
925
955
907
928
925
914
948
943
942
934
923
931
934
937
933
925
923
941
918
921
906
937
925
943
931
944
953
932
938
943
930
919
927
928
937
920
933
943
953
930
926
935
917
919
918
930
931
932
920
914
935
934
921
948
928
933
938
939
922
951
939
922
921
947
936
929
918
934
924
934
936
929
926
924
941
944
954
934
896
929
922
950
957
942
947
939
940
947
918
925
929
923
952
937
937
952
925
921
930
914
917
932
942
946
947
933
936
924
925
934
919
944
917
943
909
926
905
940
927
925
943
945
923
946
931
944
914
947
921
920
931
934
939
912
939
938
935
919
936
939
943
943
941
930
938
929
936
935
935
919
944
924
938
922
944
936
956
914
926
946
922
938
942
936
919
926
919
940
916
909
931
956
920
927
935
933
940
912
944
931
941
934
946
931
916
928
911
924
933
940
943
934
931
959
934
929
913
904
924
932
931
912
938
959
945
929
954
937
944
942
927
939
952
930
924
926
930
928
941
937
951
929
915
925
939
928
932
920
930
939
936
939
928
910
911
936
940
947
921
942
920
946
918
922
925
938
914
939
944
940
934
940
927
953
935
947
930
932
938
929
948
924
920
927
958
956
923
934
934
949
967
951
928
918
943
932
931
942
930
950
936
944
915
949
930
938
930
926
923
927
914
930
930
921
928
934
929
960
913
917
937
934
932
928
952
960
933
926
931
941
934
924
946
920
943
925
935
937
915
940
946
925
923
931
918
963
944
934
919
928
933
909
937
937
941
918
935
917
926
942
954
949
914
936
930
932
938
926
930
952
917
923
929
924
929
918
924
952
952
943
924
953
922
924
920
939
929
932
924
946
938
931
933
949
937
938
947
939
943
934
932
923
938
928
950
948
946
928
931
934
945
936
940
948
945
928
934
950
914
927
948
941
953
945
929
927
941
936
943
926
929
929
923
927
928
923
923
953
937
941
956
934
932
934
922
932
930
937
932
940
928
922
928
916
956
908
930
929
936
932
925
935
948
923
922
934
928
929
938
908
938
946
929
936
922
917
940
933
914
944
936
938
934
935
947
946
925
922
932
935
939
921
939
918
913
922
911
951
930
935
932
923
910
930
923
932
937
918
926
940
932
940
940
945
931
930
927
928
933
920
956
931
914
945
944
941
959
955
940
936
926
946
946
942
930
935
944
912
932
941
930
930
929
937
942
936
941
930
922
938
912
928
924
933
929
957
925
926
922
915
934
928
913
941
923
942
932
912
926
955
928
943
927
937
939
940
925
943
931
907
928
920
953
934
931
939
937
925
932
947
931
925
930
947
936
949
964
941
941
945
906
935
933
915
923
943
934
934
922
954
949
929
925
908
919
920
929
896
939
923
934
929
930
954
936
932
944
941
916
942
932
929
928
911
934
915
936
952
937
927
931
933
914
935
925
919
946
925
929
934
926
937
943
940
921
940
930
932
936
950
932
933
921
926
943
940
945
933
924
935
941
945
945
948
925
927
936
917
935
933
935
922
919
932
939
954
926
916
946
947
935
943
945
943
921
931
922
932
929
947
947
929
930
942
942
939
919
920
921
930
940
950
918
941
931
944
928
950
922
921
936
924
922
918
925
934
942
921
933
937
928
934
939
928
925
926
939
938
948
957
943
930
928
940
930
924
925
946
928
924
936
944
931
927
926
928
945
937
944
922
941
936
927
919
944
929
921
918
926
921
947
925
936
943
939
929
927
923
916
917
926
930
916
938
927
948
944
952
939
935
920
928
930
927
951
948
925
922
929
936
915
936
934
927
946
944
947
923
916
943
918
919
918
944
929
931
925
937
935
937
931
942
918
916
922
916
943
925
933
937
928
913
947
934
943
943
930
930
959
936
935
922
923
944
923
921
918
921
911
942
930
934
909
938
935
931
954
939
915
948
943
921
930
931
935
928
934
938
912
919
928
948
937
937
934
940
925
925
945
945
926
959
936
933
920
938
955
936
929
961
918
940
930
933
942
933
915
916
942
950
949
917
936
941
929
918
940
936
919
949
924
935
920
925
923
933
921
931
917
932
959
932
931
931
947
914
917
938
941
920
958
942
920
914
950
945
930
934
938
930
933
933
932
928
952
948
930
921
940
926
930
936
910
930
934
939
930
916
937
937
939
921
931
927
931
941
944
934
923
944
943
935
926
935
937
939
913
937
940
946
930
939
942
928
918
939
948
941
927
933
956
927
936
946
928
930
941
945
936
947
945
940
934
937
921
945
920
954
927
911
940
927
908
936
943
896
936
908
937
926
936
925
935
936
929
934
928
936
930
921
935
925
941
928
945
929
933
965
938
943
909
923
928
939
935
966
958
956
937
947
938
929
952
937
925
932
925
938
940
931
932
918
924
912
943
927
930
937
944
936
932
939
936
930
938
937
948
929
943
928
942
923
939
928
920
931
910
936
938
932
933
943
935
927
943
927
932
949
936
940
951
933
928
922
929
915
920
953
953
936
941
935
903
943
931
922
932
939
923
911
931
956
942
947
941
936
935
955
937
941
939
939
944
940
950
949
953
940
949
926
949
948
942
909
908
934
940
942
944
946
953
959
947
943
938
915
944
943
941
927
936
926
918
919
929
926
929
937
931
952
951
938
948
939
930
926
937
933
932
925
938
933
930
936
927
923
951
938
934
939
946
939
921
932
950
933
916
934
926
934
925
938
941
933
925
937
938
934
938
944
922
917
925
933
923
938
949
938
935
937
927
915
921
927
926
936
956
934
925
921
917
937
957
942
924
948
929
937
927
926
916
933
939
932
940
928
948
949
942
926
921
938
950
948
908
919
921
933
938
932
951
955
929
962
941
922
937
927
917
932
935
930
928
940
900
925
925
957
957
944
963
924
958
939
933
950
947
921
933
929
946
945
933
922
948
949
957
944
942
924
953
929
932
935
934
922
936
923
940
936
929
924
934
926
949
933
936
938
893
904
938
953
937
936
927
942
936
930
937
926
917
937
951
948
920
924
942
918
927
925
913
929
944
939
935
938
929
937
945
963
944
954
941
938
944
929
934
924
936
927
940
932
922
930
926
929
932
927
956
935
927
928
940
936
929
942
929
931
931
929
939
924
955
935
935
927
943
938
904
931
915
944
945
950
930
935
935
936
947
931
954
945
926
945
931
943
927
944
922
938
933
953
939
940
931
935
915
946
921
924
939
953
943
925
947
938
955
942
926
925
930
925
929
950
932
933
939
928
937
916
941
918
936
935
929
931
925
926
949
939
942
927
946
935
936
944
918
949
931
927
940
926
927
922
943
932
932
955
936
937
931
923
939
942
937
946
942
923
945
938
945
928
945
932
955
922
941
930
946
936
941
916
928
929
921
927
949
940
917
929
946
934
918
936
939
937
945
928
919
953
932
937
934
942
929
955
924
932
955
942
944
945
948
945
927
935
933
934
942
928
934
946
946
947
944
957
922
932
941
955
926
940
947
934
918
932
900
929
933
937
926
953
920
932
932
951
959
950
924
937
950
925
939
957
963
949
941
942
934
942
937
942
939
931
929
921
955
945
938
958
931
958
937
925
959
922
915
918
935
910
950
913
951
937
930
963
937
951
924
933
923
947
943
933
942
952
949
918
951
938
937
953
925
937
930
936
924
946
940
941
945
914
939
941
941
933
960
934
947
939
911
943
948
922
929
932
937
948
952
926
935
945
927
940
936
931
940
938
936
958
938
936
914
915
910
938
958
949
945
937
940
954
940
937
934
938
927
941
939
937
921
938
946
949
934
937
940
960
901
944
937
899
939
940
930
935
950
933
936
937
940
928
943
917
933
932
935
928
939
937
929
927
928
926
945
951
936
919
931
926
918
952
926
941
947
932
942
891
949
933
954
933
942
937
940
937
936
942
938
940
940
930
938
925
948
928
942
942
939
956
938
943
951
938
927
938
934
912
907
944
930
933
922
936
933
952
948
931
940
938
943
931
957
938
936
936
971
932
937
932
947
944
947
947
944
966
923
930
930
944
920
945
930
909
939
917
910
941
938
961
921
947
944
916
936
951
951
937
933
920
929
934
926
941
924
945
943
932
930
927
938
957
949
926
938
926
955
928
936
941
931
942
936
931
957
931
949
951
948
933
943
932
947
935
932
937
936
949
929
937
924
938
967
944
938
924
926
943
928
941
926
932
938
962
952
929
942
935
953
942
929
952
927
942
945
942
950
954
943
942
940
930
942
926
923
928
926
943
934
947
925
932
955
948
930
923
931
926
933
941
937
932
940
940
937
947
940
935
926
954
944
956
947
930
938
945
939
945
942
933
930
955
943
950
940
929
943
917
937
926
939
948
925
947
925
946
930
928
943
942
962
952
944
930
936
922
933
925
925
936
927
937
941
930
939
946
943
933
945
936
910
928
954
939
931
935
945
960
958
956
949
918
921
930
932
948
943
938
924
933
928
931
940
929
904
948
926
953
946
924
928
939
943
948
932
959
935
945
941
932
928
954
953
947
932
949
947
928
922
942
941
925
932
928
917
958
912
924
928
938
946
938
947
912
930
946
942
925
943
955
963
942
966
933
922
924
935
922
926
947
944
917
962
945
959
911
951
936
943
935
920
928
955
948
954
950
926
937
938
933
938
952
939
939
931
948
943
952
933
940
959
948
930
958
950
934
927
947
959
945
949
941
929
924
946
947
933
934
943
954
939
938
915
950
941
948
937
930
941
951
951
935
944
938
960
946
940
927
931
930
960
950
955
944
941
947
946
949
946
932
936
954
953
957
963
946
956
934
956
936
947
956
948
937
940
942
940
947
953
940
943
946
943
954
949
944
950
958
951
943
940
938
938
930
955
937
952
943
935
942
956
962
952
949
945
945
948
936
943
968
946
934
920
965
948
967
945
953
939
936
939
936
943
946
953
966
952
951
956
963
938
938
941
954
939
925
944
933
959
959
958
934
934
949
945
953
942
959
959
957
962
963
949
959
960
966
936
955
946
954
966
944
956
959
958
951
969
956
960
958
985
961
953
974
943
961
958
958
958
947
954
955
968
960
967
965
962
954
953
967
949
958
952
974
981
962
946
950
979
966
972
981
973
971
971
986
979
968
971
979
966
981
977
990
962
978
978
973
985
975
989
972
990
972
968
987
986
976
987
990
992
992
985
984
979
991
982
993
983
979
981
990
997
987
993
1008
1009
1007
1009
1006
1005
1010
1017
1019
1019
1021
1021
1026
1022
1022
1026
1031
1035
1033
1035
1036
1041
1042
1043
1043
1045
1049
