1065
919
916
940
932
914
936
930
931
906
950
927
923
937
915
931
947
949
927
940
946
927
931
945
947
926
925
918
944
913
944
945
933
928
923
925
931
942
950
915
935
919
920
922
934
942
919
944
907
916
934
944
929
917
930
943
942
935
920
940
926
926
936
928
933
940
931
939
933
933
938
931
928
936
915
929
901
945
916
938
936
941
927
933
948
924
944
949
923
924
943
931
938
923
923
939
942
955
931
929
949
919
943
938
924
936
935
919
916
931
936
919
918
908
931
934
934
927
938
937
939
923
927
934
925
923
955
935
930
937
934
927
935
922
927
925
929
917
921
941
925
944
937
923
942
924
940
942
951
922
918
956
926
934
930
924
930
942
946
929
939
917
922
950
936
924
927
927
936
932
935
953
919
952
932
930
947
945
928
923
935
925
940
921
921
927
929
934
921
916
942
914
923
938
944
905
936
919
933
921
935
932
932
937
925
937
928
940
919
929
923
906
932
929
946
928
948
928
933
927
913
927
936
933
932
950
930
931
961
943
950
947
932
926
942
910
923
921
944
940
941
927
927
923
933
940
937
922
944
941
948
951
936
939
921
952
942
924
915
921
915
923
951
934
917
932
935
925
935
926
938
942
927
919
954
945
942
937
934
929
935
922
922
923
933
925
933
948
932
941
952
933
926
927
929
912
920
915
933
941
936
945
933
911
917
916
923
929
950
943
924
919
926
937
932
931
928
921
933
933
930
921
940
926
938
930
941
927
952
929
942
940
920
933
938
938
953
931
925
935
941
924
926
920
940
934
941
931
924
926
930
931
930
931
940
941
927
936
921
925
939
919
956
930
921
939
935
950
937
929
949
936
934
930
922
941
942
925
944
928
918
929
944
955
932
939
925
907
913
941
936
948
947
908
926
921
940
935
926
931
947
939
933
913
922
932
951
941
934
935
925
946
935
942
928
944
926
943
930
935
942
936
936
944
934
923
932
943
947
921
931
932
935
936
932
920
922
908
934
913
943
928
939
923
944
930
929
922
921
948
955
940
933
936
935
914
928
933
934
924
945
948
924
936
940
954
959
937
944
923
932
933
932
954
935
928
945
926
921
945
945
946
932
927
943
933
919
928
930
916
943
935
950
935
933
926
948
954
926
943
947
949
952
934
925
920
928
940
947
938
957
932
941
934
943
917
940
936
941
927
916
930
941
929
919
937
936
925
932
936
929
940
945
937
930
931
921
932
944
944
932
941
944
945
937
953
939
923
940
925
929
939
944
932
932
945
946
930
936
918
924
936
935
944
932
934
935
967
909
926
918
923
928
940
922
923
932
936
951
938
940
924
938
938
922
932
947
943
938
939
942
933
916
933
956
927
930
941
935
932
920
923
917
932
949
925
920
940
922
932
935
931
941
924
952
922
952
948
937
939
924
936
936
942
929
935
933
930
912
953
933
935
943
939
937
950
955
932
928
929
943
940
937
935
933
929
947
932
924
920
931
949
939
955
912
924
932
943
947
942
929
934
946
919
914
924
944
922
921
923
938
932
926
925
923
933
922
931
926
933
926
931
918
916
932
949
944
945
938
927
954
921
930
946
921
914
951
913
922
930
919
949
940
929
924
934
932
939
940
959
930
939
933
920
914
935
945
942
930
939
913
930
932
938
921
944
950
934
931
937
947
943
928
928
944
939
923
924
938
943
923
939
941
915
906
914
929
936
939
941
924
934
940
933
926
939
917
924
949
916
929
954
939
932
939
940
936
933
935
949
927
952
937
935
926
929
947
916
937
943
929
934
916
941
955
940
937
931
939
939
932
927
937
936
929
916
929
934
928
934
931
927
920
930
929
927
930
957
924
921
948
932
929
941
921
951
944
920
927
953
943
952
931
915
930
930
933
950
954
938
951
930
935
922
920
930
932
944
928
916
925
943
930
927
936
942
918
927
935
939
940
947
946
925
943
924
942
947
898
932
928
936
943
944
933
945
935
922
932
942
931
920
909
951
936
941
932
925
916
925
941
921
943
931
939
927
946
935
952
925
942
930
929
936
942
918
936
922
914
955
941
950
945
946
926
950
937
936
936
920
928
928
954
916
922
945
920
922
928
922
947
914
954
921
922
916
945
947
926
935
929
924
944
919
946
919
950
924
913
934
934
957
934
929
919
928
922
920
949
933
945
933
924
945
938
948
935
943
948
932
932
965
938
915
926
932
954
938
926
946
941
940
951
934
925
952
926
936
929
936
942
941
954
939
942
924
961
933
928
934
934
947
975
943
942
924
934
927
917
927
944
924
923
941
904
961
934
931
912
930
921
929
931
926
935
929
938
928
916
912
922
930
922
937
936
928
943
939
909
932
934
945
923
942
938
944
939
921
911
929
918
936
936
937
939
936
918
915
920
954
933
925
923
928
933
937
933
935
941
938
934
928
945
930
932
943
918
926
937
934
935
941
929
915
941
929
917
931
936
922
925
953
936
927
928
926
943
919
933
935
902
938
915
917
925
924
940
958
930
921
923
912
908
936
934
946
946
925
923
948
933
942
924
946
927
919
940
928
953
938
934
931
938
934
935
942
930
940
919
932
931
940
949
938
923
920
946
942
947
921
917
936
924
930
918
938
955
930
929
939
917
936
932
916
901
902
935
938
939
936
931
945
918
932
941
939
938
911
935
931
931
928
950
947
951
941
949
919
942
951
947
918
951
927
923
936
911
944
930
928
929
929
915
927
932
918
923
915
909
947
946
938
939
927
952
945
924
927
944
933
943
917
936
937
941
936
951
931
943
933
950
939
941
927
932
952
943
952
917
921
913
923
934
925
915
939
939
947
946
918
939
915
928
912
942
954
932
925
924
916
939
938
942
936
944
924
933
922
920
935
940
927
936
926
931
931
938
928
926
939
936
936
939
913
926
933
931
938
926
944
921
925
930
926
921
952
933
946
931
932
948
942
939
926
940
938
943
929
916
952
936
944
927
918
922
945
925
936
937
943
942
935
919
918
941
921
946
938
939
950
933
939
932
938
915
923
941
914
937
940
930
950
926
940
938
956
941
917
912
916
936
928
923
923
936
931
926
916
909
943
921
933
933
948
928
931
929
944
936
940
933
922
928
940
957
947
918
936
921
935
951
955
930
954
933
931
954
932
970
957
934
934
938
939
945
930
932
951
924
938
943
933
938
947
935
917
928
920
914
919
934
936
922
937
943
920
941
934
937
934
939
950
928
929
945
927
919
928
945
955
944
929
935
933
906
931
928
937
931
927
932
927
935
956
907
936
939
923
940
929
948
940
907
927
931
924
951
926
941
937
947
939
935
945
932
941
962
947
925
943
922
938
952
949
924
937
936
949
939
929
920
937
926
923
938
931
925
926
948
938
936
918
955
926
942
939
931
949
945
942
922
923
934
934
922
935
932
940
931
937
939
932
911
937
932
942
916
937
936
936
940
939
942
925
914
943
936
944
942
924
921
933
932
935
930
940
936
952
954
942
950
945
932
941
961
950
947
937
946
937
936
924
949
927
944
931
934
926
938
909
935
930
939
930
931
950
922
941
912
934
942
931
933
952
932
933
944
946
935
931
953
942
922
934
952
925
934
944
936
932
949
915
911
936
925
943
941
932
952
936
922
937
918
938
934
934
944
947
933
920
945
937
914
930
929
933
937
953
939
947
930
910
925
943
944
944
944
919
947
932
954
934
931
951
937
951
941
947
939
915
918
932
944
938
952
924
895
933
938
940
934
929
931
950
936
927
912
928
920
937
920
947
938
943
940
944
919
920
935
949
942
914
939
931
942
918
930
949
930
925
921
943
927
933
930
931
928
933
956
938
941
925
919
931
954
943
925
942
920
947
945
941
946
928
933
960
923
925
935
935
943
933
946
936
937
929
928
913
930
928
958
946
923
938
923
928
914
934
921
933
923
926
936
932
949
927
916
936
922
947
942
944
930
925
892
947
943
935
949
939
931
945
950
942
933
920
926
944
930
935
935
942
931
944
929
949
957
946
931
936
931
944
944
937
953
950
937
934
937
928
965
933
932
941
938
941
928
964
938
929
943
943
932
924
915
934
936
938
930
937
960
951
940
932
936
943
940
930
954
942
927
916
923
934
946
938
921
934
919
933
938
921
934
944
938
948
939
957
929
927
930
932
954
936
932
930
965
934
935
929
947
937
928
952
936
931
936
952
926
937
933
933
925
935
934
948
949
935
929
915
937
934
930
924
941
931
930
938
930
942
950
944
946
941
927
947
947
933
910
939
948
927
939
908
932
928
966
943
943
924
931
932
937
929
933
962
936
936
931
956
941
954
942
938
940
937
945
935
936
918
921
946
949
939
944
922
951
931
937
944
937
933
945
922
932
936
931
944
933
946
944
942
936
941
934
934
926
913
925
942
929
948
923
934
925
923
939
944
913
935
944
917
931
941
948
945
944
924
916
944
943
931
928
933
934
941
925
939
956
940
940
933
916
925
945
943
954
933
949
933
929
927
896
934
933
949
937
927
940
939
944
929
943
937
933
933
945
933
938
955
952
928
939
943
937
951
949
933
913
927
942
923
932
933
933
932
917
924
925
926
937
931
942
929
945
932
943
940
948
951
906
922
945
943
946
961
929
930
951
929
953
942
946
938
940
938
954
927
937
942
913
949
931
916
937
937
931
957
943
950
940
926
923
922
926
936
951
926
933
942
940
939
937
941
954
942
937
950
941
928
913
946
935
937
939
948
944
937
916
929
936
937
925
931
935
940
926
941
938
935
933
949
946
947
921
939
944
914
954
928
936
929
929
929
936
944
948
943
941
936
954
949
934
927
930
936
947
949
939
935
950
936
952
931
943
938
933
936
939
948
945
950
946
948
948
960
948
933
947
924
914
934
920
939
938
938
939
929
932
938
921
939
964
922
921
935
928
956
941
945
933
925
943
941
929
937
935
962
933
941
952
952
922
945
913
944
948
923
946
937
937
914
924
945
934
922
932
940
957
921
952
947
955
949
940
951
938
939
945
948
932
914
932
948
922
950
944
951
943
936
946
937
933
928
934
928
924
941
944
937
949
936
936
944
945
944
938
946
936
944
939
947
933
943
954
946
950
938
934
933
927
959
939
934
946
935
937
967
954
958
930
947
952
945
933
934
964
947
953
940
953
943
945
943
950
931
943
950
954
956
930
927
933
939
955
944
961
949
961
924
921
946
941
950
957
942
957
958
926
956
929
945
964
958
955
956
952
943
952
949
946
940
940
951
952
964
947
942
973
952
954
949
952
952
957
964
943
954
924
954
954
951
949
947
954
940
938
950
957
959
937
963
954
923
948
932
928
947
942
952
945
950
934
941
943
937
942
946
942
938
938
956
955
945
942
942
953
945
950
955
951
950
951
960
957
959
964
950
934
938
960
950
956
946
947
944
957
956
949
959
950
965
944
956
955
958
950
937
947
951
962
962
970
940
941
963
942
954
956
951
959
954
964
979
958
962
975
953
947
968
971
979
964
959
959
976
970
964
967
972
957
973
966
966
955
969
962
979
982
959
967
981
975
977
982
987
987
966
975
981
967
968
968
971
973
975
969
980
971
986
988
987
995
990
985
978
989
980
987
989
988
989
979
983
975
990
984
997
996
994
993
985
995
999
995
1010
1012
1001
1006
1009
1017
1027
1021
1018
1020
1022
1026
1030
1032
1031
1031
1032
1035
1040
1040
1041
1044
1044
1046
1046
1049
