1065
922
933
928
919
939
942
911
915
928
927
946
918
931
917
932
926
924
920
958
934
932
936
946
943
935
930
941
921
934
919
952
926
941
924
929
932
928
921
924
923
944
913
941
918
934
934
954
932
953
915
919
927
961
937
935
915
941
959
934
933
938
912
945
939
940
935
946
952
936
925
947
946
918
914
937
931
918
930
926
936
942
929
908
927
918
944
938
926
930
928
935
915
935
920
937
938
943
953
919
942
939
926
936
935
912
916
918
948
937
921
932
912
951
943
949
938
932
920
920
944
959
942
948
909
928
930
934
924
945
923
951
918
950
944
927
911
920
903
932
937
953
931
943
914
944
930
928
927
933
942
927
927
943
937
958
951
939
921
918
944
932
955
923
943
938
932
927
943
937
927
938
939
937
932
941
935
954
945
940
954
935
949
942
953
919
926
937
937
954
935
919
940
933
947
918
925
910
932
934
943
929
912
918
934
936
944
929
909
927
939
950
949
950
924
935
927
938
915
920
929
927
942
958
932
930
946
921
939
938
928
936
942
929
927
931
931
950
930
931
936
910
935
924
939
933
958
955
937
953
940
938
918
929
943
933
929
929
953
946
942
928
925
940
928
935
942
939
934
949
954
929
919
944
929
941
929
941
936
920
928
963
940
923
922
922
945
943
928
925
930
932
932
940
913
915
946
951
932
924
940
928
921
921
930
931
922
932
928
934
921
934
942
914
951
943
923
938
915
928
954
917
935
932
944
941
945
935
944
926
949
923
942
952
937
937
935
924
919
908
945
940
936
916
926
936
906
936
909
922
945
921
934
928
926
930
939
933
934
937
930
933
935
940
934
926
937
901
933
926
924
926
931
961
931
933
950
933
927
930
950
947
947
945
933
924
920
928
918
924
922
942
942
941
935
920
918
949
935
930
944
935
940
940
931
946
939
931
941
938
917
923
941
923
917
938
935
929
950
919
912
925
932
914
918
932
940
928
935
937
933
930
914
927
931
933
946
915
924
929
936
938
924
939
945
928
946
945
923
937
935
935
925
932
944
940
924
940
934
921
944
940
940
918
925
917
922
928
940
956
945
931
932
938
944
952
939
946
923
922
929
953
912
942
938
924
941
919
920
943
934
946
927
925
923
928
938
945
935
927
914
927
949
950
952
926
948
934
939
950
963
919
910
942
925
925
943
934
940
926
940
938
930
928
936
927
919
937
943
937
926
937
938
949
945
932
965
947
926
932
932
951
930
926
926
947
930
925
927
952
933
935
941
926
923
923
949
931
924
935
927
943
936
943
937
922
909
936
946
958
951
921
945
957
933
957
915
928
932
920
936
949
911
948
954
913
935
914
936
903
927
928
941
953
942
930
927
921
943
925
947
933
927
904
929
918
913
883
915
931
939
937
959
920
919
919
942
936
927
934
926
931
950
940
931
930
940
916
924
938
942
945
929
948
943
949
935
933
933
939
906
944
908
941
911
943
928
931
942
933
943
919
929
916
934
950
920
935
933
923
951
932
942
936
927
928
939
939
929
923
939
901
931
941
924
926
922
919
937
941
950
924
927
922
932
932
930
945
955
927
941
936
931
935
948
937
944
947
934
930
935
939
931
933
932
917
946
937
947
936
940
934
940
910
940
954
920
939
966
965
935
915
916
938
945
927
939
909
933
932
942
921
951
928
913
928
931
911
912
940
927
945
945
928
937
926
921
919
949
940
951
944
927
932
927
931
924
934
938
929
936
928
938
928
960
932
930
930
949
924
926
945
930
919
932
938
941
934
921
931
934
932
941
946
922
936
947
950
939
927
920
925
922
944
938
934
937
911
927
935
944
938
934
931
912
951
931
934
925
930
937
936
948
925
950
943
944
940
948
927
950
938
954
944
926
941
897
913
945
943
953
959
929
941
952
928
921
936
922
931
927
910
945
921
938
941
930
939
926
932
923
935
926
933
907
927
950
931
937
912
947
929
936
928
944
952
939
936
916
927
936
937
949
939
934
937
933
920
911
943
944
943
944
936
942
927
916
920
915
924
940
933
923
939
928
948
936
924
917
929
918
937
930
939
920
936
937
945
921
950
927
928
923
917
932
928
931
938
935
936
924
910
930
944
942
923
931
914
935
918
933
947
927
924
917
928
933
920
948
955
933
946
938
935
939
932
936
936
919
919
924
934
928
948
934
930
928
922
936
937
947
940
915
927
937
937
922
950
933
951
944
955
929
945
938
913
944
927
926
933
924
934
920
947
931
938
941
932
932
944
934
947
943
927
936
939
941
935
953
935
920
936
937
934
932
930
929
923
937
937
932
945
930
926
957
936
958
925
942
925
923
925
941
938
945
931
940
927
944
930
938
928
938
921
958
935
938
938
931
931
938
928
928
926
945
938
938
934
946
927
929
950
941
938
905
936
924
960
946
933
909
936
937
945
945
920
931
951
939
929
941
921
917
926
941
923
940
916
914
920
919
928
940
937
933
952
939
923
932
932
939
931
936
924
935
909
928
916
958
924
923
912
935
940
951
931
932
910
935
942
930
929
921
938
955
941
949
940
926
942
926
936
943
936
941
960
943
954
946
926
925
927
923
913
926
933
932
938
923
929
928
938
937
935
939
936
919
937
934
937
910
927
928
938
931
934
926
951
945
918
928
935
941
931
941
948
921
931
926
926
916
934
925
925
940
929
919
938
929
949
935
935
923
934
941
948
942
911
928
940
938
939
912
942
958
939
917
943
932
948
923
930
944
940
941
932
943
941
952
943
917
939
928
935
920
929
922
931
927
912
943
939
926
940
940
924
945
943
943
940
927
952
937
940
919
914
920
933
931
936
921
938
923
916
926
932
934
950
927
951
948
938
939
946
954
944
936
930
930
952
931
947
934
920
940
919
933
924
927
934
927
940
925
944
952
932
959
940
941
942
948
942
916
912
936
933
928
947
936
932
917
941
936
940
938
944
944
944
949
922
928
938
939
931
940
946
914
928
937
951
920
935
944
943
925
932
938
919
932
919
933
933
939
944
928
944
923
926
947
939
946
940
931
923
943
924
939
920
935
933
935
931
939
947
916
933
941
941
939
956
925
920
934
936
935
947
946
929
938
946
922
947
938
942
920
935
908
932
934
943
939
940
927
924
939
934
931
924
933
946
950
919
925
914
929
908
929
942
949
935
920
941
935
939
945
953
935
931
943
945
937
940
941
919
916
929
945
927
917
921
930
933
942
930
930
921
919
942
918
948
929
938
926
939
922
937
934
932
954
953
953
947
936
947
925
941
934
930
932
954
954
961
910
954
942
931
916
929
933
946
931
939
924
916
930
914
935
951
938
954
934
934
942
930
918
924
924
914
934
932
912
908
939
910
937
949
933
953
941
927
916
930
925
946
915
936
951
938
922
917
937
936
919
957
930
922
937
924
925
913
923
953
944
937
922
930
919
936
917
933
940
942
950
946
919
942
931
940
909
946
934
928
934
924
951
943
946
940
953
939
935
934
958
946
926
921
927
916
955
947
932
921
944
924
902
921
938
939
939
932
929
905
920
928
937
929
929
930
925
920
937
913
919
925
958
940
931
936
913
926
925
929
946
927
921
919
924
919
942
906
916
932
927
940
920
930
936
937
930
916
927
932
923
935
937
948
954
946
935
930
930
944
949
933
926
927
930
932
922
934
924
931
934
930
919
935
955
936
931
937
951
943
929
925
932
927
931
934
922
933
932
912
929
932
936
915
950
926
943
935
928
944
947
925
920
929
917
931
917
927
934
927
910
912
934
943
928
916
916
947
946
933
940
928
948
921
938
941
939
945
913
943
944
942
956
927
934
934
949
930
920
922
925
936
937
946
944
918
911
943
926
925
932
932
957
943
934
943
947
933
936
923
925
923
935
923
943
947
930
942
934
919
912
928
936
945
926
953
934
933
930
952
940
947
911
926
954
929
931
911
926
931
953
944
941
939
937
928
929
925
939
939
941
936
938
942
925
931
950
925
928
930
939
949
925
928
936
944
913
943
939
919
926
933
946
953
934
923
917
932
926
937
933
945
943
956
914
918
933
923
921
946
948
956
935
938
917
955
928
933
940
942
933
949
944
949
937
931
937
947
955
916
936
940
934
929
927
945
920
941
951
950
931
940
940
918
951
949
920
942
933
940
943
928
948
943
939
930
939
945
928
935
919
957
942
957
934
930
932
925
936
931
929
932
962
933
922
933
941
937
918
936
960
924
939
938
930
939
954
944
939
928
943
950
937
932
930
944
945
933
935
921
916
952
939
937
931
935
939
935
944
936
948
924
949
949
932
933
917
934
930
934
945
965
941
928
929
943
952
957
941
924
920
935
926
943
958
960
939
928
950
921
932
947
942
926
960
945
944
926
940
948
941
921
930
918
933
935
948
951
931
936
927
946
950
939
940
951
934
933
944
955
929
927
929
931
929
929
940
928
945
926
930
947
945
930
934
947
937
940
929
928
933
936
945
951
936
943
948
932
941
934
936
913
935
926
934
912
937
942
955
951
935
963
939
956
927
947
951
937
936
924
934
938
919
933
936
923
943
959
941
943
935
936
944
946
946
942
935
923
932
938
951
929
946
928
936
960
929
938
940
935
950
943
959
935
931
924
938
954
949
958
959
938
935
942
940
923
937
951
926
951
943
955
942
944
936
940
927
933
928
910
952
965
953
929
930
930
948
941
933
915
932
934
931
952
964
942
942
948
937
949
937
928
947
940
915
953
934
946
947
946
933
932
940
943
925
939
937
945
920
923
952
941
931
945
937
949
941
954
963
930
921
920
935
938
931
955
948
931
923
940
947
955
938
923
932
950
942
950
930
937
950
942
947
949
938
935
943
933
941
924
936
930
954
945
951
930
945
925
955
948
943
939
929
951
941
939
929
932
935
947
948
946
942
962
946
936
935
942
952
936
935
918
914
935
939
952
940
948
946
936
944
931
958
954
919
945
952
928
940
935
945
929
922
939
916
917
934
935
925
943
927
955
934
928
939
938
955
943
955
956
943
948
933
948
935
928
927
954
944
924
957
947
957
922
946
938
932
954
956
934
945
950
929
937
931
937
962
939
943
966
948
944
966
934
966
932
939
941
926
949
958
940
932
952
948
961
970
943
941
945
933
961
955
944
949
945
932
938
935
942
952
931
938
947
934
945
944
959
935
951
955
930
918
955
947
950
953
950
953
945
931
927
954
952
935
951
940
963
961
940
949
915
930
940
961
953
936
952
948
945
948
939
947
942
927
934
949
930
944
949
944
938
942
934
945
951
930
938
928
963
937
947
955
955
967
937
933
936
936
934
943
949
934
951
942
955
952
958
944
937
950
956
955
949
964
961
963
946
944
948
945
941
958
969
940
945
949
952
960
961
957
960
964
961
959
962
969
964
965
969
948
964
953
946
939
958
975
944
943
959
953
972
947
966
950
952
965
945
959
954
958
958
951
949
948
959
972
973
953
953
969
966
961
959
948
966
958
955
926
954
943
954
960
974
957
957
960
960
969
964
954
968
980
967
963
963
965
957
979
967
958
955
949
953
967
973
975
990
992
981
982
974
966
974
977
960
968
978
973
981
967
965
975
973
978
967
982
994
974
986
975
983
978
988
1007
1001
1006
998
1001
995
992
1003
1000
1009
1012
1004
1005
999
1000
1013
1013
1019
1021
1021
1021
1025
1024
1032
1031
1034
1041
1043
1042
1045
1045
1045
1045
1046
1050
