1065
921
930
945
932
939
943
943
927
916
932
947
944
914
936
939
918
924
925
919
929
932
945
928
937
929
946
951
944
916
937
934
937
934
931
935
941
932
937
940
938
913
925
956
938
913
915
946
943
946
916
929
935
925
946
940
937
920
932
925
937
962
938
933
940
937
930
932
941
939
937
937
917
944
937
949
912
926
921
934
949
939
930
937
940
932
943
950
957
909
921
927
927
946
926
954
931
931
932
933
937
950
938
927
942
940
940
934
943
946
958
947
915
923
949
921
902
908
945
945
939
947
932
929
921
929
941
934
936
935
936
936
933
926
922
941
952
947
930
956
931
934
928
926
937
947
923
932
954
931
947
923
944
928
918
922
923
931
925
928
931
947
947
961
936
936
917
936
935
929
934
930
920
927
949
923
917
923
916
899
928
948
930
931
909
921
929
924
917
934
920
921
949
940
936
946
927
938
931
927
931
911
930
943
923
929
931
934
919
932
942
925
915
931
928
944
929
949
931
918
927
956
919
931
928
942
939
947
928
953
928
929
934
921
949
922
934
926
909
926
931
934
948
946
925
927
942
947
931
939
938
933
912
942
934
918
927
927
936
938
931
930
940
931
933
928
921
941
941
940
953
949
918
933
939
926
929
922
927
941
921
928
935
917
940
935
934
934
926
924
938
907
924
931
934
931
946
946
934
928
931
937
934
911
919
932
934
927
943
920
934
918
934
922
931
934
950
921
937
933
936
925
936
913
928
925
935
930
930
930
932
944
925
932
934
919
927
936
939
944
936
936
932
917
927
921
939
921
891
922
935
927
936
937
931
933
926
934
935
927
951
928
922
894
931
909
922
915
942
962
938
936
943
924
923
924
938
945
939
923
935
936
912
919
939
924
926
951
928
921
948
925
936
940
937
924
930
930
934
931
918
930
944
923
918
932
922
923
931
926
942
942
955
913
943
915
934
920
948
932
933
946
935
934
940
914
941
951
917
938
924
923
934
939
923
920
930
936
928
936
921
922
930
930
911
927
950
951
932
946
933
950
928
928
954
930
915
912
930
926
919
954
928
924
918
927
951
924
953
940
907
928
920
939
927
929
940
924
912
934
929
943
943
941
925
916
927
924
930
916
916
940
960
934
927
934
937
943
960
934
938
939
918
948
933
938
912
930
923
924
927
934
921
931
946
946
914
906
936
940
924
946
934
930
936
915
922
931
913
933
955
956
941
933
949
931
934
935
934
923
919
923
936
929
932
925
910
943
939
928
942
934
935
928
937
928
951
942
935
951
931
914
938
919
921
933
938
915
934
929
909
950
922
936
919
925
928
945
952
937
910
916
937
950
944
945
952
941
941
916
942
930
927
935
938
946
935
939
918
945
927
930
951
937
916
932
954
920
916
916
931
918
924
918
939
931
937
924
936
932
927
921
949
933
933
939
935
941
941
934
930
909
942
948
939
945
936
945
921
933
949
932
923
938
933
949
937
931
929
938
922
929
936
942
929
949
942
938
932
942
956
924
924
941
940
939
932
936
944
949
926
931
936
928
929
928
940
943
924
919
927
936
929
941
926
932
941
927
915
944
926
913
921
923
949
925
929
949
947
944
934
917
947
931
931
928
943
930
964
948
931
942
939
931
937
933
944
947
927
939
942
936
931
940
934
944
940
953
933
938
922
940
924
929
938
933
934
921
943
947
926
941
900
951
932
942
932
949
922
934
939
948
923
929
918
925
937
937
930
933
954
937
930
950
957
929
932
941
920
935
916
929
945
932
924
918
950
942
934
924
922
929
944
931
943
938
932
922
938
939
940
942
934
936
939
921
928
924
934
930
946
934
935
952
923
926
939
936
928
927
937
938
926
942
938
930
928
925
948
927
930
923
930
928
906
932
913
937
941
959
928
925
952
936
962
938
940
935
916
927
911
909
924
921
921
937
916
937
926
925
927
951
938
937
936
924
920
935
934
919
926
955
925
938
949
926
939
918
941
965
944
937
925
932
949
932
918
928
949
907
931
935
921
932
939
939
929
928
931
946
933
946
950
911
942
934
961
942
938
946
923
911
933
931
954
930
945
903
933
930
956
941
946
922
924
915
931
943
929
954
931
939
930
949
950
922
961
940
959
940
932
951
939
907
913
951
937
918
921
960
945
941
938
945
944
939
946
934
926
923
946
935
936
959
941
927
935
933
961
928
937
951
919
936
910
933
951
942
915
946
933
928
915
940
928
936
946
945
942
935
930
935
931
932
931
930
936
939
953
938
930
944
937
950
945
931
951
926
927
935
936
930
933
921
934
943
940
937
936
914
945
937
945
953
946
940
927
949
938
924
949
949
945
944
927
959
937
944
941
928
930
933
940
925
935
925
936
947
930
924
934
954
930
969
935
924
943
940
921
929
955
939
929
952
953
925
940
947
942
944
951
951
924
937
914
941
946
947
933
946
942
961
954
942
943
945
929
936
914
944
935
925
926
946
923
936
936
941
939
942
926
935
946
927
932
941
919
930
924
925
936
936
938
946
935
928
944
946
941
948
926
920
954
939
908
945
928
922
939
933
936
925
916
925
946
958
933
939
943
942
949
951
941
940
944
923
945
922
933
930
929
938
935
942
944
955
939
930
934
937
936
930
962
935
927
938
934
947
962
939
952
957
933
936
941
924
923
932
935
935
952
954
953
942
951
929
939
930
939
936
962
943
939
932
934
940
931
922
931
932
947
928
941
943
946
949
948
925
941
943
940
931
931
942
950
940
950
936
951
939
930
948
946
934
931
932
929
932
932
927
934
924
924
946
960
948
948
921
924
895
930
941
937
948
935
955
939
939
949
954
948
956
944
941
935
934
945
930
942
949
938
933
933
922
951
951
933
932
950
953
931
940
938
927
935
938
917
925
968
945
950
931
947
956
949
917
941
949
931
955
922
935
951
957
945
947
951
933
930
958
921
946
920
935
952
934
940
948
931
948
929
942
939
926
929
934
928
942
936
944
938
954
934
921
935
951
938
951
946
948
932
923
934
947
938
955
924
946
955
929
946
950
934
944
951
933
937
938
944
926
947
940
939
940
957
960
947
938
950
944
936
941
918
966
929
953
956
954
936
935
947
939
941
948
951
930
917
934
934
935
940
945
945
939
948
932
936
946
934
956
948
944
951
957
952
962
933
948
941
951
949
941
964
960
942
934
936
951
951
937
948
946
938
938
946
955
932
935
944
946
958
950
952
951
940
946
933
953
954
952
919
936
963
950
941
952
962
956
928
931
949
947
950
933
931
940
934
928
928
936
958
940
951
950
952
947
945
931
946
940
949
954
968
941
940
934
922
953
951
948
937
936
936
933
936
931
933
939
940
958
946
967
957
950
949
944
950
930
952
940
937
921
940
946
938
926
941
938
945
943
927
929
931
928
965
928
946
940
948
946
943
922
943
946
936
952
949
958
957
952
953
942
929
954
946
938
938
920
952
961
963
956
953
949
958
937
941
949
934
926
936
936
942
954
943
946
948
939
942
940
935
923
925
947
971
943
943
950
953
928
933
949
958
942
951
954
957
946
953
959
959
934
949
946
945
946
934
944
930
958
964
945
936
958
953
943
946
956
938
946
940
946
951
939
949
944
948
963
953
940
956
938
967
966
968
952
935
959
955
931
929
944
961
956
943
945
935
945
968
950
947
952
947
951
954
953
939
950
948
954
945
924
945
945
948
961
955
937
957
944
939
932
934
932
939
954
960
984
974
957
948
951
954
941
960
954
957
960
942
943
946
957
961
943
955
955
947
950
944
959
969
963
946
950
956
948
965
959
942
944
939
961
952
938
949
956
958
963
955
946
929
932
939
964
942
951
958
942
950
956
940
952
948
952
944
969
955
945
946
946
955
962
950
947
956
938
952
951
951
960
971
953
953
942
965
967
971
955
953
935
950
957
956
941
967
941
947
965
949
945
957
956
973
978
968
946
957
963
955
967
945
945
964
956
951
956
964
953
972
961
953
959
947
946
946
944
959
956
951
966
955
948
939
956
958
956
958
959
980
964
958
954
952
954
952
952
946
962
944
961
958
942
965
951
954
945
947
948
935
953
965
949
938
977
972
965
965
963
961
963
960
953
956
962
954
949
947
941
947
957
969
959
948
955
961
975
965
962
972
962
959
973
934
963
966
960
952
960
957
940
953
945
959
959
958
965
961
958
960
950
955
939
957
963
953
959
965
952
958
947
969
958
949
963
962
969
958
957
978
949
952
950
958
956
961
968
957
959
953
959
966
956
939
946
952
977
972
958
963
957
979
966
988
968
952
967
965
960
965
949
953
973
982
966
973
936
961
945
949
987
958
966
979
982
959
967
949
953
963
962
974
957
955
940
957
944
955
954
947
963
968
965
970
959
961
972
961
962
964
954
962
980
959
967
955
960
951
973
986
970
962
953
950
966
984
980
959
958
963
955
975
975
950
945
959
960
958
953
966
959
972
964
981
965
967
971
973
964
954
952
975
981
970
957
980
970
959
957
979
981
950
961
956
975
983
963
958
953
952
959
969
947
971
967
983
977
973
972
961
971
972
950
979
971
981
966
949
965
956
979
974
963
956
971
964
966
981
990
983
974
970
968
972
972
988
969
959
969
967
967
974
982
976
981
962
962
953
960
966
962
968
957
958
966
981
990
966
967
966
961
967
979
955
950
962
967
976
964
977
969
951
954
972
974
991
972
985
962
958
950
978
967
971
978
984
984
976
983
979
973
981
971
970
988
985
983
979
966
960
962
975
975
960
973
978
982
987
980
981
967
986
977
994
995
983
974
966
967
974
969
975
982
969
975
972
970
957
959
973
964
981
976
960
962
974
965
975
975
982
982
987
977
971
990
991
990
990
985
979
967
972
963
984
965
978
959
966
988
971
969
968
958
968
989
976
986
966
971
963
970
971
983
983
983
986
986
989
989
981
979
977
979
965
994
988
989
970
962
984
983
978
998
980
980
970
967
973
973
974
981
967
978
977
974
1003
999
996
987
999
984
992
991
984
991
987
971
980
980
995
977
966
983
979
968
960
982
977
980
986
992
992
985
995
990
982
990
987
995
986
996
988
991
990
983
980
977
980
994
992
976
986
1001
987
974
973
975
985
991
984
994
991
997
982
992
988
995
1006
997
991
994
986
991
988
983
984
986
992
989
995
978
989
986
984
971
984
997
988
984
977
988
993
1000
1004
995
999
998
998
977
997
988
988
984
988
987
997
993
993
990
1001
998
997
990
984
994
986
988
995
989
985
985
979
982
981
986
995
1007
1003
1006
999
998
1005
999
1008
1000
993
987
992
991
992
995
988
991
995
997
987
994
995
1003
997
998
995
995
1002
999
1002
992
978
986
994
991
996
994
997
1004
995
985
983
978
982
988
991
998
995
1006
1003
1002
1006
1010
1003
1002
1001
998
984
991
990
1007
1014
1009
1004
996
997
996
1001
1008
1000
1007
992
993
1005
995
1000
991
995
995
996
1003
1013
1007
1006
992
994
1007
1004
991
997
1002
1008
1024
1020
1008
1025
1021
1022
1010
1020
1018
1016
1011
1016
997
1012
1000
1008
1009
1015
1017
1019
1010
1006
1013
1009
1008
1005
1008
995
994
1004
1020
1002
1007
1015
1010
1008
1006
1006
1006
1014
1003
999
1002
1001
989
998
994
1003
998
1004
1013
1016
1015
1004
1009
1009
1018
1016
1010
1009
1015
1014
1014
1018
1012
1002
1000
1003
1006
1009
1021
1009
1016
1004
1016
1012
1008
1013
1004
1010
1029
1016
1021
1021
1012
1017
1016
1015
1016
1000
1009
1008
1012
1031
