1065
915
941
943
941
935
947
929
938
944
967
937
925
931
938
945
930
907
921
937
938
941
932
929
918
920
936
943
930
921
930
934
939
932
931
927
935
933
923
948
924
926
942
937
929
931
918
941
929
927
953
936
913
925
935
931
945
933
933
931
936
915
930
932
931
920
920
924
937
927
928
935
923
931
923
920
933
926
941
934
934
928
927
913
920
934
920
921
939
932
908
917
921
933
924
926
921
911
932
923
930
926
928
944
952
924
926
925
934
937
934
919
947
924
921
931
933
927
921
939
927
944
943
919
928
926
926
922
908
948
948
908
926
917
928
913
913
925
938
957
926
934
938
944
910
935
932
926
934
925
931
941
940
933
929
912
924
936
918
922
932
952
934
906
939
933
950
909
928
937
928
931
915
941
942
929
912
934
924
942
929
928
935
954
940
927
930
931
949
944
937
918
920
940
913
928
920
925
941
943
917
934
930
935
940
928
914
914
925
947
934
919
936
908
932
934
940
945
950
938
927
938
934
926
930
920
918
925
931
919
946
927
938
925
927
923
946
943
947
950
928
930
933
925
930
933
926
935
919
907
937
925
918
914
943
924
951
927
939
942
938
920
912
935
932
936
926
932
920
950
942
927
938
926
946
933
929
919
934
933
916
909
919
915
947
942
924
919
943
920
920
952
946
931
948
923
917
931
936
925
948
924
924
915
926
934
914
954
926
927
949
926
946
929
915
941
929
914
929
931
925
949
938
951
948
918
931
922
933
935
941
952
950
925
919
939
931
948
927
949
944
932
943
925
930
927
919
917
916
915
948
940
935
934
926
922
900
938
931
943
955
924
934
939
935
911
930
908
943
940
928
934
950
935
948
943
920
936
933
928
923
928
911
938
915
927
932
913
910
935
942
934
934
921
945
929
931
939
933
946
922
934
931
929
944
929
952
936
923
906
918
939
933
932
920
959
908
911
920
899
924
929
930
943
931
935
932
916
932
915
949
948
940
922
938
910
939
914
933
944
929
922
924
921
945
942
942
931
921
933
917
933
936
915
923
933
924
924
952
954
947
928
945
934
939
928
924
926
948
906
930
949
926
939
918
935
933
942
927
916
927
921
935
920
932
947
925
934
936
929
938
926
911
935
936
945
947
933
902
938
925
929
940
930
938
928
927
924
948
939
925
934
926
939
936
920
910
945
935
933
938
929
924
935
912
918
921
943
942
925
949
939
947
935
930
952
947
941
940
930
915
916
935
930
931
932
916
916
919
940
942
931
912
946
928
933
929
937
916
915
922
936
932
939
938
932
950
933
942
918
930
937
963
917
924
917
932
934
924
931
916
921
940
955
918
920
931
938
957
924
913
910
905
943
927
943
930
929
936
935
918
929
930
940
912
940
939
948
942
918
944
925
926
923
929
924
936
933
948
942
950
934
936
961
925
930
917
932
927
947
944
937
913
922
928
946
925
927
913
924
932
911
950
932
932
957
917
920
941
934
932
929
939
940
944
920
928
940
948
938
935
941
947
947
946
910
937
921
940
926
940
925
938
925
922
944
936
924
931
938
938
918
931
956
931
917
923
937
918
912
936
915
936
933
937
943
935
926
937
936
931
895
934
932
944
925
937
933
928
938
937
932
952
922
931
930
935
921
938
941
911
926
933
932
913
929
923
921
939
938
935
941
937
910
942
941
937
918
930
930
923
947
937
919
938
934
946
940
921
929
914
931
938
948
930
925
938
920
940
930
940
942
930
946
936
910
928
934
916
924
924
941
928
930
944
933
926
937
906
928
940
933
904
916
915
929
932
939
931
940
935
929
933
943
943
927
938
920
926
935
950
940
946
952
943
939
938
940
908
942
932
939
938
920
936
919
926
942
932
932
929
936
939
928
918
916
934
927
934
936
923
929
937
927
929
945
930
917
941
929
929
935
930
932
937
909
936
924
921
939
915
927
908
946
942
929
924
932
929
928
929
928
924
936
924
920
919
939
933
923
937
947
935
932
931
941
937
957
924
935
919
923
938
929
926
928
934
930
947
935
935
930
930
946
927
927
934
903
928
930
936
940
960
916
912
941
925
913
928
938
933
922
937
945
928
925
929
953
930
919
935
915
920
924
918
927
939
928
943
926
924
923
925
931
937
943
937
926
951
930
912
951
906
941
924
942
923
938
931
940
943
926
920
938
925
939
923
943
922
949
944
939
923
936
934
929
939
939
938
939
958
932
910
919
930
931
951
925
937
924
930
918
941
934
946
937
931
929
923
937
931
945
936
936
916
937
952
931
936
951
926
939
932
926
926
922
924
942
928
936
946
917
919
930
937
923
923
947
944
929
932
939
944
939
920
937
927
938
926
912
943
922
915
925
930
908
919
938
935
946
918
946
940
915
924
925
927
936
919
934
929
913
921
929
933
930
928
943
930
938
918
936
931
942
907
927
933
929
931
949
915
927
922
947
956
949
936
964
931
930
926
933
943
928
933
932
930
928
918
906
915
929
924
924
947
935
935
906
935
930
923
949
933
929
948
926
936
932
949
949
940
930
947
937
934
940
932
936
936
945
940
950
936
939
906
928
950
928
936
939
945
921
937
931
911
942
938
921
920
956
940
941
917
924
917
915
916
928
916
933
925
929
921
920
919
932
941
967
916
926
934
921
931
936
931
946
919
944
927
935
920
905
928
926
933
909
949
906
933
934
928
922
951
919
915
926
903
928
932
932
924
943
917
931
928
934
926
927
945
909
909
928
933
941
921
933
918
939
945
925
919
939
944
921
933
943
948
927
930
957
965
926
918
933
932
935
942
922
950
938
939
943
936
934
933
920
915
941
918
924
931
946
943
936
953
929
936
917
911
916
930
935
925
941
941
901
942
939
950
924
923
935
925
938
954
950
927
924
933
934
927
923
947
934
942
919
912
931
934
941
934
918
932
940
921
931
924
921
944
924
939
936
933
933
920
942
949
957
922
927
929
951
930
918
928
942
950
927
943
948
946
948
933
953
918
917
923
940
930
910
944
938
941
911
932
937
937
947
941
917
928
932
930
934
943
939
913
951
939
942
928
936
927
927
909
924
934
926
931
940
932
946
922
940
910
921
938
940
942
906
917
949
917
948
952
943
942
919
948
924
929
949
938
923
922
937
938
940
925
917
914
927
922
927
945
943
949
946
939
939
955
933
919
922
953
940
929
935
948
921
946
926
929
924
927
929
921
933
950
939
929
932
917
924
919
949
957
930
952
962
927
912
937
942
942
936
932
927
943
934
933
931
927
930
949
927
948
914
950
947
908
918
935
938
938
936
938
935
949
943
918
931
927
923
911
938
958
922
929
939
927
935
933
921
935
942
925
947
937
932
937
925
930
918
934
930
933
932
927
943
932
950
947
931
932
935
946
941
942
922
914
932
947
931
936
935
928
924
932
918
906
940
918
950
935
937
963
949
954
935
947
943
955
924
930
944
933
910
921
927
940
919
912
939
929
919
941
919
917
938
952
914
913
930
922
939
925
933
932
911
961
915
954
926
932
942
926
917
937
950
958
942
918
945
917
928
939
915
936
920
924
936
913
920
933
938
929
945
925
939
925
954
950
924
930
932
926
920
906
943
939
928
921
925
953
946
928
935
919
936
942
935
932
917
928
920
938
943
947
949
927
939
937
922
930
926
928
922
920
948
946
946
940
935
918
915
913
937
944
934
924
939
944
936
920
946
965
940
926
931
953
940
927
941
924
936
938
915
925
935
959
937
945
936
939
939
947
923
939
935
947
948
927
925
935
933
924
940
938
925
917
921
939
926
939
964
926
927
928
914
932
935
942
916
945
947
944
925
928
926
948
939
930
916
946
938
927
938
939
937
935
944
947
928
950
924
927
923
927
934
921
938
911
923
924
915
930
925
934
921
923
914
928
943
927
945
934
943
953
917
920
943
923
933
939
931
918
936
935
944
943
909
937
934
939
933
943
911
927
941
932
937
929
923
932
946
952
916
918
937
916
932
931
933
938
946
914
941
940
935
926
940
971
923
933
906
925
923
942
955
936
947
926
940
951
937
908
931
924
940
932
931
927
939
913
951
939
925
948
933
950
952
928
942
910
911
934
928
951
931
947
944
931
934
935
920
925
952
934
952
917
925
943
943
925
945
934
940
939
941
943
935
907
939
929
918
922
949
917
940
909
955
950
947
933
930
936
943
942
946
949
951
916
935
935
941
940
927
944
938
955
929
939
916
931
903
945
941
931
934
922
928
950
928
938
930
922
938
935
955
946
927
912
941
927
922
930
929
935
943
946
930
929
942
937
927
939
941
936
940
945
947
946
944
930
926
929
920
929
941
929
928
945
939
927
949
915
918
926
935
935
933
932
923
929
945
948
932
943
935
929
937
943
941
920
924
939
931
953
940
939
947
950
935
942
945
927
945
946
943
912
934
926
939
936
940
939
938
945
927
931
920
944
936
945
923
942
937
927
921
923
914
926
917
942
950
930
930
927
923
919
939
924
928
945
929
927
930
914
923
924
944
926
921
935
926
927
936
929
937
911
933
913
939
926
924
925
946
942
933
936
919
926
943
927
935
918
927
953
945
921
933
916
919
935
930
918
921
953
925
924
938
927
938
942
930
918
959
957
907
955
936
926
931
932
921
921
915
939
932
938
928
929
927
925
914
924
930
910
951
932
923
925
924
955
924
945
930
932
931
917
940
935
919
929
934
943
931
937
929
922
945
933
933
941
928
930
923
924
922
932
931
920
933
907
925
942
952
925
924
927
938
924
941
944
902
938
938
934
933
939
919
932
936
938
931
925
921
931
917
946
929
937
935
925
914
929
946
952
947
941
919
926
927
960
953
930
940
935
939
941
921
931
912
946
927
938
933
934
917
918
946
916
927
948
919
933
934
924
947
934
932
942
927
926
927
938
940
922
930
934
939
925
940
905
914
922
930
936
930
937
934
941
933
922
922
920
929
919
915
916
933
930
935
915
934
934
913
913
923
920
943
903
937
926
933
944
908
926
923
917
896
929
948
914
934
911
931
922
926
943
919
955
938
918
930
931
941
931
949
921
925
934
937
934
934
937
945
937
937
926
939
949
928
934
925
926
938
921
933
932
929
917
913
928
941
942
946
924
944
933
944
940
921
918
937
926
912
920
931
933
933
936
932
914
913
918
966
943
925
953
920
949
933
934
928
912
940
950
933
940
919
925
936
931
929
936
951
940
950
930
945
932
922
951
933
943
924
917
911
916
941
918
920
949
929
925
937
925
937
955
938
921
965
940
942
952
936
942
950
924
926
928
920
896
925
925
924
924
949
936
934
940
940
932
951
933
915
925
917
921
929
926
950
934
941
905
937
929
923
926
940
949
945
948
946
931
913
933
921
928
940
925
930
948
930
925
929
929
943
910
916
929
907
904
922
928
927
928
934
931
924
939
925
943
918
907
939
941
930
920
918
929
920
917
913
929
908
930
930
935
918
941
928
929
938
922
941
927
940
936
921
917
940
917
936
934
923
921
933
933
934
926
910
911
925
934
934
952
935
946
938
941
940
947
950
930
936
940
958
921
937
954
921
954
937
941
932
938
934
937
934
924
924
945
934
946
905
921
935
924
918
942
934
941
915
923
925
952
931
930
925
937
948
926
934
922
921
945
946
938
939
930
933
947
925
943
933
928
926
938
925
932
950
938
955
950
928
940
922
980
