1065
924
949
926
910
913
931
925
944
931
946
946
930
914
931
931
927
947
934
948
936
912
920
926
936
941
931
927
941
932
930
928
931
942
908
938
929
927
939
931
930
935
935
917
938
936
929
925
911
936
952
939
928
946
947
938
935
932
934
937
935
924
932
919
936
948
946
946
938
905
946
944
939
945
925
932
905
952
933
929
927
935
943
925
944
929
914
944
921
915
922
944
914
926
936
934
916
938
934
928
942
945
933
937
922
932
927
930
945
932
948
959
958
922
941
942
917
940
938
942
932
935
938
933
933
936
934
940
918
934
939
920
924
913
937
943
935
927
919
920
921
922
942
907
911
926
939
923
917
929
922
942
933
917
928
925
936
926
928
944
934
935
943
931
918
926
923
939
928
941
939
941
938
926
943
924
927
935
939
940
938
932
936
944
937
926
923
918
953
917
936
939
923
917
933
929
944
943
936
937
937
940
928
934
926
947
972
934
915
946
940
935
924
924
936
947
924
933
921
934
944
933
930
936
937
923
931
934
938
938
946
923
920
948
944
950
933
937
934
939
929
931
923
917
923
925
944
934
942
945
951
939
932
955
927
924
932
945
931
919
933
928
941
935
938
919
922
934
936
941
939
945
923
938
922
934
938
912
942
919
958
956
940
923
933
951
939
948
941
924
913
953
926
921
934
933
925
938
936
923
932
937
967
943
940
924
954
938
965
920
921
919
955
928
909
950
926
926
920
928
933
934
933
948
930
928
928
951
943
911
927
931
943
914
931
930
938
929
910
925
930
927
931
955
935
930
927
928
939
929
922
939
930
928
943
942
921
943
940
949
924
915
927
934
920
943
938
936
937
917
932
949
948
936
923
944
958
953
935
935
931
924
917
924
941
941
908
917
919
936
947
926
917
931
953
942
932
928
930
931
915
944
925
910
930
933
924
933
944
916
919
935
931
925
930
950
916
923
947
952
937
929
950
946
936
932
936
952
923
939
922
924
934
924
933
922
925
936
928
928
950
947
918
919
960
915
941
934
941
948
942
949
946
947
931
913
924
935
937
955
927
936
938
947
933
962
920
926
941
925
937
947
925
929
938
944
938
937
919
946
944
945
937
938
930
947
936
939
946
918
931
930
947
931
945
947
957
943
945
940
940
921
936
940
952
922
920
933
946
940
946
931
942
952
946
943
949
937
939
951
952
944
949
933
952
936
937
927
917
915
914
943
932
961
956
937
939
943
920
934
916
937
939
942
922
932
923
943
935
951
941
928
942
935
944
922
934
931
933
966
940
956
936
938
938
944
949
957
940
924
952
936
935
936
954
942
945
955
934
943
937
950
957
928
940
929
944
949
951
938
931
940
918
941
938
946
940
929
947
926
925
924
955
951
939
935
923
926
926
922
931
917
950
922
923
930
930
944
937
928
938
947
930
933
946
935
935
951
927
928
948
945
931
928
941
935
946
935
952
943
914
935
933
936
935
928
940
950
916
935
958
948
938
927
953
943
934
956
954
949
928
948
932
935
948
928
941
921
929
939
944
949
932
914
945
925
941
920
903
930
946
943
933
942
944
948
950
959
948
942
952
949
952
949
944
933
942
924
945
932
930
938
946
942
955
943
938
937
947
942
921
920
939
928
959
949
929
921
953
957
944
948
935
936
938
950
946
922
922
909
937
938
942
947
935
925
930
930
939
941
919
958
939
935
946
940
953
926
933
915
915
939
949
937
932
913
933
949
955
941
945
946
933
909
948
939
941
942
965
940
946
946
943
940
929
935
940
948
943
928
937
948
945
946
932
946
967
942
942
933
938
961
934
935
947
939
931
937
944
950
953
940
930
921
931
951
972
958
942
942
954
948
932
946
938
950
950
934
950
934
948
947
947
951
957
934
944
959
922
941
936
952
961
947
942
950
966
924
948
955
940
929
939
938
947
949
963
955
941
945
973
936
941
921
950
924
944
942
938
942
944
957
939
924
950
960
953
946
940
947
947
942
956
945
943
943
948
944
960
949
959
951
943
950
972
953
947
943
941
966
949
948
961
952
951
946
960
961
941
958
960
952
973
938
942
954
965
944
948
961
957
942
953
958
956
957
956
939
963
957
954
959
953
963
959
940
956
958
955
949
959
954
969
946
966
940
973
951
947
955
955
952
941
940
969
950
939
953
949
949
948
963
928
949
946
947
958
967
958
959
964
945
954
954
933
953
969
953
952
954
962
985
953
950
961
960
957
949
949
968
956
936
942
945
950
940
965
966
946
942
952
942
972
980
973
946
954
952
965
968
954
969
980
943
949
956
963
961
964
959
960
970
949
971
971
974
946
952
950
949
958
950
957
943
955
980
952
964
960
962
962
954
957
971
965
964
950
971
964
955
948
944
954
962
947
963
964
974
960
946
966
949
940
961
955
969
963
964
971
967
975
980
961
961
950
973
976
970
981
972
959
966
956
972
972
966
955
972
979
974
968
953
969
959
967
963
955
971
962
970
969
972
951
969
987
982
967
966
968
977
975
961
969
963
958
962
970
981
985
972
991
996
981
967
978
982
963
971
971
974
966
954
973
976
977
980
961
975
967
970
969
973
981
967
975
981
976
964
980
998
996
997
964
975
972
976
968
988
984
974
987
972
980
988
976
968
986
969
975
971
972
992
991
997
981
972
975
988
985
974
972
986
988
984
979
986
978
961
964
977
972
972
983
972
976
974
981
981
979
988
978
973
974
967
970
967
967
974
1000
995
983
971
972
982
986
971
975
968
995
984
989
988
981
998
997
982
983
998
993
992
990
983
975
975
980
981
984
980
982
979
980
980
988
990
977
992
981
987
977
987
989
978
995
981
989
998
986
998
993
1008
1015
1003
1002
1001
1001
992
979
990
998
1004
998
995
996
1004
992
1002
1001
1000
991
1004
1004
990
992
981
987
990
1006
1000
992
994
1001
999
988
1000
998
991
997
980
979
997
988
989
981
990
979
1001
1008
1004
1006
1012
1005
1005
1000
1002
985
1002
1005
996
996
1017
1013
1008
1006
1000
997
998
997
1002
1004
1002
1012
1005
1012
1006
994
999
996
1010
1006
1012
1013
999
1007
1007
1004
1010
1012
1002
1013
1012
1014
1014
1016
1008
1009
1008
1004
1009
1017
1016
1013
1016
1013
1014
1011
1017
1018
1000
1000
1012
1014
1018
1006
997
999
1000
1010
1006
1012
1015
1015
1016
1011
1013
1011
1005
1004
1006
1006
1008
1007
1015
1013
1020
1020
1018
1021
1018
1022
1021
1004
998
1008
1014
1008
1004
1019
1009
1016
1015
1012
1015
1024
1027
1022
1033
1029
1027
1030
1024
1017
1023
1025
1025
1017
1020
1020
1025
1023
1027
1033
1035
1034
1027
1022
1027
1025
1025
1023
1023
1027
1028
1032
1031
1028
1028
1026
1031
1030
1036
1031
1028
1029
1029
1031
1032
1031
1031
1031
1034
1032
1036
1036
1033
1038
1033
1039
1035
1033
1036
1041
1039
1027
1033
1034
1034
1031
1035
1038
1038
1033
1034
1032
1025
1026
1025
1033
1032
1032
1038
1038
1039
1038
1034
1036
1035
1035
1036
1029
1033
1028
1030
1029
1033
1036
1039
1038
1037
1044
1040
1037
1041
1045
1043
1043
1043
1046
1047
1046
1042
1040
1042
1041
1042
1041
1043
1043
1045
1051
1052
1053
1052
1051
1052
1050
1052
1050
1050
1048
1050
1044
1045
1045
1045
1045
1045
1042
1048
1049
1050
1050
1048
1048
1047
1047
1047
1046
1045
1045
1047
1045
1044
1040
1041
1042
1044
1046
1047
1046
1048
1048
1046
1046
1047
1045
1045
1046
1046
1045
1047
1048
1049
1051
1049
1046
1050
1050
1050
1051
1052
1051
1050
1051
1049
1050
1049
1050
1051
1054
1055
1056
1056
1057
1055
1056
1054
1055
1055
1054
1054
1055
1055
1052
1053
1053
1053
1053
1054
1054
1053
1053
1055
1055
1054
1054
1055
1056
1056
1055
1055
1055
1053
1054
1054
1055
1056
1056
1055
1056
1056
1056
1056
1055
1054
1054
1054
1054
1053
1054
1054
1055
1055
1055
1057
1058
1059
1059
1059
1060
1059
1058
1058
1059
1059
1058
1057
1057
1054
1052
1053
1055
1055
1055
1056
1055
1055
1054
1054
1057
1057
1057
1056
1056
1058
1057
1057
1056
1056
1056
1057
1056
1056
1056
1056
1056
1054
1054
1055
1057
1057
1058
1059
1060
1060
1061
1062
1062
1062
1062
1062
1062
1062
1062
1063
1063
1063
1063
1063
1063
1063
1063
1063
1063
1062
1062
1062
1062
1062
1062
1062
1062
1062
1062
1062
1062
1062
1062
1062
1061
1061
1062
1062
1062
1063
1063
1063
1063
1063
1063
1063
1063
1063
1063
1063
1063
1063
1063
1063
1063
1063
1063
1063
1063
1063
1063
1063
1063
1063
1063
1063
1063
1063
1063
1063
1063
1062
1062
1063
1063
1063
1063
1063
1063
1063
1063
1063
1063
1063
1063
1063
1063
1063
1063
1063
1063
1063
1063
1063
1063
1063
1063
1063
1063
1063
1063
1063
1063
1063
1063
1063
1063
1063
1063
1063
1063
1063
1063
1063
1063
1063
1063
1063
1063
1063
1063
1063
1063
1063
1063
1063
1063
1063
1063
1063
1063
1063
1063
1063
1063
1063
1063
1063
1063
1063
1063
1063
1063
1063
1063
1063
1063
1063
1063
1063
1063
1063
1063
1063
1063
1063
1063
1063
1063
1063
1063
1063
1063
1063
1063
1063
1063
1063
1063
1063
1063
1063
1063
1063
1063
1063
1063
1063
1063
1063
1063
1063
1063
1063
1063
1063
1063
1063
1063
1063
1063
1063
1063
1063
1063
1063
1063
1063
1063
1063
1063
1063
1063
1063
1063
1063
1063
1063
1063
1063
1063
1063
1063
1063
1063
1063
1063
1063
1063
1063
1063
1063
1063
1063
1063
1063
1063
1063
1063
1063
1063
1063
1063
1063
1063
1063
1063
1063
1063
1063
1063
1063
1063
1063
1063
1063
1063
1063
1063
1063
1063
1063
1063
1063
1063
1063
1063
1063
1063
1063
1063
1063
1063
1063
1063
1063
1063
1063
1063
1063
1063
1063
1063
1063
1063
1063
1063
1063
1063
1063
1063
1063
1063
1063
1063
1063
1063
1063
1063
1063
1063
1063
1063
1063
1063
1063
1063
1063
1063
1063
1063
1063
1063
1063
1063
1063
1063
1063
1063
1063
1063
1063
1063
1063
1063
1063
1063
1063
1063
1063
1063
1063
1063
1063
1063
1063
1063
1063
1063
1063
1063
1063
1063
1063
1063
1063
1063
1063
1063
1063
1063
1063
1063
1063
1063
1063
1063
1063
1063
1063
1063
1063
1063
1063
1063
1063
1063
1063
1063
1063
1063
1063
1063
1063
1063
1063
1063
1063
1063
1063
1063
1063
1063
1063
1063
1063
1063
1063
1063
1063
1063
1063
1063
1063
1063
1063
1063
1063
1063
1063
1063
1063
1063
1063
1063
1063
1063
1063
1063
1063
1063
1063
1063
1063
1063
1063
1063
1063
1063
1063
1063
1063
1063
1063
1063
1063
1063
1063
1063
1063
1063
1063
1063
1063
1063
1063
1063
1063
1063
1063
1063
1063
1063
1063
1063
1063
1063
1063
1063
1063
1063
1063
1063
1063
1063
1063
1063
1063
1063
1063
1063
1063
1063
1063
1063
1063
1063
1063
1063
1063
1063
1063
1063
1063
1063
1063
1063
1063
1063
1063
1063
1063
1063
1063
1063
1063
1063
1063
1063
1063
1063
1063
1063
1063
1063
1063
1063
1063
1063
1063
1063
1063
1063
1063
1063
1063
1063
1063
1063
1063
1063
1063
1063
1063
1063
1063
1063
1063
1063
1063
1063
1063
1063
1063
1063
1063
1063
1063
1063
1063
1063
1063
1063
1063
1063
1063
1063
1063
1063
1063
1063
1063
1063
1063
1063
1063
1063
1063
1063
1063
1063
1063
1063
1063
1063
1063
1063
1063
1063
1063
1063
1063
1063
1063
1063
1063
1063
1063
1063
1063
1063
1063
1063
1063
1063
1063
1063
1063
1063
1063
1063
1063
1063
1063
1063
1063
1063
1063
1063
1063
1063
1063
1063
1063
1063
1063
1063
1063
1063
1063
1063
1063
1063
1063
1063
1063
1063
1063
1063
1063
1063
1063
1063
1063
1063
1063
1063
1063
1063
1063
1063
1063
1063
1063
1063
1063
1063
1063
1063
1063
1063
1063
1063
1063
1063
1063
1063
1063
1063
1063
1063
1063
1063
1063
1063
1063
1063
1063
1063
1063
1063
1063
1063
1063
1063
1063
1063
1063
1063
1063
1063
1063
1063
1063
1063
1063
1063
1063
1063
1063
1063
1063
1063
1063
1063
1063
1063
1063
1063
1063
1063
1063
1063
1063
1063
1063
1063
1063
1063
1063
1063
1063
1063
1063
1063
1063
1063
1063
1063
1063
1063
1063
1063
1063
1063
1063
1063
1063
1063
1063
1063
1063
1063
1063
1063
1063
1063
1063
1063
1063
1063
1063
1063
1063
1063
1063
1063
1063
1063
1063
1063
1063
1063
1063
1063
1063
1063
1063
1063
1063
1063
1063
1063
1063
1063
1063
1063
1063
1063
1063
1063
1063
1063
1063
1063
1063
1063
1063
1063
1063
1063
1063
1063
1063
1063
1063
1063
1063
1063
1063
1063
1063
1063
1063
1063
1063
1063
1063
1063
1063
1063
1063
1063
1063
1063
1063
1063
1063
1063
1063
1063
1063
1063
1063
1063
1063
1063
1063
1063
1063
1063
1063
1063
1063
1063
1063
1063
1063
1063
1063
1063
1063
1063
1063
1063
1063
1063
