1065
919
948
939
933
928
915
920
930
916
919
947
929
936
929
944
926
932
925
933
939
911
919
926
929
945
921
916
923
928
940
940
924
921
956
940
929
914
923
924
937
930
943
945
937
926
918
920
932
932
939
943
935
931
928
936
915
950
936
942
950
915
940
913
919
925
916
923
925
940
909
939
934
944
940
938
943
920
940
931
921
925
934
932
934
920
934
935
925
925
934
916
941
928
926
932
929
939
940
952
925
925
936
926
926
916
922
922
953
913
940
937
918
924
940
940
921
932
953
943
932
947
945
928
943
947
933
926
943
948
924
909
938
941
930
935
920
916
929
940
929
938
929
927
911
929
944
930
930
922
926
928
927
922
930
944
936
949
917
917
951
937
946
942
933
937
948
919
936
942
929
936
933
924
928
939
938
917
944
931
931
932
941
940
924
940
940
911
942
946
929
933
935
947
949
937
919
942
929
947
933
940
909
925
940
920
932
932
922
925
938
928
931
932
933
921
929
929
937
937
946
944
941
939
942
932
948
939
924
928
916
932
918
945
950
931
956
938
936
920
930
916
916
934
949
919
928
925
926
936
946
932
937
931
937
933
931
925
958
940
937
941
932
934
938
924
942
933
933
928
931
947
947
917
921
930
910
933
940
955
939
922
918
902
938
924
925
936
939
935
943
930
924
932
928
929
929
923
920
936
928
921
941
951
941
928
909
937
929
942
925
909
929
923
932
937
956
913
938
921
944
940
921
925
920
927
949
928
926
932
938
919
916
933
957
941
950
941
925
948
937
930
955
918
937
916
941
961
945
923
925
935
935
932
920
949
923
954
944
933
930
921
917
922
925
930
922
910
926
929
923
933
938
938
931
949
932
931
943
907
917
930
944
943
921
948
932
939
929
909
929
933
918
940
926
919
940
934
936
942
946
921
939
924
923
932
952
937
912
924
917
936
941
936
942
956
943
942
933
947
931
924
929
951
936
924
943
928
915
932
941
945
929
929
926
934
925
916
922
944
920
939
940
949
933
938
946
917
930
944
945
924
925
940
935
925
932
945
927
917
937
932
945
953
918
938
938
936
924
945
942
921
943
936
933
933
922
936
920
916
922
949
913
936
938
950
935
947
923
924
925
941
938
936
901
931
936
921
945
917
955
915
953
955
947
914
931
935
913
925
947
922
926
925
924
943
923
926
953
938
932
936
941
941
915
928
943
936
927
941
934
926
921
939
935
922
910
929
924
930
943
933
936
925
925
919
923
934
921
929
941
936
933
944
931
931
918
929
945
933
920
927
950
938
936
926
938
941
927
940
959
920
930
934
944
912
920
935
951
921
938
943
948
942
938
920
934
932
927
912
929
936
930
951
938
931
935
941
931
936
913
944
910
929
929
939
909
927
929
948
919
929
926
927
925
951
931
919
925
956
944
928
930
940
926
939
959
933
932
950
940
933
944
945
944
938
920
937
913
927
937
930
928
945
949
925
927
924
924
933
936
924
923
925
951
940
935
945
931
931
922
919
918
935
914
929
921
919
934
935
916
945
938
955
940
950
922
950
930
938
944
928
931
950
941
930
951
945
927
918
941
920
918
936
936
942
952
915
925
922
930
935
924
931
938
932
920
944
931
930
930
947
924
934
930
917
924
931
934
922
919
954
922
922
903
939
944
932
921
933
935
929
930
915
923
924
940
915
920
932
930
927
941
924
914
933
912
926
933
914
908
921
948
945
930
919
931
929
919
943
925
939
905
905
920
950
917
930
913
931
923
939
949
931
928
915
938
936
916
925
930
908
941
940
930
927
926
940
933
941
923
937
925
944
938
931
950
940
949
920
945
929
925
938
924
936
930
942
927
915
923
950
922
941
938
950
930
928
936
927
943
938
926
940
941
943
958
935
938
943
947
939
935
928
910
923
934
935
918
938
926
936
952
927
913
924
934
932
938
938
920
924
926
943
930
929
912
945
913
916
947
956
951
929
938
910
933
944
949
922
966
931
919
936
929
935
908
932
934
899
913
944
935
929
933
942
946
919
939
948
928
931
908
922
928
914
935
927
951
934
941
955
934
928
946
906
940
935
917
931
946
935
941
948
929
942
925
943
943
928
933
940
917
943
940
943
951
937
945
928
924
919
937
936
940
952
931
909
932
941
940
943
922
949
920
924
929
918
918
931
939
958
941
932
918
938
941
919
929
932
937
938
952
940
917
918
918
921
930
886
946
924
930
938
915
934
939
931
940
923
922
950
923
934
952
940
935
941
938
929
931
923
928
927
942
925
913
937
937
920
935
914
937
941
935
930
935
930
947
937
922
927
927
917
926
929
929
916
932
926
937
926
927
936
931
936
937
936
949
898
929
926
943
937
955
936
941
931
938
927
935
937
935
922
943
928
934
938
952
936
935
922
923
946
936
922
934
930
912
953
948
957
948
950
921
934
925
930
927
924
918
935
934
929
925
935
919
946
931
950
928
927
935
920
923
939
940
926
929
936
944
932
951
940
938
945
945
922
932
944
940
957
943
933
923
956
962
930
945
932
914
944
928
934
947
916
917
952
919
932
918
948
927
947
925
924
935
948
929
944
937
936
920
927
946
932
938
947
934
915
950
929
930
933
945
936
920
928
930
923
931
921
942
924
934
934
930
929
931
948
934
934
942
941
949
925
939
914
942
944
933
915
919
929
941
947
951
938
944
913
929
925
941
951
926
933
933
915
942
951
944
939
924
950
935
932
929
926
930
938
951
937
915
950
928
928
929
950
928
930
942
931
919
926
928
932
953
950
928
927
942
919
942
928
950
928
917
929
916
925
936
936
946
927
912
939
932
943
939
924
928
909
923
935
916
944
937
956
946
931
940
933
939
930
929
944
915
941
934
931
930
921
943
931
934
920
957
939
945
931
914
924
946
939
942
943
939
951
921
925
929
934
936
952
941
942
937
941
924
920
940
918
907
945
939
943
922
926
929
938
940
949
951
939
921
924
941
917
951
932
931
946
944
963
945
914
945
929
954
942
925
927
935
932
929
930
928
939
937
933
943
935
929
930
919
925
932
940
943
940
940
936
948
941
931
939
947
928
946
930
919
936
942
933
920
936
949
951
944
937
927
945
922
940
923
922
936
926
925
946
925
926
949
934
947
923
939
928
940
931
943
933
942
939
948
931
938
930
944
945
933
922
940
916
922
929
921
930
930
935
942
929
908
935
900
937
958
935
933
934
933
937
939
936
949
946
940
922
939
939
949
938
928
929
938
929
946
935
949
926
940
931
950
927
971
945
933
932
932
935
946
928
945
937
938
933
943
930
945
953
956
948
927
925
940
937
936
938
946
938
932
935
924
931
932
928
915
927
916
932
942
920
922
944
943
940
948
942
938
926
923
947
930
935
930
929
910
944
925
917
911
919
923
938
944
944
942
946
922
948
935
936
950
941
948
934
943
932
930
917
950
917
919
924
918
937
935
924
932
931
922
925
948
947
942
931
949
930
929
958
919
917
930
928
915
925
932
938
939
944
925
927
938
935
929
935
936
947
939
907
935
935
926
929
959
950
923
927
935
927
950
956
933
943
932
945
931
934
910
938
948
926
920
937
942
941
949
927
922
934
927
929
923
926
937
924
949
960
928
919
925
944
945
931
916
927
924
912
926
938
915
921
930
927
940
938
927
936
945
922
944
944
960
913
924
916
927
932
940
951
928
937
950
951
934
947
928
947
952
941
945
932
928
920
929
946
940
927
953
944
927
938
945
958
934
930
942
943
930
955
922
938
940
911
941
931
926
913
926
920
926
935
930
934
941
944
935
919
929
927
933
940
926
910
910
940
950
942
932
935
937
952
945
908
955
945
926
933
935
925
924
929
936
915
958
936
908
938
935
932
944
937
937
937
918
935
924
930
916
941
931
926
939
941
924
943
930
947
928
920
928
943
923
930
929
921
918
926
958
915
935
937
924
939
934
923
950
929
921
941
936
944
930
928
941
929
953
935
937
937
937
950
934
925
938
951
933
925
937
934
941
942
963
923
924
931
943
928
945
953
939
945
953
926
941
937
923
924
933
936
925
940
937
944
947
933
925
919
919
928
928
929
932
931
912
919
928
956
942
959
943
939
938
933
936
930
929
926
934
957
930
945
936
954
943
934
937
942
940
919
936
929
923
935
924
939
949
921
938
935
958
953
944
945
926
928
932
929
920
928
936
946
931
944
937
920
932
928
945
939
932
934
935
955
928
936
934
930
922
922
911
940
963
953
922
923
929
952
940
942
925
949
932
938
938
949
925
940
933
956
947
949
920
932
933
933
926
938
934
951
898
937
930
930
942
938
930
922
926
931
926
940
929
923
942
942
944
936
940
928
941
909
906
919
929
931
950
933
935
950
945
937
932
935
939
933
920
948
932
927
953
933
932
924
919
919
944
926
929
924
935
935
929
943
919
937
938
928
958
937
949
929
950
937
935
948
911
953
949
932
917
952
938
919
925
940
924
939
935
950
925
923
928
929
948
931
932
946
935
940
943
940
908
917
921
930
941
910
926
938
946
945
938
922
930
931
932
925
945
930
927
947
959
931
920
928
934
918
948
952
915
919
946
925
941
933
945
940
929
930
937
955
919
926
941
954
932
937
926
928
941
940
941
942
941
930
960
926
942
937
939
934
909
941
947
925
919
951
926
930
933
923
945
928
935
951
944
934
938
928
926
931
940
946
923
906
920
947
923
944
926
930
913
938
926
930
935
942
939
940
944
941
941
938
936
918
958
952
942
961
929
926
934
932
957
936
927
946
920
935
936
949
923
930
946
933
933
936
960
946
941
935
935
949
929
930
917
929
941
933
944
916
938
950
949
927
941
934
941
945
937
947
929
943
941
934
933
940
922
922
930
933
940
918
937
938
941
945
920
946
924
924
928
938
913
934
956
924
937
930
941
923
933
931
929
932
946
944
939
939
940
953
932
920
945
944
943
929
940
958
947
951
955
934
930
924
936
940
927
937
927
935
946
935
927
938
922
945
943
924
949
918
916
933
930
922
956
924
965
939
931
943
948
952
912
949
931
937
919
933
934
937
930
945
942
936
935
940
929
921
935
911
932
926
918
920
939
934
930
929
959
957
946
941
954
923
936
925
942
932
943
943
942
936
927
942
940
942
929
960
944
929
953
942
938
945
935
937
945
929
939
917
945
934
961
947
941
927
936
949
934
933
925
953
957
937
934
940
924
936
958
934
942
922
934
934
914
941
928
935
937
933
936
934
943
933
943
937
955
940
907
938
935
941
950
943
944
933
936
926
939
966
946
957
946
927
930
945
935
918
938
920
942
944
917
941
931
944
941
924
968
934
937
920
934
941
942
957
931
940
926
938
917
919
941
947
946
941
936
929
945
956
936
962
932
949
948
941
943
931
944
950
953
940
935
958
929
949
940
937
922
952
960
946
943
940
936
938
953
967
943
944
939
951
938
936
947
931
950
961
956
957
944
958
953
927
953
954
961
952
935
949
945
965
957
935
958
956
940
955
938
960
943
947
949
959
969
957
930
951
955
965
960
955
959
932
954
966
947
949
942
958
936
954
962
961
951
948
962
965
945
940
958
965
958
965
955
963
962
972
961
957
952
962
959
958
971
968
946
959
954
960
963
967
959
965
966
982
985
981
984
977
974
980
992
976
983
984
1010
1006
1005
1010
1012
1017
1020
1031
1035
1035
1037
1036
1038
