1065
921
937
934
944
948
921
946
945
922
936
940
943
940
937
927
939
922
940
931
934
938
942
949
947
922
913
928
931
948
921
952
929
950
915
931
926
926
932
931
922
948
930
936
936
927
929
953
939
915
942
934
922
930
931
930
941
938
945
940
943
918
945
929
925
913
927
931
939
941
956
943
933
927
965
917
921
934
939
947
927
932
935
924
936
917
943
916
950
917
922
932
934
920
922
924
930
930
920
925
918
930
938
930
908
952
929
936
931
927
913
927
953
934
936
929
932
927
921
930
938
940
927
943
941
925
924
938
932
921
935
913
941
907
927
937
919
939
921
917
936
941
955
932
915
933
923
916
928
912
923
931
941
939
935
937
937
965
941
932
934
949
938
940
957
936
942
943
928
922
944
930
945
925
941
927
939
940
933
920
930
919
940
952
941
947
942
941
934
932
929
927
913
940
935
942
936
930
932
954
939
922
944
939
936
946
946
919
921
942
959
954
922
924
947
937
940
933
926
940
939
939
925
945
938
910
930
937
940
934
950
927
945
931
947
933
925
933
949
937
943
932
943
956
928
943
930
925
926
920
942
924
925
930
926
940
928
921
938
933
922
934
939
959
933
941
930
927
935
950
944
937
948
931
922
938
943
936
936
956
928
926
957
950
941
959
937
929
940
940
934
927
939
945
927
919
926
924
909
950
922
921
920
926
904
926
946
946
953
924
940
945
947
945
937
935
939
913
951
921
928
920
961
925
926
929
948
946
938
926
937
939
930
933
944
937
907
904
927
943
935
937
933
938
926
950
933
947
924
933
936
921
934
917
933
921
941
948
922
923
934
920
929
916
917
935
938
938
941
934
930
901
934
922
933
953
926
935
931
943
910
914
926
938
938
938
936
927
935
945
913
930
932
930
923
951
938
934
943
927
936
939
924
945
935
936
940
943
937
933
929
919
928
945
936
928
901
955
925
941
927
915
942
937
941
941
924
917
928
937
940
945
927
922
918
925
944
964
935
951
946
940
940
932
937
930
929
933
925
925
943
925
931
919
929
922
918
924
917
910
927
953
927
938
935
916
929
932
945
946
930
950
945
935
907
963
929
934
928
948
915
931
934
937
932
938
940
939
936
948
935
928
913
942
923
927
947
943
913
927
933
927
947
928
921
936
951
924
924
923
936
927
935
943
930
961
937
939
934
926
951
926
934
924
944
913
941
935
944
918
931
931
937
942
937
936
917
930
925
949
932
945
934
945
924
921
939
937
951
946
907
930
942
919
925
923
942
937
930
926
922
931
948
956
934
955
906
925
936
937
931
947
948
928
931
928
946
938
919
936
944
929
921
928
923
941
922
933
923
939
947
930
925
934
936
939
939
930
926
958
917
916
940
940
936
916
941
919
907
932
924
946
927
932
927
931
938
933
932
931
917
927
917
935
918
917
906
928
941
929
920
931
934
951
922
949
932
926
932
926
922
957
932
925
944
943
933
932
932
936
936
933
943
936
928
935
924
913
933
917
929
941
938
936
944
943
936
936
930
932
959
929
932
930
941
919
940
939
943
938
925
934
925
931
943
942
946
931
936
933
930
959
917
960
952
916
946
933
943
941
918
920
929
950
945
924
943
927
926
919
936
917
933
931
930
944
920
950
954
932
945
931
926
954
907
937
933
917
928
947
929
939
924
932
948
917
940
941
949
936
931
936
941
943
920
938
933
915
918
932
932
935
922
934
938
940
948
932
930
940
934
918
942
928
918
928
932
924
942
936
949
928
948
924
955
941
932
928
928
949
925
929
925
946
923
926
935
950
933
917
928
942
933
931
942
947
923
929
927
938
926
931
931
933
925
950
934
941
945
931
934
929
928
933
942
927
929
930
931
941
928
927
924
918
944
918
922
942
913
930
931
926
939
934
951
931
924
915
933
916
932
916
932
925
934
931
944
933
924
936
936
921
944
919
925
955
941
939
932
945
947
934
929
913
924
946
947
945
919
950
943
918
933
938
930
937
930
930
913
952
927
935
932
926
928
952
931
943
931
951
935
933
929
931
939
927
941
934
924
942
929
918
923
929
934
944
949
932
944
944
927
949
919
919
896
908
942
938
939
943
947
947
958
936
924
923
920
931
933
943
926
932
934
930
928
942
941
917
933
918
904
910
923
936
935
937
939
936
924
943
936
944
936
920
927
932
948
934
932
932
913
929
939
948
931
945
931
945
927
925
936
938
930
940
943
929
932
929
939
939
928
929
935
918
904
914
912
945
922
932
949
932
938
931
931
941
935
944
933
933
941
922
931
922
941
949
927
946
942
945
933
922
926
919
926
949
947
940
924
915
921
945
926
935
944
936
938
926
929
949
938
950
928
947
941
934
942
925
931
943
919
941
945
927
935
935
916
929
927
971
940
924
921
934
922
949
947
946
946
947
928
916
949
925
919
946
931
916
917
932
924
943
940
940
933
936
942
944
935
923
934
929
944
946
950
930
922
952
947
925
933
909
964
923
950
939
922
933
947
949
929
935
912
924
910
956
917
932
944
923
931
928
931
956
933
935
917
938
933
947
937
949
935
926
944
914
955
923
934
928
927
900
911
928
939
926
924
932
919
929
917
931
935
922
940
925
926
932
931
948
945
924
931
904
946
920
939
953
948
950
932
936
925
929
924
937
939
926
922
932
924
918
931
930
934
944
930
922
925
931
944
929
915
941
935
944
940
939
943
926
917
936
918
908
921
922
924
926
944
940
930
932
937
936
936
910
947
948
959
931
930
929
956
937
945
922
932
939
945
943
929
938
942
942
931
914
937
936
927
927
927
923
935
919
938
927
950
934
928
940
935
933
938
940
936
916
944
937
920
946
961
941
924
944
932
949
912
915
928
929
926
926
937
928
930
945
950
937
932
941
937
944
957
943
957
957
924
932
925
940
931
918
937
949
938
913
931
934
923
922
950
922
940
922
932
921
937
949
928
946
935
948
931
934
912
930
944
922
931
937
939
945
947
947
935
946
940
931
932
926
941
934
940
929
935
928
943
932
932
934
922
940
948
939
930
931
927
927
919
940
931
924
917
941
924
936
926
928
932
932
933
953
912
898
920
925
921
945
930
940
947
928
945
928
955
925
937
944
943
925
938
939
920
931
928
930
942
920
922
944
942
909
930
941
953
924
924
937
930
927
922
916
917
914
923
928
943
950
930
944
950
940
932
942
932
932
940
935
940
915
926
910
924
936
951
919
936
931
933
922
940
923
919
931
921
923
938
940
940
936
926
924
920
922
928
936
930
951
915
933
922
939
953
937
937
940
932
940
919
920
929
944
948
934
941
952
950
932
933
929
930
930
950
941
950
925
937
937
939
937
931
933
907
916
927
926
918
937
920
934
922
925
947
940
951
934
941
934
927
934
919
906
942
937
928
922
913
931
932
919
932
939
945
944
931
938
930
948
937
922
944
923
949
936
916
918
937
917
930
925
930
899
938
920
950
915
914
949
937
936
929
944
922
929
930
920
925
939
937
941
923
944
918
935
926
908
922
924
916
917
939
922
929
939
931
935
925
927
939
924
938
932
939
915
929
954
927
930
941
922
926
916
937
944
963
933
928
933
920
946
953
935
926
934
940
928
936
913
921
942
926
924
925
945
924
942
942
929
928
937
937
934
937
935
926
937
926
943
961
948
935
923
931
931
947
915
947
938
919
920
950
948
942
957
936
941
916
950
925
928
945
951
940
946
936
933
937
936
900
946
924
922
925
933
932
943
945
921
934
940
925
948
929
937
936
938
934
926
932
939
918
940
940
947
931
929
946
935
942
956
918
927
939
922
932
930
910
936
941
938
924
941
950
944
938
932
901
934
913
937
934
943
917
941
932
935
941
921
936
953
937
928
931
950
945
938
927
937
940
928
937
926
938
923
923
941
952
951
917
923
911
929
928
926
927
934
937
922
918
937
950
934
956
930
935
932
935
949
930
911
940
944
926
939
924
954
931
934
938
957
953
949
935
931
932
935
924
950
945
956
936
953
943
928
930
940
942
951
963
940
942
932
945
946
928
926
926
927
911
937
954
928
935
923
950
939
938
930
927
939
945
940
936
945
938
920
934
942
960
933
921
946
942
944
957
927
946
937
908
945
931
941
951
953
943
930
942
931
939
918
944
915
944
928
939
934
946
912
931
934
937
941
931
923
933
925
915
922
934
923
946
947
916
946
936
920
932
929
937
909
937
917
950
937
947
939
946
952
932
923
914
957
955
932
917
939
933
926
922
929
931
927
923
936
929
930
939
922
931
941
953
939
913
940
952
932
953
950
932
930
945
946
937
944
944
925
937
933
942
941
921
940
937
967
930
927
936
952
940
935
941
929
910
933
940
959
932
956
938
931
937
929
934
921
939
933
920
933
948
939
941
943
935
953
938
923
949
933
940
925
947
928
922
936
940
941
914
927
944
955
938
941
950
928
915
934
946
937
924
948
933
923
958
951
943
940
938
941
914
947
953
946
942
935
945
942
917
921
938
949
932
930
929
934
926
922
934
918
937
962
943
936
951
940
955
954
950
926
947
927
920
929
947
947
943
939
918
943
951
921
935
910
922
951
932
928
941
940
948
925
933
949
940
942
938
906
947
950
947
951
934
971
928
931
918
932
947
932
934
943
924
946
933
936
950
939
940
918
924
937
934
953
935
972
948
950
920
948
940
938
950
937
937
939
936
953
956
964
939
938
936
947
952
934
939
941
964
936
942
941
926
937
942
930
948
945
932
949
937
933
953
928
930
943
948
956
933
958
918
938
944
942
952
927
932
932
931
940
917
943
950
952
954
949
935
942
942
932
954
937
944
928
942
943
945
949
932
949
955
937
925
942
932
958
946
939
924
934
940
948
944
953
934
932
936
950
959
947
970
935
946
951
934
962
928
943
953
945
969
943
939
950
936
949
964
937
941
943
934
948
953
936
926
940
931
968
947
942
941
939
938
943
958
948
921
943
951
954
935
945
958
940
932
923
946
947
943
938
936
946
946
949
925
952
949
961
936
921
949
945
954
954
960
941
960
972
950
956
964
960
953
934
944
942
944
946
955
948
942
937
952
948
946
936
933
967
961
937
932
950
968
956
943
944
967
955
964
957
943
972
958
946
953
950
936
959
947
948
964
958
958
947
983
941
947
945
958
947
951
952
954
945
939
955
950
965
951
971
934
941
938
959
951
952
960
961
962
944
965
951
959
967
965
944
957
953
959
961
972
964
966
964
967
965
949
962
963
960
954
965
956
956
967
959
961
973
962
962
957
961
963
977
969
963
971
969
963
966
962
979
983
970
964
964
965
964
955
963
960
986
973
962
962
980
974
957
971
963
962
974
975
971
967
981
991
981
972
986
981
992
979
979
987
971
971
981
993
980
986
1004
994
999
988
994
997
980
990
980
990
998
998
993
984
992
990
1000
1010
1010
1012
1002
1002
996
999
1004
999
997
1000
1002
1008
1007
1011
1006
1020
1018
1022
1021
1018
1013
1025
1028
1029
1022
1018
1022
1024
1021
1018
1018
1025
1026
1030
1031
1034
1034
1033
1030
1028
1030
1033
1035
1035
1036
1039
1042
1043
1040
1041
1041
1043
1045
1046
1046
1045
1046
1046
1046
1049
1049
1049
1048
1047
1044
1045
1046
1046
1048
1048
1048
1048
1048
1051
1050
1051
1051
1051
1052
1052
1052
1052
1052
1052
1053
1054
1055
1055
1055
1055
1055
1055
1055
1055
1055
1056
1057
1057
1057
1057
1057
1057
1057
1057
1057
1057
1057
1057
1057
1057
1057
1057
1057
1058
