1065
922
924
930
922
921
939
938
929
931
927
950
925
931
953
935
946
938
942
944
933
926
914
947
942
940
947
934
924
907
913
941
928
945
946
930
941
934
944
947
940
954
937
917
902
920
938
925
907
937
929
927
934
927
915
943
933
917
914
930
936
943
916
935
937
947
922
926
919
940
942
915
935
927
919
935
929
944
921
937
944
945
940
927
945
937
934
938
934
923
912
920
911
939
927
911
928
933
907
925
932
903
934
935
934
915
947
925
932
942
923
939
945
943
922
937
924
929
926
940
934
921
936
928
914
950
924
936
934
930
935
926
935
921
933
954
946
935
942
952
918
921
941
949
926
925
939
938
936
931
929
917
924
927
938
928
934
961
946
927
923
928
951
918
911
933
939
940
933
929
933
937
945
940
941
957
920
919
913
933
903
931
921
917
932
944
934
909
928
928
908
937
929
945
949
941
923
905
926
941
927
944
950
933
939
926
923
925
929
941
939
944
941
929
948
930
927
921
942
937
928
910
941
938
946
915
936
944
921
923
954
936
914
915
913
944
943
938
941
928
939
939
948
935
920
951
937
952
929
929
950
920
922
930
938
939
938
925
909
947
934
920
905
928
929
922
940
954
941
930
926
931
940
942
935
936
930
904
926
934
949
915
949
927
919
937
940
945
923
933
911
946
943
948
921
948
929
937
916
932
927
911
943
923
921
943
931
944
933
932
915
924
948
937
916
927
935
918
917
927
938
945
914
919
919
943
927
939
935
941
916
934
954
912
927
922
937
927
915
940
913
927
932
929
910
918
933
926
942
920
943
932
932
934
928
935
940
929
934
946
931
939
925
928
943
938
918
942
927
937
941
934
946
928
941
927
921
922
928
927
929
935
929
948
941
936
933
917
932
926
912
942
941
940
927
928
953
926
917
925
939
927
938
929
913
936
939
941
923
955
942
930
938
941
922
943
943
945
925
934
931
929
949
931
938
954
938
934
936
958
952
942
925
946
946
923
936
937
929
952
942
941
936
944
921
913
925
938
930
934
936
952
955
931
935
940
937
946
936
922
914
926
922
930
947
922
928
935
934
956
951
936
944
934
937
932
955
940
929
936
933
913
945
930
931
924
935
915
940
946
923
952
939
924
930
928
926
946
947
938
919
938
923
937
951
919
924
941
953
916
939
901
927
930
954
913
916
931
928
933
919
900
935
936
927
935
922
943
924
943
915
942
927
935
942
941
933
932
956
941
953
932
939
931
934
929
927
936
928
931
935
938
932
937
939
919
926
941
927
942
921
937
919
935
930
950
953
945
913
925
931
938
926
925
924
957
927
934
916
929
947
939
939
920
913
937
916
946
926
932
929
944
936
930
921
949
926
912
922
919
938
935
933
937
943
944
937
924
927
949
927
936
938
941
936
942
942
930
939
947
950
953
941
911
931
927
941
911
932
952
932
930
920
924
923
920
941
922
944
943
937
936
941
933
934
933
930
926
933
922
928
916
924
950
952
940
920
912
921
936
934
915
922
941
941
943
924
933
926
944
941
937
946
935
931
926
922
923
941
917
929
921
948
930
920
936
931
919
914
922
926
933
923
933
946
942
916
925
932
931
929
917
945
930
927
937
921
928
948
928
938
924
946
952
944
938
959
928
937
937
922
934
926
926
937
928
950
926
936
932
941
933
926
937
945
938
926
923
932
934
943
936
931
946
938
956
942
926
928
915
925
944
939
955
922
927
929
924
946
927
944
935
941
923
920
928
941
931
948
938
930
940
912
951
940
936
948
935
924
917
918
933
930
935
927
931
920
934
952
955
933
943
932
950
931
932
913
943
910
936
934
944
925
935
951
930
946
928
953
897
946
952
916
924
936
931
943
936
927
936
934
931
943
941
924
940
938
930
931
944
941
946
942
933
926
952
936
924
930
926
948
949
937
924
935
903
924
917
939
925
938
920
923
927
947
932
922
921
918
924
918
956
947
953
929
949
931
942
928
949
930
931
925
947
915
928
937
921
918
921
928
914
930
927
922
932
922
925
921
925
937
921
935
942
928
921
932
955
918
944
942
931
927
925
927
921
938
927
945
909
933
937
928
913
921
920
936
941
928
941
920
899
926
933
913
940
923
919
936
938
939
930
924
933
934
941
930
938
928
927
937
935
935
936
921
942
935
921
915
919
962
944
950
933
947
935
939
938
946
923
926
929
927
915
939
937
946
947
936
944
924
932
930
929
914
935
940
934
957
948
934
920
926
938
942
927
917
934
917
928
933
934
918
938
936
926
946
916
940
915
930
915
926
943
938
948
922
909
935
924
941
918
943
933
949
911
912
955
929
936
942
925
939
913
926
939
935
950
919
940
926
940
927
934
941
920
944
938
928
934
937
938
934
941
935
911
941
944
930
959
927
942
913
916
928
920
945
911
939
936
936
929
931
949
930
920
928
917
913
932
946
936
932
921
944
945
925
937
908
921
931
914
933
933
936
928
944
922
942
916
941
926
924
923
937
933
931
932
941
936
925
927
923
927
970
930
938
909
934
943
942
948
928
934
928
953
937
940
940
949
940
934
936
922
950
942
929
935
936
954
929
922
935
919
930
932
947
907
934
936
945
936
940
930
934
929
925
930
934
922
933
927
939
927
922
924
937
921
947
925
940
930
937
933
913
938
933
952
950
935
927
931
918
950
930
948
942
901
936
921
933
947
920
942
914
951
928
918
935
939
928
932
928
916
921
926
918
940
936
938
934
936
944
941
928
932
936
913
934
938
938
932
933
941
938
929
937
941
907
929
930
926
926
936
924
936
924
934
941
942
932
935
924
937
924
936
934
934
928
942
939
918
966
920
930
925
938
923
950
937
949
935
982
1001
1005
1018
1026
1033
1035
1036
1038
1041
1043
1043
1044
1044
1045
1046
1046
1046
1047
1047
1047
1048
1048
1048
1049
1049
1049
1049
1049
1050
1050
1050
1050
1050
1050
1050
1050
1050
1050
1050
1050
1050
1050
1050
1050
1051
1052
1052
1052
1052
1052
1052
1052
1052
1054
1054
1054
1054
1054
1054
1054
1054
1054
1054
1054
1054
1054
1054
1054
1054
1056
1057
1057
1057
1057
1057
1057
1057
1057
1057
1057
1057
1057
1057
1057
1058
1058
1058
1058
1058
1058
1058
1058
1058
1058
1058
1058
1058
1058
1058
1058
1058
1058
1058
1058
1058
1058
1058
1058
1058
1058
1058
1058
1058
1058
1058
1058
1058
1058
1058
1058
1058
1058
1058
1058
1058
1058
1058
1058
1058
1058
1058
1058
1058
1058
1058
1058
1058
1058
1058
1058
1059
1059
1059
1059
1059
1059
1059
1059
1059
1059
1059
1059
1059
1059
1059
1059
1059
1059
1059
1059
1059
1059
1059
1059
1059
1059
1059
1059
1059
1059
1059
1059
1059
1059
1059
1059
1059
1059
1059
1059
1059
1059
1059
1059
1059
1059
1059
1059
1059
1059
1059
1059
1059
1059
1059
1059
1059
1059
1059
1059
1059
1059
1059
1059
1059
1059
1059
1059
1059
1059
1059
1059
1059
1059
1059
1059
1059
1059
1059
1059
1059
1059
1059
1059
1059
1059
1059
1059
1059
1059
1060
1060
1060
1060
1060
1060
1060
1060
1060
1060
1060
1060
1060
1060
1060
1060
1060
1060
1060
1060
1060
1060
1060
1060
1060
1060
1060
1060
1060
1060
1060
1060
1060
1060
1060
1060
1060
1060
1060
1060
1060
1060
1060
1060
1060
1060
1060
1060
1060
1060
1060
1060
1060
1060
1060
1060
1060
1060
1060
1060
1060
1060
1060
1060
1060
1060
1060
1060
1060
1060
1060
1060
1060
1060
1060
1060
1060
1060
1060
1060
1060
1060
1060
1060
1060
1060
1060
1060
1060
1060
1060
1060
1060
1060
1060
1060
1060
1060
1060
1060
1060
1060
1060
1060
1060
1060
1060
1060
1060
1060
1060
1060
1060
1060
1060
1060
1060
1060
1060
1060
1060
1060
1060
1060
1060
1060
1060
1060
1060
1060
1060
1060
1060
1060
1060
1060
1060
1060
1060
1060
1060
1060
1060
1060
1060
1060
1060
1060
1060
1060
1060
1060
1060
1060
1060
1060
1060
1060
1060
1060
1060
1060
1060
1060
1060
1060
1060
1060
1060
1060
1060
1060
1060
1060
1060
1060
1060
1060
1060
1060
1060
1060
1060
1060
1060
1060
1060
1060
1060
1060
1060
1060
1060
1060
1060
1060
1060
1060
1060
1060
1060
1060
1060
1060
1060
1060
1060
1060
1060
1060
1060
1060
1060
1060
1060
1060
1060
1060
1060
1060
1060
1060
1060
1060
1060
1060
1060
1060
1060
1060
1060
1060
1060
1060
1061
1061
1061
1061
1061
1061
1061
1061
1061
1061
1061
1061
1061
1061
1061
1061
1061
1061
1061
1061
1061
1061
1061
1061
1061
1061
1061
1061
1061
1061
1061
1061
1061
1061
1061
1061
1061
1061
1061
1061
1061
1061
1061
1061
1061
1061
1061
1061
1061
1061
1061
1061
1061
1061
1061
1061
1061
1061
1061
1061
1061
1061
1061
1061
1061
1061
1061
1061
1061
1062
1062
1062
1062
1062
1062
1062
1062
1062
1062
1062
1062
1062
1062
1062
1062
1062
1062
1062
1062
1062
1062
1062
1062
1062
1062
1062
1062
1062
1062
1062
1062
1062
1062
1062
1062
1062
1062
1062
1062
1062
1062
1062
1062
1062
1062
1062
1062
1062
1062
1062
1062
1062
1062
1062
1062
1062
1062
1062
1062
1062
1062
1062
1062
1062
1062
1062
1062
1062
1062
1062
1062
1062
1062
1062
1062
1062
1062
1062
1062
1062
1062
1062
1062
1062
1062
1062
1062
1062
1062
1062
1062
1062
1062
1062
1062
1062
1062
1062
1062
1062
1062
1062
1062
1062
1062
1062
1062
1062
1062
1062
1062
1062
1062
1062
1062
1062
1062
1062
1062
1062
1062
1062
1062
1062
1062
1062
1062
1062
1062
1062
1062
1062
1062
1062
1062
1062
1062
1062
1062
1062
1062
1062
1062
1062
1062
1062
1062
1062
1062
1062
1062
1062
1062
1062
1062
1062
1062
1062
1062
1062
1062
1062
1062
1062
1062
1062
1062
1062
1062
1062
1062
1062
1062
1062
1062
1062
1062
1062
1062
1062
1062
1062
1062
1062
1062
1062
1062
1062
1062
1062
1062
1062
1062
1062
1062
1062
1062
1062
1062
1062
1062
1062
1062
1062
1062
1062
1062
1062
1062
1062
1062
1062
1062
1062
1062
1062
1062
1062
1062
1062
1062
1062
1062
1062
1062
1062
1062
1062
1062
1062
1062
1062
1062
1062
1062
1062
1062
1062
1062
1062
1062
1062
1062
1062
1062
1062
1062
1062
1062
1062
1062
1062
1062
1062
1062
1062
1062
1062
1062
1062
1062
1062
1062
1062
1062
1062
1062
1062
1062
1062
1062
1062
1062
1062
1062
1062
1062
1062
1062
1062
1062
1062
1062
1062
1062
1062
1062
1062
1062
1062
1062
1062
1062
1062
1062
1062
1062
1062
1062
1062
1062
1062
1062
1062
1062
1062
1062
1062
1062
1062
1062
1062
1062
1062
1062
1062
1062
1062
1062
1062
1062
1062
1062
1062
1062
1062
1062
1062
1062
1062
1062
1062
1062
1062
1062
1062
1062
1062
1062
1062
1062
1062
1062
1062
1062
1062
1062
1062
1062
1062
1062
1062
1062
1062
1062
1062
1062
1062
1062
1062
1062
1062
1062
1062
1062
1062
1062
1062
1062
1062
1062
1062
1062
1062
1062
1062
1062
1062
1062
1062
1062
1062
1062
1062
1062
1062
1062
1062
1062
1062
1062
1062
1062
1062
1062
1062
1062
1062
1062
1062
1062
1062
1062
1062
1062
1062
1062
1062
1062
1062
1062
1062
1062
1062
1062
1062
1062
1062
1062
1062
1062
1062
1062
1062
1062
1062
1062
1062
1062
1062
1062
1062
1062
1062
1062
1062
1062
1062
1062
1062
1062
1062
1062
1062
1062
1062
1062
1062
1062
1062
1062
1062
1062
1062
1062
1062
1062
1062
1062
1062
1062
1062
1062
1062
1062
1062
1062
1062
1062
1062
1062
1062
1062
1062
1062
1062
1062
1062
1062
1062
1062
1062
1062
1062
1062
1062
1062
1062
1062
1062
1062
1062
1062
1062
1062
1062
1062
1062
1062
1062
1062
1062
1062
1062
1062
1062
1062
1062
1062
1062
1062
1062
1062
1062
1062
1062
1062
1062
1062
1062
1062
1062
1062
1062
1062
1062
1062
1062
1062
1062
1062
1062
1062
1062
1062
1062
1062
1062
1062
1062
1062
1062
1062
1062
1062
1062
1062
1062
1062
1062
1062
1062
1062
1062
1062
1062
1062
1062
1062
1062
1062
1062
1062
1062
1062
1062
1062
1062
1062
1062
1062
1062
1062
1062
1062
1062
1062
1062
1062
1062
1062
1062
1062
1062
1062
1062
1062
1062
1062
1062
1062
1062
1062
1062
1062
1062
1062
1062
1062
1062
1062
1062
1062
1062
1062
1062
1062
1062
1062
1062
1062
1062
1062
1062
1062
1062
1062
1062
1062
1062
1062
1062
1062
1062
1062
1062
1062
1062
1062
1062
1062
1062
1062
1062
1062
1062
1062
1062
1062
1062
1062
1062
1062
1062
1062
1062
1062
1062
1062
1062
1062
1062
1062
1062
1062
1062
1062
1062
1062
1062
1062
1062
1062
1062
1062
1062
1062
1062
1062
1062
1062
1062
1062
1062
1062
1062
1062
1062
1062
1062
1062
1062
1062
1062
1062
1062
1062
1062
1062
1062
1062
1062
1062
1062
1062
1062
1062
1062
1062
1062
1062
1062
1062
1062
1062
1062
1062
1062
1062
1062
1062
1062
1062
1062
