1065
918
921
924
943
933
935
937
939
943
924
901
921
932
921
915
942
914
940
922
958
939
945
918
937
916
930
936
918
932
922
949
924
923
946
937
926
906
960
944
940
934
916
946
929
922
941
926
919
916
937
943
932
926
927
920
926
925
934
912
937
946
910
926
938
933
940
939
917
931
925
932
929
931
945
925
944
926
946
923
943
932
945
908
928
923
938
929
926
943
945
953
901
916
934
917
916
936
940
907
938
946
932
936
944
910
955
928
912
948
924
924
923
913
935
949
945
924
929
945
938
930
923
937
916
915
945
929
948
920
910
927
946
950
935
904
923
934
953
943
918
929
952
940
927
921
908
943
932
944
929
938
931
946
929
932
937
931
933
940
939
931
927
916
917
938
962
917
934
924
922
931
927
932
943
956
940
951
941
923
946
931
933
945
925
917
960
922
942
942
929
920
929
923
929
929
951
955
948
902
914
911
928
927
928
961
947
928
920
940
938
935
937
929
937
943
943
914
937
937
939
926
918
940
935
920
927
924
934
941
939
952
946
914
921
935
934
927
951
950
929
939
928
942
925
950
929
942
917
932
948
938
936
952
940
949
923
935
918
935
934
922
956
945
948
937
924
920
924
937
945
939
934
931
933
934
932
942
935
936
940
951
929
953
946
905
922
927
936
936
928
932
950
926
924
921
935
936
924
931
938
924
949
937
929
929
923
946
940
938
931
943
926
922
925
934
934
946
920
923
925
905
926
932
931
939
933
919
938
923
922
941
931
925
920
931
941
932
933
939
962
952
957
920
936
915
929
930
950
927
962
940
933
909
933
946
933
939
929
930
932
947
942
938
943
929
923
945
935
959
943
934
939
930
920
940
929
937
939
929
932
949
925
942
930
937
929
934
928
946
936
953
927
915
934
952
925
944
927
932
933
951
922
906
924
945
943
950
917
943
927
953
941
943
927
918
936
933
931
944
936
944
922
944
922
946
936
923
926
885
919
912
949
927
936
941
936
903
939
936
935
949
941
932
945
944
941
927
936
952
916
933
938
913
934
928
926
941
934
931
943
917
916
939
935
922
941
943
938
916
918
938
933
932
930
919
909
911
926
913
931
931
929
928
943
923
948
950
934
956
934
926
914
924
925
938
931
947
935
938
931
938
937
946
935
947
943
942
922
921
943
928
937
941
931
929
943
941
936
948
928
925
941
929
947
919
920
946
919
934
926
941
930
926
927
911
914
914
925
920
962
933
932
946
947
941
931
914
927
933
928
919
920
943
922
909
921
934
930
947
924
957
933
959
934
936
912
928
924
940
941
942
938
928
950
935
932
926
928
948
932
941
931
928
911
924
954
937
931
943
930
927
934
929
942
942
938
935
940
931
909
935
941
956
957
920
944
929
928
928
914
918
932
933
954
945
918
926
931
943
918
929
963
950
930
921
924
946
942
919
936
923
931
947
935
954
934
960
945
924
958
924
929
937
942
925
917
918
925
935
929
951
934
920
938
939
941
920
928
930
950
950
911
923
939
933
945
958
966
936
935
935
936
907
944
942
938
953
932
932
928
931
956
946
932
956
927
938
942
918
932
935
948
932
935
940
937
948
927
930
958
954
941
951
950
923
926
940
943
933
938
951
936
908
927
934
924
931
921
949
939
949
931
947
951
949
933
925
966
932
921
927
936
939
910
917
935
955
937
913
910
917
936
956
930
918
937
933
938
947
944
943
950
929
936
942
931
936
948
954
938
937
921
940
938
937
930
951
938
938
940
930
941
938
922
949
934
938
927
920
951
946
932
930
894
935
943
923
905
937
962
916
958
935
956
939
940
943
944
942
951
931
923
954
957
929
941
918
950
946
936
923
951
941
918
931
935
937
945
953
954
936
948
928
943
938
942
930
941
937
935
943
941
924
947
937
940
941
936
933
931
934
955
932
950
929
956
934
932
934
933
944
939
958
947
950
938
939
951
934
946
951
962
934
939
938
931
943
928
939
931
948
936
956
917
929
938
935
940
951
935
935
934
945
952
943
938
939
932
947
941
953
947
947
937
923
935
918
936
940
950
944
928
943
945
967
944
933
924
925
940
931
950
918
940
942
962
937
948
946
945
941
936
949
953
950
957
957
940
944
942
935
937
957
952
929
954
931
947
940
925
924
940
942
962
949
936
938
937
942
939
941
937
963
955
925
954
949
935
950
957
930
933
968
942
948
941
923
932
947
937
937
957
930
951
949
962
946
955
943
930
950
945
944
936
964
951
949
945
925
921
942
959
957
938
952
935
952
940
939
945
940
941
943
955
928
935
938
950
952
931
953
955
960
949
943
925
943
943
955
945
950
922
946
963
937
934
952
956
955
944
954
935
942
954
956
950
945
954
939
947
936
966
944
936
956
948
952
954
939
952
934
948
958
938
949
936
958
968
954
946
962
950
950
954
956
952
952
955
941
944
941
950
955
943
939
961
945
950
937
952
963
943
924
951
957
952
953
968
956
958
946
932
948
967
965
962
926
943
942
950
944
955
950
954
946
946
939
947
969
957
939
956
960
953
949
947
950
933
952
949
949
945
964
951
945
954
956
964
954
951
966
959
944
951
952
953
962
965
952
952
953
962
956
962
957
964
956
958
963
955
963
953
939
930
938
945
963
966
949
964
951
955
946
947
970
952
966
942
954
951
961
942
942
958
956
959
951
942
974
954
948
955
978
962
963
958
961
964
957
964
963
969
962
960
960
964
967
957
971
967
954
937
952
963
975
958
930
932
941
972
980
956
976
957
974
962
969
957
957
966
946
945
958
955
960
958
964
983
970
960
957
954
977
954
968
961
962
968
968
963
938
955
951
952
969
960
960
950
945
956
941
972
947
982
951
960
958
956
968
966
963
980
949
968
983
974
963
972
968
966
968
961
967
974
958
962
976
965
976
954
973
964
966
978
961
973
971
970
977
952
968
964
962
966
965
984
969
977
966
953
963
979
969
965
959
962
953
969
987
983
963
992
988
987
989
966
959
977
975
981
986
984
991
987
982
981
971
978
980
984
971
964
977
979
975
968
981
987
986
980
988
970
982
979
972
970
970
989
973
988
985
966
971
984
958
969
978
978
985
990
986
987
979
982
973
983
972
984
985
978
994
984
979
969
975
981
997
987
980
990
990
990
994
985
975
981
989
991
985
976
974
978
981
987
975
987
993
980
977
993
988
1001
996
1000
985
994
995
975
979
967
973
976
986
992
994
980
983
987
989
979
982
988
987
989
993
989
1001
984
984
994
979
981
999
975
969
988
990
995
1002
997
989
992
994
990
1000
1005
998
999
994
983
980
991
995
995
989
1003
986
998
998
996
1011
995
1004
1003
1006
1002
1009
1004
1010
1006
1002
1003
992
996
997
1002
1006
1001
985
984
989
1004
1005
1003
1004
993
1002
1000
1002
996
996
1000
1008
1007
993
997
1001
1001
1006
997
993
1014
1016
1009
1008
1006
1012
1006
1001
994
993
991
1003
998
1009
1010
1008
1004
1007
1014
1007
996
1003
1002
1003
1001
1002
1005
1008
1009
1016
1009
1014
1010
1017
1008
1006
1011
1012
1010
1007
1014
1001
990
1000
1002
1005
1001
1006
1006
1002
1005
1009
1007
1011
1015
1011
1012
1017
1019
1025
1020
1021
1014
1007
1009
1009
1008
1005
1017
1020
1009
1016
1013
1015
1021
1019
1008
1010
1019
1017
1005
1010
1013
1017
1021
1022
1021
1016
1018
1023
1024
1023
1024
1029
1030
1029
1029
1027
1021
1016
1012
1008
1003
1019
1021
1025
1019
1017
1018
1022
1022
1021
1016
1018
1016
1019
1014
1015
1011
1014
1010
1015
1021
1016
1009
1018
1017
1028
1028
1025
1030
1035
1037
1037
1042
1039
1036
1032
1032
1029
1034
1028
1029
1033
1030
1029
1026
1028
1032
1032
1033
1033
1031
1033
1035
1036
1035
1035
1035
1037
1032
1032
1030
1031
1034
1040
1037
1034
1028
1033
1033
1032
1027
1032
1035
1037
1036
1034
1034
1029
1032
1032
1034
1038
1039
1039
1038
1034
1038
1036
1036
1032
1033
1033
1040
1037
1034
1035
1037
1035
1039
1041
1042
1041
1039
1035
1035
1037
1038
1034
1033
1033
1035
1038
1045
1043
1044
1045
1036
1038
1038
1041
1041
1041
1040
1042
1041
1040
1038
1035
1033
1036
1038
1040
1039
1042
1043
1043
1047
1046
1041
1040
1042
1041
1043
1042
1040
1040
1039
1041
1041
1039
1039
1040
1039
1042
1041
1041
1042
1045
1044
1050
1047
1047
1048
1046
1045
1040
1042
1041
1042
1042
1041
1043
1043
1042
1039
1041
1041
1043
1043
1046
1046
1047
1052
1052
1051
1051
1052
1052
1048
1048
1049
1048
1050
1049
1049
1049
1048
1048
1048
1048
1051
1051
1053
1054
1057
1057
1057
1057
1057
1057
1056
1056
1057
1057
1057
1057
1057
1057
1057
1058
1057
1058
1057
1055
1054
1054
1054
1053
1055
1054
1053
1050
1050
1047
1047
1048
1048
1048
1048
1050
1052
1053
1053
1052
1054
1054
1055
1055
1055
1055
1055
1054
1050
1051
1051
1051
1051
1050
1054
1054
1055
1055
1055
1057
1057
1057
1057
1057
1057
1057
1057
1057
1057
1058
1058
1058
1058
1058
1058
1057
1058
1058
1058
1059
1059
1059
1059
1059
1060
1060
1060
1060
1060
1060
1059
1059
1059
1058
1059
1060
1060
1060
1060
1060
1060
1060
1060
1060
1060
1060
1060
1060
1060
1060
1060
1060
1061
1061
1061
1061
1061
1061
1061
1061
1059
1061
1061
1061
1061
1061
1061
1061
1061
1061
1060
1060
1060
1060
1060
1060
1061
1061
1061
1061
1061
1061
1061
1061
1061
1061
1061
1061
1061
1061
1061
1060
1060
1060
1060
1060
1060
1060
1060
1060
1060
1060
1060
1060
1060
1060
1060
1060
1060
1060
1060
1062
1062
1062
1062
1062
1062
1062
1062
1062
1062
1061
1062
1062
1062
1062
1062
1062
1062
1062
1062
1062
1062
1062
1063
1063
1063
1063
1063
1063
1063
1063
1063
1063
1063
1063
1063
1063
1063
1063
1063
1063
1063
1063
1063
1063
1063
1063
1063
1063
1063
1063
1063
1063
1063
1063
1063
1063
1063
1063
1063
1063
1063
1063
1063
1063
1063
1063
1063
1063
1063
1063
1063
1063
1063
1063
1063
1063
1063
1063
1063
1063
1063
1063
1063
1063
1063
1063
1063
1063
1063
1063
1063
1063
1063
1063
1063
1063
1063
1063
1063
1063
1063
1063
1063
1063
1063
1063
1063
1063
1063
1063
1063
1063
1063
1063
1063
1063
1063
1063
1063
1063
1063
1063
1063
1063
1063
1063
1063
1063
1063
1063
1063
1063
1063
1063
1063
1063
1063
1063
1063
1063
1063
1063
1063
1063
1063
1063
1063
1063
1063
1063
1063
1063
1063
1063
1063
1063
1063
1063
1063
1063
1063
1063
1063
1063
1063
1063
1063
1063
1063
1063
1063
1063
1063
1063
1063
1063
1063
1063
1063
1063
1063
1063
1063
1063
1063
1063
1063
1063
1063
1063
1063
1063
1063
1063
1063
1063
1063
1063
1063
1063
1063
1063
1063
1063
1063
1063
1063
1063
1063
1063
1063
1063
1063
1063
1063
1063
1063
1063
1063
1063
1063
1063
1063
1063
1063
1063
1063
1063
1063
1063
1063
1063
1063
1063
1063
1063
1063
1063
1063
1063
1063
1063
1063
1063
1063
1063
1063
1063
1063
1063
1063
1063
1063
1063
1063
1063
1063
1063
1063
1063
1063
1063
1063
1063
1063
1063
1063
1063
1063
1063
1063
1063
1063
1063
1063
1063
1063
1063
1063
1063
1063
1063
1063
1063
1063
1063
1063
1063
1063
1063
1063
1063
1063
1063
1063
1063
1063
1063
1063
1063
1063
1063
1063
1063
1063
1063
1063
1063
1063
1063
1063
1063
1063
1063
1063
1063
1063
1063
1063
1063
1063
1063
1063
1063
1063
1063
1063
1063
1063
1063
1063
1063
1063
1063
1063
1063
1063
1063
1063
1063
1063
1063
1063
1063
1063
1063
1063
1063
1063
1063
1063
1063
1063
1063
1063
1063
1063
1063
1063
1063
1063
1063
1063
1063
1063
1063
1063
1063
1063
1063
1063
1063
1063
1063
1063
1063
1063
1063
1063
1063
1063
1063
1063
1063
1063
1063
1063
1063
1063
1063
1063
1063
1063
1063
1063
1063
1063
1063
1063
1063
1063
1063
1063
1063
1063
1063
1063
1063
1063
1063
1063
1063
1063
1063
1063
1063
1063
1063
1063
1063
1063
1063
1063
1063
1063
1063
1063
1063
1063
1063
1063
1063
1063
1063
1063
1063
1063
1063
1063
1063
1063
1063
1063
1063
1063
1063
1063
1063
1063
1063
1063
1063
1063
1063
1063
1063
1063
1063
1063
1063
1063
1063
1063
1063
1063
1063
1063
1063
1063
1063
1063
1063
1063
1063
1063
1063
1063
1063
1063
1063
1063
1063
1063
1063
1063
1063
1063
1063
1063
1063
1063
1063
1063
1063
1063
1063
1063
1063
1063
1063
1063
1063
1063
1063
1063
1063
1063
1063
1063
1063
1063
1063
1063
1063
1063
1063
1063
1063
1063
1063
1063
