1065
918
931
922
916
923
946
932
931
947
951
947
928
922
946
931
915
951
957
924
891
932
920
945
948
948
926
899
927
925
940
945
918
939
924
936
943
935
914
933
937
923
941
945
949
932
933
958
938
934
951
930
927
933
919
945
930
920
954
944
911
927
907
933
920
936
942
923
946
963
934
947
932
940
927
910
906
915
944
937
942
935
928
946
946
916
946
945
921
949
924
929
922
908
948
915
933
956
924
926
922
946
939
941
937
932
926
925
923
930
925
922
920
957
948
938
948
945
910
932
936
940
940
935
946
933
920
931
934
925
924
917
938
926
927
943
935
932
936
919
931
941
929
930
938
958
934
919
936
921
949
926
959
944
937
928
951
947
913
917
946
936
964
929
928
931
952
956
935
928
941
945
918
920
908
935
924
934
925
948
930
939
947
929
918
943
949
948
944
944
916
925
935
902
945
923
926
933
952
922
943
922
929
941
929
945
928
941
911
933
919
924
941
921
929
936
959
949
946
933
923
933
938
964
940
919
933
932
935
933
912
934
947
932
936
927
924
935
935
943
939
925
930
933
931
942
927
944
924
933
908
949
942
924
928
923
917
932
901
915
904
915
937
921
918
924
912
939
931
928
940
939
934
935
919
933
926
927
943
934
932
940
952
913
942
929
925
941
941
922
925
950
940
941
922
919
927
933
931
943
931
929
928
934
926
957
937
933
935
939
919
919
945
939
932
924
923
926
922
930
938
930
926
934
938
946
933
943
937
954
932
943
942
914
950
941
924
954
946
922
933
941
940
921
948
937
957
933
934
916
921
944
933
943
937
933
916
921
940
942
947
943
953
914
937
950
944
941
936
937
933
945
938
920
932
922
946
954
914
919
919
941
946
938
929
948
946
944
942
927
940
939
918
933
949
938
934
926
925
938
928
940
937
917
918
933
940
937
947
932
950
908
934
934
928
926
927
939
924
928
923
933
948
945
940
920
938
953
932
934
941
924
920
927
957
943
956
915
952
925
930
914
932
929
943
944
930
941
941
925
942
937
924
919
954
943
946
921
920
924
929
942
950
938
929
952
920
927
931
936
928
927
931
916
938
940
920
926
913
941
919
926
919
909
934
925
945
951
924
933
919
918
940
934
933
920
920
939
933
915
918
944
941
925
934
930
948
936
933
934
924
944
933
910
922
933
947
943
923
945
907
932
950
948
929
916
934
944
945
934
939
938
934
939
927
929
925
938
929
943
925
933
935
955
922
924
927
915
947
941
942
926
912
924
943
937
948
942
932
942
922
938
939
944
927
967
939
926
924
923
910
945
928
922
918
942
942
923
937
929
934
927
938
944
923
952
921
951
938
917
925
926
945
933
930
940
933
946
930
928
940
932
925
926
944
952
943
924
935
933
924
950
945
939
946
936
936
912
937
937
938
939
941
936
943
939
939
968
945
943
914
948
952
926
923
936
928
926
931
914
935
918
946
933
919
945
924
948
947
960
936
939
924
931
932
936
929
919
923
947
932
943
934
916
937
934
952
914
931
930
944
921
946
933
939
936
934
932
937
955
933
930
926
921
929
936
951
944
944
912
928
945
936
932
935
920
933
935
921
929
919
914
927
918
939
955
932
932
930
934
939
937
931
927
931
931
938
914
941
938
936
946
936
929
929
922
928
934
932
949
938
940
947
945
914
944
942
918
947
955
940
946
927
929
942
933
950
932
942
926
955
927
946
928
926
940
939
931
924
934
930
925
924
927
932
917
945
929
919
939
922
926
925
922
922
909
933
940
932
933
927
947
936
907
931
942
951
930
934
922
934
925
937
948
943
919
938
931
937
915
925
942
932
961
945
931
934
919
922
933
939
917
918
937
924
937
915
940
915
937
947
915
943
942
937
950
923
926
931
924
912
932
928
928
934
937
918
922
945
937
922
933
956
940
931
924
934
931
954
934
939
927
928
943
936
944
931
935
949
917
933
939
936
928
937
924
929
938
953
941
925
918
925
913
922
930
938
929
908
942
929
931
924
957
937
922
915
935
924
911
932
921
917
948
936
943
940
950
934
914
920
913
928
918
905
913
926
917
936
941
926
934
919
921
930
933
923
930
924
939
934
932
919
942
921
942
921
941
928
909
924
938
941
932
927
917
938
930
943
935
931
933
945
929
924
931
938
936
931
938
928
933
922
933
945
927
938
931
936
943
938
942
933
941
933
926
937
939
931
940
927
914
942
929
943
941
924
932
933
921
928
947
943
913
925
907
926
943
933
919
949
932
931
929
938
935
938
937
915
927
933
945
944
919
917
937
942
949
917
923
933
941
936
931
937
939
924
930
932
951
953
925
908
928
943
933
942
939
937
926
940
932
925
943
941
926
928
943
906
929
936
934
940
937
933
931
947
930
937
943
952
942
940
932
945
937
942
919
907
915
911
930
949
931
926
934
923
957
953
919
935
933
942
925
949
940
944
920
929
932
935
930
933
915
952
916
927
948
937
923
932
950
943
941
938
933
928
946
920
937
936
953
951
929
927
923
919
934
936
951
944
925
937
934
950
935
934
943
951
930
925
943
934
927
923
945
924
918
915
923
937
918
922
927
916
927
948
927
941
949
931
922
943
923
934
959
941
945
927
931
927
932
945
914
931
944
941
924
939
927
918
932
941
909
921
913
916
926
927
933
956
920
936
960
926
945
928
934
934
930
931
917
938
945
938
945
945
918
933
911
892
929
910
921
932
919
929
935
934
946
939
926
939
930
935
944
920
927
947
933
927
933
920
939
941
946
925
948
925
923
920
923
914
915
938
922
957
949
923
947
931
934
942
924
921
944
940
951
929
925
935
921
924
936
914
903
932
918
939
933
940
934
913
931
944
942
924
929
931
939
939
937
934
922
934
945
942
937
943
945
932
931
930
940
911
928
916
929
900
925
939
933
916
935
921
910
944
930
933
950
937
945
929
931
939
938
944
941
924
930
926
968
933
929
931
935
940
936
925
930
929
936
913
926
940
916
935
930
895
916
936
961
922
931
927
944
936
912
942
942
933
937
935
931
941
944
932
939
924
912
943
932
921
964
924
918
951
937
942
946
922
927
914
933
934
929
941
930
927
919
922
927
931
944
959
934
904
929
953
931
931
931
912
962
940
923
932
918
934
933
939
929
925
939
918
966
940
943
928
946
956
943
928
921
948
926
937
931
937
933
921
940
924
934
939
942
906
925
934
932
935
931
951
930
925
935
926
930
948
931
930
924
939
937
942
919
927
945
943
931
928
911
935
933
937
912
927
925
927
939
933
934
920
931
947
920
944
943
930
932
942
934
932
944
948
946
924
933
940
942
918
909
932
931
943
944
928
947
941
932
925
923
927
934
930
936
951
928
946
924
915
916
927
924
946
924
919
941
928
943
926
925
935
900
943
941
930
936
924
927
933
939
954
937
930
941
936
918
927
926
941
923
948
934
944
941
925
932
928
929
925
935
923
939
934
908
948
950
934
935
929
919
943
936
953
914
931
934
922
930
924
937
938
932
932
929
928
936
936
925
933
953
945
944
927
934
941
931
929
939
924
941
919
949
929
944
942
939
932
943
912
916
940
929
933
942
923
948
917
939
934
933
932
922
928
923
940
941
930
929
921
948
936
942
930
923
926
911
914
928
943
913
948
939
950
921
935
922
916
931
928
948
949
916
916
936
924
924
921
941
946
944
905
910
937
942
918
937
917
939
939
941
922
931
934
928
945
940
931
934
937
930
936
930
929
925
913
943
946
924
923
928
927
926
935
912
925
926
942
946
961
930
924
939
927
932
935
937
944
946
925
956
936
948
921
926
909
924
922
934
968
931
926
937
920
926
916
947
923
924
950
937
961
929
944
904
926
947
945
925
952
943
951
926
921
928
940
937
935
933
936
934
946
929
938
943
943
949
929
926
931
927
940
925
916
935
943
909
927
932
932
929
927
938
919
935
935
930
929
942
933
936
917
915
935
942
960
932
949
934
930
924
933
931
953
916
929
915
921
936
930
914
937
927
916
933
951
931
943
954
938
915
935
939
940
930
929
923
921
931
937
930
932
924
943
928
944
941
940
948
914
924
905
932
931
936
930
943
952
924
958
933
926
940
940
940
933
924
904
925
942
940
919
939
933
938
917
925
924
935
932
922
913
937
938
954
942
938
952
940
937
934
933
918
932
940
920
917
939
919
947
944
930
936
907
951
923
935
910
922
929
914
937
957
941
926
934
948
927
950
951
952
919
922
921
945
939
931
925
929
943
932
944
931
924
952
914
930
945
950
949
931
931
926
944
948
954
938
946
930
931
927
939
924
926
954
935
933
923
935
939
941
931
923
944
938
943
937
925
942
932
920
937
947
942
936
923
911
934
953
944
939
950
935
910
936
927
949
924
913
933
936
931
930
912
925
926
950
922
939
925
951
953
948
933
945
940
927
933
942
933
940
927
937
918
922
922
931
930
920
923
932
941
938
932
937
939
944
913
937
926
941
935
937
953
934
919
930
912
920
939
933
921
917
949
938
944
911
910
914
939
931
954
938
949
918
938
934
932
941
924
937
932
937
952
913
932
944
930
937
918
942
948
929
946
932
943
931
923
921
935
955
932
934
936
936
944
941
930
933
948
918
920
931
933
938
925
922
915
947
927
915
917
930
943
943
928
934
930
928
943
936
924
931
936
932
959
943
933
936
926
949
938
934
925
927
917
939
942
937
932
936
936
938
944
962
939
936
953
925
942
932
956
960
935
950
926
933
916
938
907
911
908
928
945
937
950
930
934
934
937
926
922
946
949
936
912
950
959
956
956
966
928
942
944
958
930
928
937
938
944
941
932
909
936
944
933
951
935
936
910
942
930
945
945
947
938
949
919
936
937
941
945
952
939
935
924
940
968
938
951
942
916
932
944
934
914
948
925
929
958
950
935
935
943
936
918
927
937
938
935
933
925
939
918
913
922
947
936
937
952
930
921
954
945
926
945
959
948
940
946
950
927
921
949
933
935
930
943
959
939
921
920
934
937
935
927
941
925
941
944
939
956
951
941
943
960
949
933
929
925
963
923
918
935
923
928
935
940
958
937
954
962
939
946
947
930
936
930
937
936
948
929
934
946
955
934
942
936
928
939
920
932
937
948
934
943
948
944
930
927
923
947
956
923
944
946
939
934
939
931
940
930
930
951
937
939
926
934
938
927
933
938
950
936
942
966
954
938
937
938
931
926
946
940
931
929
939
957
944
949
915
956
943
941
927
937
926
952
936
958
939
937
926
927
955
957
964
941
947
935
932
935
953
949
926
946
934
925
931
939
924
948
957
942
929
942
949
954
949
940
939
941
951
945
934
937
954
967
928
940
921
930
943
959
956
954
947
937
947
938
939
944
924
957
945
939
944
947
954
936
951
935
927
944
942
938
945
946
932
951
941
957
945
931
937
939
926
950
941
943
929
939
925
947
934
940
939
940
966
942
930
925
949
940
953
946
952
963
949
940
933
956
976
967
969
940
953
957
949
956
936
946
962
943
928
969
957
940
941
930
948
955
961
954
944
960
946
952
947
946
950
950
943
959
950
956
963
946
953
959
962
947
962
970
954
950
940
943
958
961
969
960
932
944
982
971
957
969
961
970
964
967
969
968
962
976
965
966
985
980
993
977
977
982
986
975
983
987
995
1008
1010
1009
1014
1015
1020
1027
1029
1033
1037
1042
