1065
927
915
936
922
936
922
940
948
926
942
932
929
934
926
930
928
930
917
933
945
928
940
920
919
936
920
934
931
928
928
929
932
954
925
936
946
945
921
925
938
938
946
917
903
950
925
935
930
946
934
946
942
921
923
931
912
927
945
920
907
936
931
940
925
927
918
931
919
936
943
925
934
925
908
941
919
933
950
940
945
936
933
931
930
940
945
941
919
927
947
942
937
934
932
951
954
924
906
936
941
946
933
932
942
945
946
940
950
938
929
931
920
938
941
927
923
930
930
948
929
944
929
926
941
950
941
935
935
933
925
937
939
917
943
928
930
939
948
928
928
932
951
932
929
932
932
930
946
941
949
936
920
925
941
935
932
938
925
944
947
940
937
912
948
929
929
942
935
927
933
928
932
947
927
937
929
931
917
950
935
943
952
921
928
946
963
921
916
919
932
927
940
928
935
948
947
923
937
943
926
926
934
935
917
941
948
927
928
908
939
934
925
913
927
934
934
949
933
940
913
950
912
931
911
934
923
932
928
951
935
947
931
937
935
922
940
948
922
948
934
929
928
940
924
925
939
928
940
920
951
940
950
915
930
922
921
931
932
947
930
929
930
920
929
928
947
941
935
941
928
954
940
926
931
936
940
932
924
927
922
941
939
943
928
924
924
927
928
926
910
928
927
942
933
934
940
936
921
936
930
952
940
932
936
932
916
904
930
926
942
948
931
910
942
939
929
949
926
940
945
925
913
926
942
934
933
960
939
927
960
948
931
930
932
947
937
941
953
920
928
931
945
942
929
937
957
953
946
925
938
922
921
930
942
941
934
942
933
930
931
928
944
948
930
917
911
939
934
935
942
948
943
936
919
937
947
909
943
942
930
914
923
922
924
931
927
922
906
933
929
921
924
919
933
917
940
909
925
939
916
926
949
928
937
927
926
913
949
955
935
934
930
935
914
946
950
931
941
923
932
934
939
909
930
913
926
935
936
925
938
943
938
921
936
910
916
947
936
926
945
953
927
939
939
929
908
946
940
941
920
929
932
914
913
934
922
908
922
942
932
929
923
930
950
942
951
933
942
931
932
922
929
940
939
917
924
932
922
951
932
930
927
919
950
921
923
927
942
935
931
929
938
924
936
917
936
939
945
932
922
936
938
920
952
937
930
930
940
918
921
931
932
939
942
950
938
941
928
921
950
929
918
928
937
934
921
937
945
918
933
944
926
949
939
927
922
920
924
947
928
929
935
931
940
944
955
941
937
936
915
931
923
939
923
925
926
934
925
951
934
941
941
929
939
926
936
936
958
950
938
930
934
927
944
919
949
917
944
936
929
941
943
932
938
939
932
937
936
936
968
952
932
935
916
946
922
929
936
941
943
932
940
944
939
943
950
915
923
926
941
917
924
914
918
943
949
927
925
942
917
928
931
930
943
934
931
947
922
933
952
954
930
917
921
926
924
919
934
948
930
948
928
928
923
936
952
922
935
920
935
934
907
946
939
940
940
931
936
946
926
945
930
915
936
915
927
947
933
927
908
933
921
940
943
932
920
930
948
925
931
933
925
920
934
938
929
932
932
934
940
943
940
936
913
927
907
947
941
936
915
916
919
927
941
951
944
925
938
934
942
917
939
920
927
937
961
946
952
950
938
915
944
938
940
927
939
926
924
928
928
941
937
923
937
941
930
942
925
919
943
940
940
930
936
928
934
937
938
917
910
930
941
938
941
906
929
930
920
931
947
945
940
924
931
921
920
919
917
934
939
920
948
937
931
934
922
942
887
934
939
944
922
941
932
923
911
938
926
934
937
908
902
920
917
946
947
915
939
927
952
904
920
930
916
926
936
927
918
939
934
943
928
937
946
928
925
942
936
926
930
918
915
942
937
939
938
951
933
942
945
927
914
934
944
926
943
935
927
945
934
928
931
920
944
926
938
934
938
921
936
947
934
937
931
924
943
935
920
917
910
909
933
917
924
924
933
927
922
928
947
937
904
922
947
928
917
940
910
933
944
927
945
931
932
949
948
948
925
947
954
941
933
935
934
930
913
930
937
935
947
944
924
931
941
954
929
921
912
931
939
936
939
931
946
938
939
942
937
935
942
935
921
925
946
923
948
934
940
923
947
936
938
933
941
955
927
924
951
920
931
953
925
922
932
934
937
916
939
921
939
919
941
947
935
929
933
932
942
947
920
942
940
920
903
925
925
934
946
915
932
920
931
933
954
933
941
932
944
937
931
934
936
916
934
946
940
922
934
920
944
930
931
926
933
912
912
938
949
922
945
939
942
925
925
931
927
933
938
943
943
951
947
911
936
931
936
935
930
935
944
957
945
924
946
939
943
938
917
939
943
943
935
921
938
925
927
944
949
924
932
948
950
934
944
916
927
917
937
943
914
919
935
926
931
937
925
942
926
940
936
953
934
939
944
926
902
943
947
929
909
925
939
941
938
932
931
938
935
928
936
911
909
926
929
927
956
933
931
944
937
939
950
943
911
933
921
913
944
938
952
934
924
940
938
951
932
939
942
936
943
932
941
926
925
912
941
931
942
949
946
937
927
939
921
938
946
938
923
944
944
925
946
937
929
924
935
926
944
924
943
945
940
942
946
937
937
940
940
916
939
939
926
911
958
943
937
932
940
947
952
920
920
933
926
925
945
950
946
924
927
928
933
918
928
937
938
934
939
949
935
941
943
940
921
922
912
922
906
916
923
958
947
938
948
940
920
925
945
932
902
937
937
939
922
937
925
930
938
927
937
925
899
937
943
927
933
936
926
933
941
945
934
942
920
935
945
940
953
922
938
929
933
945
934
931
925
951
919
927
935
926
930
939
929
937
941
910
944
937
941
936
939
921
934
937
897
950
937
933
941
946
930
932
941
945
926
940
916
935
940
949
937
929
965
946
929
950
931
935
936
940
917
935
930
932
936
938
925
929
921
930
960
943
948
950
926
955
943
937
934
953
936
918
937
931
943
940
920
925
933
927
953
938
928
930
936
922
947
936
926
931
913
934
944
935
920
934
934
945
930
934
942
917
942
926
927
920
954
942
921
946
951
924
926
929
941
909
944
942
947
924
922
937
912
933
939
925
922
941
930
946
919
942
952
933
927
935
937
931
915
942
935
937
934
914
930
937
951
921
925
950
935
932
920
931
933
928
928
917
917
940
935
937
925
942
945
913
917
942
937
927
935
951
948
939
936
945
933
932
961
926
924
923
931
930
916
932
934
907
921
924
933
937
921
927
932
923
926
945
931
922
933
945
927
943
935
947
927
929
927
933
912
932
907
915
932
934
937
936
941
924
935
935
927
950
932
923
939
932
925
939
939
929
944
941
928
937
938
949
953
921
922
944
943
930
935
938
939
937
938
928
927
939
938
916
934
950
955
939
954
917
919
943
921
918
953
937
934
936
899
919
925
934
941
936
928
918
942
948
938
929
934
930
929
941
942
933
943
940
919
945
943
919
949
944
917
943
948
945
928
919
932
915
934
924
939
952
928
926
928
907
941
927
936
944
932
918
948
941
928
934
925
941
946
935
942
937
907
923
917
937
957
945
936
935
945
935
934
937
955
935
937
931
923
930
921
914
913
939
950
951
939
928
940
945
921
929
936
932
929
941
931
931
950
941
940
928
921
954
949
947
939
941
924
931
939
931
936
945
934
959
925
941
922
929
926
952
964
941
934
938
944
936
930
939
935
936
922
940
934
959
935
926
917
944
931
924
902
933
932
958
947
934
931
910
931
919
943
916
963
928
940
935
923
944
920
945
954
939
951
954
941
934
943
945
951
934
933
943
940
932
923
923
936
946
939
926
935
935
924
944
960
939
937
953
929
937
928
946
938
949
934
941
911
949
940
939
923
942
921
939
927
933
955
927
932
923
944
912
927
919
928
923
928
945
935
950
919
932
927
930
928
938
938
955
945
934
928
932
931
919
929
937
921
949
944
924
952
931
953
940
937
948
937
931
937
909
933
936
920
946
920
917
953
944
930
940
928
930
921
927
933
933
936
935
943
929
934
942
926
934
948
919
921
937
930
937
942
923
942
928
919
922
912
936
932
929
917
939
920
926
935
946
919
930
942
955
935
937
935
924
940
949
925
934
940
923
935
943
897
959
942
927
928
944
928
931
933
952
950
940
928
931
931
949
941
949
934
920
929
925
939
949
941
935
942
946
959
928
960
941
937
929
946
934
935
934
947
928
931
912
940
913
951
954
933
931
947
929
931
932
933
934
927
924
938
922
931
921
928
941
949
942
919
954
942
949
918
929
938
949
931
925
950
938
929
952
953
936
948
926
946
945
945
939
944
918
929
943
931
936
933
936
931
943
959
923
951
931
950
943
937
931
950
941
933
929
923
925
927
950
936
919
940
920
940
934
933
939
921
911
944
929
924
927
933
926
928
949
938
929
920
953
922
935
909
949
919
918
938
933
937
944
932
951
929
947
931
958
952
948
942
933
935
936
950
938
914
936
919
937
938
931
938
940
911
943
924
907
931
935
941
961
929
937
922
931
928
936
928
945
934
929
943
948
929
931
929
921
919
946
927
920
948
951
937
937
935
923
948
954
933
927
925
946
948
927
933
933
952
931
961
953
924
929
942
919
934
936
932
928
944
940
936
944
937
931
946
936
932
955
946
950
942
946
935
944
931
949
949
947
928
935
936
941
946
937
945
935
940
938
938
938
947
935
928
912
930
923
926
944
947
935
943
958
927
927
929
926
952
951
942
917
924
922
927
918
924
926
915
939
934
938
935
955
942
940
941
956
941
926
923
957
933
924
939
939
928
925
927
933
927
918
939
940
943
937
937
943
934
954
943
927
943
962
935
939
945
945
945
930
941
940
937
927
953
932
930
936
929
944
926
947
960
960
944
946
952
955
944
973
959
943
933
936
936
960
952
928
944
955
953
964
943
945
942
958
929
937
942
934
940
937
952
950
938
953
936
953
928
938
934
930
943
939
960
944
927
954
960
939
958
934
943
922
952
944
944
950
950
933
955
933
945
961
937
956
951
970
972
940
966
941
953
950
950
946
941
957
960
948
951
955
951
958
962
936
952
958
946
944
945
945
961
942
951
946
952
946
966
960
956
936
948
944
941
952
928
941
951
959
952
967
951
956
958
957
955
960
941
954
954
960
960
971
951
963
946
951
958
958
946
934
956
949
966
953
957
950
952
945
956
936
950
960
965
963
957
947
935
959
947
953
959
947
952
973
960
975
976
971
956
969
954
958
939
972
972
944
964
972
968
955
959
961
980
952
964
973
980
952
961
955
949
970
966
946
976
976
980
970
968
975
968
978
967
967
960
950
960
967
974
957
954
973
980
959
977
977
973
965
977
967
964
980
987
998
978
993
995
978
990
980
980
994
987
989
984
995
987
998
992
1003
993
979
995
997
990
987
990
997
994
988
998
993
1005
1003
989
998
998
1006
996
1009
1007
998
1003
1002
1003
1006
1010
1005
1009
1010
1018
1021
1022
1025
1017
1018
1020
1021
1010
1008
1012
1012
1016
1021
1029
1026
1030
1028
1021
1026
1028
1029
1032
1032
1035
1037
1038
1037
1039
1038
1040
1044
1042
1042
1047
1046
1051
1051
1055
1055
1056
1055
1055
1057
1056
1056
1056
1055
1055
1055
1056
1056
1059
1060
1060
1060
1060
1060
1060
1060
1060
1060
1061
1061
1062
1062
1062
1062
1062
1062
1062
1062
1062
1062
1062
1062
1062
1062
1062
1062
1062
1062
1062
1062
1062
1062
1062
1062
1062
1062
1062
1062
1062
1062
1062
1062
1062
