1065
927
918
915
935
929
950
919
935
927
936
940
921
953
923
916
935
926
936
944
936
931
941
947
939
924
942
959
936
917
928
939
936
935
938
910
931
919
930
942
938
934
946
939
942
945
931
926
928
928
926
939
950
938
940
907
917
943
919
928
939
933
928
948
933
941
936
952
947
914
937
953
923
947
940
926
929
949
925
932
928
926
918
914
930
956
932
934
942
947
904
922
933
933
924
936
916
922
923
923
933
929
925
926
908
931
924
948
938
922
937
945
952
931
924
942
949
943
939
933
917
948
951
943
936
933
945
927
935
934
926
935
936
906
920
932
946
929
941
924
932
948
932
938
938
930
940
951
942
919
921
922
925
940
929
916
922
930
925
932
938
940
926
931
944
936
930
930
924
936
930
938
931
915
919
928
923
952
936
933
947
948
938
931
946
951
929
929
926
924
928
930
927
944
935
931
928
925
924
937
935
941
943
917
918
932
931
939
940
947
943
927
932
917
935
926
923
933
937
940
942
915
956
943
928
920
927
933
935
920
924
957
934
934
956
952
919
925
939
947
923
921
939
923
915
938
910
927
937
936
951
926
949
921
927
936
930
935
941
937
921
942
933
943
943
953
952
950
950
949
941
934
926
945
931
924
931
942
913
951
939
937
929
926
920
953
963
909
931
959
931
916
951
926
916
924
925
945
926
932
922
930
918
927
917
936
935
954
932
945
930
931
939
919
927
927
928
916
930
940
951
923
927
963
926
933
953
927
927
938
949
936
945
924
928
924
937
958
939
930
929
932
949
939
938
917
937
949
941
926
932
931
954
932
926
929
935
922
925
948
944
921
950
949
927
905
944
949
939
925
927
925
910
941
945
943
943
906
940
937
946
936
925
943
938
934
934
930
938
923
932
950
935
920
940
909
923
930
941
940
952
910
922
918
917
941
963
942
939
926
940
917
936
919
942
916
943
953
943
928
949
941
933
938
916
932
920
934
947
927
949
938
950
940
927
935
939
940
953
944
945
947
947
932
935
958
957
957
934
950
941
941
930
939
934
928
937
941
945
931
921
925
928
930
933
932
937
945
946
937
925
932
951
954
950
920
923
929
943
932
948
937
948
920
931
930
947
918
916
948
942
941
935
939
937
932
927
938
930
938
942
927
926
933
953
957
928
949
925
919
929
933
933
943
945
940
934
947
939
954
924
940
944
921
934
932
922
941
929
916
938
925
933
943
943
930
917
937
963
927
934
932
939
926
936
936
943
934
928
946
932
920
930
936
923
942
941
942
941
942
938
945
904
927
908
960
941
948
921
933
908
922
934
914
943
950
957
946
944
918
955
916
948
935
934
939
938
957
930
948
946
943
958
946
957
924
937
916
935
957
949
913
943
945
945
952
929
929
949
911
941
928
925
928
922
946
930
938
943
946
953
945
947
923
935
931
923
936
946
929
946
953
964
943
946
964
923
944
943
930
949
940
931
947
935
934
926
932
960
939
938
942
946
928
943
929
945
934
954
945
930
941
935
924
943
936
945
933
945
933
927
921
946
937
913
947
927
940
943
930
929
938
947
936
952
906
940
944
949
945
940
929
946
940
946
952
937
944
962
957
925
934
939
936
947
953
938
939
947
965
936
922
956
928
945
940
948
937
949
938
944
949
944
923
937
933
968
934
933
954
943
931
927
936
928
935
954
906
926
951
933
919
935
931
959
943
921
948
932
939
925
927
955
941
912
931
941
942
930
931
944
966
934
957
953
948
955
949
938
958
951
947
942
931
974
950
957
957
951
952
945
949
948
939
931
938
964
958
937
944
942
946
955
925
946
936
955
939
957
943
945
946
945
941
928
953
969
949
961
943
949
942
936
955
925
957
960
932
952
964
947
937
965
943
948
943
949
943
942
937
950
960
956
941
943
933
943
955
943
962
957
949
953
927
942
937
955
936
939
961
938
956
947
944
931
965
934
938
950
958
954
961
965
950
931
944
940
954
966
960
933
943
962
931
941
938
936
949
945
962
960
934
965
952
939
923
935
931
940
938
952
963
947
958
943
951
963
920
952
942
951
954
951
947
967
955
953
964
941
959
965
959
949
954
949
970
951
961
964
955
965
959
965
952
933
954
937
941
969
936
935
952
956
965
950
943
943
975
965
939
942
968
980
951
960
974
973
957
935
953
957
937
940
949
966
969
959
958
958
967
940
963
943
951
944
955
944
953
945
943
962
951
959
960
964
956
960
951
948
946
944
961
966
965
965
958
965
958
953
947
957
969
958
947
948
959
960
966
944
956
947
962
933
961
952
966
941
962
973
951
947
958
962
965
958
957
955
949
959
976
964
963
962
944
961
940
946
951
950
968
954
963
960
950
944
980
960
966
968
971
960
962
953
968
974
968
942
967
980
958
983
985
979
966
966
980
970
951
964
961
977
962
960
952
977
962
954
954
950
964
965
971
967
968
971
960
956
985
973
947
949
963
958
970
963
965
985
968
963
961
970
963
967
966
969
974
973
963
969
947
983
970
964
975
970
967
947
966
972
977
973
970
964
972
954
962
954
964
958
969
969
971
956
980
979
965
970
965
964
970
977
980
978
970
965
975
971
963
964
967
982
978
983
980
974
979
981
970
972
975
980
977
982
969
971
974
969
979
975
979
986
975
963
968
969
977
942
950
981
989
984
987
991
987
981
983
991
981
974
974
979
990
967
983
977
989
980
978
959
997
994
973
981
972
966
992
996
981
981
985
983
981
983
984
992
992
984
988
980
984
983
977
990
993
979
978
971
986
988
986
988
977
993
997
983
984
983
986
989
985
967
967
989
988
988
991
998
996
977
985
977
968
981
995
990
990
985
981
991
989
999
1003
1001
990
997
987
997
999
1015
1002
999
983
982
976
984
992
998
992
981
997
983
988
999
999
988
989
1002
998
1012
1009
1010
1003
1003
1008
1004
995
992
991
995
993
991
984
995
997
1001
1003
1007
1011
1011
1012
1006
994
1009
1005
1001
998
997
999
999
1008
1009
1002
995
994
982
985
989
997
996
989
1000
1007
1006
1008
1006
1004
1007
1001
991
996
1011
1001
1006
1002
1008
1004
1001
983
995
1010
1008
1004
1005
1005
990
1009
1006
997
1005
1010
1011
1004
1016
1015
1004
1009
1004
1012
1013
1018
1025
1015
1020
1027
1027
1022
1012
1011
1014
1016
1018
1019
1022
1021
1015
1025
1022
1022
1012
1017
1014
1010
1004
1014
1013
1013
1014
1013
1009
1011
1015
1003
1010
1017
1020
1021
1022
1014
1020
1023
1023
1029
1034
1028
1037
1034
1033
1025
1025
1026
1024
1023
1029
1033
1031
1030
1030
1032
1025
1028
1024
1011
1014
1021
1024
1022
1028
1028
1032
1026
1026
1031
1033
1028
1030
1036
1032
1027
1028
1029
1024
1022
1026
1023
1019
1019
1022
1022
1023
1028
1027
1026
1027
1026
1029
1030
1028
1028
1026
1029
1034
1034
1032
1033
1027
1030
1025
1024
1030
1033
1032
1034
1030
1032
1034
1038
1035
1033
1028
1033
1029
1028
1031
1033
1030
1029
1034
1034
1031
1031
1031
1027
1032
1031
1030
1032
1037
1038
1035
1038
1034
1037
1041
1037
1036
1038
1035
1035
1035
1033
1032
1031
1027
1027
1037
1039
1040
1039
1036
1036
1036
1036
1034
1035
1033
1037
1038
1038
1040
1040
1040
1040
1039
1043
1041
1044
1044
1044
1040
1039
1040
1040
1038
1039
1041
1041
1044
1044
1044
1048
1048
1048
1048
1048
1046
1043
1045
1044
1045
1044
1044
1044
1048
1046
1046
1046
1048
1047
1049
1047
1048
1051
1055
1053
1051
1048
1050
1054
1054
1054
1054
1055
1053
1054
1055
1055
1053
1052
1052
1050
1048
1050
1052
1049
1050
1050
1051
1051
1052
1052
1052
1053
1052
1052
1052
1053
1053
1052
1053
1053
1055
1054
1054
1054
1054
1052
1053
1053
1051
1051
1052
1053
1055
1055
1054
1056
1055
1056
1055
1055
1055
1055
1055
1055
1055
1056
1055
1056
1056
1056
1056
1059
1059
1058
1058
1058
1059
1060
1059
1060
1059
1059
1059
1059
1058
1058
1058
1058
1058
1059
1058
1059
1059
1059
1059
1059
1058
1058
1058
1058
1058
1058
1058
1056
1056
1057
1057
1057
1057
1057
1057
1057
1058
1058
1057
1057
1057
1058
1058
1058
1059
1060
1060
1061
1061
1061
1061
1061
1060
1060
1060
1060
1060
1060
1061
1061
1061
1060
1060
1060
1060
1060
1060
1060
1060
1060
1060
1060
1061
1061
1061
1061
1060
1060
1061
1061
1062
1062
1062
1062
1062
1062
1062
1062
1062
1062
1062
1062
1062
1062
1061
1062
1062
1061
1061
1061
1060
1060
1060
1060
1060
1060
1059
1059
1059
1059
1059
1060
1060
1060
1060
1060
1060
1060
1060
1059
1059
1059
1059
1059
1059
1059
1059
1059
1060
1060
1061
1061
1062
1062
1062
1062
1062
1063
1063
1063
1063
1063
1063
1063
1063
1063
1063
1063
1063
1063
1063
1063
1063
1063
1063
1063
1063
1063
1063
1063
1063
1063
1063
1063
1063
1063
1063
1063
1063
1063
1063
1063
1063
1063
1063
1063
1063
1063
1063
1063
1063
1063
1063
1063
1064
1064
1064
1064
1064
1064
1064
1064
1064
1064
1064
1064
1064
1064
1064
1063
1063
1063
1063
1063
1063
1063
1063
1063
1063
1063
1063
1063
1063
1063
1064
1064
1064
1064
1064
1064
1064
1064
1064
1064
1064
1064
1064
1064
1064
1064
1064
1064
1064
1064
1064
1064
1064
1064
1064
1064
1064
1064
1064
1064
1064
1064
1064
1064
1064
1064
1064
1064
1064
1064
1064
1064
1064
1064
1064
1064
1064
1064
1064
1064
1064
1064
1064
1064
1064
1064
1064
1064
1064
1064
1064
1064
1064
1064
1064
1064
1064
1064
1064
1064
1064
1064
1064
1064
1064
1064
1064
1064
1064
1064
1064
1064
1064
1064
1064
1064
1064
1064
1064
1064
1064
1064
1064
1064
1064
1064
1064
1064
1064
1064
1064
1064
1064
1064
1064
1064
1064
1064
1064
1064
1064
1064
1064
1064
1064
1064
1064
1064
1064
1064
1064
1064
1064
1064
1064
1064
1064
1064
1064
1064
1064
1064
1064
1064
1064
1064
1064
1064
1064
1064
1064
1064
1064
1064
1064
1064
1064
1064
1064
1064
1064
1064
1064
1064
1064
1064
1064
1064
1064
1064
1064
1064
1064
1064
1064
1064
1064
1064
1064
1064
1064
1064
1064
1064
1064
1064
1064
1064
1064
1064
1064
1064
1064
1064
1064
1064
1064
1064
1064
1064
1064
1064
1064
1064
1064
1064
1064
1064
1064
1064
1064
1064
1064
1064
1064
1064
1064
1064
1064
1064
1064
1064
1064
1064
1064
1064
1064
1064
1064
1064
1064
1064
1064
1064
1064
1064
1064
1064
1064
1064
1064
1064
1064
1064
1064
1064
1064
1064
1064
1064
1064
1064
1064
1064
1064
1064
1064
1064
1064
1064
1064
1064
1064
1064
1064
1064
1064
1064
1064
1064
1064
1064
1064
1064
1064
1064
1064
1064
1064
1064
1064
1064
1064
1064
1064
1064
1064
1064
1064
1064
1064
1064
1064
1064
1064
1064
1064
1064
1064
1064
1064
1064
1064
1064
1064
1064
1064
1064
1064
1064
1064
1064
1064
1064
1064
1064
1064
1064
1064
1064
1064
1064
1064
1064
1064
1064
1064
1064
1064
1064
1064
1064
1064
1064
1064
1064
1064
1064
1064
1064
1064
1064
1064
1064
1064
1064
1064
1064
1064
1064
1064
1064
1064
1064
1064
1064
1064
1064
1064
1064
1064
1064
1064
1064
1064
1064
1064
1064
1064
1064
1064
1064
1064
1064
1064
1064
1064
1064
1064
1064
1064
1064
1064
1064
1064
1064
1064
1064
1064
1064
1064
1064
1064
1064
1064
1064
1064
1064
1064
1064
1064
1064
1065
1065
1065
1065
1065
1065
1065
1065
1065
1065
1065
1065
1065
1065
1065
1065
1065
1065
1065
1065
1065
1065
1065
1065
1065
1065
1065
1065
1065
1065
1065
1065
1065
1065
1065
1065
1065
1065
1065
1065
1065
1065
1065
1065
1065
1065
1065
1065
1065
1065
1065
1065
1065
1065
1065
1065
1065
1065
1065
1065
1065
1065
1065
1065
1065
1065
1065
1065
1065
1065
1065
1065
1065
1065
1065
1065
1065
1065
1065
1065
1065
1065
1065
1065
1065
1065
1065
1065
1065
1065
1065
1065
1065
1065
1065
1065
1065
1065
1065
1065
1065
1065
1065
1065
1065
1065
1065
1065
1065
1065
1065
1065
1065
1065
1065
1065
1065
1065
1065
1065
1065
1065
1065
1065
1065
1065
1065
1065
1065
1065
1065
1065
1065
1065
1065
1065
1065
1065
1065
1065
1065
1065
1065
1065
1065
1065
1065
1065
1065
1065
1065
1065
1065
1065
1065
1065
1065
1065
1065
1065
1065
1065
1065
1065
1065
1065
1065
1065
1065
1065
1065
1065
1065
1065
1065
1065
1065
1065
1065
1065
1065
1065
1065
1065
1065
1065
1065
1065
1065
1065
1065
1065
1065
1065
1065
1065
1065
1065
1065
1065
1065
1065
1065
1065
1065
1065
1065
1065
1065
1065
1065
1065
1065
1065
1065
1065
1065
1065
1065
1065
1065
1065
1065
1065
1065
1065
1065
1065
1065
1065
1065
1065
1065
1065
1065
1065
1065
1065
1065
1065
1065
1065
1065
1065
1065
1065
1065
1065
1065
