1065
921
939
928
921
940
933
935
938
950
930
936
916
917
918
933
927
956
932
930
930
947
950
945
934
934
915
933
925
950
913
940
943
947
936
937
934
952
931
936
948
931
953
924
929
934
928
932
928
932
900
944
946
936
940
950
925
947
926
942
927
934
942
909
920
932
913
942
934
921
926
925
924
942
925
937
952
924
928
942
927
943
923
921
938
919
939
934
938
949
940
936
923
918
917
940
930
928
937
930
928
945
932
925
930
921
927
943
922
933
929
929
932
958
944
949
921
930
929
939
924
933
922
921
940
929
938
939
949
930
942
947
943
926
924
933
917
922
943
944
923
945
945
936
933
912
921
933
924
931
925
938
908
942
941
939
947
932
905
939
940
939
947
934
923
923
933
935
922
939
920
938
944
921
935
930
931
927
944
947
935
925
941
942
921
914
896
930
908
944
927
908
925
915
926
916
933
964
942
931
920
939
945
930
926
933
920
943
926
935
930
943
930
921
923
955
933
934
957
950
957
966
924
929
909
933
941
930
939
931
931
935
948
946
925
931
933
920
943
931
915
938
936
948
954
932
936
918
923
921
925
917
925
916
924
950
943
927
937
947
947
927
934
949
933
912
946
935
930
951
955
936
939
940
933
959
932
908
910
949
945
929
934
934
953
931
929
935
945
927
926
931
926
920
948
934
951
924
933
937
925
934
931
929
936
945
942
938
932
929
933
906
943
943
932
941
917
935
937
948
961
939
930
931
928
928
937
926
920
932
942
924
926
936
941
930
947
943
928
947
932
931
939
930
944
939
942
922
923
929
926
940
950
939
937
917
922
932
927
942
921
926
932
933
933
929
938
933
921
940
946
958
936
937
932
937
938
946
928
926
960
927
942
936
914
903
941
923
929
940
930
935
947
942
956
922
912
926
944
940
944
927
934
926
929
932
941
944
928
924
934
916
907
947
933
941
942
924
945
947
938
922
920
927
929
933
920
936
955
920
952
960
937
935
925
940
934
917
922
938
943
910
940
924
933
951
941
951
938
936
938
936
945
950
932
924
921
933
941
948
916
927
936
931
941
944
921
954
940
938
928
936
938
938
953
934
931
929
936
924
917
917
929
935
954
931
951
916
925
919
932
915
929
934
951
947
918
932
942
936
929
951
945
927
954
938
946
931
941
931
927
941
930
940
943
931
929
930
931
930
925
933
925
917
935
939
950
930
934
935
925
926
932
915
948
935
929
900
926
946
919
928
925
943
935
930
942
935
922
922
932
916
946
934
907
932
937
929
933
920
921
923
929
932
948
923
949
932
930
964
931
940
941
935
940
949
935
931
917
938
933
946
918
939
934
929
939
916
918
930
934
930
935
926
925
936
939
938
915
947
931
934
919
927
934
934
927
926
929
916
934
935
919
942
937
927
945
944
940
904
934
926
924
946
949
962
930
932
940
951
934
949
935
940
940
954
929
936
929
915
934
914
935
916
952
903
941
935
934
937
928
931
919
933
941
939
924
942
935
913
922
928
937
942
942
932
943
928
929
912
919
941
928
935
926
930
925
933
934
933
918
932
927
941
926
938
941
923
933
937
930
935
916
933
932
929
945
942
938
922
943
931
929
923
913
941
932
936
941
908
937
933
928
922
936
929
939
936
929
911
917
937
936
942
935
927
927
927
932
931
903
947
919
950
927
936
916
928
935
925
936
935
949
936
941
935
934
953
934
941
936
930
913
946
940
933
949
948
909
932
944
927
936
928
923
940
936
922
923
931
944
928
936
931
938
926
932
942
942
923
943
941
919
959
934
928
924
935
931
947
934
931
938
944
929
939
943
950
942
909
921
948
939
912
932
932
941
930
952
921
916
948
911
922
935
909
930
924
940
943
948
924
942
932
918
952
927
906
929
929
930
921
929
941
916
936
959
930
940
951
929
918
938
945
938
950
932
938
947
941
942
933
937
930
930
928
932
929
922
921
928
951
945
947
925
932
940
925
929
933
925
929
947
949
928
933
929
938
924
927
908
940
921
938
941
923
932
924
911
935
927
923
941
954
927
941
934
951
924
929
919
953
955
930
933
931
941
922
930
955
941
909
926
943
950
935
938
924
933
947
934
946
936
923
923
921
942
941
937
947
918
925
929
933
937
929
946
947
905
938
905
927
945
934
934
913
932
913
935
923
945
949
928
942
927
942
918
941
944
944
938
919
938
944
925
932
933
929
934
933
919
923
934
937
923
919
926
924
944
945
937
937
927
935
949
931
927
939
927
935
930
933
939
936
933
909
927
945
923
947
946
919
934
929
943
947
938
927
932
928
926
932
924
925
929
933
938
939
943
938
916
926
907
928
927
930
918
945
931
923
923
950
942
945
953
932
926
947
940
922
922
931
948
917
902
941
953
932
940
935
944
967
900
925
949
944
941
942
928
945
918
961
943
930
944
924
944
933
927
914
935
935
925
925
925
959
941
927
933
941
934
928
919
933
924
919
944
928
933
943
935
924
921
937
933
937
942
932
942
927
913
938
924
948
930
953
927
930
918
930
934
956
947
951
934
942
926
941
927
934
932
930
937
929
931
932
933
936
953
929
926
929
933
922
938
927
909
934
933
935
937
940
916
943
958
933
925
947
936
926
949
915
940
939
946
927
946
935
930
930
933
940
937
958
953
926
912
934
946
947
924
948
951
940
947
919
936
920
931
930
924
923
945
945
937
942
940
944
905
945
925
945
934
944
925
932
931
923
927
913
911
941
914
920
928
927
928
932
931
928
943
943
942
941
939
924
904
926
926
930
920
919
930
925
948
926
943
936
921
919
933
943
942
907
944
953
924
929
949
935
916
942
934
934
956
928
937
922
937
940
924
939
946
931
944
933
928
917
913
945
930
950
927
926
921
953
948
940
926
922
930
949
927
930
921
923
926
955
943
921
946
919
940
938
931
937
941
921
930
942
943
920
905
930
927
921
928
941
933
937
938
933
939
923
928
920
929
939
949
942
942
943
933
909
897
934
933
927
932
928
932
940
937
935
938
941
932
938
960
946
935
924
949
922
928
944
947
929
931
936
935
925
919
927
950
919
952
940
927
926
943
931
935
927
937
930
931
935
946
912
939
930
931
932
934
937
929
953
933
943
934
924
909
911
930
925
913
941
940
952
923
926
931
943
921
938
942
925
943
937
919
943
929
944
943
917
924
944
947
939
951
923
925
948
943
949
953
920
944
937
943
937
916
946
914
938
917
949
918
944
919
933
949
925
906
933
927
922
936
919
929
929
948
960
950
944
931
950
926
950
930
955
935
932
950
943
946
927
933
937
930
936
944
927
926
927
945
937
926
966
936
938
928
930
911
936
939
890
924
945
932
940
947
922
918
916
931
938
934
927
929
939
927
939
936
934
934
930
927
934
917
941
934
943
940
928
943
920
940
930
910
929
943
924
944
935
931
939
912
937
934
940
931
940
938
928
937
940
934
910
942
949
926
933
940
949
954
942
923
950
940
934
937
927
927
935
955
942
931
939
925
928
942
948
926
933
934
945
921
943
933
929
941
932
919
957
941
940
946
923
925
947
944
918
927
925
927
927
944
929
948
945
943
926
934
947
933
933
930
935
942
932
934
942
943
925
946
913
925
916
936
923
926
936
931
925
925
944
944
936
915
935
944
947
941
931
927
936
938
922
925
928
940
940
939
931
926
931
936
956
931
952
923
947
949
953
930
929
929
921
942
919
925
944
948
945
941
936
936
931
940
927
950
936
933
903
935
921
935
951
953
912
921
941
936
952
937
921
950
913
942
928
942
937
925
935
941
934
913
949
932
924
934
931
935
921
941
943
923
930
927
935
927
930
930
941
907
917
943
936
939
913
948
919
927
941
950
926
947
944
940
928
936
941
943
927
934
923
919
955
926
927
928
930
935
932
936
943
960
956
942
936
916
951
931
955
931
939
957
922
961
943
948
947
937
941
950
939
935
936
938
927
944
944
953
923
948
956
920
938
926
949
940
967
933
934
946
924
941
904
943
943
918
917
944
926
943
923
929
950
928
949
943
944
932
930
939
952
933
923
943
939
924
940
917
919
935
920
938
936
948
941
923
919
951
927
945
962
948
947
924
922
940
922
937
931
943
926
943
938
944
941
931
946
944
930
920
942
945
930
938
932
942
944
956
927
953
934
934
927
922
925
925
950
951
946
933
922
955
921
928
943
921
935
953
939
933
942
953
935
935
925
931
944
932
931
930
940
933
917
933
930
948
946
943
938
940
947
935
938
924
926
961
931
936
937
940
933
923
918
938
920
944
938
938
938
929
934
937
935
927
925
947
943
935
930
936
904
937
930
931
943
934
948
928
924
944
934
946
920
923
936
950
915
944
949
932
944
922
962
940
952
931
950
944
929
935
923
924
939
928
940
944
942
927
936
946
949
940
941
942
938
934
930
939
915
919
934
940
956
934
934
926
940
940
948
924
921
948
934
942
941
948
921
913
928
947
943
949
940
958
936
942
958
920
934
916
936
941
930
916
935
937
947
956
915
940
934
958
940
918
933
951
939
928
949
932
923
939
918
949
941
945
932
941
923
935
927
934
959
947
934
935
937
938
938
928
943
940
952
952
928
927
944
958
936
943
938
939
945
939
944
947
938
942
955
930
928
946
945
933
938
922
927
943
942
934
946
933
935
932
942
950
929
930
950
941
937
944
934
920
942
932
947
946
947
942
962
947
940
916
915
944
923
953
938
943
940
945
947
941
955
926
954
939
921
936
929
930
953
943
935
942
920
940
946
956
928
935
939
950
935
929
929
951
941
931
934
948
954
944
959
941
939
953
941
942
925
919
930
937
935
958
950
948
958
946
936
933
936
935
938
936
926
944
937
947
944
934
929
928
931
904
930
937
932
936
944
922
960
956
932
933
932
942
947
940
957
940
929
922
926
941
953
953
917
928
941
960
915
949
942
957
939
945
928
924
942
950
953
926
936
926
958
942
952
945
947
940
929
944
919
939
969
957
926
917
940
954
937
953
924
967
950
937
924
940
942
951
940
936
943
929
944
942
953
958
943
959
952
950
940
922
933
944
952
930
950
943
946
915
926
946
962
957
944
932
946
953
948
960
940
940
945
926
939
948
945
942
963
926
963
963
953
945
957
950
933
939
950
946
944
928
951
949
918
932
928
943
940
938
964
959
943
938
945
934
945
958
920
942
937
949
961
940
946
949
947
934
935
930
933
917
946
935
953
934
938
945
936
936
946
964
963
970
962
952
945
942
957
935
941
949
945
949
958
936
953
932
931
945
938
936
948
938
949
950
950
933
944
937
940
952
962
943
941
935
931
943
940
953
960
962
968
951
948
938
946
948
948
960
946
931
942
938
961
942
952
950
950
955
949
958
956
945
952
937
957
946
953
939
938
958
963
962
932
950
959
950
959
963
964
947
965
976
983
965
959
962
944
948
942
957
973
950
950
958
961
942
960
966
960
968
959
936
971
959
921
961
962
953
954
951
964
944
958
951
968
944
963
972
970
971
961
961
967
966
951
942
971
970
982
967
963
977
963
964
961
975
973
963
966
978
979
980
979
959
973
985
978
960
959
984
984
982
1000
979
972
980
980
981
988
980
1005
1003
1004
997
981
976
986
978
992
998
1006
1015
1007
1002
1013
1020
1016
1013
1021
1016
1014
1015
1024
1022
1031
1037
1032
1037
1037
1041
1042
1041
1045
1046
1047
1047
1049
1050
