1065
923
928
937
945
938
940
913
941
942
930
929
944
930
947
931
920
927
923
934
922
939
921
930
932
934
949
924
926
929
929
926
948
931
937
943
934
920
934
931
923
937
925
939
918
941
929
936
929
934
918
928
952
941
920
921
935
927
945
958
931
908
918
933
927
946
929
940
949
915
920
930
946
945
925
949
937
906
926
934
908
934
934
934
926
934
944
940
939
958
957
932
934
931
937
939
914
940
929
941
942
937
918
933
920
921
933
925
949
925
941
937
915
937
927
909
940
918
904
942
920
940
947
928
921
922
921
923
948
934
958
944
925
934
929
936
934
941
933
937
938
928
940
911
913
944
920
942
933
941
937
933
951
929
927
934
945
917
948
948
928
925
918
927
939
925
932
925
952
932
943
900
932
939
912
941
920
927
932
923
927
908
928
931
932
927
924
923
947
930
917
940
929
954
930
932
940
935
921
914
936
909
903
910
925
928
941
940
945
947
926
925
912
925
916
907
940
948
931
937
926
938
906
942
939
916
928
936
950
922
945
916
920
925
919
920
935
932
937
914
935
919
929
933
917
946
941
919
935
925
946
929
924
925
926
937
933
936
933
930
938
913
917
933
933
922
948
952
935
936
924
920
930
913
942
950
943
942
947
939
926
923
940
934
942
945
930
927
941
953
941
948
947
947
944
925
912
944
925
941
931
944
923
929
947
929
921
924
932
940
936
930
932
920
950
941
933
964
943
934
937
948
944
926
934
928
928
934
940
935
908
939
926
924
921
947
918
911
921
948
922
929
932
929
931
924
912
917
929
934
932
934
927
923
929
945
937
944
931
940
922
929
950
933
930
933
931
953
930
941
935
940
941
899
937
922
923
936
928
918
942
966
935
943
939
937
941
937
933
934
928
930
922
953
936
923
945
946
935
928
923
932
933
926
927
926
941
920
936
947
961
931
935
930
936
931
942
951
934
939
927
916
936
938
936
935
933
939
915
914
943
941
929
939
914
930
939
917
945
894
933
927
942
928
925
927
919
935
951
935
924
950
940
935
944
914
947
940
932
942
942
940
924
925
956
938
923
915
934
919
933
931
927
939
921
952
937
940
931
944
924
919
896
945
929
919
931
959
958
910
938
934
934
957
941
947
945
909
915
935
933
915
925
916
932
931
940
923
922
922
916
890
930
950
933
944
930
943
946
917
930
936
933
931
943
942
936
941
936
933
938
957
963
931
919
913
943
929
946
931
935
943
945
929
926
933
918
946
932
942
924
938
947
918
933
931
937
935
950
926
904
930
940
918
914
938
926
949
927
944
937
931
936
938
934
932
942
921
939
930
921
908
924
954
928
920
927
948
933
943
927
936
919
946
947
938
934
948
944
914
948
944
947
936
951
930
938
932
946
923
922
925
936
936
936
923
936
943
932
934
921
925
922
939
949
932
939
930
944
927
947
939
910
931
943
943
945
950
939
918
931
943
942
924
943
938
945
948
934
932
930
933
944
927
932
939
945
952
925
920
943
932
932
937
944
937
915
925
940
940
942
924
931
959
952
927
931
917
933
941
937
936
922
919
934
942
919
932
933
942
943
928
923
929
929
934
917
934
951
956
924
941
936
919
925
948
934
936
942
920
951
957
932
911
947
929
946
939
946
943
955
939
944
934
936
926
917
934
951
922
926
950
941
955
962
942
944
920
954
935
928
931
930
937
909
958
936
924
951
966
925
947
931
935
957
935
928
924
956
934
956
944
938
927
928
943
934
952
949
925
936
945
960
950
938
942
936
948
942
934
932
944
937
948
935
936
910
930
947
941
956
953
934
929
937
928
944
922
955
942
948
953
941
946
931
934
937
920
936
951
927
948
941
938
940
926
947
936
955
961
945
938
922
931
920
923
935
937
944
947
947
940
941
927
954
949
948
939
923
923
953
922
946
941
934
925
947
962
920
942
939
934
938
949
933
930
933
941
966
935
932
951
937
944
915
963
947
935
937
925
928
941
942
950
946
933
929
960
962
924
965
935
929
957
943
953
936
948
930
927
942
936
922
945
941
940
919
935
924
934
937
940
929
954
943
955
955
932
926
936
951
935
948
938
928
932
960
940
929
937
930
950
948
937
946
940
959
934
947
941
935
937
947
958
940
949
947
945
933
952
943
942
944
949
959
951
932
938
923
951
915
961
961
963
944
970
952
961
941
940
966
955
947
943
942
948
940
947
963
950
959
958
956
948
934
960
936
940
937
939
953
954
929
918
921
958
927
943
939
948
944
953
938
944
943
942
943
929
942
952
942
947
936
940
960
963
958
962
941
964
946
953
953
958
942
950
950
945
937
944
923
962
955
947
924
929
940
941
960
940
946
956
950
942
939
942
927
924
934
948
952
959
953
954
950
923
934
938
952
952
956
953
945
963
957
947
940
947
948
937
947
948
941
960
928
942
960
946
955
943
950
945
939
976
958
924
941
941
941
952
936
948
950
965
936
945
950
942
947
944
950
952
967
946
950
943
955
952
939
963
969
941
950
951
949
949
966
943
957
954
942
925
929
938
958
934
934
943
952
954
958
949
936
978
964
955
964
956
952
948
959
965
965
941
936
943
961
954
950
954
957
950
935
950
970
949
953
955
949
953
971
974
968
941
935
946
970
958
945
969
977
975
947
945
940
956
953
945
969
964
968
957
947
955
945
947
954
946
956
956
944
956
966
973
947
949
956
953
945
974
948
961
969
961
960
960
951
956
958
945
962
959
970
958
950
954
969
962
960
942
965
958
972
957
942
961
970
965
970
937
971
963
960
953
950
970
955
979
969
954
951
958
984
972
955
958
954
946
961
968
967
963
960
957
947
952
967
958
971
953
956
974
973
975
977
964
959
944
965
953
960
957
968
973
983
974
959
960
960
950
952
971
982
955
963
984
971
970
974
964
973
971
975
973
969
965
969
972
967
957
969
960
965
962
970
967
955
972
971
985
978
978
989
989
972
970
946
940
961
966
979
974
976
961
981
972
968
997
990
981
986
988
965
974
968
983
974
979
982
974
983
998
991
987
971
987
980
978
978
969
972
980
975
966
961
963
970
979
982
964
970
966
994
986
979
987
968
970
982
987
979
978
989
988
981
976
987
989
971
978
981
981
968
981
965
982
990
984
979
989
994
1001
988
978
985
998
997
992
987
997
981
978
986
978
965
966
971
989
975
987
984
984
991
979
982
978
984
983
985
998
987
985
1007
994
1005
1000
983
1000
1000
988
991
980
985
990
989
984
988
989
981
980
1003
991
1002
988
987
996
999
1005
1009
998
993
991
988
989
979
971
967
994
987
991
977
993
984
988
996
1011
1006
1018
1001
996
1003
1003
1012
1011
1010
1006
1009
1010
992
994
1002
990
997
999
988
1010
997
997
996
996
994
1006
998
992
994
999
1003
1001
1004
983
987
990
992
998
1004
991
977
1001
1004
998
993
1001
1003
1006
999
996
984
994
988
997
1005
1010
999
1008
1009
1006
1009
1013
1008
1007
995
996
994
993
997
1008
1009
1007
1016
1018
1015
1014
1010
1019
1012
1005
1014
1010
1006
1003
1007
1016
1011
1014
1005
1002
1008
1011
995
1002
1011
1022
1013
1018
1013
1014
1011
1017
1023
1023
1016
1022
1019
1011
1012
1016
1012
1014
1008
1015
1011
1019
1018
1019
1016
1009
1010
1005
1003
1009
1010
1011
1011
1011
1013
1012
1014
1017
1024
1030
1016
1024
1028
1023
1027
1023
1018
1012
1021
1022
1020
1015
1017
1034
1033
1033
1031
1020
1021
1021
1020
1028
1029
1024
1023
1027
1023
1025
1021
1024
1027
1028
1022
1020
1024
1025
1027
1027
1028
1024
1013
1018
1023
1027
1028
1027
1035
1028
1030
1032
1025
1021
1020
1022
1020
1017
1018
1020
1011
1011
1020
1022
1022
1025
1025
1020
1026
1025
1030
1030
1028
1031
1031
1032
1033
1033
1037
1036
1035
1038
1038
1035
1034
1034
1031
1031
1035
1035
1034
1034
1036
1040
1039
1041
1042
1034
1036
1034
1034
1036
1039
1037
1040
1038
1040
1040
1037
1040
1043
1046
1044
1045
1043
1040
1042
1040
1039
1040
1042
1043
1043
1044
1043
1045
1046
1045
1046
1042
1049
1051
1051
1051
1047
1044
1045
1044
1044
1043
1045
1044
1045
1046
1045
1046
1045
1043
1046
1044
1042
1042
1044
1044
1044
1047
1046
1045
1044
1045
1050
1049
1049
1048
1051
1050
1052
1052
1050
1049
1046
1043
1046
1046
1046
1047
1047
1045
1046
1045
1045
1042
1042
1045
1046
1047
1048
1048
1046
1047
1050
1049
1047
1045
1042
1043
1046
1047
1048
1047
1048
1048
1046
1045
1046
1046
1043
1042
1043
1050
1049
1048
1049
1049
1050
1051
1050
1049
1049
1048
1050
1049
1050
1051
1050
1050
1050
1051
1053
1053
1053
1054
1053
1054
1054
1054
1056
1056
1055
1055
1055
1055
1056
1055
1057
1057
1057
1058
1057
1056
1055
1055
1055
1054
1057
1057
1057
1057
1056
1056
1056
1055
1055
1054
1054
1054
1055
1055
1055
1055
1054
1054
1053
1053
1054
1054
1054
1055
1056
1057
1057
1057
1055
1054
1054
1054
1054
1055
1054
1054
1054
1055
1055
1055
1054
1055
1055
1055
1055
1055
1055
1055
1055
1055
1055
1056
1055
1056
1056
1056
1056
1055
1055
1055
1055
1055
1055
1055
1055
1057
1057
1057
1058
1058
1058
1059
1059
1059
1059
1059
1059
1059
1059
1059
1059
1059
1059
1059
1059
1059
1059
1059
1059
1058
1058
1058
1059
1059
1059
1059
1059
1059
1059
1059
1059
1058
1057
1059
1059
1060
1060
1060
1060
1060
1060
1060
1060
1061
1061
1061
1061
1061
1061
1061
1061
1061
1061
1061
1061
1061
1060
1060
1060
1060
1060
1061
1060
1060
1060
1060
1060
1060
1060
1060
1060
1060
1060
1060
1060
1060
1061
1061
1061
1061
1061
1061
1061
1061
1061
1061
1060
1059
1059
1060
1060
1060
1060
1060
1060
1060
1060
1060
1060
1060
1060
1060
1060
1060
1060
1060
1059
1059
1059
1059
1059
1060
1060
1060
1060
1060
1060
1060
1060
1061
1061
1061
1061
1062
1062
1062
1062
1062
1062
1062
1062
1061
1061
1062
1062
1062
1062
1062
1062
1062
1062
1062
1062
1062
1062
1062
1062
1062
1062
1062
1062
1062
1062
1062
1062
1062
1062
1062
1062
1062
1062
1062
1062
1062
1062
1062
1062
1062
1062
1062
1062
1062
1062
1062
1062
1062
1062
1062
1062
1062
1062
1062
1062
1062
1062
1062
1062
1062
1063
1063
1063
1063
1063
1063
1063
1063
1063
1063
1063
1063
1063
1063
1063
1063
1063
1063
1063
1063
1063
1063
1063
1063
1063
1063
1063
1063
1063
1063
1063
1063
1063
1063
1063
1063
1063
1063
1063
1063
1063
1063
1063
1063
1063
1063
1063
1063
1063
1063
1063
1063
1063
1063
1063
1063
1063
1063
1063
1063
1063
1063
1063
1063
1063
1063
1063
1063
1063
1063
1063
1063
1063
1063
1063
1063
1063
1063
1063
1063
1063
1063
1063
1063
1063
1063
1063
1063
1063
1063
1063
1063
1063
1063
1063
1063
1063
1063
1063
1063
1063
1063
1063
1063
1063
1063
1063
1063
1063
1063
1063
1063
1063
1063
1063
1063
1063
1063
1063
1063
1063
1063
1063
1063
1063
1063
1063
1063
1063
1063
1063
1063
1063
1063
1063
1063
1063
1063
1063
1063
1063
1063
1063
1063
1063
1063
1063
1063
1063
1063
1063
1063
1063
1063
1063
1063
1063
1063
1063
1063
1063
1063
1063
1063
1063
1063
1063
1063
1063
1063
1063
1063
1063
1063
1063
1063
1063
1063
1063
1063
1063
1063
1063
1063
1063
1063
1063
1063
1063
1063
1063
1063
1063
1063
1063
1063
1063
1063
1063
1063
1063
1063
1063
1063
1063
1063
1063
1063
1063
1063
1063
1063
1063
1063
1063
1063
1063
1063
1063
1063
1063
1063
1063
1063
1063
1063
1063
1063
1063
1063
1063
1063
1063
1063
1063
1063
1063
1063
1063
1063
1063
1063
1063
1063
1063
1063
1063
1063
1063
1063
1063
1063
1063
1063
1063
1063
1063
1063
1063
1063
1063
1063
1063
1063
1063
1063
1063
1063
1063
1063
1063
1063
1063
1063
1063
1063
1063
1063
1063
1063
1063
1063
1063
1063
1063
1063
1063
1063
1063
1063
1063
1063
1063
1063
1063
1063
1063
1063
1063
1063
1063
1063
1063
1063
1063
1063
1063
1063
1063
1063
1063
1063
1063
1063
1063
1063
1063
1063
1063
1063
1063
1063
1063
1063
1063
1063
1063
1063
1063
1063
1063
1063
1063
1063
1063
1063
1063
1063
1063
1063
1063
1063
1063
1063
1063
1063
1063
1063
1063
1063
1063
1063
1063
1063
1063
1063
1063
1063
1063
1063
1063
1063
1063
1063
1063
1063
1063
1063
1063
1063
1063
1063
1063
1063
1063
1063
1063
1063
1063
1063
1063
1063
1063
1063
1063
1063
1063
1063
1063
1063
1063
1063
1063
1063
1063
1063
1063
1063
1063
1063
1063
