1065
915
919
925
933
922
928
942
933
914
923
948
921
936
939
928
932
930
927
924
925
939
939
940
946
935
943
924
953
936
943
924
944
946
933
934
931
923
929
931
939
937
922
946
949
931
953
942
928
928
943
906
947
914
938
948
922
923
907
916
945
938
950
925
920
941
924
928
935
944
949
944
910
945
934
937
942
923
928
930
930
934
945
946
933
932
928
938
934
939
941
912
924
944
931
942
938
922
936
932
939
934
924
939
938
918
916
932
921
932
915
956
932
940
961
940
936
920
953
921
925
930
939
937
921
921
945
943
922
916
927
919
932
942
940
937
941
934
950
926
933
912
909
933
940
924
918
924
929
946
926
931
926
912
921
927
935
912
941
937
940
930
945
935
941
933
934
919
935
935
944
918
915
934
935
937
934
931
919
939
918
941
932
925
935
933
939
939
931
918
928
945
930
935
938
944
934
919
942
937
916
949
945
944
944
942
919
924
939
938
934
949
941
933
947
933
938
927
938
940
930
928
926
949
935
940
933
947
931
924
929
932
949
932
948
944
925
906
926
941
918
951
957
930
946
939
930
950
934
921
935
925
924
928
964
940
928
936
941
903
931
922
933
947
915
935
948
930
948
944
938
903
919
930
951
930
930
922
925
931
927
933
942
926
928
941
937
927
939
954
926
932
939
921
945
925
909
918
943
926
916
922
935
936
936
922
940
936
940
922
942
928
937
939
918
943
926
958
930
949
925
929
916
934
946
940
922
941
952
938
947
945
935
934
934
944
959
946
928
935
928
931
915
941
948
946
939
933
948
928
925
921
940
944
916
939
936
933
924
931
917
929
930
900
937
934
930
932
939
939
927
938
921
928
914
941
927
939
938
918
965
952
929
924
910
948
941
920
918
926
949
938
937
944
941
916
941
920
932
934
934
921
947
936
928
935
928
933
933
927
935
930
936
945
933
943
922
926
931
923
931
927
913
914
924
938
936
936
948
943
929
925
942
948
916
917
943
933
917
925
931
958
946
937
940
946
939
932
945
944
935
934
934
944
941
934
920
916
952
928
963
955
933
950
924
930
922
922
929
938
925
938
944
947
948
929
938
936
929
927
935
959
933
933
937
937
953
943
919
947
945
945
933
925
924
921
928
948
922
936
942
927
940
942
946
937
914
932
928
937
931
927
911
930
925
951
942
936
930
924
917
937
948
929
903
929
932
936
915
940
939
935
928
917
928
934
953
937
922
932
931
934
933
932
939
944
931
938
944
921
918
946
904
937
913
952
916
926
923
925
943
944
936
932
932
928
922
929
919
931
933
944
940
939
930
924
933
929
937
923
939
919
925
926
935
934
936
938
918
918
940
927
936
921
932
944
954
940
929
905
938
944
925
940
943
922
940
936
930
942
929
944
942
909
936
924
903
931
927
924
930
938
955
941
926
943
933
938
921
932
954
923
943
920
950
926
932
940
939
925
926
933
937
940
951
930
929
946
928
940
933
912
950
928
909
923
934
920
955
940
927
915
946
929
916
938
908
919
948
919
936
920
928
912
918
927
934
917
934
920
940
942
917
930
931
932
912
917
940
939
950
920
925
936
951
946
938
961
922
934
916
941
936
951
927
930
929
924
920
922
938
938
952
947
941
916
933
927
941
913
936
931
927
934
943
932
930
918
947
943
934
926
934
924
935
948
929
930
936
928
927
932
947
912
905
945
942
931
919
914
939
938
946
947
934
926
959
956
942
938
936
930
920
923
910
933
950
938
933
933
919
943
925
930
933
929
924
934
939
931
937
950
923
930
937
939
921
936
936
947
930
933
929
935
944
929
920
905
949
942
941
934
945
933
933
924
932
932
934
917
918
951
944
922
945
929
942
936
923
919
929
938
948
944
926
944
938
907
945
921
932
934
937
951
928
946
926
942
910
930
929
943
937
926
934
931
948
950
936
926
924
939
933
916
920
913
956
957
925
925
930
922
919
914
912
913
938
952
929
951
927
924
951
934
921
943
908
935
940
924
944
951
941
943
937
937
942
930
937
925
939
931
948
942
921
918
925
948
947
934
934
930
925
941
940
936
940
926
959
933
931
944
945
945
928
939
931
928
912
949
925
935
932
938
925
912
923
907
943
926
932
948
941
932
932
930
932
933
948
930
947
922
935
931
926
926
941
943
942
951
927
937
932
940
953
930
925
902
938
938
927
936
946
926
933
911
921
941
936
943
910
932
927
939
951
923
934
934
931
937
923
924
931
917
952
940
949
926
931
953
942
947
924
933
929
919
931
928
922
929
951
941
937
951
939
929
918
916
942
914
932
934
919
940
927
955
935
941
942
940
924
917
932
936
950
924
933
914
934
930
941
918
925
909
944
923
944
930
920
932
949
954
947
939
943
946
940
933
949
930
953
916
933
932
927
958
947
933
945
932
941
946
922
943
928
953
944
923
930
939
932
934
936
932
920
941
943
919
910
909
943
927
930
905
943
943
947
941
938
930
936
921
938
911
914
925
945
943
927
919
917
934
920
941
913
940
921
921
928
942
927
935
948
940
944
938
934
939
936
942
936
935
936
919
933
943
938
938
937
919
941
928
924
940
948
931
914
929
938
923
934
942
932
928
931
930
922
927
930
937
908
927
936
937
944
950
947
911
933
933
919
938
945
936
939
945
921
945
910
938
934
929
919
914
922
950
933
917
946
918
940
929
931
925
952
950
954
922
915
910
936
951
934
937
929
928
939
923
951
945
915
928
939
935
922
950
933
922
939
934
906
944
927
930
934
941
942
928
941
936
929
953
912
933
940
934
931
917
955
937
925
937
927
929
937
935
934
927
938
947
946
916
945
932
929
912
931
938
948
937
941
939
934
930
926
937
932
936
947
934
939
933
956
958
934
944
950
933
953
918
941
928
923
930
916
922
908
940
938
945
935
926
925
932
934
931
918
946
937
916
920
925
925
934
943
924
917
941
923
928
933
920
940
931
913
927
940
944
936
914
937
939
916
936
934
922
920
925
907
931
938
937
945
927
939
921
952
946
922
936
934
925
941
924
947
947
919
928
916
928
941
942
950
955
930
938
925
924
925
934
939
921
938
933
927
928
927
956
937
905
935
939
913
911
940
932
940
924
912
932
927
932
941
927
930
935
947
923
947
938
947
926
924
931
917
924
922
922
919
951
915
941
914
932
932
920
926
933
949
941
938
944
933
920
930
944
930
937
931
927
916
922
924
935
933
954
942
915
953
912
910
922
934
936
947
933
921
932
921
941
934
938
934
911
911
925
942
936
914
932
932
923
934
940
935
916
927
919
930
936
934
943
926
917
943
940
944
927
923
944
927
930
934
954
923
909
932
924
910
933
930
930
933
933
934
933
941
958
949
921
926
926
935
944
924
942
935
930
937
912
944
937
916
940
943
929
923
945
920
932
932
939
922
924
935
926
924
931
926
941
918
945
930
916
919
944
932
926
954
929
936
940
917
930
935
927
933
952
927
939
921
940
915
927
936
945
952
918
938
925
942
939
947
940
943
955
939
944
929
917
940
935
943
918
943
923
928
945
943
931
932
929
940
921
940
939
926
922
941
937
926
942
925
933
933
946
930
939
935
928
932
932
932
935
941
926
930
923
938
943
936
906
920
937
933
942
937
935
927
957
921
939
947
936
950
933
941
950
944
938
929
940
928
920
936
911
936
945
930
930
931
925
923
945
939
935
923
925
936
932
948
937
920
957
925
936
934
942
936
914
923
943
931
936
944
936
926
934
945
921
929
940
943
944
943
925
937
939
940
940
945
941
946
921
905
937
932
947
919
937
955
945
913
934
939
929
936
937
938
914
915
932
935
917
920
931
945
942
927
900
931
932
937
933
934
947
941
930
937
960
937
927
935
938
937
924
918
940
941
939
930
916
921
935
932
942
936
914
934
902
930
941
930
928
922
926
930
943
938
920
935
942
933
943
939
919
934
922
929
938
933
921
909
929
938
921
941
926
929
932
955
917
947
955
931
941
914
933
944
932
927
918
918
942
921
949
912
943
947
918
929
951
930
923
921
930
944
936
930
924
935
921
920
918
929
923
929
942
920
932
928
933
942
937
924
939
943
949
935
936
904
941
920
930
930
917
929
931
909
940
930
941
940
935
927
936
942
955
929
931
932
936
938
919
944
929
927
947
921
928
943
931
934
938
932
932
910
919
947
939
930
939
924
932
943
927
957
927
919
934
940
930
929
927
925
936
942
944
940
946
928
938
941
936
921
938
934
937
950
936
931
933
940
942
936
924
915
923
945
925
930
914
931
937
930
939
931
936
935
948
943
937
940
923
945
946
935
951
958
944
931
945
955
927
933
938
951
945
926
919
937
954
927
936
935
941
930
931
940
946
935
944
944
906
917
925
920
934
926
918
934
923
924
949
925
944
948
925
942
955
937
950
932
930
937
925
938
941
961
941
943
928
921
928
935
931
923
944
961
936
940
917
927
914
942
945
930
940
923
925
916
927
955
932
950
933
940
935
940
912
911
944
948
929
922
940
936
921
929
937
912
916
934
947
943
952
937
948
937
928
943
936
938
928
940
929
935
936
922
939
924
939
930
928
933
946
943
929
935
929
934
922
945
948
913
937
946
939
938
913
906
935
935
929
931
926
924
904
941
919
909
927
948
945
926
938
941
918
935
946
932
932
951
923
914
937
924
940
928
950
948
935
930
914
926
945
929
937
936
914
944
927
934
931
951
939
921
919
930
944
936
927
943
949
940
923
929
933
928
937
934
951
937
941
948
933
934
951
932
909
936
945
941
908
928
920
930
923
924
932
936
928
963
938
947
919
923
930
933
926
925
941
940
931
918
941
941
943
941
934
923
940
927
930
933
918
929
914
926
938
943
953
929
929
922
933
944
936
952
949
921
927
951
927
928
934
926
937
923
929
945
935
921
925
918
941
947
921
918
920
931
961
932
912
932
927
927
940
934
937
928
930
931
931
934
936
932
940
916
932
938
922
928
927
940
922
934
923
932
921
925
933
947
927
921
925
929
923
922
937
953
942
939
940
928
925
923
931
911
936
946
932
918
925
929
921
949
934
924
931
948
942
933
925
926
941
964
926
909
926
941
916
949
939
938
946
918
933
951
934
941
936
933
925
942
941
924
944
928
918
913
913
923
911
942
935
945
910
926
939
928
951
941
931
948
944
945
943
921
939
925
938
919
941
955
931
940
928
918
909
948
943
929
950
924
922
923
921
942
935
936
947
950
943
935
951
962
915
932
948
937
917
931
937
929
944
935
944
940
926
927
932
937
948
929
914
915
929
921
913
921
911
954
938
948
920
948
926
937
940
945
931
918
931
928
931
932
951
930
939
927
931
929
924
946
930
914
927
938
928
930
916
931
921
943
941
944
938
938
956
927
923
947
941
941
940
951
933
922
937
954
918
924
937
942
944
940
938
936
924
936
940
932
942
918
930
942
926
934
930
933
915
932
936
933
933
939
938
938
937
924
929
940
943
932
943
940
908
935
949
910
926
943
937
943
943
920
929
942
942
921
942
949
933
940
933
929
924
931
949
931
959
934
949
947
940
924
932
923
908
940
925
956
932
915
914
946
944
903
911
935
921
926
933
951
926
960
929
934
909
916
909
941
932
947
935
925
914
928
930
919
935
918
913
937
906
916
940
950
932
931
948
940
920
921
954
914
953
939
921
977
