1065
921
922
906
925
924
918
942
927
935
928
927
942
915
925
942
920
933
935
924
948
926
929
935
937
952
938
916
952
943
937
940
941
941
918
940
944
921
930
924
931
916
925
936
933
920
931
929
939
943
905
924
924
938
925
926
950
919
949
939
936
924
935
939
933
937
921
930
944
930
939
949
933
941
934
937
937
934
935
934
932
952
924
937
918
928
933
925
913
920
909
943
945
956
949
948
949
926
933
952
937
913
920
930
939
935
930
928
935
907
921
922
920
944
933
940
914
925
929
929
931
917
921
927
948
941
920
927
947
922
924
958
954
949
938
928
925
927
932
919
916
943
918
946
923
936
943
944
941
939
915
942
939
927
920
914
947
942
931
939
951
931
951
940
936
916
937
945
937
935
943
934
912
931
937
920
924
925
937
941
945
940
915
936
926
934
915
932
933
934
930
913
905
942
915
932
939
944
908
934
927
923
944
948
936
952
942
951
925
958
924
959
931
942
932
938
927
934
941
947
925
918
922
924
932
936
910
920
943
926
923
923
934
932
937
917
929
958
914
949
951
959
947
906
925
926
958
927
926
937
918
944
926
927
940
915
935
944
930
946
931
947
951
932
932
916
938
934
944
937
930
932
936
936
931
936
933
947
942
914
930
939
938
955
944
925
928
939
923
919
935
941
933
942
935
927
942
910
938
933
910
929
936
942
926
935
929
919
935
948
911
911
940
935
938
956
920
956
938
940
951
929
932
918
911
948
913
939
946
949
936
934
922
927
932
947
926
942
920
945
923
917
944
933
938
918
928
938
912
925
923
908
928
934
936
917
910
921
941
926
909
947
954
929
937
939
931
944
920
921
931
947
916
944
915
934
951
925
924
925
932
943
943
926
944
929
906
945
939
922
931
962
939
941
944
939
925
948
911
911
926
925
937
920
935
945
934
942
939
929
928
915
927
921
919
940
924
953
906
939
935
922
925
941
944
930
928
938
935
931
915
941
937
931
920
929
930
934
936
929
932
936
944
951
937
932
938
938
936
932
923
936
914
931
931
932
943
926
938
934
944
926
940
927
949
911
933
941
912
919
917
923
946
929
936
943
905
936
942
930
933
927
931
914
940
928
935
930
919
922
943
937
919
908
917
957
929
926
935
934
934
917
926
924
950
960
935
933
938
933
934
928
929
946
947
920
919
912
931
910
948
931
956
920
938
940
930
942
920
927
927
947
927
935
936
930
908
922
951
948
933
930
934
927
941
928
929
944
946
930
940
933
930
948
928
921
925
929
913
925
925
931
917
913
950
925
919
928
919
937
919
936
951
924
941
930
947
930
957
912
937
934
940
921
930
924
945
928
934
943
922
933
936
929
938
935
920
951
929
942
941
915
913
938
943
921
952
942
943
942
934
943
923
919
931
934
936
931
929
931
921
910
942
933
933
927
952
950
924
944
933
928
925
913
952
951
924
910
935
923
927
933
947
924
915
941
919
932
944
932
953
924
940
957
909
929
923
926
915
932
931
937
922
947
942
945
942
946
942
950
948
912
927
932
913
918
921
947
941
925
950
933
937
926
934
913
935
936
928
928
926
940
931
917
938
935
939
938
919
938
933
923
920
924
927
918
938
926
960
936
944
928
905
933
923
924
947
919
943
954
920
931
943
933
933
945
946
938
925
932
921
933
933
937
936
929
931
929
916
946
932
922
910
916
942
943
939
943
939
936
927
935
948
931
932
926
930
945
938
931
944
929
919
921
931
939
938
953
946
946
922
954
949
907
937
929
925
944
944
932
920
946
912
937
946
944
945
930
926
915
948
912
936
929
942
934
936
921
937
937
934
950
924
925
943
928
933
932
953
947
935
937
906
925
950
927
909
939
956
942
924
951
947
925
948
936
932
942
926
926
944
955
933
919
941
935
934
941
938
930
938
937
912
932
942
914
936
930
932
934
936
949
920
927
944
940
924
943
925
939
942
924
940
947
933
920
942
934
936
925
930
933
935
949
946
927
927
933
926
921
935
942
925
940
940
921
937
923
936
930
947
927
931
935
918
929
920
915
946
928
924
924
929
938
918
924
925
947
935
937
949
955
935
953
939
923
948
923
912
920
929
940
950
953
942
933
927
930
943
939
943
930
934
928
938
943
920
934
929
918
924
941
941
925
932
929
934
922
942
925
927
920
932
934
936
932
944
931
919
912
950
931
931
942
940
919
922
928
936
940
915
929
925
926
931
914
931
940
952
914
932
917
947
936
925
935
955
952
921
932
933
926
935
945
941
936
932
928
926
946
957
942
940
945
940
958
929
929
931
945
918
915
934
933
937
944
928
931
936
909
926
927
928
942
959
921
911
929
928
945
926
934
938
953
948
936
936
936
936
939
926
935
953
924
939
932
929
921
915
950
940
941
921
940
934
953
933
916
931
926
916
935
948
939
945
936
940
933
936
930
926
952
936
928
941
948
941
936
923
944
942
944
911
929
926
924
932
940
952
945
921
916
925
940
935
937
916
921
947
942
937
936
919
927
921
922
924
934
949
947
937
925
925
938
956
930
925
925
923
929
950
958
956
931
928
947
922
935
928
922
919
926
946
928
914
930
941
940
928
946
919
948
931
952
931
929
952
948
939
946
951
947
941
939
955
926
944
942
926
966
906
917
909
933
931
918
944
927
933
934
921
919
915
916
935
935
925
936
939
945
950
919
926
953
925
930
934
939
932
931
926
930
928
940
941
937
940
923
928
917
945
955
949
922
935
914
930
916
906
939
944
924
933
934
913
954
930
932
925
909
928
921
936
930
920
925
917
919
913
937
920
925
939
934
934
941
922
929
931
920
941
938
912
911
928
933
924
931
932
918
943
926
930
937
951
942
929
930
923
937
951
936
942
911
936
931
922
944
938
944
925
926
935
944
933
921
933
928
926
929
940
944
943
945
922
961
931
922
951
935
930
918
942
933
924
943
943
922
918
929
934
938
920
927
932
940
928
942
949
926
932
935
918
930
922
943
929
915
929
921
936
917
937
925
928
930
915
929
948
931
930
942
938
909
923
946
917
938
931
926
921
916
930
921
929
944
935
918
936
930
927
923
947
920
924
934
929
921
914
929
923
937
932
914
931
936
936
934
940
945
943
942
936
928
945
935
906
914
949
949
919
926
926
923
922
938
943
947
929
948
940
908
943
943
927
922
927
935
928
923
929
948
945
948
940
943
922
927
930
920
933
945
934
918
936
942
948
940
946
930
939
933
957
939
931
935
928
933
934
943
936
918
931
935
917
930
933
944
938
925
932
926
921
935
936
941
917
928
941
940
935
943
931
938
929
918
923
920
941
945
942
934
950
923
932
928
926
926
925
944
937
930
939
953
941
934
952
937
936
942
944
926
940
923
922
925
917
936
932
927
924
947
941
943
945
920
922
914
930
925
947
943
926
917
929
942
921
918
924
922
950
921
942
948
920
943
943
941
939
944
939
940
925
925
927
944
935
938
919
923
923
927
941
926
927
936
941
928
939
935
913
939
920
940
947
929
948
935
925
965
949
964
933
946
942
918
914
945
963
944
920
920
922
935
912
928
940
931
938
943
908
942
935
911
938
934
916
935
941
930
929
937
940
922
949
914
931
906
938
935
943
939
959
931
928
913
934
922
925
943
937
937
942
921
930
937
945
933
923
906
926
937
946
942
939
939
938
946
928
934
922
943
924
931
935
933
934
943
928
935
912
956
929
933
938
953
944
949
909
939
936
934
934
947
949
938
951
949
941
952
943
928
911
914
949
947
936
931
933
927
946
927
950
928
929
935
937
934
938
946
936
922
922
936
936
924
908
929
945
935
922
942
923
933
936
924
919
923
918
949
924
938
953
931
921
915
933
924
922
912
916
929
932
936
922
920
930
937
936
904
926
935
928
930
927
918
942
932
935
922
946
946
937
936
916
935
939
928
954
937
961
937
933
939
937
948
941
936
934
927
933
937
940
940
932
951
947
928
949
925
909
946
949
918
948
948
949
946
941
925
921
921
936
936
922
941
945
934
936
940
928
937
944
923
927
944
929
930
938
933
936
943
921
942
946
932
920
933
928
936
915
944
934
946
936
919
909
932
928
929
933
940
958
941
916
912
939
953
925
924
925
919
940
929
939
914
937
934
936
936
925
923
918
935
931
943
940
911
922
937
929
949
931
929
946
938
915
952
930
927
941
949
949
921
940
948
927
928
951
943
955
916
927
956
923
940
930
941
940
938
930
912
950
945
939
939
938
929
944
923
934
935
931
935
947
915
932
932
929
926
937
922
946
932
947
926
961
924
918
936
943
936
958
934
937
936
938
938
936
937
923
936
943
948
946
941
928
940
947
940
938
941
930
934
921
939
938
934
936
932
927
946
912
927
926
950
935
945
936
928
928
936
927
931
941
928
938
946
927
936
950
947
955
928
946
941
941
935
939
936
945
927
923
930
929
935
945
936
920
926
941
917
930
925
941
921
932
932
915
922
915
925
923
912
936
937
928
915
946
937
929
935
950
947
947
939
941
923
947
933
939
934
931
941
950
940
948
940
940
949
923
943
933
942
936
932
932
935
933
944
950
956
940
939
928
940
934
921
927
933
958
916
942
936
930
945
931
930
960
958
942
939
933
927
924
942
924
946
933
950
939
922
948
934
912
928
933
933
954
929
953
947
930
944
926
946
921
934
935
935
918
942
937
931
959
940
926
926
948
932
925
931
937
931
935
953
927
928
945
949
937
919
925
923
940
925
937
929
943
941
931
949
952
949
930
929
918
939
932
954
919
931
948
923
935
930
940
929
919
937
938
933
939
933
950
916
942
933
938
947
929
936
932
941
946
942
923
923
929
942
926
922
928
944
930
915
952
932
958
929
936
944
914
928
927
921
925
927
945
930
934
916
959
938
940
933
937
942
934
932
943
932
929
922
925
938
926
932
958
907
927
934
944
932
942
940
930
939
969
951
924
939
936
934
917
926
943
956
923
920
949
940
938
945
960
928
931
933
932
946
922
937
940
920
945
929
916
950
953
937
927
947
935
946
940
951
941
927
932
938
955
939
940
934
935
938
956
919
927
935
937
936
921
947
941
927
940
952
930
932
921
939
939
934
937
936
930
938
951
942
943
938
947
935
930
929
951
933
935
932
936
921
941
949
933
943
944
947
950
930
939
931
962
938
939
934
942
922
937
927
930
951
943
933
938
944
954
955
945
932
942
926
935
956
934
927
945
928
941
936
930
919
949
929
933
917
938
936
952
935
931
939
933
958
953
937
926
945
929
939
927
926
925
938
952
954
951
940
942
944
950
914
930
929
929
959
948
963
946
961
941
927
940
917
931
937
945
934
929
926
940
940
936
944
936
961
946
925
945
946
949
956
945
955
946
937
931
945
937
957
938
932
942
945
913
930
934
945
940
926
916
964
939
935
933
950
934
924
944
937
944
951
961
947
939
939
946
973
937
947
941
944
957
937
958
951
929
928
963
933
941
954
941
938
946
947
939
934
959
936
930
932
954
946
950
935
948
954
944
939
968
968
979
956
948
948
952
948
941
938
944
964
959
930
923
942
953
950
946
952
949
961
954
947
953
954
955
959
963
943
949
959
975
997
955
971
965
985
977
968
970
982
957
978
968
960
982
993
984
979
974
985
971
982
992
989
978
993
989
999
1001
1015
1010
1025
1028
1031
1030
1038
1040
1042
1045
