1065
921
924
948
921
952
921
931
946
949
954
944
946
935
939
938
935
930
934
932
935
914
952
910
921
924
929
901
925
936
922
945
922
944
918
931
909
913
945
946
935
941
939
942
947
932
944
943
898
934
920
929
941
931
926
922
925
940
945
918
922
926
940
918
936
941
940
935
920
922
915
937
926
935
936
934
943
919
931
921
904
936
923
909
912
937
927
911
936
915
946
928
930
924
919
915
931
930
936
953
926
928
935
934
936
927
936
925
917
935
925
925
929
937
941
940
924
920
933
935
939
930
930
902
916
936
947
943
938
945
928
916
942
939
930
936
934
927
916
923
925
925
950
927
935
937
911
924
930
928
931
944
935
939
917
933
917
917
943
958
930
919
929
931
934
950
919
934
936
920
940
934
956
934
944
934
929
926
916
944
944
918
941
948
909
935
945
934
927
936
938
947
952
916
952
928
939
928
938
954
940
902
933
947
929
934
927
934
931
933
939
916
938
943
938
930
947
959
931
946
943
920
941
927
925
923
943
943
935
918
957
942
929
940
935
929
932
919
927
914
946
930
934
942
919
918
945
943
941
908
924
937
945
933
923
934
931
942
923
937
929
951
944
927
950
932
942
926
934
952
946
926
931
958
944
930
953
922
942
939
940
963
953
928
932
913
922
937
928
921
939
925
929
934
939
923
923
935
915
933
935
941
928
910
943
933
942
944
927
922
925
913
927
927
939
948
938
930
919
938
934
921
922
935
927
911
948
928
915
930
938
935
918
922
925
936
948
928
943
892
951
925
916
911
917
934
930
928
939
917
932
946
925
924
933
939
923
921
942
941
928
924
943
939
947
931
926
921
929
917
916
925
925
937
954
926
933
935
927
950
924
934
942
958
903
950
915
936
920
942
948
919
930
933
929
938
942
942
939
927
917
941
948
929
916
925
931
929
928
926
925
941
930
931
938
937
947
922
922
932
936
923
911
912
935
915
928
919
921
927
922
925
924
933
932
919
927
960
925
903
936
936
953
947
919
929
931
940
928
928
939
925
931
932
932
949
914
928
921
932
963
944
942
929
943
936
937
928
934
914
936
959
933
937
941
914
919
925
931
932
921
938
927
942
920
938
913
931
973
921
943
937
916
926
925
927
944
947
927
944
940
937
942
935
928
941
934
933
927
932
926
933
932
934
930
942
936
934
930
928
927
920
916
925
925
925
928
919
943
926
936
926
943
942
926
928
933
955
931
923
934
940
927
926
909
935
932
948
951
928
920
925
927
950
925
927
948
927
942
935
922
921
937
924
958
911
929
941
925
925
926
929
936
947
940
933
928
923
952
937
925
920
921
928
953
928
918
946
931
924
944
932
935
910
943
933
929
927
904
934
938
939
937
940
945
914
920
942
930
927
933
938
923
942
931
947
934
947
906
930
932
939
935
951
935
920
929
911
955
930
909
938
936
919
907
930
935
931
951
929
929
921
935
922
939
935
927
932
936
939
939
928
944
931
945
928
943
944
921
944
922
954
937
924
933
935
942
934
932
926
935
926
955
922
940
925
924
931
944
951
926
941
937
931
921
946
913
926
938
929
917
902
927
928
943
927
951
938
925
939
928
923
921
923
932
911
923
942
941
941
916
931
920
940
930
917
946
937
909
914
926
920
947
937
942
941
920
927
946
932
938
925
912
927
934
931
945
934
943
940
909
914
926
934
918
942
940
927
942
928
944
938
941
930
923
937
943
938
919
933
919
943
949
940
954
936
942
927
956
915
919
953
928
929
936
934
929
935
911
928
932
920
941
952
948
937
923
913
943
922
910
939
923
936
959
929
921
928
929
917
929
927
938
918
937
949
925
947
932
941
946
906
949
932
916
925
938
943
926
942
917
925
935
924
936
951
934
923
918
915
939
937
922
942
932
930
944
935
937
927
940
944
947
923
943
921
929
930
954
922
939
933
948
938
937
930
907
931
931
936
919
923
933
929
932
938
914
920
940
922
946
935
928
935
912
912
909
940
952
923
920
936
915
941
929
955
927
934
918
927
934
928
936
926
929
920
916
938
951
941
941
926
921
933
931
919
928
937
915
933
935
929
926
915
930
921
903
934
931
936
936
919
943
935
937
937
923
949
935
938
924
926
938
924
940
939
936
933
934
950
954
934
948
942
919
940
929
922
912
938
932
928
947
940
938
949
947
952
928
931
919
917
916
933
935
942
923
941
957
941
952
934
930
941
940
944
933
919
937
940
921
924
935
921
931
930
944
925
934
941
940
940
928
927
926
926
918
940
928
941
951
947
933
939
938
917
940
923
946
946
941
947
945
912
937
962
913
926
947
942
929
929
928
939
949
927
953
924
932
940
927
930
940
916
937
942
955
924
937
905
931
932
935
934
941
923
950
936
932
942
891
917
926
926
918
909
955
945
925
924
937
926
936
922
929
932
925
939
934
947
923
916
919
910
908
944
938
926
918
928
924
934
925
932
940
933
926
915
953
928
916
934
930
943
921
934
918
940
962
951
925
940
951
933
918
914
933
933
930
927
929
893
949
958
936
930
938
931
936
919
954
911
921
919
921
924
928
939
927
934
931
949
939
935
942
931
915
915
911
927
938
933
936
929
943
939
951
954
934
913
935
923
919
916
918
930
948
938
926
926
925
944
922
932
944
934
921
936
929
919
944
928
945
949
932
934
926
927
925
950
932
924
936
922
943
936
932
955
934
931
957
931
931
933
931
936
931
921
912
916
925
935
905
931
937
933
930
949
943
923
929
938
933
943
920
919
935
936
921
930
941
952
932
933
936
926
923
925
927
928
912
938
926
929
950
936
923
948
928
920
934
935
927
946
942
933
958
940
943
931
926
926
938
941
942
922
930
926
930
928
931
944
932
932
945
929
926
899
927
941
940
925
927
925
936
920
939
915
920
915
927
928
912
935
916
938
939
918
962
921
939
923
920
942
934
926
924
941
924
940
971
931
949
931
918
938
931
934
917
936
944
938
942
942
918
917
942
937
938
917
932
948
948
932
923
925
931
933
928
927
926
930
923
953
938
943
928
938
942
921
930
927
928
931
922
932
920
935
946
924
913
949
928
944
910
924
936
922
937
917
934
934
937
936
917
937
924
924
939
934
927
943
944
911
936
940
926
942
926
918
936
924
928
935
931
926
935
920
937
939
932
937
957
924
937
903
894
927
944
929
926
948
932
933
913
949
934
938
922
918
939
918
935
934
943
916
927
943
927
909
931
940
923
923
931
934
939
920
930
931
923
938
931
933
928
928
947
942
923
913
927
932
943
939
939
946
920
924
929
925
937
931
929
938
911
932
939
935
927
940
928
914
946
921
938
934
937
930
937
937
923
935
949
925
961
943
933
944
935
936
921
922
947
938
934
954
931
917
933
927
938
933
922
911
926
918
934
935
923
934
943
908
939
937
936
923
945
929
940
941
925
953
936
930
916
936
936
925
930
914
922
936
947
949
916
938
942
951
921
931
939
926
935
949
943
928
937
926
940
932
935
934
934
928
941
918
924
932
914
922
920
933
930
935
924
938
933
926
921
928
938
915
915
916
914
938
944
938
928
925
949
938
930
910
948
945
924
920
924
939
938
925
932
941
942
930
929
937
913
928
943
928
936
928
938
912
948
947
922
915
918
917
926
935
940
920
930
945
929
928
944
941
939
928
931
938
939
949
946
926
938
937
924
930
938
919
936
921
952
934
904
918
950
935
932
946
929
920
927
941
940
923
954
933
946
920
948
938
911
943
931
941
914
925
923
885
920
938
927
925
938
917
932
925
935
935
949
936
932
949
932
947
927
936
953
922
934
940
926
944
909
937
940
923
920
940
926
940
925
914
927
929
915
929
920
915
925
930
936
934
926
918
928
940
939
912
936
918
916
945
939
946
933
935
934
935
927
899
942
936
952
929
934
939
934
928
918
946
934
936
952
935
918
928
932
937
923
940
942
939
933
933
922
931
941
931
947
941
943
932
916
907
929
928
934
912
922
918
954
930
922
939
931
929
918
924
919
916
936
933
948
928
935
935
935
933
948
943
934
937
919
925
931
919
947
933
944
946
943
920
946
933
933
938
929
935
935
939
925
944
938
949
939
931
943
937
925
946
919
914
923
915
945
941
948
945
932
932
945
946
929
944
931
930
925
915
944
943
940
929
924
937
963
941
937
936
947
915
934
929
939
948
928
933
935
949
946
940
932
915
941
949
925
954
918
917
941
936
932
930
928
930
932
908
937
927
934
941
931
931
914
933
931
928
943
934
934
940
930
929
928
923
915
928
912
941
933
903
947
912
943
938
929
931
942
941
930
909
927
945
920
947
948
944
922
930
936
930
956
927
932
939
942
938
924
943
925
931
943
929
922
923
955
948
913
915
928
944
936
929
923
914
920
934
932
911
945
935
936
949
922
923
918
932
931
944
927
932
945
917
944
935
930
914
923
953
940
918
931
942
924
927
942
940
932
926
929
920
930
933
906
932
937
944
936
936
946
933
924
914
938
934
927
914
934
938
929
923
939
928
943
934
922
914
929
958
942
922
912
939
948
931
918
941
902
944
932
927
933
938
953
960
918
954
933
933
931
918
953
942
934
935
929
933
948
921
937
940
932
932
946
937
951
902
907
923
949
935
929
922
927
933
940
954
938
949
942
952
924
927
938
922
920
951
954
949
928
929
920
930
930
929
925
921
930
951
947
926
913
919
922
918
949
948
928
932
940
944
925
951
925
935
937
938
926
931
944
951
940
939
950
932
905
922
942
937
929
909
930
925
929
928
925
935
936
926
946
931
926
936
921
916
923
916
930
934
909
910
930
924
920
943
940
932
931
941
931
921
933
942
925
925
916
941
938
929
917
932
932
917
932
906
949
938
933
944
933
931
939
932
951
949
944
941
911
931
940
933
926
940
921
937
926
932
949
931
931
936
937
929
931
937
939
926
940
949
926
939
927
926
918
941
917
911
903
944
942
924
935
944
945
925
919
940
923
917
932
942
926
933
921
928
921
944
898
943
943
925
923
935
948
939
956
936
911
947
934
914
940
927
938
928
922
939
941
921
932
920
926
909
933
943
947
945
936
940
934
927
928
928
950
932
923
940
933
896
939
923
920
943
921
950
911
921
921
939
917
931
936
936
929
948
938
936
937
942
940
941
942
940
927
936
963
938
929
942
922
925
937
916
933
945
927
930
925
940
927
920
941
927
931
920
917
953
929
925
935
931
913
945
910
922
922
931
936
941
935
949
930
921
924
950
923
931
922
943
938
942
955
931
941
940
923
914
937
920
931
922
928
925
922
943
950
934
945
946
923
937
938
923
950
939
916
930
926
932
928
921
938
912
933
926
927
930
932
929
930
921
922
948
926
945
936
937
928
945
915
916
947
945
921
930
928
945
924
925
935
937
935
932
924
928
925
936
930
937
918
932
947
948
923
924
926
928
935
928
929
941
950
922
923
947
940
937
939
940
954
902
923
935
955
928
943
962
928
937
927
940
917
931
946
931
919
913
927
941
950
942
936
931
935
921
935
940
947
919
926
908
921
929
902
925
915
933
939
907
929
916
941
924
927
946
924
926
935
917
925
922
923
932
934
939
915
910
930
932
943
926
934
945
934
919
916
935
924
918
924
939
929
924
924
946
933
934
942
942
924
959
921
933
929
939
941
948
940
941
910
942
935
932
980
