1065
926
920
925
936
942
912
913
933
944
923
936
954
940
926
928
937
928
933
931
932
925
937
918
955
938
949
926
935
930
931
918
925
932
921
954
920
948
916
933
922
928
935
933
922
919
928
922
935
933
944
928
932
931
939
922
934
937
938
955
939
942
932
945
942
932
924
935
946
941
920
918
934
941
942
938
938
935
947
919
927
933
934
928
946
937
921
939
908
943
936
941
919
936
949
936
927
908
927
919
924
940
939
928
920
928
919
938
933
943
946
922
938
924
924
932
928
942
910
930
947
920
912
939
922
926
919
930
910
928
913
934
913
947
930
927
937
929
940
940
938
919
929
946
936
954
929
918
926
932
934
934
929
942
943
937
942
927
926
942
924
954
924
910
938
934
941
946
951
943
934
937
931
925
942
951
934
928
936
932
931
901
952
908
923
927
932
930
932
922
928
923
935
941
923
947
936
938
936
905
934
944
923
937
934
919
927
931
940
941
929
929
917
944
930
935
939
935
940
908
947
933
927
931
936
921
956
933
931
913
936
932
950
940
938
917
940
934
915
936
943
927
940
927
933
923
931
925
945
944
899
926
923
936
925
937
922
945
940
940
903
936
922
930
948
949
925
927
933
932
946
932
946
929
930
926
925
935
919
929
923
928
930
909
937
920
942
935
925
931
942
933
929
940
919
929
943
935
941
935
923
938
945
940
936
942
935
947
920
932
923
923
927
941
950
945
952
928
936
938
940
920
943
931
925
935
939
925
926
933
921
922
941
940
955
918
935
937
943
926
928
937
937
920
930
942
921
930
928
944
926
930
920
946
950
943
926
921
935
944
941
932
934
937
924
923
940
937
938
917
911
941
925
923
922
932
942
921
934
939
931
931
933
926
924
915
941
928
942
924
926
932
938
936
919
930
933
930
936
925
932
910
931
915
917
928
931
932
918
924
941
925
939
941
927
926
937
921
924
946
927
949
943
954
931
922
921
931
922
936
911
932
935
921
941
941
916
916
933
935
937
946
951
947
923
918
926
926
925
936
929
926
941
930
916
930
925
954
907
925
947
931
915
933
933
946
953
950
942
930
933
933
944
928
939
942
903
921
939
936
941
923
948
951
945
926
950
936
914
941
940
944
918
945
929
906
909
934
923
932
946
933
938
922
913
944
924
944
939
923
934
918
932
922
941
933
939
947
922
921
935
930
925
949
933
930
943
929
951
943
929
925
933
933
920
922
932
916
928
915
929
938
928
940
944
916
922
933
936
927
920
934
942
922
925
935
953
932
944
945
943
930
932
941
942
932
946
939
922
939
937
948
936
919
924
924
939
929
945
920
938
939
922
926
911
925
939
915
918
955
942
930
938
920
911
919
926
939
935
938
936
947
952
927
916
942
925
943
933
943
933
915
923
945
935
936
934
931
904
916
916
937
932
936
944
942
932
946
934
923
927
937
947
941
944
941
930
931
930
922
962
937
927
935
931
921
942
919
931
934
923
951
941
941
906
932
905
943
919
929
956
929
934
931
925
942
936
916
952
933
925
938
930
934
914
954
948
916
934
919
943
916
918
938
936
932
924
933
930
933
946
934
943
943
943
916
947
943
931
958
938
943
941
936
925
956
930
923
923
927
936
934
919
957
955
930
941
934
945
937
945
932
924
924
932
932
924
922
907
919
904
922
935
901
938
954
954
938
943
950
946
930
930
942
934
917
933
938
933
950
934
931
949
962
909
943
937
927
941
924
922
924
945
948
953
953
933
931
919
920
923
920
936
915
938
938
926
931
921
931
905
924
943
948
935
931
944
912
932
924
939
925
926
939
938
933
922
958
926
918
934
925
937
927
934
936
929
947
938
916
921
936
931
932
951
958
916
940
933
905
939
929
936
909
939
928
926
919
933
934
929
924
932
926
938
936
933
927
951
926
935
934
920
934
926
934
932
933
925
938
945
931
930
954
928
943
943
917
944
921
943
946
928
947
944
943
931
945
949
920
919
946
933
927
937
948
935
919
934
941
939
948
942
937
928
941
928
932
928
947
947
959
933
943
942
913
924
931
937
944
923
917
924
936
934
929
924
926
920
939
934
949
933
945
943
935
930
956
929
953
922
930
943
936
938
915
930
940
926
926
941
941
926
917
913
936
955
926
938
949
929
937
938
932
942
950
941
929
915
922
917
925
963
933
929
923
932
924
935
935
953
932
952
952
933
937
924
944
938
926
947
940
912
951
921
942
916
959
907
937
944
948
923
912
930
954
929
935
934
934
955
946
924
929
915
929
934
937
937
942
936
940
927
939
912
950
919
907
933
923
953
928
925
926
946
933
934
932
924
917
938
933
911
931
940
935
938
944
919
927
930
930
912
924
926
918
944
941
934
930
923
920
942
944
950
940
921
943
932
940
944
927
928
909
930
922
932
921
911
939
933
911
932
935
942
941
954
924
937
944
949
956
931
932
910
949
926
954
939
941
940
940
928
929
930
938
919
938
941
932
934
926
941
941
943
926
933
912
935
941
935
938
922
946
953
951
926
927
928
947
933
932
937
935
928
938
925
946
924
931
939
931
935
909
941
937
929
940
923
949
907
931
929
945
930
935
941
935
932
936
946
932
916
939
929
929
937
937
956
943
933
933
932
937
934
952
930
929
947
921
940
926
925
926
923
928
930
915
941
916
924
933
941
937
937
931
935
949
951
933
933
932
931
926
931
923
930
927
938
941
935
943
938
946
930
930
955
953
943
936
942
933
936
935
925
950
925
936
940
941
936
927
919
930
942
931
937
936
930
928
905
931
926
930
954
934
933
928
927
940
946
934
946
933
938
945
931
928
954
925
948
930
935
933
934
921
938
925
921
926
909
934
930
941
957
934
946
942
939
931
945
945
934
942
938
941
919
950
923
929
915
947
964
930
932
925
933
928
920
929
937
928
928
917
920
957
935
936
939
932
945
939
923
949
939
931
948
949
931
945
935
955
928
921
918
931
926
944
930
935
926
940
923
930
913
931
914
938
944
916
915
936
913
938
920
923
933
939
934
921
930
931
950
929
933
931
929
960
921
936
923
938
943
937
930
945
923
925
937
921
927
915
947
951
919
920
911
938
929
945
936
934
941
909
935
929
947
936
927
938
939
925
928
930
929
929
944
930
953
934
916
925
914
927
919
936
932
933
935
928
941
935
950
929
906
935
948
936
937
932
951
951
947
933
946
935
944
924
916
913
940
936
923
940
952
922
922
933
944
925
952
934
937
918
934
955
924
923
932
937
946
947
934
928
949
946
952
925
946
949
930
923
955
923
933
949
938
941
954
947
939
947
939
925
932
944
931
946
933
913
922
937
917
930
941
955
936
920
929
949
938
953
905
916
940
934
934
936
955
946
921
932
914
922
915
926
931
910
925
925
946
932
911
939
943
926
932
936
944
929
936
917
924
932
937
957
928
947
941
929
947
948
940
934
934
928
938
937
942
949
931
944
927
918
927
944
937
946
932
920
935
936
912
931
938
936
937
947
946
928
956
908
937
929
936
953
927
933
934
920
933
944
926
929
924
922
935
935
925
910
941
926
933
949
947
942
940
942
924
913
930
944
926
929
920
939
926
933
941
957
950
942
947
922
943
928
935
924
955
947
923
923
935
950
921
927
934
939
922
929
922
936
932
944
931
943
930
956
939
916
929
931
947
908
943
950
934
931
925
940
941
928
950
926
940
934
918
919
920
938
935
922
921
919
931
938
958
940
930
941
934
951
935
925
918
953
934
926
923
916
953
935
927
931
928
916
929
919
914
937
939
919
939
928
931
931
925
936
948
937
926
930
952
947
936
920
950
938
938
958
922
928
928
925
928
949
935
922
947
934
932
934
922
947
940
934
936
922
943
930
925
934
930
924
934
949
924
938
919
936
958
936
950
925
926
936
951
934
936
916
936
919
921
931
935
927
948
930
941
970
951
929
957
936
922
932
930
932
923
924
927
966
935
944
929
937
928
932
930
960
942
931
936
933
925
942
930
927
945
932
926
943
931
950
945
935
952
958
932
932
944
941
943
931
929
946
937
931
904
923
926
928
930
914
930
946
951
933
935
934
928
943
936
941
940
933
924
921
932
928
923
953
932
938
936
941
930
945
953
948
944
956
945
944
948
933
930
936
939
943
924
943
934
962
927
928
923
938
944
934
929
924
932
949
931
924
930
952
935
932
929
936
945
941
959
947
932
934
932
940
911
933
949
948
941
934
936
928
917
934
936
938
943
927
931
932
924
952
948
933
952
922
918
930
939
934
943
917
916
929
931
937
955
927
943
955
949
927
956
924
941
930
927
953
917
934
941
946
931
932
923
927
941
924
935
930
936
944
945
941
933
941
941
948
941
946
928
934
932
925
964
934
951
936
926
930
947
938
931
950
937
941
943
936
941
926
946
907
927
926
930
930
924
941
932
930
921
938
950
931
949
937
942
938
927
918
935
943
934
920
947
940
937
951
936
916
959
935
941
944
953
949
936
954
926
941
944
934
940
948
929
933
924
948
927
940
943
949
933
954
940
930
953
927
937
935
929
956
934
942
933
923
958
937
934
938
929
925
937
934
945
938
934
935
946
930
921
941
945
925
925
950
963
929
939
957
938
914
928
940
941
944
939
943
932
944
943
942
938
917
933
949
941
935
922
918
954
934
923
935
947
935
954
928
951
960
939
945
958
960
936
920
936
933
933
941
921
938
928
953
935
947
954
945
937
934
939
940
933
937
959
954
925
918
949
953
934
949
953
956
927
955
939
941
930
939
942
935
949
948
942
938
952
924
939
953
942
928
920
957
941
942
933
937
939
916
918
948
949
947
947
941
958
943
937
944
910
953
934
954
929
929
943
945
920
927
931
925
939
930
934
937
945
949
937
941
947
936
939
954
944
936
929
917
939
937
933
958
942
946
955
926
942
954
961
939
932
913
940
942
937
940
933
931
933
971
944
949
924
947
935
947
925
953
946
945
962
931
930
952
929
953
952
956
955
938
945
955
931
936
930
941
960
940
933
944
940
950
954
963
940
930
955
926
925
945
940
949
951
953
942
971
934
927
929
946
965
937
934
937
945
945
944
929
956
948
939
944
940
947
938
942
950
937
955
952
945
940
929
962
951
951
957
958
945
925
955
939
950
933
938
940
958
943
931
936
957
945
949
942
934
948
937
949
937
923
947
942
926
925
945
937
941
952
947
964
925
934
935
933
934
953
939
949
946
923
967
960
950
950
938
940
944
948
923
945
940
939
952
940
942
956
946
942
932
937
932
936
953
951
948
955
949
939
943
952
943
948
934
934
939
959
967
948
950
950
952
952
934
937
945
955
958
964
946
959
954
960
939
929
952
944
958
963
944
960
940
946
946
942
950
960
948
943
941
957
945
929
944
961
965
942
955
934
951
959
964
944
940
950
957
946
958
946
959
975
950
968
970
952
953
951
950
954
957
951
960
962
942
964
952
944
945
963
963
953
966
967
978
953
957
968
964
964
981
962
964
958
962
957
957
950
952
963
950
941
951
957
962
961
971
962
979
983
971
978
969
954
963
968
960
960
970
984
965
969
984
983
984
977
981
989
977
995
983
981
989
988
978
977
997
986
980
978
976
979
993
994
984
993
1004
1005
1004
1007
1012
1007
1010
1010
1012
1008
1006
1005
1010
1011
1017
1021
1023
1023
1037
1038
1039
1038
1038
1040
1043
1044
1047
1048
1048
1048
1050
