1065
919
927
941
922
930
929
936
922
916
931
932
932
938
941
930
932
914
921
944
940
915
923
923
907
928
932
953
935
939
949
936
931
914
929
930
950
938
929
931
938
930
944
909
924
939
924
919
941
938
935
919
929
930
944
930
922
930
933
916
921
952
940
941
906
944
918
961
941
950
951
935
930
929
936
934
922
944
941
948
927
926
942
937
942
928
936
924
951
926
925
937
926
940
919
938
925
934
930
951
933
927
948
926
922
929
932
929
919
952
942
923
931
947
955
915
945
925
922
931
928
932
926
937
943
956
913
935
921
922
921
927
928
930
946
940
930
955
927
935
916
936
939
929
938
934
934
923
930
942
931
941
958
930
931
937
932
918
937
922
924
932
922
935
932
922
938
935
928
921
921
936
941
960
957
924
936
929
924
930
931
940
936
921
937
935
958
935
918
950
915
926
942
925
924
935
922
919
913
913
911
933
955
928
924
925
937
937
923
921
926
922
953
948
932
935
925
933
942
937
918
942
946
938
934
915
935
949
930
953
924
945
940
931
918
920
946
933
948
937
929
932
925
942
921
940
897
945
935
928
907
920
937
948
922
915
939
936
932
920
921
921
930
945
935
921
946
916
932
936
931
940
938
936
940
910
945
927
927
932
928
924
938
958
937
941
938
946
931
912
933
931
940
931
954
931
934
936
927
913
926
941
936
928
947
947
944
920
931
910
946
921
929
932
914
942
921
930
912
937
919
939
934
963
939
920
918
916
911
938
947
924
935
932
939
962
951
914
945
925
945
905
930
933
921
935
939
945
935
929
936
943
932
930
924
925
935
937
928
915
916
928
929
931
917
936
933
938
917
928
947
928
930
930
925
946
932
934
930
932
925
927
925
917
922
910
932
942
946
942
918
934
919
936
936
929
936
929
909
954
944
926
935
943
932
914
945
922
906
931
916
934
936
946
925
916
933
942
938
942
931
921
939
925
932
934
942
930
938
951
950
942
943
926
927
946
910
935
919
938
946
935
936
944
932
932
934
947
937
931
942
939
914
915
938
942
919
943
932
938
934
947
924
934
935
934
935
928
923
934
935
933
952
922
945
923
936
929
929
950
935
933
938
926
937
931
939
916
928
926
926
924
942
934
945
934
930
920
920
930
945
926
939
924
936
937
947
943
906
912
942
928
933
936
933
931
944
927
950
946
926
917
930
931
931
936
924
933
947
927
921
943
937
934
915
915
936
946
933
928
929
922
939
930
952
934
927
941
919
928
935
923
913
940
930
931
938
933
931
937
928
922
917
918
934
946
949
931
946
933
923
906
941
935
936
920
935
951
921
906
935
898
923
916
929
936
942
912
943
939
940
949
921
921
932
951
937
934
949
920
922
927
944
930
934
947
920
928
923
929
950
913
916
942
941
935
954
942
931
931
935
924
928
929
928
911
913
932
927
939
943
941
944
950
944
950
927
936
938
927
925
937
952
943
927
930
925
937
945
923
930
933
926
935
925
938
913
939
946
947
934
929
947
923
936
917
926
931
917
944
938
928
938
945
930
944
933
957
933
922
933
934
938
913
938
929
933
941
932
937
921
943
939
935
945
942
932
938
932
934
941
894
952
910
937
934
934
937
939
918
913
943
945
932
945
933
929
935
923
923
927
927
948
916
936
942
930
929
937
929
931
946
933
966
930
935
940
907
942
927
943
938
917
937
935
935
933
927
957
936
926
940
930
959
928
939
932
936
952
933
940
927
948
947
934
932
934
929
928
936
943
915
945
941
926
933
944
917
932
937
941
939
955
930
947
920
938
925
952
921
937
953
936
927
922
929
921
931
937
914
931
925
930
931
953
938
956
949
926
928
933
940
937
920
928
939
921
919
933
949
930
945
919
947
934
922
921
936
929
928
920
910
924
933
949
957
921
943
922
949
939
922
923
909
944
927
935
933
955
933
927
946
936
936
933
926
949
938
929
950
911
947
948
942
930
920
926
939
926
924
933
927
921
939
931
928
930
917
925
926
917
945
936
929
944
932
944
937
927
940
937
924
932
954
926
926
939
946
929
932
930
931
933
935
909
946
940
925
925
922
922
922
947
937
922
914
918
948
929
918
939
949
936
937
954
935
928
951
931
926
934
939
942
937
923
925
928
941
942
929
944
943
923
924
913
936
941
928
929
924
940
948
941
937
940
938
927
940
923
922
952
936
915
917
928
944
942
938
942
922
940
936
951
930
956
948
944
934
926
934
938
945
934
935
910
960
933
913
928
923
912
939
935
931
957
921
927
941
937
935
929
944
944
936
941
942
944
926
934
917
914
905
925
930
916
924
931
953
922
941
940
943
932
917
924
933
923
937
927
932
944
945
935
944
937
919
946
952
934
923
941
921
935
936
921
928
942
924
933
937
932
922
933
931
948
935
927
925
932
928
919
951
933
938
924
932
932
925
925
931
935
952
925
931
934
946
926
917
922
934
931
924
930
944
934
937
926
955
923
926
934
928
935
947
929
941
905
944
933
920
929
927
923
926
906
941
946
942
927
925
917
932
920
939
925
938
930
939
924
932
939
924
918
948
948
932
942
924
928
920
922
942
913
930
940
929
931
937
934
934
925
927
914
933
949
948
926
934
936
936
922
923
919
945
946
950
924
927
930
939
925
937
927
948
946
936
935
919
955
920
929
935
925
941
923
938
922
921
923
940
934
930
930
937
935
932
949
935
930
915
912
936
938
928
942
946
941
935
942
931
922
914
907
923
925
924
922
948
929
903
916
918
924
911
919
925
939
942
910
933
951
922
916
921
934
938
950
938
937
941
919
945
927
930
941
967
931
932
943
920
923
935
933
933
940
940
918
931
946
936
925
919
987
1004
1019
1029
1029
1032
1034
1034
1035
1036
1037
1037
1039
1040
1040
1042
1043
1043
1043
1044
1044
1047
1047
1047
1047
1048
1048
1048
1048
1049
1049
1050
1050
1051
1051
1051
1051
1051
1051
1051
1052
1053
1053
1053
1053
1053
1053
1053
1053
1053
1053
1053
1053
1053
1053
1053
1053
1053
1053
1053
1053
1053
1053
1053
1053
1053
1053
1053
1053
1053
1053
1053
1053
1053
1053
1053
1053
1053
1053
1053
1053
1053
1053
1053
1053
1053
1053
1053
1053
1053
1053
1053
1053
1053
1053
1053
1053
1053
1053
1053
1053
1053
1053
1053
1053
1053
1053
1053
1053
1053
1053
1053
1053
1053
1053
1053
1053
1053
1053
1053
1053
1053
1053
1053
1053
1053
1053
1053
1053
1053
1053
1053
1053
1053
1053
1053
1053
1053
1053
1053
1053
1053
1053
1053
1053
1054
1054
1054
1054
1054
1054
1054
1054
1054
1054
1054
1054
1054
1054
1054
1054
1054
1054
1054
1054
1054
1054
1054
1054
1054
1054
1054
1054
1054
1054
1054
1054
1054
1054
1054
1054
1054
1054
1054
1054
1054
1054
1054
1054
1054
1054
1054
1054
1054
1054
1054
1054
1054
1054
1054
1054
1054
1054
1054
1054
1054
1054
1054
1054
1054
1054
1054
1054
1054
1054
1054
1054
1054
1054
1054
1054
1054
1054
1054
1054
1054
1054
1054
1054
1054
1054
1054
1054
1054
1054
1054
1054
1054
1054
1054
1054
1054
1054
1054
1054
1054
1054
1054
1054
1054
1054
1054
1054
1054
1054
1054
1054
1054
1054
1054
1054
1054
1054
1054
1054
1054
1054
1054
1054
1054
1054
1054
1054
1054
1054
1054
1054
1054
1054
1054
1054
1054
1054
1054
1054
1054
1054
1054
1054
1054
1054
1054
1054
1054
1054
1054
1054
1054
1054
1054
1054
1054
1054
1054
1054
1054
1054
1054
1054
1054
1054
1054
1054
1054
1054
1054
1054
1054
1054
1054
1054
1054
1054
1055
1055
1055
1055
1055
1055
1055
1055
1055
1055
1055
1055
1055
1055
1055
1055
1055
1055
1055
1055
1055
1055
1055
1055
1055
1055
1055
1055
1055
1055
1055
1055
1055
1055
1055
1055
1055
1055
1055
1055
1055
1055
1055
1055
1055
1055
1055
1055
1055
1055
1055
1055
1055
1055
1055
1055
1055
1055
1055
1055
1055
1055
1055
1055
1055
1055
1055
1055
1055
1055
1055
1055
1055
1055
1055
1055
1055
1055
1055
1055
1055
1055
1055
1055
1055
1055
1055
1055
1055
1055
1055
1055
1055
1056
1056
1056
1056
1056
1056
1056
1056
1056
1056
1056
1056
1056
1056
1056
1056
1056
1056
1056
1056
1056
1056
1056
1056
1057
1057
1057
1057
1057
1057
1057
1057
1057
1057
1057
1057
1057
1057
1057
1057
1057
1057
1057
1057
1057
1057
1057
1057
1057
1057
1057
1057
1057
1057
1057
1057
1057
1057
1057
1057
1057
1057
1057
1057
1057
1057
1057
1057
1057
1057
1057
1057
1057
1057
1058
1059
1059
1059
1059
1059
1059
1059
1060
1060
1060
1060
1060
1060
1060
1060
1060
1060
1060
1060
1060
1060
1060
1060
1060
1060
1060
1060
1060
1060
1060
1060
1060
1060
1060
1060
1060
1060
1060
1060
1060
1060
1060
1060
1060
1060
1060
1060
1060
1060
1060
1060
1060
1060
1060
1060
1060
1060
1060
1060
1060
1060
1060
1060
1060
1060
1060
1060
1060
1060
1060
1060
1060
1060
1060
1060
1060
1060
1060
1060
1060
1060
1060
1060
1060
1060
1060
1060
1060
1060
1060
1060
1060
1060
1060
1060
1060
1060
1060
1060
1060
1060
1060
1060
1060
1060
1060
1060
1060
1060
1060
1060
1060
1060
1060
1060
1060
1060
1060
1060
1060
1060
1060
1060
1060
1060
1060
1060
1060
1060
1060
1060
1060
1060
1060
1060
1060
1060
1060
1060
1060
1060
1060
1060
1060
1060
1060
1060
1060
1060
1060
1060
1060
1060
1060
1060
1060
1060
1060
1060
1060
1060
1060
1060
1060
1060
1060
1060
1060
1060
1060
1060
1060
1060
1060
1060
1060
1060
1060
1060
1060
1060
1060
1060
1060
1060
1060
1060
1060
1060
1060
1060
1060
1060
1060
1060
1060
1060
1060
1060
1060
1060
1060
1060
1060
1060
1060
1060
1060
1060
1060
1060
1060
1060
1060
1060
1060
1060
1060
1060
1060
1060
1060
1060
1060
1060
1060
1060
1060
1060
1060
1060
1060
1060
1060
1060
1060
1060
1060
1060
1060
1060
1060
1060
1060
1060
1060
1060
1060
1060
1060
1060
1060
1060
1060
1060
1060
1060
1060
1060
1060
1060
1060
1060
1060
1060
1060
1060
1060
1060
1060
1060
1060
1060
1060
1060
1060
1060
1060
1060
1060
1060
1060
1060
1060
1060
1060
1060
1060
1060
1060
1060
1060
1060
1060
1060
1060
1060
1060
1060
1060
1060
1060
1060
1060
1060
1060
1060
1060
1060
1060
1060
1060
1060
1060
1060
1060
1060
1060
1060
1060
1060
1060
1060
1060
1060
1060
1060
1060
1060
1060
1060
1060
1060
1060
1060
1060
1060
1060
1060
1060
1060
1060
1060
1060
1060
1060
1060
1060
1060
1060
1060
1060
1060
1060
1060
1060
1060
1060
1060
1060
1060
1060
1060
1060
1060
1060
1060
1060
1060
1060
1060
1060
1060
1060
1060
1060
1060
1060
1060
1060
1060
1060
1060
1060
1060
1060
1060
1060
1060
1060
1060
1060
1060
1060
1060
1060
1060
1060
1060
1060
1060
1060
1060
1060
1060
1060
1060
1060
1060
1060
1060
1060
1060
1060
1060
1060
1060
1060
1060
1060
1060
1060
1060
1060
1060
1060
1060
1060
1060
1060
1060
1060
1060
1060
1060
1060
1060
1060
1060
1060
1060
1060
1060
1060
1060
1060
1060
1060
1060
1060
1060
1060
1060
1060
1060
1060
1060
1060
1060
1060
1060
1060
1060
1060
1060
1060
1060
1060
1060
1060
1060
1060
1060
1060
1060
1060
1060
1060
1060
1060
1060
1060
1060
1060
1060
1060
1060
1060
1060
1060
1060
1060
1060
1060
1060
1060
1060
1060
1060
1060
1060
1060
1060
1060
1060
1060
1060
1060
1060
1060
1060
1060
1060
1060
1060
1060
1060
1060
1060
1060
1060
1060
1060
1060
1060
1060
1060
1060
1060
1060
1060
1060
1060
1060
1060
1060
1060
1060
1060
1060
1060
1060
1060
1060
1060
1060
1060
1060
1060
1060
1060
1060
1060
1060
1060
1060
1060
1060
1060
1060
1060
1060
1060
1060
1060
1060
1060
1060
1060
1060
1060
1060
1060
1060
1060
1060
1060
1060
1060
1060
1060
1060
1060
1060
1060
1060
1060
1060
1060
1060
1060
1060
1060
1060
1060
1060
1060
1060
1060
1060
1060
1060
1060
1060
1060
1060
1060
1060
1060
1060
1060
1060
1060
1060
1060
1060
1060
1060
1060
1060
1060
1060
1060
1060
1060
1060
1060
1060
1060
1060
1060
1060
1060
1060
1060
1060
1060
1060
1060
1060
1060
1060
1060
1060
1060
1060
1060
1060
1060
1060
1060
1060
1060
1060
1060
1060
1060
1060
1060
1060
1060
1060
1060
1060
1060
1060
1060
1060
1060
1060
1060
1060
1060
1060
1060
1060
1060
1060
1060
1060
1060
1060
1060
1060
1060
1060
1060
1060
1060
1060
1060
1060
1060
1060
1060
1060
1060
1060
1060
1060
1060
1060
1060
1060
1060
1060
1060
1060
1060
1060
1060
1060
1060
1060
1060
1060
1060
1060
1060
1060
1060
1060
1060
1060
1060
1060
1060
1060
1060
1060
1060
1060
1060
1060
1060
1060
1060
1060
1060
1060
1060
1060
1060
1060
1060
1060
1060
1060
1060
1060
1060
1060
1060
1060
1060
1060
1060
1060
