1065
921
927
942
938
952
941
924
939
931
954
924
932
933
942
937
942
939
946
926
920
931
933
952
935
942
948
919
923
927
949
914
921
931
920
933
942
924
936
941
923
947
938
931
942
937
943
931
949
956
943
945
938
944
917
920
940
953
941
917
938
930
935
915
932
944
929
909
890
937
928
923
927
945
941
946
930
935
932
935
938
948
939
929
940
933
925
929
931
928
937
933
927
950
941
928
930
954
938
942
926
939
939
911
929
915
925
941
933
924
935
937
930
941
950
939
920
929
939
954
931
916
925
929
952
923
927
925
931
924
933
937
927
931
918
938
918
926
914
938
936
933
933
939
931
940
952
939
944
946
926
935
936
937
942
931
921
933
913
930
932
936
927
942
934
924
926
942
945
938
924
941
913
930
926
931
937
941
925
929
943
931
943
925
935
942
924
947
917
936
903
922
916
920
921
932
926
918
912
943
949
947
941
935
945
935
939
932
924
943
938
936
918
929
930
928
937
947
913
908
939
931
926
913
934
948
936
925
941
942
961
947
921
938
944
937
941
944
936
956
929
938
934
946
924
938
909
927
926
933
922
931
954
913
918
939
941
921
946
929
942
947
937
940
930
933
931
933
926
936
934
939
927
937
934
931
955
949
938
946
925
916
925
941
918
928
934
922
926
920
935
927
923
919
932
925
927
936
926
947
930
914
915
928
924
932
932
929
946
924
928
922
906
916
938
937
932
933
943
953
922
936
947
919
929
944
932
918
929
950
944
928
930
933
921
933
947
940
920
934
935
937
913
923
937
943
944
933
943
935
940
958
938
939
924
921
930
924
946
955
915
933
936
921
935
943
932
932
922
958
950
930
931
912
961
907
922
941
923
928
961
955
946
926
932
933
931
945
942
931
938
941
950
934
948
925
926
956
933
925
920
924
928
943
942
946
920
939
930
932
917
935
917
940
942
934
939
914
919
938
939
927
945
927
933
930
924
930
936
930
929
949
946
949
937
930
930
938
929
907
918
928
940
949
941
937
934
932
941
933
941
912
949
942
942
943
934
949
932
923
909
940
932
934
928
929
928
930
953
922
929
933
911
923
942
934
926
944
943
935
915
954
915
938
925
927
934
932
954
913
954
920
933
924
927
939
926
930
917
937
946
949
927
931
948
925
939
932
947
912
924
931
947
930
926
947
949
929
936
945
929
933
924
919
910
939
944
938
926
945
944
923
926
941
935
916
933
926
936
947
941
927
946
925
931
920
930
942
943
947
920
946
947
942
932
932
945
930
918
930
941
928
938
935
929
929
927
915
941
935
923
938
945
945
941
954
938
941
916
942
951
921
933
928
950
948
954
950
928
940
914
934
928
908
940
947
921
942
925
929
940
924
926
938
937
938
936
937
944
935
916
951
963
942
938
930
946
935
927
920
929
950
948
954
931
936
937
930
928
946
928
941
927
922
930
928
927
920
939
925
947
940
937
946
942
952
945
936
914
942
930
909
936
943
955
922
931
937
910
936
938
945
925
926
917
930
928
925
947
929
932
932
939
919
918
925
950
934
939
921
929
938
950
925
936
949
947
925
930
913
929
939
923
939
908
927
923
941
943
926
926
933
943
922
934
947
946
931
947
931
911
943
928
943
939
933
934
939
929
926
923
936
945
918
918
931
935
939
920
928
944
937
950
934
923
936
925
930
937
920
914
925
914
923
942
941
932
932
925
952
936
919
933
932
955
938
933
945
926
941
939
918
919
957
928
956
927
950
928
945
937
934
915
921
931
922
914
929
927
920
913
926
936
921
941
941
943
929
932
933
929
946
933
947
925
930
934
929
916
924
922
921
936
923
949
955
939
943
925
943
927
936
934
929
949
932
924
930
938
949
940
917
940
933
931
944
930
925
960
944
938
927
933
936
931
925
955
932
938
929
926
927
911
945
934
942
936
927
942
944
911
912
918
958
942
916
939
930
939
922
944
930
923
913
937
936
938
949
931
932
918
938
926
938
939
926
930
932
942
931
942
939
924
944
949
936
920
929
941
949
934
938
924
931
958
940
944
929
953
915
929
941
929
948
923
939
923
946
943
934
921
933
922
944
934
948
926
931
935
927
945
939
924
927
936
947
935
940
934
932
933
943
922
928
959
948
918
930
930
929
940
934
941
926
918
935
949
944
940
919
933
920
922
927
937
926
941
936
929
907
946
915
932
943
942
928
928
927
917
925
921
925
933
945
919
939
927
937
934
946
933
925
928
945
936
913
906
923
926
957
938
931
939
944
943
921
941
942
944
943
945
922
908
928
932
934
913
911
948
916
943
940
939
924
928
946
923
911
937
942
930
925
924
939
918
941
918
921
948
928
943
933
925
920
965
929
946
935
922
932
935
941
936
918
912
917
919
926
940
951
928
923
935
937
944
922
936
956
938
919
930
926
931
918
935
933
931
943
939
950
940
932
924
950
940
918
925
937
923
943
928
919
942
909
939
909
926
938
925
940
946
929
940
912
925
923
955
914
925
931
921
937
937
945
922
949
935
942
931
921
929
942
913
930
943
932
929
943
914
938
926
921
943
909
919
939
950
927
909
929
927
938
940
938
936
943
942
917
926
947
924
936
937
931
920
912
914
927
940
948
917
926
937
933
925
934
923
938
936
923
924
932
939
941
943
914
910
931
936
928
938
949
920
956
942
944
935
919
927
923
941
943
930
923
924
920
942
936
938
938
912
947
946
936
933
926
937
922
938
937
953
957
938
919
913
916
919
923
934
935
941
930
939
928
932
945
937
944
933
932
941
929
928
916
931
912
931
915
933
942
929
928
928
924
931
916
939
939
934
929
945
939
909
939
930
924
931
928
925
938
918
936
928
933
931
919
957
924
919
947
907
935
930
939
933
932
908
935
936
939
936
934
940
936
915
913
935
960
936
950
923
933
953
943
918
935
927
938
961
934
910
922
917
936
950
946
929
936
942
958
943
949
942
950
926
935
943
937
934
918
919
915
942
919
916
929
930
937
946
923
926
943
927
924
937
944
924
949
938
949
928
943
931
947
921
926
925
923
953
920
933
942
930
933
921
940
922
945
936
954
940
933
943
917
935
912
936
903
933
933
930
945
925
930
927
933
909
941
926
948
915
923
933
942
929
940
911
955
933
942
950
919
933
913
933
937
949
929
927
935
931
936
927
931
940
911
923
948
928
939
951
927
944
924
932
930
923
928
916
921
932
917
929
919
929
943
916
927
920
934
951
917
939
926
932
950
927
942
943
959
930
933
945
956
931
951
930
908
927
931
914
940
926
942
954
938
920
936
938
947
912
926
935
948
951
927
919
936
938
934
927
928
944
934
927
932
928
919
935
929
923
949
928
933
938
958
942
918
924
940
915
940
913
954
962
947
929
925
927
921
926
902
916
942
942
912
935
922
933
923
955
923
946
951
930
932
929
947
950
939
935
915
932
942
934
927
935
946
939
930
930
954
940
917
952
942
932
921
934
954
931
939
925
935
924
947
948
913
933
907
926
934
921
934
948
944
937
924
939
898
930
936
942
957
931
935
940
920
920
946
952
935
917
931
924
925
928
939
945
952
932
947
938
940
936
942
935
933
928
921
940
939
936
909
933
914
930
939
939
941
945
935
945
918
922
920
944
948
928
909
933
934
925
946
941
930
932
931
913
932
919
924
924
931
935
950
928
901
932
936
922
935
936
924
947
927
941
956
925
942
923
930
935
937
951
928
919
921
931
930
945
942
940
946
928
928
919
918
946
942
926
928
952
935
928
929
926
933
940
926
941
915
922
929
925
932
935
930
935
954
939
934
943
915
920
936
949
941
954
942
952
930
944
944
940
950
936
936
941
927
945
933
929
925
938
962
946
928
931
926
923
933
940
924
911
927
943
935
959
942
940
921
945
925
919
943
942
920
927
917
925
919
934
927
943
922
937
921
934
941
929
945
922
918
938
941
931
938
934
935
929
920
940
929
941
948
943
919
931
945
914
953
950
943
942
937
940
945
923
932
927
912
934
929
935
947
935
912
937
930
920
923
922
931
931
893
925
938
948
941
933
931
923
914
929
935
966
931
935
930
910
930
934
928
935
920
920
922
942
931
939
951
945
946
945
949
933
915
930
915
918
941
935
925
962
952
951
941
936
945
941
925
931
939
943
931
935
932
954
932
929
938
935
957
923
935
939
918
936
934
947
942
931
936
944
927
931
927
939
938
928
931
921
926
929
928
917
939
937
924
943
935
922
942
934
945
934
930
938
930
924
927
926
937
927
926
922
918
933
913
935
911
933
934
945
938
952
920
944
926
951
934
942
945
917
927
943
925
931
927
934
939
924
938
914
936
921
928
932
947
935
944
921
915
937
956
964
931
942
951
922
944
921
930
927
940
917
937
932
922
949
924
928
939
945
935
928
942
928
924
925
942
937
926
927
933
921
916
940
929
931
949
927
939
953
914
920
925
941
917
909
942
947
943
930
920
922
912
936
942
918
936
926
938
936
950
947
915
931
937
920
912
927
932
919
920
939
938
920
926
927
934
923
922
926
933
936
940
944
919
939
929
931
922
937
920
939
914
935
936
918
921
926
930
935
930
924
925
929
926
918
909
939
942
951
936
928
951
937
931
937
914
916
943
936
927
927
906
903
940
912
914
930
940
947
927
911
937
923
916
914
937
954
941
943
940
929
949
927
930
926
938
929
940
928
931
927
929
923
940
920
920
930
957
946
961
940
917
928
920
936
940
936
936
923
933
951
929
913
930
908
938
939
956
931
925
917
953
934
937
952
936
893
946
926
926
930
954
942
932
939
927
930
916
929
929
930
936
938
924
907
914
924
937
935
942
941
916
930
939
925
938
956
958
934
924
919
929
943
936
932
952
930
931
941
951
912
920
926
917
919
931
915
918
924
953
942
923
964
946
920
929
933
943
945
936
952
916
934
921
915
946
924
923
935
964
916
912
910
926
925
938
951
924
927
912
954
932
947
943
949
932
945
919
921
937
939
936
947
960
916
953
932
937
939
951
916
940
928
937
933
924
931
931
939
922
946
934
946
927
945
916
940
939
927
954
931
942
933
933
945
913
923
927
921
944
945
942
933
927
945
943
928
928
940
913
927
939
911
944
931
940
930
937
934
921
935
918
938
928
934
923
941
938
913
923
930
915
930
924
940
918
934
927
944
918
922
935
951
924
918
942
916
933
952
958
946
937
939
904
930
934
936
934
953
939
913
930
939
930
919
934
934
960
921
933
933
942
954
949
944
913
939
932
936
913
927
936
910
940
943
938
922
940
960
946
959
939
935
938
943
934
935
936
933
950
915
922
911
931
933
921
952
913
921
949
947
891
929
906
911
944
940
937
948
933
934
937
950
930
935
909
944
944
903
943
925
942
945
942
932
943
950
941
923
935
930
914
937
920
921
944
926
922
924
941
945
940
935
930
925
957
923
922
921
957
935
909
943
930
929
925
947
950
931
940
949
925
928
936
937
936
940
947
939
932
944
939
940
935
923
948
907
933
953
930
942
950
938
938
937
945
944
940
946
945
930
935
946
937
949
926
928
931
928
929
928
917
940
936
939
934
936
944
939
941
938
926
908
930
918
940
932
944
943
934
936
931
917
933
921
942
918
952
926
941
916
926
940
927
927
915
966
919
947
944
942
940
939
933
937
913
923
939
936
944
930
922
944
911
976
