1065
922
939
933
944
922
932
945
943
917
925
933
941
923
940
927
934
956
947
917
900
949
933
953
955
926
916
931
925
945
953
941
923
926
925
929
934
950
942
910
930
915
922
933
927
933
934
931
927
909
948
940
949
919
931
938
945
926
940
927
933
934
934
916
934
954
930
941
932
914
934
935
920
934
925
929
911
945
930
934
929
936
926
925
924
932
945
934
950
947
912
947
950
934
918
939
959
931
932
922
939
935
924
946
937
937
924
945
923
936
923
933
912
927
934
934
942
935
928
916
928
924
934
955
935
940
926
917
945
941
919
935
941
933
918
934
943
940
933
933
936
933
932
924
941
904
912
924
929
920
930
909
921
951
951
920
925
908
927
918
933
928
937
923
935
916
947
948
920
906
909
935
934
923
933
938
945
919
947
935
928
944
913
926
934
931
910
934
936
936
932
927
926
928
945
922
932
948
943
944
935
941
925
918
921
926
940
925
938
927
911
935
937
946
941
934
938
932
929
927
936
924
954
936
932
928
930
943
932
927
935
934
950
911
924
939
925
932
939
931
922
907
931
928
930
942
925
911
913
947
933
927
907
941
921
941
926
907
928
941
935
939
934
949
935
920
936
944
941
925
935
927
928
941
929
919
925
934
941
929
932
918
927
940
900
941
942
927
909
930
915
929
947
962
929
933
922
928
924
929
939
947
918
931
931
925
926
922
944
936
915
932
933
937
937
932
923
936
934
946
922
917
950
932
920
923
949
936
961
942
936
931
932
926
919
936
933
929
933
920
935
932
950
915
929
930
944
943
938
924
932
922
930
917
932
931
941
927
934
934
927
959
934
950
943
926
914
931
914
933
941
936
927
920
932
928
937
940
914
947
924
951
944
932
928
932
923
922
937
932
936
929
942
948
926
937
934
927
926
913
930
930
953
936
924
932
964
908
932
909
935
941
947
938
948
920
935
915
926
926
924
940
928
938
913
937
913
924
934
946
946
940
938
922
938
927
934
948
927
922
934
931
927
922
946
937
925
953
948
911
934
949
944
938
919
953
929
936
944
946
916
893
944
951
928
937
943
936
914
945
929
946
927
923
934
952
939
946
938
929
933
927
928
942
924
937
952
947
919
922
925
950
944
926
923
933
947
931
931
953
939
913
942
944
938
931
912
927
940
931
934
926
938
939
942
943
941
939
927
926
944
918
943
944
929
934
943
927
941
944
937
932
944
930
943
937
945
930
924
924
944
942
932
913
927
930
936
944
930
920
916
924
941
926
953
935
937
920
957
923
930
931
918
941
928
919
929
935
933
922
912
944
924
924
919
934
934
940
947
910
939
921
941
937
916
921
936
935
919
938
953
938
930
928
944
922
932
929
920
932
937
913
951
949
918
930
910
933
936
934
926
918
934
931
935
924
944
955
927
950
929
936
948
937
920
917
940
932
930
919
949
935
919
936
940
935
940
919
924
931
942
930
936
966
931
919
931
944
924
931
954
952
934
904
922
927
917
918
928
939
925
936
927
916
934
944
937
928
926
943
944
921
924
935
938
929
916
939
948
932
932
934
929
939
920
925
929
929
918
914
943
933
951
933
939
936
930
942
938
931
939
927
928
933
929
925
936
936
942
913
947
944
927
932
930
941
930
949
922
949
946
930
934
930
948
933
952
939
952
942
921
936
900
925
918
906
930
943
937
922
934
928
932
935
944
951
944
937
910
932
942
926
939
952
930
921
933
935
920
941
926
920
935
935
917
926
954
933
911
946
928
949
940
934
926
931
944
936
938
916
936
911
936
951
930
944
935
932
940
925
929
945
956
920
918
922
930
922
935
937
940
948
951
936
924
938
945
908
928
937
920
914
940
941
937
925
942
929
921
940
944
939
931
917
951
931
926
939
951
948
941
910
944
941
939
930
924
916
924
935
947
930
931
927
941
922
932
928
932
925
948
934
940
936
927
934
941
932
935
939
943
935
925
908
934
944
939
939
942
937
927
905
921
940
931
927
951
918
932
941
941
939
929
928
915
915
942
919
946
943
947
916
933
942
928
917
954
920
946
951
940
917
953
929
951
938
925
931
942
926
914
918
937
928
930
938
938
936
929
945
936
921
904
928
929
921
922
921
919
922
932
930
923
934
923
925
919
954
930
929
941
946
915
928
927
937
929
937
911
940
933
925
940
920
928
939
925
926
914
941
923
935
951
924
918
930
929
947
932
941
911
918
934
935
958
941
943
913
933
937
945
927
932
942
958
961
950
933
944
938
922
940
925
954
929
940
922
954
946
937
941
940
920
939
936
954
943
938
941
932
910
923
924
923
933
928
923
937
941
916
952
945
931
935
943
939
938
916
940
941
916
939
939
948
927
929
941
930
947
941
939
931
943
924
944
945
932
931
941
930
921
937
940
945
938
948
920
944
941
939
930
911
928
945
938
939
934
922
927
947
928
933
937
935
947
957
940
934
941
953
915
937
951
924
936
938
945
934
936
936
953
953
947
927
929
954
943
928
941
923
962
951
912
920
919
937
925
913
934
952
931
927
931
914
917
944
927
929
954
934
935
924
924
938
927
923
937
935
932
949
948
935
938
929
902
931
938
936
931
945
939
914
947
927
909
922
956
945
939
928
925
951
925
923
933
932
939
936
938
923
927
942
935
913
931
936
913
930
930
934
922
945
911
943
921
942
931
925
939
937
915
921
932
933
923
924
933
926
941
941
920
934
931
937
929
933
942
939
914
925
935
942
936
938
938
921
941
941
935
928
932
928
898
944
942
933
939
947
940
932
930
929
923
938
934
938
931
922
933
937
913
928
953
922
934
943
934
952
923
928
951
933
928
924
913
917
926
939
937
943
944
943
919
924
935
926
937
948
922
935
915
922
955
923
926
953
944
927
921
924
922
946
941
913
951
933
947
938
958
934
920
939
940
952
927
943
916
928
930
934
919
956
921
934
928
949
937
929
951
922
932
913
929
927
915
936
939
941
929
918
910
928
920
916
922
942
937
943
949
964
955
939
946
926
942
947
912
917
918
938
942
939
942
925
931
959
952
940
936
930
940
942
938
934
946
948
930
937
938
922
932
937
921
934
939
929
934
933
933
916
927
954
921
932
910
950
928
928
941
927
945
940
961
921
933
948
926
930
933
918
906
933
923
923
924
926
946
958
926
936
937
921
935
922
954
945
945
937
933
928
925
932
935
937
938
937
948
925
930
942
921
911
946
942
916
944
942
921
937
934
924
932
934
926
938
940
931
936
950
918
934
915
941
923
925
945
930
928
936
933
942
934
924
935
950
954
913
937
943
925
936
946
916
931
911
938
933
919
925
941
944
936
936
931
942
942
942
920
935
945
955
941
941
929
946
952
950
945
948
921
959
933
918
922
950
936
928
932
917
939
929
952
947
936
946
933
930
924
928
933
937
934
935
930
944
940
949
920
945
945
951
953
940
954
929
925
928
939
916
940
954
914
918
939
945
935
940
942
943
918
933
942
943
932
933
941
933
927
927
928
940
923
931
934
934
946
932
948
934
926
938
937
915
920
924
934
939
924
943
927
916
931
939
939
941
936
906
933
944
931
931
926
950
926
924
946
930
921
940
927
931
934
949
947
938
953
922
924
934
941
919
937
938
933
941
940
944
924
933
937
938
936
934
959
926
927
937
951
941
940
924
931
916
918
930
933
924
936
939
927
930
954
936
949
943
933
920
932
903
927
934
903
937
942
921
937
946
925
940
951
950
932
916
931
920
940
935
913
949
955
934
926
949
928
951
925
943
938
936
926
930
946
927
926
950
917
933
926
910
928
927
911
933
932
938
925
941
947
940
926
941
928
920
922
950
936
926
946
936
907
923
953
948
929
919
930
934
932
939
960
940
909
948
942
933
950
937
920
933
939
917
923
944
922
916
908
939
932
917
924
939
919
942
925
940
933
922
918
925
953
932
930
948
954
931
916
909
941
932
928
938
949
937
907
930
953
938
922
942
944
936
928
944
934
934
937
938
956
939
942
935
948
917
946
937
954
925
931
941
938
922
928
938
942
929
919
918
923
915
938
938
924
939
942
951
930
931
927
919
943
932
942
926
951
955
940
948
938
948
940
944
933
943
949
927
935
931
936
939
952
917
928
945
937
946
925
939
933
954
917
934
950
937
930
936
938
939
927
930
925
934
911
933
947
929
932
942
927
939
922
940
917
916
940
936
920
945
956
939
935
914
937
934
943
931
933
938
939
947
917
929
927
936
938
954
933
931
931
929
942
945
925
932
942
926
947
928
927
940
949
951
943
928
939
949
937
945
941
942
937
951
940
942
955
947
919
935
935
929
918
941
942
933
939
935
950
939
924
941
933
933
927
945
937
931
933
891
932
950
958
956
914
928
932
916
930
930
954
917
936
928
924
923
961
930
916
929
932
939
936
934
938
917
927
943
933
948
950
934
931
949
931
938
954
955
908
947
914
925
933
937
943
921
931
940
942
945
941
936
945
940
940
955
926
953
942
961
940
917
923
945
939
934
924
941
942
922
932
934
939
922
928
928
934
934
927
928
917
935
966
941
933
914
922
936
944
938
951
938
945
926
932
932
915
937
955
924
932
937
926
937
940
932
920
923
937
931
937
924
954
929
932
930
934
940
945
926
947
951
936
948
936
941
956
929
916
921
929
928
947
936
929
942
949
942
942
934
963
920
940
938
938
918
942
954
934
933
922
930
919
927
950
942
942
938
946
944
951
922
939
956
938
943
942
946
934
943
932
929
947
946
931
945
952
927
930
937
948
941
948
956
952
942
957
936
953
933
923
956
915
937
912
927
944
955
969
971
946
945
928
948
927
951
952
946
942
919
937
937
952
944
942
952
948
947
931
952
955
935
906
942
953
939
939
945
924
924
945
948
916
933
931
942
938
952
921
939
949
940
910
933
945
940
933
938
962
961
962
935
964
944
957
949
938
942
958
959
950
948
952
963
958
935
945
916
925
957
944
941
928
944
948
946
928
957
948
949
942
919
940
936
945
957
959
964
948
936
927
930
942
936
946
947
947
952
939
931
948
928
934
937
940
958
939
951
952
951
956
955
971
941
940
957
938
947
946
959
936
958
943
943
966
952
952
927
971
975
944
948
950
954
938
955
960
956
966
952
955
953
946
940
955
958
957
951
942
932
971
961
953
955
951
961
960
960
944
956
953
956
947
946
960
951
944
959
953
947
956
946
953
959
956
960
962
949
948
951
961
946
966
956
945
952
970
973
965
968
967
975
954
950
962
971
972
962
960
948
966
959
963
976
955
969
959
964
961
955
970
954
969
963
972
980
983
984
979
970
957
971
958
966
956
975
979
979
964
962
972
967
973
965
980
966
962
954
979
970
985
978
981
970
985
986
996
1007
988
988
979
980
976
996
992
997
1006
1009
995
991
990
984
995
988
979
995
993
988
998
1002
1007
1014
1020
1008
1010
992
1010
1011
1004
1000
1002
1009
1017
1013
1000
1004
1000
1006
1015
1012
1021
1016
1016
1015
1015
1020
1017
1027
1027
1021
1024
1030
1039
1039
1045
1046
1046
1047
1046
1043
1041
1042
1043
1047
1045
1045
1046
1046
1046
1044
1044
1045
1045
1043
1044
1044
1046
1047
1048
1048
1051
1051
1051
1052
1052
1053
1052
1051
1052
1052
1054
1055
1055
1058
1058
1058
1058
1058
1058
1058
1058
1058
1058
1058
1059
1059
1060
1060
1060
1060
1060
1061
1061
1061
1061
1061
1061
1061
1061
1061
1061
1061
1061
1061
1061
1061
1061
1061
1061
1061
1061
1061
1061
1061
