1065
923
920
937
925
936
948
940
934
916
921
937
934
939
935
914
940
955
953
926
934
925
932
917
940
949
940
934
936
946
942
928
919
944
929
939
929
921
928
944
925
926
929
913
942
925
937
936
952
935
932
927
933
931
918
940
921
938
925
949
916
919
929
917
939
944
935
945
926
937
935
928
916
936
940
934
932
939
950
930
923
931
940
939
946
950
941
941
946
921
940
919
934
941
916
926
954
932
945
930
932
926
934
922
935
943
941
944
929
934
938
947
936
927
934
952
937
925
938
918
928
925
950
942
924
938
940
929
928
933
924
926
922
946
933
953
942
932
927
926
927
917
930
926
934
911
939
912
924
921
933
953
945
928
917
929
937
931
920
937
932
922
938
933
936
937
924
927
936
928
915
904
931
910
918
947
944
930
934
942
924
930
935
952
921
929
920
933
906
942
943
941
938
942
958
939
929
932
929
909
916
929
952
942
924
940
950
937
968
949
919
968
943
932
932
938
932
938
945
959
948
926
952
924
928
926
918
945
940
938
947
907
930
930
939
932
950
919
935
916
944
932
948
928
932
933
930
923
930
944
934
947
932
933
936
938
922
942
935
933
931
923
932
935
910
942
956
928
925
932
931
942
922
939
925
904
934
947
923
931
929
939
935
923
926
913
915
930
933
927
918
912
932
918
939
939
932
928
925
950
929
941
926
921
922
934
922
931
939
956
945
925
932
926
929
927
929
929
941
943
936
933
928
933
960
931
906
935
937
927
950
927
923
930
935
922
931
937
925
940
910
931
938
938
944
946
926
931
943
918
918
937
931
923
948
938
935
947
927
938
928
929
942
930
936
922
917
923
925
935
932
935
951
948
931
946
938
914
952
939
938
943
941
941
918
955
931
929
952
955
922
941
931
926
929
935
937
943
933
911
959
939
928
903
927
938
929
921
956
942
923
943
955
912
929
922
955
920
942
936
945
923
939
951
950
937
941
925
939
922
932
919
912
927
952
943
926
914
939
940
927
917
925
940
918
928
936
936
934
931
954
943
923
928
932
949
910
943
912
930
933
911
935
952
919
931
956
934
923
909
912
934
945
936
938
918
933
933
930
930
946
920
921
943
933
931
938
934
930
937
935
927
931
938
928
928
926
929
937
918
913
930
926
930
944
934
930
927
938
924
904
930
913
932
928
921
922
928
939
917
909
926
919
924
942
935
932
918
929
940
921
921
931
910
944
957
917
936
917
940
935
943
937
948
948
942
953
941
955
949
932
926
946
924
945
948
934
947
949
945
943
935
926
944
956
938
942
928
929
939
921
937
918
932
935
935
920
919
930
933
941
917
940
912
950
962
918
920
926
927
941
942
940
928
939
946
926
938
931
938
954
940
942
950
933
932
947
930
949
929
933
936
942
940
919
948
932
951
940
947
939
935
945
942
942
941
943
917
931
926
946
939
929
930
943
931
932
932
929
940
938
925
947
932
923
931
940
926
930
906
934
956
940
929
941
936
937
928
941
911
925
947
938
939
941
936
927
940
937
932
927
934
936
944
936
942
928
932
943
928
919
953
924
936
929
954
934
933
925
921
925
931
941
940
936
926
936
919
938
922
946
937
951
934
923
921
924
931
935
951
934
921
934
938
924
917
927
916
948
945
950
934
953
931
917
935
942
942
928
916
951
939
934
931
927
927
932
942
930
915
930
958
954
941
937
940
948
947
947
945
937
942
935
933
939
935
921
943
932
947
944
944
945
948
946
944
926
937
935
933
931
944
942
938
922
948
947
940
947
920
931
923
937
936
947
948
957
942
955
935
938
930
953
939
941
968
942
929
952
949
922
928
939
953
932
944
933
925
934
941
927
933
929
943
948
932
946
937
927
928
944
950
944
957
942
943
949
956
933
941
950
933
938
934
941
943
931
950
950
926
930
957
935
920
945
937
945
927
942
940
933
937
942
933
959
935
929
956
934
942
947
943
945
928
938
931
926
921
945
942
935
952
942
939
931
945
924
943
946
933
958
945
937
942
934
944
948
944
925
929
941
941
921
947
940
941
946
950
957
950
951
940
941
959
946
945
948
933
948
949
936
947
922
941
942
947
938
946
932
934
938
919
943
931
930
928
937
944
945
940
934
939
937
946
939
935
941
937
943
945
949
950
937
925
954
949
945
952
943
958
951
943
956
945
934
941
938
944
946
961
948
963
926
931
944
931
935
935
948
924
941
944
929
964
969
969
943
938
932
962
939
941
949
949
958
947
953
950
935
935
943
953
928
940
945
933
929
949
941
949
958
937
945
938
930
935
929
942
950
948
926
947
947
944
951
934
928
936
941
926
971
946
958
946
935
932
933
944
937
932
944
967
945
946
965
951
943
948
936
958
940
946
951
957
956
933
945
949
953
931
945
953
923
926
966
957
946
943
956
942
932
950
964
955
969
955
947
932
960
967
960
964
951
955
945
938
954
954
935
957
943
936
961
965
946
957
963
949
941
954
968
954
961
956
949
966
935
933
960
951
952
941
956
968
950
958
953
953
937
952
946
972
926
940
937
960
958
962
952
936
930
950
948
942
948
949
950
957
962
954
952
964
945
944
964
935
930
956
965
958
941
957
946
980
982
963
974
965
954
946
962
960
940
966
949
949
970
953
963
956
971
944
948
968
948
972
959
933
938
959
976
967
959
965
968
981
945
989
964
971
952
947
972
947
935
970
944
969
956
937
947
949
966
954
957
966
970
957
944
966
956
962
957
965
962
970
981
961
949
952
962
952
953
970
966
967
958
975
972
953
952
977
966
968
959
956
950
950
948
966
968
970
962
975
967
971
977
980
956
941
968
939
943
947
960
967
972
981
958
965
957
953
964
963
973
971
958
970
965
975
968
978
976
961
960
956
969
979
963
972
966
972
946
981
968
980
984
978
960
965
969
994
981
982
974
956
976
979
980
986
998
962
977
977
982
969
978
969
959
956
967
976
981
973
971
976
961
966
969
960
958
970
964
969
963
988
981
993
971
970
983
973
958
970
967
964
967
976
984
981
987
972
980
969
979
971
963
983
981
975
989
978
974
964
976
978
992
988
993
986
982
986
980
985
987
991
968
971
979
975
974
987
982
983
969
967
968
983
987
984
986
994
984
983
976
990
978
985
979
977
964
983
993
1005
984
974
980
986
983
981
987
989
974
991
991
984
981
964
983
999
998
970
980
980
979
984
991
972
976
983
975
986
984
980
990
987
971
986
983
991
989
992
1004
1002
994
1003
996
998
992
979
985
979
988
1001
995
998
1006
991
998
999
999
1006
989
984
995
989
991
984
999
993
996
982
985
997
1003
1005
1017
1007
992
1002
1002
999
996
992
1005
996
1010
997
986
995
992
997
1008
1007
1014
1012
1006
1003
1002
1014
1016
1006
1015
1012
1010
1006
1002
1008
998
1005
1008
1004
995
996
1003
990
993
990
998
1007
998
997
1006
1014
1018
994
1002
990
993
997
1003
1009
1008
1006
996
997
1005
1003
1009
1011
1009
1016
1024
1014
1013
1026
1017
1021
1023
1028
1020
1012
1018
1018
1019
1026
1020
1013
1016
1010
1018
1024
1018
1016
1023
1025
1020
1014
1008
1012
1016
1023
1011
1014
1021
1016
1017
1015
1018
1011
1012
1018
1013
1010
1011
1011
1017
1013
1006
1019
1014
1016
1014
1015
1010
1009
1007
1012
1013
1014
1021
1026
1020
1012
1016
1016
1025
1028
1020
1024
1019
1022
1018
1016
1015
1021
1026
1015
1015
1020
1027
1023
1019
1013
1019
1016
1019
1024
1022
1020
1018
1023
1026
1013
1018
1023
1026
1020
1024
1030
1034
1028
1020
1016
1021
1024
1024
1028
1027
1026
1026
1025
1029
1034
1030
1030
1030
1029
1027
1024
1022
1024
1024
1025
1026
1029
1029
1027
1030
1032
1031
1031
1033
1031
1034
1034
1034
1031
1030
1031
1027
1023
1027
1027
1028
1029
1028
1027
1030
1030
1028
1029
1034
1036
1033
1031
1026
1028
1034
1036
1039
1037
1041
1036
1038
1034
1037
1034
1029
1023
1027
1035
1030
1032
1030
1033
1037
1037
1042
1042
1040
1040
1042
1040
1035
1032
1039
1036
1039
1042
1042
1045
1047
1047
1044
1042
1045
1042
1045
1038
1042
1048
1045
1045
1044
1048
1048
1049
1046
1044
1043
1045
1044
1046
1044
1043
1041
1040
1040
1042
1044
1044
1046
1044
1045
1047
1045
1045
1045
1046
1047
1047
1048
1049
1047
1046
1048
1048
1050
1048
1049
1051
1049
1047
1048
1050
1050
1047
1048
1050
1050
1051
1051
1050
1050
1051
1053
1052
1052
1052
1052
1052
1052
1052
1052
1052
1053
1053
1052
1051
1049
1052
1053
1053
1052
1053
1051
1051
1051
1051
1051
1050
1049
1048
1046
1046
1041
1042
1044
1044
1044
1044
1044
1047
1046
1050
1050
1051
1052
1052
1052
1053
1053
1053
1053
1054
1053
1053
1054
1054
1055
1055
1055
1056
1056
1056
1056
1057
1057
1057
1056
1057
1056
1057
1057
1056
1055
1055
1055
1056
1056
1056
1055
1055
1055
1056
1056
1056
1056
1055
1056
1054
1054
1056
1056
1059
1059
1059
1059
1059
1058
1058
1057
1058
1057
1057
1057
1058
1058
1057
1057
1056
1057
1057
1057
1056
1056
1056
1057
1056
1056
1056
1054
1054
1052
1052
1052
1053
1054
1055
1055
1055
1056
1057
1056
1056
1056
1056
1058
1059
1059
1059
1058
1058
1058
1057
1056
1056
1056
1057
1056
1056
1056
1056
1057
1058
1058
1059
1058
1059
1060
1060
1059
1059
1059
1059
1059
1059
1059
1059
1060
1060
1060
1060
1061
1061
1061
1061
1061
1061
1061
1059
1059
1059
1059
1058
1058
1058
1058
1059
1059
1059
1059
1060
1060
1060
1060
1060
1060
1060
1061
1061
1061
1061
1061
1062
1062
1062
1062
1062
1062
1062
1062
1062
1062
1062
1062
1062
1062
1062
1061
1061
1061
1061
1061
1061
1061
1061
1061
1061
1061
1061
1061
1061
1061
1061
1061
1061
1061
1061
1061
1061
1061
1061
1061
1061
1061
1061
1061
1061
1061
1061
1061
1061
1061
1061
1061
1061
1061
1061
1061
1060
1060
1060
1060
1060
1060
1060
1061
1061
1061
1061
1061
1061
1061
1061
1061
1061
1061
1061
1061
1061
1061
1061
1061
1061
1061
1061
1061
1061
1061
1061
1061
1061
1061
1061
1061
1061
1061
1061
1061
1061
1061
1061
1061
1061
1061
1061
1061
1061
1061
1061
1061
1061
1061
1061
1061
1061
1061
1061
1061
1061
1061
1061
1061
1061
1061
1061
1061
1061
1061
1061
1061
1061
1061
1061
1061
1061
1061
1061
1061
1061
1061
1061
1061
1061
1061
1061
1061
1061
1061
1061
1061
1061
1061
1061
1061
1061
1061
1061
1061
1061
1061
1061
1061
1061
1061
1061
1061
1061
1061
1061
1061
1061
1061
1061
1061
1061
1061
1061
1061
1061
1061
1061
1061
1061
1061
1061
1061
1061
1061
1061
1061
1061
1061
1061
1061
1061
1061
1061
1061
1061
1061
1061
1061
1061
1061
1061
1061
1061
1061
1061
1061
1061
1061
1061
1061
1061
1061
1061
1061
1061
1061
1061
1061
1061
1061
1061
1061
1061
1061
1061
1061
1061
1061
1061
1061
1061
1061
1061
1061
1061
1061
1061
1061
1061
1061
1061
1061
1061
1061
1061
1061
1061
1061
1061
1061
1061
1061
1061
1061
1061
1061
1061
1061
1061
1061
1061
1061
1061
1061
1061
1061
1061
1061
1061
1061
1061
1061
1061
1061
1061
1061
1061
1061
1061
1061
1061
1061
1061
1061
1061
1061
1061
1061
1061
1061
1061
1061
1061
1061
1061
1061
1061
1061
1061
1061
1061
1061
1061
1061
1061
1061
1061
1061
1061
1061
1061
1061
1061
1061
1061
1061
1061
1061
1061
1061
1061
1061
1061
1061
1061
1061
1061
1061
1061
1061
1061
1061
1061
1061
1061
1061
1061
1061
1061
1061
1061
1061
1061
1061
1061
1061
1061
1061
1061
1061
1061
1061
1061
1061
1061
1061
1061
1061
1061
1061
1061
1061
1061
1061
1061
1061
1061
1061
1061
1061
1061
1061
1061
1061
1061
1061
1061
1061
1061
1061
1061
1061
1061
1061
1061
1061
1061
1061
1061
1061
1062
1062
1062
1062
1062
1062
1062
1062
1062
1062
1062
1062
1062
1062
1062
1062
1062
1062
1062
1062
1062
1062
1062
1062
1062
1062
1062
1062
1062
1062
1062
1062
1062
1062
1062
1062
1062
1062
1062
1062
1062
1062
1062
1062
1062
1062
1062
1062
1062
1062
1062
1062
1062
1062
1062
1062
1062
1062
1062
1062
1062
1062
1062
1062
1062
1062
1062
1062
1062
1062
1062
1062
1062
1062
1062
1062
1062
1062
1062
1062
1062
1062
1062
1062
1062
1062
1062
1062
1062
1062
1062
1062
1062
1062
1062
1062
1062
1062
1062
1062
1062
1062
1062
1062
1062
1062
1062
1062
1062
1062
1062
1062
1062
1062
1062
1062
1062
1062
1062
1062
1062
1062
1062
1062
1062
1062
1062
1062
1062
1062
1062
1062
1062
1062
