1065
919
930
919
934
937
945
932
936
915
948
948
933
929
932
933
942
952
922
936
947
944
932
915
944
924
925
945
941
929
938
925
929
950
953
928
938
932
917
950
944
947
925
922
949
923
924
918
928
928
935
938
931
939
939
940
942
942
941
938
938
917
918
958
943
903
909
939
895
936
932
933
939
944
934
940
933
907
916
932
963
931
925
891
920
937
924
923
936
901
944
936
913
933
935
930
928
926
937
928
939
935
922
924
938
934
914
934
934
912
944
946
928
928
923
922
938
926
937
931
943
924
941
946
938
902
918
950
942
939
934
944
935
938
924
952
945
944
926
947
914
919
925
934
920
938
928
938
918
930
927
940
941
943
935
915
914
939
922
926
925
925
939
917
918
936
916
939
930
936
940
938
931
917
918
936
947
946
921
948
920
933
930
935
946
955
952
936
935
939
936
924
922
925
939
936
934
940
924
934
933
946
934
944
955
956
937
940
958
922
929
922
946
940
946
926
940
940
938
936
914
941
931
923
938
925
930
928
929
920
945
926
926
929
923
932
934
949
930
938
918
937
941
914
929
931
912
940
937
936
935
939
924
931
906
930
931
930
936
940
901
939
932
926
926
942
931
933
937
944
930
922
925
940
928
932
903
916
940
932
918
917
926
929
930
945
939
940
951
915
931
939
947
941
928
950
945
958
928
950
919
929
937
928
937
915
923
944
935
924
931
941
924
939
944
944
929
923
926
935
935
923
915
912
926
946
924
931
935
955
946
928
934
941
932
918
936
919
936
936
952
928
937
935
935
940
924
931
921
926
949
927
931
933
931
924
928
944
956
937
932
928
925
911
945
939
932
931
932
948
941
944
922
919
937
952
926
935
937
948
926
927
918
930
936
929
933
938
949
929
937
951
944
935
952
931
937
940
945
942
918
919
932
927
935
927
928
913
924
936
917
926
947
933
923
929
933
932
935
950
934
935
934
934
924
915
928
929
931
922
952
932
932
940
936
946
915
912
935
922
928
932
930
921
932
920
928
931
915
937
933
915
943
921
928
913
937
925
929
926
943
945
937
932
929
881
930
923
945
925
924
918
919
921
948
925
950
938
932
941
922
953
926
940
911
925
919
921
939
902
926
933
920
931
935
920
925
928
931
921
941
932
954
941
924
922
931
932
923
929
952
932
910
916
918
937
941
930
935
941
940
949
928
914
926
929
933
936
923
933
953
933
942
959
932
922
922
927
943
938
920
947
926
932
928
941
928
951
940
937
937
913
896
923
925
914
917
934
932
946
930
941
916
927
931
923
937
916
939
944
920
943
912
929
925
910
954
919
934
937
908
937
936
943
934
936
935
921
930
950
912
929
935
952
943
936
921
942
909
936
924
932
916
940
947
931
938
944
935
942
913
920
926
909
935
916
933
915
936
944
939
919
909
928
940
938
917
924
921
935
929
917
926
947
924
959
931
908
947
934
932
936
934
943
934
955
926
927
916
937
946
945
930
927
914
924
922
927
942
944
944
952
945
937
927
948
926
933
941
952
939
924
924
927
928
922
935
919
920
912
938
944
936
935
937
925
938
936
939
937
926
950
950
947
942
939
923
925
929
929
952
943
944
951
912
934
920
926
954
946
933
913
937
922
924
921
931
923
918
924
946
934
928
947
946
944
937
935
931
933
936
930
911
928
932
944
916
933
933
957
953
925
938
932
938
942
929
948
918
958
950
920
939
933
933
933
931
946
938
920
924
928
933
940
925
925
927
937
950
898
929
946
946
924
924
910
932
928
944
931
937
941
925
921
951
939
917
917
921
939
934
944
921
926
935
927
946
941
920
908
935
946
922
903
915
937
925
956
935
928
916
928
940
924
946
944
929
935
946
958
941
937
946
931
950
932
937
945
930
928
947
936
920
914
939
924
940
941
933
931
951
955
943
924
915
917
926
927
952
943
937
912
933
949
949
937
931
927
943
917
938
924
952
926
912
921
936
931
932
921
936
929
934
934
930
927
921
932
930
939
919
941
934
950
917
934
938
934
917
924
943
931
935
947
941
924
930
928
911
938
950
914
940
926
934
948
951
937
960
944
916
916
937
901
903
907
923
945
942
945
934
937
931
918
920
910
942
938
952
933
938
918
948
926
920
924
934
923
909
947
909
938
930
930
941
922
933
924
940
935
930
934
928
944
938
931
951
914
929
936
908
945
924
922
923
945
920
949
928
938
910
911
952
962
926
930
926
937
919
936
937
936
936
913
917
924
934
936
947
925
917
931
918
937
931
924
939
940
948
930
926
927
925
920
921
933
941
942
937
927
930
924
934
939
939
933
946
939
934
937
937
935
938
932
947
947
937
922
924
915
938
913
942
926
932
901
921
935
923
931
939
934
958
936
946
934
920
941
924
936
927
927
926
934
932
938
930
940
932
944
939
934
927
905
934
955
930
940
953
944
940
950
934
932
944
924
938
945
924
939
953
935
937
940
948
942
936
939
935
918
911
935
928
921
929
935
908
923
950
918
918
934
921
933
929
934
936
917
904
921
925
946
939
940
925
936
953
930
945
952
937
939
915
932
924
920
927
927
931
928
929
913
937
945
938
919
926
934
929
925
934
914
912
923
952
938
940
944
941
934
951
938
929
923
920
919
945
922
947
915
954
920
939
949
915
917
941
932
929
938
939
931
929
915
910
946
942
929
931
932
935
941
931
950
939
935
933
919
927
934
940
935
949
943
934
941
939
931
933
939
945
947
918
934
941
957
929
925
933
917
919
937
933
940
925
931
952
928
941
912
928
944
937
936
933
918
953
932
926
944
933
934
936
952
938
939
941
929
925
921
929
941
936
959
927
936
919
923
939
927
928
946
940
936
912
925
955
935
934
932
948
945
931
947
939
946
939
944
937
919
908
927
948
947
954
935
925
925
943
941
924
936
926
917
924
942
923
931
924
940
925
942
932
937
938
932
946
932
917
941
924
931
915
912
927
920
917
919
947
929
949
941
936
936
937
933
920
923
950
927
941
955
929
924
928
917
927
942
926
940
929
938
933
951
936
941
949
915
912
918
925
965
943
936
926
922
921
925
928
919
925
927
927
935
926
915
936
919
942
917
930
933
936
927
936
927
946
929
928
931
936
938
938
917
933
929
925
918
929
933
935
927
948
926
939
909
926
944
950
934
938
909
940
939
957
926
916
931
917
953
924
931
932
912
912
920
924
923
934
936
930
939
931
942
942
931
916
915
920
936
931
935
918
929
910
919
939
932
934
921
924
934
916
942
934
942
954
934
935
940
916
934
944
929
923
933
943
938
921
915
934
934
913
920
933
930
919
918
941
934
936
933
924
921
916
895
931
952
943
930
928
937
929
916
932
913
933
926
909
937
957
930
953
931
927
914
938
937
948
931
919
952
917
942
924
942
914
939
946
931
941
959
933
942
932
942
939
918
923
928
912
937
913
929
948
920
941
936
954
916
926
919
932
945
940
948
928
910
912
921
929
940
899
923
926
950
945
946
932
930
922
929
929
938
927
914
927
935
927
929
938
945
948
942
959
944
938
938
946
942
937
956
948
934
937
939
951
942
949
942
951
930
914
944
939
931
918
933
932
929
930
929
920
922
911
917
937
924
912
941
929
930
923
936
925
916
928
934
926
941
919
936
930
942
939
940
920
948
925
943
924
931
922
937
923
930
928
938
941
943
926
931
909
932
928
923
944
919
934
929
947
911
945
935
932
929
921
946
925
940
924
938
946
942
933
944
919
942
941
933
929
931
943
945
938
927
934
923
943
929
914
934
930
935
949
926
932
920
925
925
930
918
935
934
929
942
950
926
952
922
935
947
945
937
925
937
940
947
935
954
941
933
943
914
917
937
915
906
924
935
926
932
945
922
948
939
943
944
939
926
946
936
934
928
936
951
925
920
933
934
950
915
943
933
941
926
927
940
950
941
919
932
934
929
950
945
943
940
926
909
933
936
925
917
964
948
939
924
930
924
929
951
949
921
942
938
946
948
930
944
920
939
921
931
934
933
945
932
923
945
941
931
917
937
923
921
917
922
924
935
926
922
935
935
947
948
938
930
931
948
944
943
916
911
909
911
933
932
935
921
947
930
929
921
932
945
925
923
957
956
940
923
924
923
932
930
935
944
944
926
933
940
912
917
950
917
943
930
948
918
933
937
923
943
944
919
944
935
923
925
945
927
895
929
929
940
968
929
933
940
936
946
931
934
926
928
951
942
946
940
930
933
950
942
940
913
927
931
927
930
916
931
937
943
939
933
944
931
958
956
953
939
939
943
931
953
947
922
931
899
938
934
948
940
954
934
948
935
916
944
934
940
918
927
942
947
929
922
932
906
928
945
935
942
945
913
937
953
939
959
935
931
940
944
940
957
936
945
945
942
941
944
928
942
949
927
950
940
934
936
929
936
933
921
934
938
954
936
927
930
941
950
915
924
930
939
941
939
939
951
915
939
934
931
919
940
934
953
932
954
940
921
929
944
945
940
934
943
954
949
956
939
935
929
945
926
920
932
933
949
943
939
957
929
954
939
935
935
936
929
935
941
949
935
936
953
953
939
928
929
935
957
934
943
943
960
936
932
929
918
920
935
931
927
933
936
962
951
952
934
946
945
928
936
924
940
962
948
945
930
955
932
936
931
949
936
928
933
959
938
941
943
933
907
935
947
961
952
965
935
953
925
922
934
931
941
941
930
927
940
930
930
934
926
943
932
950
938
951
932
943
949
935
947
936
950
954
944
953
954
927
932
952
939
935
916
958
965
947
935
938
932
957
938
939
948
947
923
936
937
938
948
959
949
933
925
950
957
952
934
941
957
957
943
939
955
929
948
939
940
941
952
930
940
924
909
946
963
932
948
937
955
947
926
946
954
942
940
931
934
957
968
934
924
950
951
933
927
929
943
946
947
944
934
931
954
935
945
943
946
956
953
931
945
937
948
921
946
935
942
948
926
910
919
947
945
940
922
946
945
938
947
931
937
938
940
943
944
936
920
943
931
948
962
945
952
954
950
943
940
947
954
946
950
949
955
938
954
966
957
948
956
944
940
946
944
957
949
940
964
951
938
951
946
962
961
960
938
947
945
930
925
947
950
970
961
958
947
962
946
964
964
949
950
950
933
950
965
972
957
937
950
936
940
977
961
950
959
956
959
967
953
963
933
969
962
964
978
960
957
942
967
970
964
971
943
945
952
961
967
958
958
957
949
960
960
957
948
963
963
972
977
982
980
967
961
972
957
960
969
942
975
964
957
957
968
967
966
963
958
967
958
972
953
958
971
968
976
970
969
958
962
963
975
980
975
970
969
980
974
972
978
978
974
974
983
974
972
991
970
989
994
1003
982
986
971
976
995
999
992
986
988
996
996
989
980
984
987
990
984
984
995
996
1004
1005
993
978
988
995
996
996
1009
999
989
988
982
989
985
996
994
992
997
997
1009
1019
1006
1003
995
1009
996
1003
1012
1012
1004
1002
1008
997
1001
1002
1011
1015
1010
1025
1017
1027
1027
1032
1025
1029
1028
1028
1031
1034
1033
1033
1031
1032
1034
1038
1041
1042
1042
1045
1049
1049
1050
1051
1051
1050
1049
1050
1050
1050
1051
1053
1055
1057
1057
1058
1058
1058
1060
1060
1060
1060
1060
1060
1060
1060
1060
1060
1060
1060
1060
1060
1060
1060
1060
1060
1060
1060
1060
1060
1061
1061
1061
1061
1061
1061
1061
1061
1061
1061
1061
1061
1061
1061
1061
1061
1061
1062
1062
1062
1062
1062
1062
1062
1062
1062
1062
1062
