1065
920
929
936
931
944
939
923
921
938
933
927
923
916
946
922
932
931
913
908
925
921
923
928
919
952
942
926
916
935
926
923
916
934
916
937
957
946
958
936
943
948
930
939
935
927
942
931
931
926
926
926
918
942
905
934
932
924
925
922
949
915
938
932
935
937
930
914
918
929
933
930
912
939
939
949
938
929
928
936
932
934
925
935
924
922
934
934
928
938
952
921
917
927
920
929
920
926
936
939
927
936
930
919
942
936
926
937
931
931
917
940
927
943
947
922
945
938
925
926
940
929
932
935
942
927
948
927
916
924
924
928
905
930
907
947
938
927
924
939
920
938
921
942
955
936
930
936
935
939
934
935
942
950
924
951
935
943
947
934
933
939
938
933
940
931
939
915
949
931
932
938
936
927
938
939
949
942
933
946
939
924
927
961
935
924
911
929
934
923
922
943
935
933
938
926
930
926
916
921
937
934
936
931
935
931
925
947
920
918
940
936
925
925
928
900
933
924
916
954
942
933
933
949
933
932
942
928
930
936
932
920
932
941
920
927
917
933
924
935
952
936
938
917
925
934
957
932
899
928
941
932
939
947
935
919
916
929
930
923
922
945
942
939
961
933
920
926
938
920
931
927
932
951
939
904
969
921
931
928
918
911
931
940
934
938
915
928
928
937
919
930
918
928
956
920
923
931
909
945
929
946
929
938
930
938
936
918
941
918
938
937
928
948
927
918
918
932
933
936
928
894
942
915
938
939
928
919
926
929
926
907
918
931
938
918
935
944
944
943
934
942
949
942
945
911
936
950
938
929
938
938
941
928
921
917
922
930
927
923
914
933
923
938
934
940
937
953
919
939
926
920
937
930
929
930
941
929
934
942
922
920
936
957
936
927
929
938
938
944
900
935
927
922
927
923
942
924
915
919
943
944
925
935
924
927
923
923
943
935
940
963
928
937
954
945
950
935
917
916
939
929
925
947
952
930
935
936
934
936
931
946
935
947
933
954
946
947
942
924
940
916
936
944
938
935
934
933
935
923
927
937
942
945
950
953
922
913
933
919
932
949
943
945
945
919
923
924
932
927
922
946
938
930
921
938
947
939
940
910
937
925
937
931
926
935
924
934
931
940
945
948
924
919
932
912
932
937
958
937
927
933
920
922
929
914
945
932
927
948
912
938
911
928
925
925
950
937
925
921
945
930
947
951
929
918
931
937
957
941
935
941
928
920
913
938
915
942
926
947
924
942
922
940
918
925
942
927
943
932
929
914
891
926
936
942
929
935
933
927
946
934
946
934
943
928
944
921
925
926
919
931
945
927
924
931
922
942
928
934
930
937
954
942
939
923
940
927
909
927
918
923
928
918
933
937
939
933
954
929
934
945
937
931
950
940
918
911
940
910
937
936
934
933
931
953
945
955
925
917
938
941
927
914
927
963
953
931
919
939
932
922
921
942
933
911
927
918
935
928
963
925
917
934
940
932
936
921
937
922
944
917
939
950
941
933
919
959
917
919
926
934
916
925
932
904
932
932
930
929
933
943
922
955
946
965
935
935
933
919
931
927
919
941
941
926
931
922
929
912
932
917
937
928
927
947
936
945
938
931
927
915
926
928
932
934
933
934
949
943
952
937
928
936
939
949
919
915
914
936
936
952
911
934
929
923
929
939
942
934
929
935
942
932
937
940
929
927
932
943
931
941
950
921
930
938
914
925
926
918
936
921
937
934
927
918
924
920
937
948
934
935
937
920
906
925
956
926
897
922
926
924
920
922
915
932
925
936
930
936
920
922
921
933
928
926
931
940
944
939
927
911
941
910
928
923
952
926
940
944
935
922
946
944
917
908
944
946
931
930
931
935
926
939
923
924
933
933
926
939
915
943
930
921
929
939
931
931
954
934
922
936
945
937
946
951
935
917
929
953
932
945
955
934
933
917
941
926
944
943
928
924
933
919
950
940
926
933
934
948
933
923
930
930
951
932
935
950
931
941
929
924
936
936
939
942
926
932
940
937
934
934
930
932
934
936
930
943
936
927
943
949
938
920
942
935
939
936
929
927
911
902
925
912
962
914
938
931
938
930
941
941
937
920
932
933
905
921
930
946
933
930
943
933
931
929
952
936
919
935
944
948
966
940
920
939
933
916
925
924
926
926
948
943
932
924
930
925
927
921
936
938
939
918
937
936
932
921
938
952
936
936
923
949
934
937
934
934
937
949
954
956
952
934
924
927
928
942
941
928
960
928
938
927
940
920
931
929
919
931
927
935
946
939
929
946
953
931
930
913
918
937
943
937
948
935
898
932
935
923
908
928
935
931
908
912
913
929
943
930
949
915
941
945
937
932
926
912
928
937
927
951
944
924
920
929
943
919
950
939
919
931
933
932
938
933
926
956
924
946
935
943
953
950
927
918
951
939
924
938
936
928
930
938
938
944
941
937
914
919
918
910
933
932
928
934
950
926
947
931
942
947
953
927
937
935
925
943
950
924
924
945
928
934
932
924
939
928
933
939
940
928
937
923
946
907
913
919
937
936
937
922
938
939
944
931
911
936
924
954
922
923
935
921
944
926
942
934
951
944
951
937
929
930
918
932
933
926
921
898
926
943
935
920
943
942
939
929
934
934
951
934
935
913
946
926
921
932
945
931
933
922
908
950
923
944
938
952
917
920
949
955
929
940
946
937
924
913
944
931
933
929
929
958
950
944
929
933
920
911
931
925
935
931
944
936
918
935
934
922
929
942
924
921
938
940
920
946
931
942
942
933
934
926
927
936
944
926
931
932
944
939
920
919
936
923
929
936
935
944
924
942
933
924
911
937
917
939
944
941
944
947
929
923
927
945
944
940
950
954
938
934
923
926
942
934
934
944
919
937
952
941
932
932
906
920
943
922
947
943
937
933
950
937
931
941
938
941
929
923
936
932
920
921
933
947
943
929
931
939
930
922
894
952
942
959
934
952
948
931
955
942
926
939
946
944
958
927
919
930
942
922
955
935
925
917
936
942
927
944
952
936
943
927
926
925
922
912
918
915
927
926
927
930
933
945
922
940
940
935
946
937
923
924
925
925
923
931
916
936
929
924
935
939
937
953
947
931
939
944
938
922
925
934
934
939
929
940
951
925
923
925
930
940
925
930
937
925
934
925
916
916
941
930
940
919
943
960
933
942
915
939
918
930
923
951
934
957
948
946
915
914
936
946
944
934
929
934
935
916
939
944
945
943
914
913
931
945
939
929
933
942
939
948
949
925
917
933
938
926
939
925
938
937
938
955
940
964
945
932
934
936
922
922
936
921
937
942
925
935
933
933
943
945
904
936
943
958
931
917
937
940
946
926
951
927
941
939
932
924
937
932
936
947
936
928
925
929
930
936
942
939
924
950
924
925
917
927
946
954
931
958
931
931
946
929
934
940
944
935
925
930
923
942
934
928
946
926
927
925
921
932
945
934
925
939
929
937
930
960
936
938
926
933
944
928
943
925
947
934
924
935
929
937
915
937
920
930
926
915
935
944
934
929
933
949
943
935
938
934
924
933
938
927
920
938
929
921
923
930
934
936
938
944
927
939
945
946
927
950
926
926
943
932
938
944
954
943
945
929
937
941
926
937
948
939
932
971
940
933
935
952
939
930
927
949
951
917
926
955
942
946
927
931
886
927
932
932
920
905
950
930
926
907
945
918
932
925
930
923
935
933
927
946
920
932
938
936
943
954
956
948
948
944
954
940
932
922
942
931
918
934
926
955
947
941
924
928
918
931
935
940
931
948
931
965
948
948
911
934
932
939
929
943
941
946
944
932
947
908
940
933
945
947
939
931
934
922
941
941
941
936
944
925
932
931
937
957
933
936
942
945
930
932
922
935
942
920
930
930
959
924
947
940
913
922
937
952
930
928
937
948
947
942
936
929
925
940
927
932
927
919
925
920
937
928
925
932
930
937
932
938
937
932
927
926
925
931
931
928
930
940
932
932
933
932
923
947
934
910
945
937
943
910
922
946
931
930
950
947
953
948
919
939
932
939
946
945
934
916
925
913
939
921
938
931
925
920
949
936
922
942
933
951
930
920
938
920
941
950
926
924
934
953
936
943
908
940
943
948
954
934
937
924
932
935
946
933
907
946
922
939
946
933
940
948
921
935
927
932
954
942
929
911
953
925
959
951
957
924
941
912
933
933
941
929
928
942
929
935
933
927
932
943
919
936
956
929
921
919
922
928
947
941
941
942
935
929
939
916
931
950
945
946
940
938
932
919
963
923
941
935
927
945
925
926
945
928
936
952
940
947
923
931
950
971
961
920
929
941
919
937
930
942
932
946
921
913
955
930
952
945
935
925
925
940
934
934
930
921
941
931
918
924
934
929
914
921
946
923
936
928
926
916
941
946
908
936
939
908
925
936
949
948
938
942
943
940
945
938
941
929
948
920
939
938
934
937
936
939
919
958
940
934
906
932
922
954
941
934
930
933
945
934
926
927
931
935
960
951
928
920
930
945
934
933
928
948
956
956
924
939
947
938
941
940
931
928
928
919
933
939
926
923
931
935
932
927
922
943
930
937
931
945
943
927
935
951
944
936
974
928
931
925
929
935
931
923
944
941
943
938
924
939
935
935
947
954
941
934
938
947
962
937
923
940
947
949
947
949
939
963
943
932
928
951
944
949
938
926
938
922
944
935
947
930
929
942
923
931
942
932
928
942
934
927
944
929
939
946
930
920
942
929
921
934
932
926
943
937
940
964
949
937
944
940
943
948
940
927
927
932
949
934
952
933
931
947
937
955
933
953
940
937
941
959
955
947
945
953
952
946
939
939
950
943
937
944
959
945
934
949
954
940
938
937
938
957
943
957
935
936
935
946
934
944
943
961
955
929
932
948
951
939
951
941
938
937
953
954
932
924
942
945
939
941
924
951
929
950
942
943
932
931
951
939
937
935
950
927
954
957
956
965
938
939
955
950
946
958
942
944
946
949
944
948
948
956
937
933
933
930
939
956
953
955
923
933
949
947
965
955
940
935
926
943
932
940
938
961
934
942
942
935
938
950
946
952
943
959
941
949
944
930
943
971
962
952
939
926
955
941
952
950
955
940
941
953
948
931
952
958
964
960
958
973
936
960
953
934
951
918
946
958
939
953
946
947
942
945
938
960
946
953
965
967
943
938
956
959
950
947
954
952
958
951
968
962
952
944
941
960
963
950
971
967
959
969
960
957
964
962
966
960
960
964
947
950
953
961
954
955
952
970
950
953
972
958
972
967
981
963
968
963
976
951
955
967
968
972
961
980
982
954
958
968
970
970
964
959
956
972
974
960
964
973
982
968
960
975
977
962
969
969
970
977
982
990
979
976
963
977
988
976
983
987
990
986
984
984
998
1002
994
984
987
973
986
988
976
984
994
990
990
1004
994
1000
996
992
988
991
1007
1010
1002
1009
1008
1011
1004
995
993
1007
988
996
1007
1004
1002
1003
1017
1010
1004
1011
1015
1015
1008
1008
1021
1024
1028
1026
1032
1035
1029
1022
1024
1025
1019
1021
1025
1026
1031
1032
1027
1030
1033
1038
1040
1039
1038
1037
1044
1042
1041
1039
1041
1042
1041
1043
1041
1044
1044
1044
1044
1043
1043
1049
1050
1050
1049
1050
1051
1052
1054
1055
1056
1056
1056
1056
1056
1057
1057
1057
1058
1059
1059
1059
1059
1059
1059
1059
1059
1059
1059
1059
1059
1059
1059
1059
1059
1059
1059
1059
1059
1059
1059
1060
1060
1060
1060
1060
1060
1060
1060
1061
1061
1061
1061
1061
1061
1061
1061
1061
1061
