1065
923
932
928
940
938
931
930
939
948
944
938
906
918
935
939
919
920
936
926
923
903
922
928
949
939
927
921
927
915
950
925
944
924
941
926
934
930
934
917
933
960
953
942
920
931
911
928
919
945
941
942
958
934
923
933
936
925
935
926
934
934
922
922
941
965
944
931
916
927
932
948
943
908
942
941
943
927
931
937
924
944
929
938
940
925
918
938
944
946
916
927
925
929
933
954
955
940
914
923
926
931
949
935
923
933
922
936
940
916
951
930
937
928
918
929
912
971
944
924
935
948
927
927
947
956
945
921
927
927
926
945
946
951
933
903
935
937
945
952
929
931
946
934
956
940
949
944
923
935
918
952
934
931
929
915
922
937
937
946
937
938
935
924
931
940
934
930
932
946
934
919
929
949
929
929
918
923
921
930
941
924
933
931
937
936
923
930
938
917
937
945
931
927
926
959
926
942
934
928
937
938
918
913
931
932
951
959
937
924
928
941
902
929
922
912
926
937
918
919
930
932
930
927
943
939
921
937
936
931
940
920
941
928
941
935
923
944
921
932
928
935
941
933
918
922
935
945
948
942
938
943
938
943
935
930
913
933
936
922
935
947
938
936
915
924
910
920
922
932
954
936
926
929
919
923
950
955
938
910
936
936
923
928
938
924
936
930
928
936
916
936
923
934
928
927
924
956
932
942
946
932
941
935
925
944
958
942
932
934
916
938
943
937
941
934
932
940
935
928
949
930
942
940
941
949
923
937
947
933
926
938
940
931
939
934
925
930
932
941
933
934
949
936
942
941
937
919
939
927
923
948
927
953
919
946
950
928
912
932
914
903
933
899
936
938
928
936
948
924
930
921
914
927
944
936
941
937
948
929
916
925
931
937
928
918
934
934
942
933
937
939
929
934
911
899
918
939
929
928
937
924
918
953
927
936
930
923
948
918
927
936
937
935
928
934
941
942
925
922
936
937
934
930
931
942
927
937
951
934
913
942
940
948
921
912
915
934
938
925
940
937
920
938
947
944
941
945
943
948
932
918
917
957
944
933
950
951
941
917
942
943
941
896
937
943
930
926
931
939
929
951
931
926
942
940
933
929
957
949
940
947
932
912
941
947
901
929
927
934
927
935
945
952
925
935
916
937
926
928
937
911
931
926
917
949
958
956
927
938
936
933
937
926
938
935
943
948
930
930
933
914
933
915
908
919
940
925
936
938
917
925
937
929
925
913
906
933
945
925
930
906
939
937
920
943
931
909
936
916
948
934
948
929
933
941
938
939
918
927
933
948
932
948
938
941
922
927
946
941
922
939
957
964
922
952
937
960
934
939
918
931
918
935
936
938
949
928
953
940
928
917
933
928
934
945
942
946
926
934
950
941
941
931
924
914
945
957
933
947
922
939
926
928
951
945
916
922
925
937
937
925
938
933
944
923
933
925
918
917
945
935
935
928
935
938
941
935
937
934
947
931
951
932
942
923
937
931
932
949
938
947
942
941
951
926
943
936
936
938
942
941
941
940
932
926
934
919
940
947
949
916
938
944
932
927
931
946
932
928
945
933
933
949
939
927
940
937
941
948
938
918
921
952
943
930
936
939
920
937
937
916
935
927
908
929
952
947
932
940
945
941
955
930
928
944
949
926
941
945
929
924
934
921
944
939
944
927
915
942
950
926
948
929
931
939
938
960
927
934
924
943
929
935
930
912
926
926
931
926
940
941
918
931
922
966
928
912
934
938
936
945
927
944
951
934
941
922
938
926
938
929
936
945
921
944
937
945
931
935
943
938
928
953
928
927
940
934
936
929
924
927
949
925
924
942
927
935
962
947
900
925
933
936
931
945
922
936
925
929
950
915
943
929
915
938
906
954
941
934
949
932
932
938
959
943
926
950
916
939
923
927
925
955
937
937
926
931
939
925
945
944
935
950
934
937
929
918
947
943
891
931
921
945
933
921
934
933
920
933
912
943
943
951
946
926
936
946
931
962
944
933
923
919
927
925
937
943
922
941
937
934
950
949
964
924
908
940
924
941
940
940
927
932
966
930
935
933
946
944
934
925
948
937
958
927
937
928
931
946
940
957
959
944
921
946
937
918
931
914
930
943
931
938
927
929
938
919
913
929
943
934
957
933
955
947
941
925
954
943
931
934
962
949
949
899
938
930
934
933
920
927
933
950
955
923
922
945
916
929
926
931
939
919
935
929
915
940
926
936
932
946
940
948
945
933
950
918
925
935
927
941
937
944
981
919
933
932
925
934
952
921
943
941
924
931
944
954
928
922
935
941
933
942
957
947
933
943
944
944
927
946
929
941
940
923
929
922
938
947
954
936
956
941
922
920
942
954
936
945
919
926
946
924
957
920
919
942
942
937
924
918
937
953
941
941
934
929
936
934
925
945
948
936
922
932
913
928
927
923
935
941
929
942
920
954
914
927
940
917
945
938
928
921
932
935
932
933
941
946
934
949
946
944
933
935
939
924
929
947
928
932
955
947
937
939
931
950
941
928
937
931
938
925
924
946
942
935
949
935
928
951
944
941
947
939
924
933
936
916
921
934
934
940
928
938
951
939
950
931
940
943
950
919
950
949
946
943
943
935
948
938
930
945
940
936
949
952
968
928
933
941
924
934
928
950
928
954
926
952
939
943
931
931
935
932
941
940
922
921
933
936
927
936
926
927
921
948
932
928
937
944
938
942
939
913
928
929
931
942
926
945
936
936
938
919
947
932
932
940
925
941
951
937
938
919
953
929
931
924
924
942
952
948
958
931
936
933
947
933
924
943
960
957
948
938
945
949
941
939
936
939
931
924
955
921
956
924
926
959
954
950
945
950
943
953
955
949
943
939
937
932
932
933
940
929
936
952
946
919
950
939
956
940
944
937
950
941
946
950
927
936
945
925
930
937
942
947
933
924
932
936
930
947
939
947
933
944
939
925
946
931
940
947
955
940
935
935
934
938
942
947
945
950
948
915
910
936
941
947
951
932
939
951
936
933
942
942
947
940
939
936
942
916
938
937
955
939
930
947
940
946
949
926
931
923
934
925
937
942
957
958
971
947
939
935
940
946
933
935
963
968
958
946
943
933
937
959
940
960
953
938
945
953
947
947
952
944
948
935
945
931
933
946
924
923
957
951
949
936
933
935
958
941
944
947
941
945
924
933
922
934
928
951
944
942
940
945
937
944
948
909
943
944
932
931
932
955
936
942
960
940
958
954
944
945
954
954
956
948
940
951
959
961
959
961
939
930
936
938
934
936
942
954
941
952
961
945
946
936
947
930
956
954
951
948
961
933
944
947
925
935
929
949
949
950
930
947
953
928
930
930
956
934
936
948
948
930
939
957
946
950
974
945
947
948
937
952
950
925
947
941
945
929
953
930
934
951
957
945
936
943
938
954
951
924
954
953
959
951
944
929
929
939
956
956
941
938
934
934
932
941
926
939
946
956
948
940
936
952
962
940
952
950
938
922
950
950
941
955
941
952
948
940
931
947
959
955
946
930
950
937
936
936
953
939
970
948
929
952
959
957
938
949
952
949
958
958
951
958
937
971
955
954
953
918
942
961
946
934
924
932
948
934
946
956
934
933
951
938
951
939
960
934
947
951
935
951
958
945
942
951
966
947
942
967
957
945
949
958
938
944
944
937
944
932
935
943
953
943
950
945
953
953
968
937
949
954
949
937
954
961
962
947
947
939
939
951
953
944
951
961
952
959
968
953
956
972
952
950
930
939
935
919
940
947
975
968
973
950
939
945
948
947
947
955
946
951
970
960
952
957
973
934
918
945
968
949
953
937
947
960
975
952
953
945
949
942
943
955
942
952
950
974
941
933
948
935
958
949
947
935
955
943
938
926
955
949
936
925
928
937
956
963
950
950
964
950
966
960
962
954
941
955
958
949
947
953
959
947
960
953
945
941
944
951
946
967
969
961
961
969
955
959
953
965
956
961
956
922
925
963
953
956
950
964
963
936
954
943
933
958
956
951
952
952
961
956
944
956
957
946
961
951
971
949
962
968
964
960
946
965
964
969
972
946
961
972
974
948
952
938
963
949
952
943
961
943
965
944
955
936
956
950
942
962
971
969
939
941
968
967
949
957
961
949
952
959
940
956
973
963
949
952
950
963
952
951
952
964
969
969
971
951
946
943
962
954
976
957
961
962
972
965
953
954
956
969
965
978
965
941
955
973
964
951
964
982
951
948
960
951
970
965
961
954
958
956
966
957
962
961
962
967
961
974
967
962
959
968
950
947
961
960
969
951
953
958
956
965
968
974
962
975
946
950
963
969
965
940
963
973
945
972
957
974
952
963
963
949
971
968
970
961
969
947
963
962
964
949
967
961
945
954
950
963
973
984
949
943
983
981
961
963
976
952
965
988
963
970
969
958
960
968
957
956
953
933
958
969
963
972
980
959
972
961
967
970
962
990
977
964
963
974
954
984
954
943
950
937
961
943
963
947
968
962
958
955
954
945
974
965
975
965
952
953
974
972
968
961
965
969
958
963
961
972
955
958
976
958
958
964
959
963
963
967
978
965
988
968
983
966
970
975
966
967
972
974
964
986
987
958
962
958
976
972
961
949
964
984
966
955
956
972
965
978
972
963
969
967
988
976
975
971
964
959
962
978
974
982
968
974
980
975
981
982
982
981
978
984
977
978
968
970
970
976
951
971
974
974
969
977
973
985
983
980
993
968
974
984
976
975
980
974
960
965
966
965
986
980
989
969
964
967
967
965
976
982
965
977
974
983
986
970
985
970
973
987
986
990
981
980
962
966
967
976
966
983
980
978
995
962
966
994
983
976
967
969
967
994
982
979
969
974
974
986
991
973
970
968
980
969
963
964
973
985
998
991
961
958
969
984
989
975
967
982
993
1000
986
986
993
989
964
989
990
998
983
986
960
977
974
963
975
985
978
969
978
977
966
988
984
981
986
982
980
978
985
980
986
968
981
977
976
963
992
988
993
1000
1001
996
997
992
1002
992
988
991
977
982
997
983
992
989
995
991
991
981
982
985
994
988
981
988
979
983
974
976
977
971
983
982
989
980
964
982
974
984
995
989
987
999
989
979
976
969
979
985
978
992
974
959
986
988
975
984
998
987
996
1002
1000
986
986
995
994
983
993
968
978
968
978
980
984
985
993
993
984
987
989
993
977
983
995
998
998
983
991
996
998
985
986
997
978
984
985
985
993
985
997
998
994
992
1005
1000
995
997
989
999
995
993
1004
991
998
991
993
995
990
992
991
991
1006
995
1002
999
991
987
993
986
989
990
1000
995
996
984
993
992
1000
996
984
982
995
984
1007
1001
994
1006
998
1005
997
996
981
999
1000
987
986
976
992
990
990
990
1001
1000
1007
1001
1003
996
990
994
995
996
999
998
1007
1005
989
986
1000
1009
1008
1019
1011
1003
1001
1003
1004
1002
1003
1003
1008
997
1003
998
1004
1004
1001
1004
998
1004
1007
1002
1016
1007
998
1000
1004
1009
1010
1007
1004
1011
1010
1007
1003
1012
1007
1011
1004
1006
1004
1017
1017
1010
996
1004
1009
997
1010
1015
1017
1012
1015
1008
1006
1005
1009
1007
999
999
1006
1005
1001
1005
1000
990
999
1000
1000
1016
1007
1005
991
994
992
1004
999
1000
1000
1002
998
1011
1001
1001
1000
1004
1008
1001
999
1003
1012
1016
1007
1012
1014
1017
1019
1015
1012
1009
1000
993
998
1003
1008
1013
1014
1016
1014
1011
1010
1019
1022
1012
1017
1019
1024
1018
1017
1012
1006
1010
1016
1004
1008
1013
1013
1010
1000
1003
1000
1016
1022
1022
1027
