1065
921
938
945
925
927
914
912
933
954
936
945
916
948
911
934
915
924
927
930
938
946
929
955
927
935
941
935
942
948
928
926
918
953
924
961
936
916
930
926
937
945
942
943
945
930
928
938
934
899
928
915
933
949
928
936
932
934
929
918
917
931
916
926
927
907
949
913
916
935
913
906
909
940
926
949
934
929
939
914
932
937
937
928
938
906
956
931
930
947
947
938
937
922
945
933
943
944
926
944
928
935
946
931
948
943
934
938
936
949
934
947
929
946
943
934
919
935
938
941
942
929
911
956
917
914
939
938
941
925
941
935
951
934
922
952
916
922
928
939
936
926
939
953
921
932
942
941
945
947
944
945
919
928
953
956
928
951
944
936
933
932
924
927
931
929
932
930
946
918
940
924
928
932
925
951
939
944
929
922
927
940
937
939
935
955
934
926
925
911
931
912
939
922
938
930
926
936
938
920
928
954
925
958
946
918
926
931
933
937
950
936
925
928
925
942
935
927
921
932
933
904
922
943
944
924
921
948
945
946
935
950
933
934
932
945
939
932
932
937
938
944
929
926
939
936
911
944
942
939
933
920
929
914
910
969
931
941
933
923
911
926
939
931
934
953
935
927
936
928
931
926
943
952
935
929
948
941
940
928
929
937
947
925
947
962
911
926
932
931
921
951
948
926
927
933
933
939
952
936
938
946
955
925
934
944
933
935
953
930
937
912
943
940
922
916
932
951
919
921
927
931
925
938
934
939
923
932
928
946
940
951
917
925
950
910
928
947
943
935
936
928
935
944
930
933
936
924
948
935
939
938
937
933
946
931
929
915
941
936
922
943
931
924
911
931
936
921
919
920
931
944
948
944
943
939
951
936
963
929
924
930
920
945
920
927
936
943
931
919
940
939
924
935
928
925
942
925
919
934
922
941
922
926
922
945
946
948
944
921
935
941
941
938
934
941
933
929
920
947
927
950
927
937
947
938
935
941
931
936
957
932
945
933
926
940
920
917
933
921
940
943
940
931
935
902
928
909
936
947
926
903
960
919
945
943
932
930
926
932
938
941
933
937
920
915
948
938
932
935
941
935
926
941
939
942
925
938
927
931
936
943
926
912
919
911
930
922
947
935
912
942
942
938
925
933
957
935
936
921
933
945
921
921
931
903
933
922
935
921
950
922
927
943
925
927
928
917
920
939
944
948
927
935
960
952
932
932
917
942
944
929
933
932
924
948
924
933
960
939
926
924
946
932
938
931
938
934
943
914
931
909
947
954
933
922
924
929
951
932
946
941
942
948
935
954
924
945
905
922
938
942
921
936
928
948
953
935
919
937
932
934
933
936
935
929
940
927
916
938
937
933
916
935
947
906
930
928
918
930
925
946
946
923
930
934
941
932
928
925
937
932
948
941
953
925
941
954
941
920
926
949
943
928
931
938
942
928
931
949
935
934
926
936
926
923
950
925
910
947
939
931
927
937
925
937
938
935
937
926
942
946
932
931
930
925
928
928
928
936
928
934
930
939
941
932
931
921
931
922
933
915
928
940
928
931
933
941
921
936
922
924
944
928
930
926
925
947
937
920
936
940
936
936
925
926
936
942
939
933
945
923
940
938
922
943
934
923
931
945
924
928
920
912
929
934
940
933
947
915
923
942
914
932
945
929
923
933
915
924
929
937
934
925
920
944
927
912
923
938
933
933
944
940
924
923
938
937
925
929
925
932
946
949
939
912
935
956
931
927
952
915
936
917
918
914
926
936
942
937
929
909
945
943
938
945
933
943
922
948
944
940
938
939
936
932
929
924
913
937
937
933
923
916
933
939
936
944
917
951
945
917
924
959
935
922
957
944
934
940
933
925
940
947
933
937
942
937
934
949
931
923
938
937
932
920
924
930
949
925
938
924
947
932
931
947
929
950
922
936
939
955
931
925
932
930
936
955
931
944
941
934
941
950
916
928
932
931
943
935
942
930
960
944
932
916
938
945
946
944
948
941
921
937
921
938
938
924
923
955
945
927
917
943
927
935
946
925
933
926
936
942
919
956
938
958
955
945
932
930
899
940
926
936
941
935
945
936
925
931
942
928
921
934
936
939
929
955
943
924
928
941
932
928
937
944
918
940
939
937
946
949
934
945
929
939
945
926
930
922
940
942
940
948
966
951
946
926
914
941
931
926
931
938
928
927
921
922
937
939
938
929
957
935
940
913
939
923
944
930
931
940
948
936
926
934
922
937
952
948
939
929
947
925
930
938
945
934
934
935
936
934
936
921
945
936
945
937
942
934
940
934
928
948
927
920
922
943
921
940
945
935
931
940
928
941
941
950
931
928
945
938
942
929
942
945
946
939
923
944
917
939
927
943
937
946
945
932
941
926
926
930
928
959
939
953
920
940
934
950
919
926
953
948
928
940
931
931
932
932
926
948
943
942
933
943
928
938
924
932
915
956
929
939
933
933
960
931
934
934
948
947
954
918
924
944
928
945
945
947
926
947
931
938
925
951
943
935
947
930
949
951
920
912
934
934
948
944
956
934
933
940
926
942
956
923
910
919
937
927
948
930
920
909
948
929
945
948
938
942
956
926
930
925
955
933
926
926
922
944
933
942
945
941
950
936
937
940
953
950
931
948
940
939
949
935
938
955
947
946
965
921
945
943
936
932
926
925
948
946
939
934
943
928
941
929
936
934
934
931
933
942
939
939
956
950
928
941
952
945
951
922
936
942
939
922
926
937
939
932
941
948
925
932
951
948
933
929
936
949
935
951
939
951
948
920
928
944
948
935
948
932
950
946
952
941
952
937
943
931
931
943
942
939
973
936
953
951
920
944
949
925
927
928
934
950
934
924
919
924
947
939
940
954
936
941
954
949
920
936
932
950
923
924
951
949
931
951
941
942
939
926
939
952
947
951
962
944
920
952
938
930
942
924
952
933
930
928
940
927
935
938
939
951
948
950
957
954
954
958
942
940
946
942
915
933
937
934
932
945
942
944
940
938
953
955
946
950
940
940
932
958
944
935
948
919
947
943
947
954
931
944
944
947
954
975
941
955
918
951
945
941
957
916
936
927
939
960
944
938
926
942
946
939
951
954
945
919
922
927
960
918
953
930
944
930
952
955
944
948
952
934
948
947
944
939
939
933
936
946
948
939
924
948
944
952
915
956
953
971
950
937
960
938
935
937
933
943
943
954
934
957
939
943
950
935
934
936
957
939
961
933
961
957
952
944
946
951
947
940
940
938
929
959
945
933
927
953
946
931
949
939
935
962
963
958
953
944
944
945
944
951
939
946
938
946
954
942
938
938
965
944
956
932
941
950
962
961
940
948
963
954
946
958
935
945
944
963
957
944
922
943
956
941
953
951
940
926
922
921
923
929
964
956
959
939
940
951
937
946
933
963
956
932
929
930
942
929
942
943
927
935
958
940
962
942
939
955
924
949
952
940
936
936
953
942
954
948
933
953
949
965
945
956
953
943
919
933
932
934
955
961
926
956
934
958
938
953
924
932
958
953
951
954
942
943
959
940
949
949
934
939
937
928
948
959
951
938
951
959
949
948
938
953
949
940
936
943
948
933
947
952
932
940
955
938
941
948
954
959
955
944
953
972
950
943
954
937
934
947
954
958
951
932
947
952
957
948
936
948
950
960
942
943
924
945
955
943
939
946
946
944
949
955
955
961
947
967
945
974
954
939
952
947
941
946
951
947
951
943
949
951
939
947
959
945
957
961
942
944
954
962
960
948
956
947
957
928
943
923
943
942
938
954
935
925
943
952
951
927
954
969
949
952
946
946
935
937
935
935
954
943
965
955
953
946
940
955
944
941
949
964
967
955
952
925
968
953
931
964
945
944
947
947
949
939
939
947
966
954
959
946
944
957
960
964
972
960
959
956
945
943
952
953
933
938
941
944
963
967
948
946
949
944
935
930
958
960
945
946
925
972
947
951
955
952
958
964
946
962
939
955
946
956
954
957
957
965
953
967
950
965
974
954
958
955
958
957
980
952
972
949
941
955
946
951
938
938
960
954
951
955
940
967
952
952
941
948
961
952
956
959
961
951
943
958
962
976
958
972
969
959
943
948
974
968
957
936
963
961
955
958
953
946
939
957
946
948
953
971
956
970
951
955
959
946
962
954
947
950
950
950
963
968
949
955
956
957
954
948
968
952
961
961
953
964
977
973
966
964
966
963
965
962
963
962
950
963
970
963
954
959
939
966
958
958
969
962
956
946
950
976
980
966
961
969
961
963
950
965
950
953
958
955
959
956
957
948
950
954
959
957
963
960
940
959
976
961
943
952
957
958
970
971
955
948
940
960
952
980
972
969
969
967
951
971
967
946
953
951
958
959
959
975
964
955
972
968
968
993
954
964
987
978
961
957
958
949
951
980
981
967
970
972
966
961
981
960
961
977
969
963
970
940
975
970
974
964
961
968
979
969
944
943
954
966
964
967
962
962
956
964
974
953
968
976
974
959
960
960
956
958
946
981
952
970
968
954
970
940
973
957
962
959
979
956
958
951
972
962
966
979
978
976
947
964
969
966
981
969
963
966
970
967
969
964
954
958
973
961
967
947
961
966
975
976
969
970
984
962
985
973
969
981
970
971
984
982
991
994
982
968
970
965
964
956
965
970
973
973
971
975
979
979
974
960
965
965
960
960
971
971
980
979
982
982
983
972
995
967
980
972
961
975
973
971
971
969
970
977
962
958
956
978
971
978
985
964
994
986
978
968
951
959
972
963
966
978
971
993
974
967
966
961
983
965
963
971
970
959
967
964
968
989
975
985
976
978
966
970
974
971
974
971
984
989
975
971
973
976
980
986
978
980
987
982
961
965
994
972
987
982
974
973
977
978
976
969
984
1001
982
990
985
992
990
973
980
965
969
976
977
967
976
973
969
973
972
988
965
974
961
986
998
985
974
979
981
983
983
992
986
980
976
986
981
973
993
988
994
986
991
1003
1006
979
978
970
982
993
983
976
993
993
986
969
960
981
992
992
979
991
989
982
992
996
982
988
984
983
973
982
990
984
967
974
974
972
956
967
987
969
984
993
990
998
994
993
989
994
993
992
984
984
982
989
991
991
975
980
983
987
990
979
992
997
997
981
989
995
988
993
973
991
1006
1011
994
995
992
986
987
983
981
974
995
973
991
1005
1003
1001
997
1006
992
993
991
988
992
995
989
1002
1000
1003
980
990
995
988
975
1006
995
987
983
972
988
994
1002
1004
995
990
992
981
980
980
990
987
991
988
992
995
992
997
1002
989
992
981
977
984
979
980
984
1004
991
1005
1001
1004
1001
1015
1006
1008
998
987
989
990
986
985
983
990
990
992
1002
988
991
996
994
1000
1001
999
998
996
998
989
991
984
991
987
980
994
993
981
986
994
998
988
988
995
994
990
994
997
1001
998
1003
1006
1013
1006
1011
1000
995
1000
1000
1001
990
999
1008
995
998
1002
1001
1004
1002
999
1008
1017
1015
1001
1002
1007
998
1007
1011
1014
1010
1007
1004
1006
1008
1008
1008
1004
1006
990
1010
1008
1017
1009
1006
1009
1007
1003
1012
1011
1009
1012
1006
1004
1003
998
1004
1009
1009
997
998
997
1011
1015
1009
1015
1013
1002
989
999
992
1002
1006
1002
1005
994
991
1002
994
999
1011
1012
1008
1011
1004
1001
1008
1007
1003
1002
1000
1003
1010
1013
1022
1020
1019
1013
1019
1015
1019
1019
1018
1014
1015
1015
1005
1004
1006
1003
1003
1012
1019
1014
1015
1023
1018
1021
1019
1020
1016
1008
1004
1004
1006
1013
1023
1015
1006
1007
1003
1017
1026
