1065
925
944
918
926
923
933
922
936
948
919
938
920
929
945
934
941
925
931
936
930
932
944
944
926
928
924
943
936
930
925
932
940
942
938
918
931
940
924
945
939
943
925
912
925
934
925
934
942
940
945
946
935
930
942
940
951
927
917
912
945
947
919
922
908
929
927
938
945
939
906
933
950
933
937
909
957
935
941
934
958
907
933
932
917
927
915
928
949
952
935
943
934
947
942
923
914
914
930
924
919
914
929
910
931
941
935
914
932
938
938
909
931
939
939
930
922
922
935
931
948
943
934
936
921
919
940
941
933
944
929
918
940
927
928
928
923
955
927
928
902
932
922
907
929
950
938
950
936
924
933
926
924
937
931
951
941
952
921
916
936
956
947
928
914
924
947
957
930
942
923
914
919
934
925
931
925
932
925
935
912
915
943
937
933
934
934
939
934
929
915
937
936
935
918
929
938
933
944
936
934
945
932
931
935
941
923
909
913
922
935
934
947
926
905
939
942
931
920
932
918
943
936
928
919
938
924
932
937
926
930
933
915
946
930
926
926
938
955
936
937
923
934
952
938
934
932
918
954
923
921
911
917
922
934
940
938
909
947
939
932
938
919
921
933
935
922
938
933
935
941
929
937
935
936
922
931
955
935
917
918
899
922
919
940
946
925
939
933
923
926
937
949
942
936
946
944
948
920
934
921
940
933
928
920
947
933
930
930
932
936
945
934
941
932
940
934
934
937
924
927
928
929
923
927
938
937
940
947
931
943
917
949
944
938
928
925
931
930
929
954
924
936
910
923
925
936
950
925
950
948
937
954
927
923
933
932
929
932
951
939
934
933
937
936
942
927
927
940
953
933
918
926
941
935
943
930
917
932
945
921
940
932
937
950
958
923
909
941
942
951
943
936
938
917
931
946
937
928
922
920
915
936
940
935
946
938
915
938
918
936
928
926
930
915
932
940
944
931
929
935
933
931
923
929
954
940
950
933
933
911
941
931
904
921
946
941
951
919
921
923
936
928
947
945
929
917
927
935
937
935
933
949
937
931
942
914
930
924
942
937
928
926
926
919
937
932
934
931
914
943
914
940
931
934
930
904
918
922
929
917
919
946
926
931
926
938
917
931
926
939
934
919
918
919
919
933
911
938
944
935
937
927
945
938
926
935
932
943
939
907
948
949
918
934
948
915
934
928
939
933
909
944
928
953
920
937
938
926
922
929
928
912
940
925
917
928
940
929
931
934
937
934
924
934
933
928
943
930
962
930
912
944
942
938
951
942
931
924
917
938
907
937
915
913
954
946
935
922
946
947
935
929
926
939
934
931
937
920
925
936
920
941
932
920
935
927
930
930
952
924
928
918
933
934
927
919
934
945
922
912
907
927
943
927
938
924
923
952
937
949
934
939
946
925
901
936
925
927
916
950
928
948
930
935
933
943
917
931
937
941
933
941
917
917
921
944
903
914
922
941
925
954
927
943
911
922
938
923
928
939
924
924
942
926
909
934
947
921
925
933
925
934
946
937
946
917
914
939
923
915
923
926
923
922
935
939
929
931
926
944
935
944
924
931
941
936
937
927
932
931
921
926
927
930
945
934
908
936
909
922
911
944
936
931
939
938
946
930
941
935
936
930
928
951
936
931
926
924
933
934
934
930
944
941
947
916
951
943
926
931
915
927
919
928
938
937
914
921
947
931
937
924
943
940
938
926
933
917
930
919
920
950
936
941
906
950
916
937
939
919
923
947
938
928
936
925
936
926
943
970
942
940
927
936
922
932
935
922
926
915
929
933
946
943
947
939
930
939
946
935
932
924
925
940
930
932
908
915
908
932
944
918
914
911
911
933
944
933
952
936
923
931
947
934
907
935
902
914
905
941
948
938
934
943
914
949
937
921
942
950
953
926
925
928
931
918
938
927
941
931
955
941
928
935
938
929
924
941
920
937
930
935
954
930
916
933
946
930
921
933
936
916
939
930
909
928
926
920
918
921
931
921
924
932
937
934
934
933
919
946
932
941
963
934
930
933
928
956
938
937
934
938
907
931
925
926
923
945
906
915
929
929
939
906
927
922
935
956
924
942
934
932
944
928
934
925
921
936
947
936
936
916
947
920
931
951
955
946
925
936
937
929
943
918
915
931
932
917
924
928
923
938
935
938
928
928
931
913
944
931
939
939
946
941
923
935
931
936
919
940
928
911
939
949
939
936
931
953
929
947
945
929
928
943
942
945
934
910
913
939
932
941
937
934
911
930
936
934
923
928
922
932
939
914
922
919
926
938
955
941
951
954
919
941
931
929
946
941
942
951
934
936
914
930
931
928
936
950
930
923
935
929
943
955
934
950
943
948
936
950
923
928
937
937
922
912
942
938
933
925
948
962
927
935
923
931
907
940
924
936
920
924
941
950
924
934
913
938
942
925
931
924
928
948
948
929
923
945
926
907
941
940
923
920
931
947
920
948
946
916
928
904
943
924
910
921
927
941
929
926
914
922
933
919
933
931
935
930
917
933
946
926
917
927
938
918
955
924
928
930
915
946
934
939
926
937
938
923
914
932
930
925
925
914
913
938
913
925
922
931
939
939
952
918
925
937
949
934
952
932
935
924
931
949
951
943
922
911
942
952
921
948
959
927
925
946
932
935
936
910
940
930
924
946
926
921
924
916
939
916
923
921
931
944
938
948
946
941
926
925
948
928
922
939
915
942
932
928
949
949
921
908
926
931
913
939
938
933
955
944
935
903
945
928
933
927
948
929
908
915
935
950
945
930
939
938
940
951
951
921
924
941
927
941
934
954
962
916
938
951
938
941
936
942
944
943
938
941
938
934
930
929
945
912
945
942
929
939
939
944
915
929
936
947
936
925
932
922
916
945
929
928
937
923
916
935
947
936
945
930
930
915
904
939
929
939
930
907
933
920
938
920
913
924
927
925
930
949
935
934
922
938
934
932
918
939
929
943
939
922
923
924
933
928
944
931
930
915
943
940
932
937
929
913
913
952
940
946
937
932
937
930
927
923
948
926
934
933
935
925
931
925
928
942
942
926
937
924
935
932
915
935
940
936
906
932
937
945
940
934
942
926
929
940
938
925
922
933
923
934
937
954
923
931
916
933
935
917
933
925
936
936
928
922
951
932
938
930
926
922
941
914
936
925
920
935
956
949
935
926
945
953
919
940
932
914
915
951
927
930
937
916
946
932
944
937
936
936
934
953
936
940
940
952
944
935
917
925
935
924
934
941
937
945
930
940
922
943
933
920
936
932
920
940
942
932
920
932
948
928
953
916
906
910
933
946
939
947
925
928
930
949
948
936
954
925
943
930
944
957
961
907
933
930
942
920
944
921
939
946
928
935
924
953
935
957
942
937
950
907
924
938
926
939
920
919
931
937
915
936
919
919
930
952
921
929
916
927
944
932
926
930
949
932
916
951
930
918
926
945
936
916
945
922
924
939
943
944
958
919
924
922
924
924
941
940
932
937
934
937
938
956
929
925
936
919
939
927
913
940
939
942
937
941
955
933
938
939
930
931
927
936
929
916
932
940
928
926
952
925
930
924
911
919
945
925
943
936
915
943
933
921
907
942
912
923
934
940
928
942
938
908
933
925
936
939
942
917
941
933
927
935
928
951
917
949
912
944
920
951
933
931
927
937
937
934
950
938
937
928
931
917
919
915
927
941
941
961
925
955
929
924
927
922
937
921
953
933
929
930
927
931
941
934
929
953
945
918
929
918
949
946
926
930
928
930
911
937
926
933
927
949
943
929
947
942
945
936
934
932
928
923
945
916
946
915
915
929
922
939
932
945
937
927
929
953
949
959
957
923
940
947
926
928
934
952
930
939
917
908
932
935
941
919
939
942
929
942
925
946
935
924
923
949
918
943
935
917
925
927
922
917
923
936
925
920
916
917
931
937
938
924
930
939
942
933
928
914
947
935
933
923
942
941
937
950
942
951
940
928
936
931
906
926
923
926
938
933
924
931
940
933
938
947
952
929
923
937
932
910
934
940
947
929
918
943
923
919
935
944
919
945
942
926
937
916
935
936
949
929
915
941
933
943
920
941
923
923
924
956
930
929
929
919
915
945
928
930
926
921
912
943
937
933
931
943
939
934
918
918
924
941
937
926
927
923
935
942
930
952
918
934
920
909
922
940
948
927
934
954
928
927
928
928
927
935
927
950
935
941
937
931
926
929
926
935
938
928
937
919
920
947
959
917
929
934
943
943
948
929
925
922
931
929
924
924
939
923
931
923
951
911
917
939
927
920
943
925
924
936
926
946
942
929
932
920
922
934
922
943
946
926
934
926
921
939
942
921
919
918
924
935
936
937
934
931
929
932
923
927
944
927
941
928
917
940
923
922
917
939
943
934
922
923
934
931
936
931
921
931
914
940
955
931
944
947
956
924
938
933
951
937
912
943
923
944
938
945
934
931
941
929
944
936
925
932
920
929
940
930
926
931
927
934
929
946
914
929
924
962
923
940
926
937
939
950
916
937
934
931
922
930
926
925
940
947
934
947
944
944
927
912
927
944
933
932
940
942
952
949
942
944
937
925
947
930
944
930
924
923
942
919
927
936
916
934
933
933
957
936
936
932
930
921
931
940
924
923
921
930
954
940
921
939
931
928
933
924
921
923
936
928
932
939
942
937
935
951
930
937
927
936
939
933
920
920
914
939
950
945
923
934
912
946
937
942
935
940
935
943
915
928
950
945
939
929
919
926
937
926
940
942
932
947
930
938
938
941
934
934
930
935
957
946
935
937
946
950
934
945
949
939
921
927
939
928
926
941
921
932
916
941
922
949
911
928
915
923
930
916
925
922
917
914
929
929
929
917
934
935
927
927
941
944
930
924
926
933
931
939
930
925
952
937
903
931
928
934
937
930
921
926
926
921
921
929
925
936
927
934
932
954
929
930
933
952
945
918
936
924
939
931
966
932
933
930
911
933
931
939
948
923
954
934
920
928
931
932
936
948
943
927
916
941
949
943
928
923
932
943
935
937
940
935
946
934
941
960
931
925
919
946
916
918
934
931
945
936
936
921
942
935
931
936
947
934
943
912
950
950
930
904
921
933
917
946
950
918
940
940
931
915
929
919
936
941
922
929
931
940
938
933
939
932
925
927
913
937
930
925
923
928
927
923
935
921
914
940
955
941
925
918
916
942
946
936
935
909
922
918
908
927
923
937
952
910
925
931
930
922
938
931
936
917
914
942
926
935
920
910
907
916
923
963
959
932
917
932
959
919
927
922
923
927
922
926
925
923
944
943
928
922
924
924
930
915
923
910
927
917
943
939
929
934
936
946
928
933
937
922
937
919
939
917
927
937
921
935
939
923
920
952
941
947
927
938
914
936
923
921
917
928
934
930
941
956
921
929
925
934
938
948
943
920
944
933
926
931
919
931
937
923
934
928
934
925
920
930
934
921
937
925
933
941
930
928
924
929
920
926
925
925
925
926
926
940
922
946
926
911
926
928
938
953
917
956
935
928
920
929
938
916
937
914
935
940
934
947
926
914
930
917
931
924
923
909
919
950
943
919
936
903
931
929
925
937
933
899
941
928
913
923
936
943
952
912
932
923
936
924
924
928
938
933
919
928
940
929
942
943
940
932
928
941
943
952
940
948
923
928
947
937
931
938
929
926
933
949
922
931
928
938
931
938
933
927
925
925
937
973
