1065
921
923
941
916
944
936
936
919
942
940
938
913
930
934
934
951
935
928
938
929
940
930
926
929
945
947
947
924
935
947
928
932
937
941
923
905
932
930
938
953
917
944
914
908
914
937
937
931
932
952
934
937
925
942
936
936
932
944
941
928
930
926
923
930
942
943
935
922
933
924
892
928
920
928
938
932
936
916
924
919
942
927
917
923
910
932
928
936
919
916
922
933
933
938
928
920
927
924
934
930
943
937
912
928
931
927
949
946
942
933
931
914
911
928
936
908
930
940
931
935
941
931
929
922
935
924
940
951
935
922
919
931
938
926
939
935
921
935
943
940
951
936
929
929
923
948
943
920
928
907
948
929
924
919
939
933
913
946
942
936
932
917
943
938
920
908
922
935
927
934
937
920
940
905
945
939
905
938
956
923
928
945
939
930
946
938
925
935
922
929
937
926
942
955
964
938
940
956
952
944
943
952
946
924
931
932
915
951
934
936
940
943
931
923
916
917
928
936
947
937
941
923
933
923
927
945
924
925
925
916
916
930
909
926
901
946
935
932
919
924
937
931
934
937
921
920
938
945
920
950
919
925
920
952
935
946
912
921
937
930
946
931
937
940
923
927
915
920
929
928
938
944
941
921
924
923
933
929
930
946
922
947
933
941
923
929
921
931
909
932
925
923
918
937
920
917
948
917
930
925
932
939
943
941
921
925
938
939
943
935
944
944
923
940
938
941
924
928
936
950
931
932
924
922
915
943
941
911
934
921
950
947
924
930
923
915
928
929
935
954
943
921
922
925
926
927
936
936
935
930
932
937
940
931
922
937
931
930
949
947
937
917
931
913
964
941
915
964
930
937
942
920
929
931
922
925
948
937
930
919
933
951
925
939
927
942
939
934
928
922
914
948
940
940
937
940
929
945
935
934
926
937
941
937
937
932
925
931
949
946
940
926
936
926
931
936
925
921
941
953
929
923
934
909
930
933
921
931
924
916
919
907
929
933
941
941
939
925
930
939
934
927
937
945
923
937
930
921
939
925
919
905
931
948
922
924
918
919
917
933
900
908
931
929
943
920
924
926
949
933
945
941
938
936
943
917
943
946
946
937
918
923
941
941
935
942
930
948
928
927
919
938
933
944
927
945
940
950
925
933
926
922
915
936
947
952
929
934
917
914
957
928
939
931
935
951
947
938
946
943
924
920
927
931
941
941
930
927
922
932
914
925
926
946
929
938
918
953
917
926
933
927
932
946
932
925
929
936
957
941
945
923
948
946
949
942
940
930
933
939
935
923
933
935
941
911
945
933
928
939
935
931
928
943
931
937
938
933
938
939
935
924
908
918
945
936
942
939
951
932
925
932
943
917
925
928
932
924
937
936
929
942
938
940
932
912
921
932
932
922
923
919
930
905
933
933
930
944
939
935
924
935
936
939
945
934
920
945
923
917
949
954
939
941
925
919
946
929
930
936
935
949
931
937
935
946
936
903
936
941
946
928
932
918
937
944
912
939
964
929
951
944
938
948
937
916
942
922
948
946
923
925
915
916
927
947
929
926
943
931
933
925
926
953
944
945
933
923
935
918
927
921
932
919
914
938
927
926
937
936
934
911
927
950
944
925
931
907
928
927
923
934
934
951
923
927
931
946
919
932
928
946
920
930
930
925
923
920
935
912
939
932
930
931
937
922
921
903
934
923
943
956
944
941
926
925
929
936
929
936
929
941
927
936
913
932
950
927
919
924
948
936
962
947
908
942
916
928
931
935
930
952
928
916
944
925
927
934
934
937
932
929
940
930
937
948
924
937
943
938
934
939
939
932
934
934
925
923
952
929
920
931
943
930
930
935
932
920
936
930
933
920
936
938
920
941
921
918
931
943
935
939
937
922
932
931
933
942
935
933
929
912
945
924
924
938
951
913
937
918
937
935
940
930
939
931
936
913
945
941
947
928
943
945
945
958
935
942
923
946
916
922
936
926
934
926
940
938
942
921
926
934
931
933
932
929
916
918
930
927
927
926
950
940
940
925
924
927
943
936
924
942
936
910
957
944
930
920
940
927
939
925
943
935
923
952
936
937
936
915
942
937
931
944
942
940
934
925
943
910
943
938
935
934
947
940
934
938
930
929
941
936
943
942
926
932
927
944
933
916
930
943
915
921
950
947
964
933
939
942
923
931
926
949
939
936
934
935
922
931
938
928
944
932
950
933
925
925
942
942
933
943
923
944
941
933
925
908
952
948
945
927
931
931
927
927
927
938
930
922
926
927
935
927
934
937
943
925
934
940
936
924
937
941
933
935
926
936
929
910
916
921
933
939
938
925
923
954
913
934
957
949
935
933
938
933
920
927
936
927
911
926
939
930
949
915
935
928
919
917
926
947
923
917
909
929
921
944
932
959
927
938
940
941
922
925
929
947
938
942
933
914
929
922
925
935
948
936
930
924
930
921
928
935
915
918
947
937
921
938
940
914
948
926
928
900
920
939
921
940
944
936
935
939
917
912
927
925
906
921
935
931
940
912
922
921
931
937
932
942
934
920
927
932
917
941
934
932
942
918
939
930
948
942
962
931
921
939
924
926
933
947
917
930
939
934
941
923
940
920
933
941
952
924
943
920
935
949
950
925
944
933
925
944
935
930
924
924
939
940
935
930
928
954
932
930
922
934
934
925
925
952
937
926
938
918
939
931
916
920
919
925
943
930
938
922
936
942
926
927
933
927
932
948
948
944
936
943
936
919
938
922
942
943
950
949
926
949
944
930
937
911
929
910
927
922
947
921
923
932
935
945
928
941
921
933
913
928
924
940
933
928
927
930
929
939
945
951
928
919
912
905
922
950
932
928
935
953
943
911
932
923
932
909
939
931
940
937
925
908
921
936
925
927
952
915
933
921
938
907
908
927
904
932
915
931
940
942
933
900
947
940
936
929
927
934
940
923
943
922
935
943
921
918
942
931
929
917
921
918
945
925
916
927
930
923
919
920
927
935
955
917
942
948
938
911
935
892
932
927
928
928
909
935
955
927
919
940
933
932
946
948
939
902
936
926
939
943
935
921
947
949
939
919
944
931
934
952
935
944
949
935
954
943
934
940
937
918
921
921
935
938
949
930
931
942
930
913
919
940
933
935
894
926
939
940
931
930
915
921
947
910
928
921
945
943
921
938
951
928
932
950
933
941
941
944
945
952
939
947
940
929
912
925
932
939
939
917
951
927
933
925
948
927
932
947
935
917
944
938
938
931
924
939
920
951
948
925
928
931
915
919
922
926
934
941
937
939
926
932
941
931
929
929
944
930
932
928
934
912
939
939
928
940
957
959
935
926
924
928
927
951
940
918
943
950
948
936
946
918
939
926
928
912
934
924
930
925
933
934
922
936
917
930
947
926
935
942
921
930
930
931
935
919
903
942
938
932
927
949
924
918
941
923
944
936
930
905
949
941
919
918
927
921
943
934
942
937
926
924
930
921
920
933
931
945
937
944
944
947
943
911
932
942
914
911
947
945
941
926
922
925
946
937
939
941
920
938
939
946
947
913
936
923
933
920
929
927
936
945
924
926
927
957
934
920
934
924
923
929
930
935
941
943
918
917
930
931
926
928
938
921
919
917
935
946
938
925
932
950
933
940
940
946
910
930
925
932
925
950
946
942
934
936
929
939
934
942
932
917
923
924
934
940
932
933
922
923
933
947
943
945
927
921
938
933
918
924
923
923
920
921
947
931
927
925
930
925
933
925
934
934
920
929
936
932
945
949
940
909
933
955
932
946
944
930
948
936
937
923
948
943
933
947
915
939
935
935
939
939
947
935
940
938
924
946
936
922
924
945
924
933
938
947
943
950
953
936
939
945
943
932
962
928
946
955
946
938
942
941
943
948
934
920
932
926
937
940
925
928
956
930
933
936
952
920
933
928
911
946
921
941
941
948
936
945
926
956
944
927
911
951
934
947
944
924
924
943
924
927
938
937
934
940
944
930
927
942
925
920
939
940
950
941
927
935
933
937
945
949
920
915
925
937
928
932
927
926
929
927
933
935
936
913
919
928
920
963
918
942
946
918
943
928
932
936
916
922
924
930
939
919
932
916
925
914
934
944
957
922
933
934
929
935
950
937
931
940
938
905
938
931
939
934
932
937
938
916
935
928
937
941
959
951
948
951
951
944
935
927
934
945
938
920
946
933
931
929
960
948
933
948
947
935
920
942
923
930
918
929
923
959
912
912
942
931
932
929
949
929
926
932
958
938
927
966
925
925
930
930
943
932
928
930
931
942
947
936
915
915
914
912
941
927
922
954
947
925
919
931
906
921
911
935
942
927
913
934
912
942
920
917
937
918
920
936
938
936
925
938
948
940
931
937
924
928
935
941
928
926
924
926
923
923
918
934
928
935
919
919
937
934
943
934
927
912
930
922
935
939
955
947
929
915
925
939
911
925
929
933
951
942
937
918
930
914
938
921
906
946
930
945
950
953
937
935
944
925
930
935
935
946
936
949
934
938
941
930
939
956
952
915
917
935
934
939
922
930
929
919
935
904
935
935
922
925
912
932
940
924
936
969
945
917
940
912
940
945
936
951
933
952
948
951
934
926
942
929
923
935
934
913
939
933
960
939
928
929
939
927
934
944
951
961
935
938
926
960
945
940
934
934
933
929
926
924
955
948
951
943
932
942
956
938
938
943
914
946
926
924
926
940
912
935
932
924
942
928
929
937
949
949
953
923
918
923
931
938
916
944
937
941
937
909
933
945
939
948
933
905
943
918
933
949
930
927
933
926
923
915
932
940
952
937
940
949
939
909
904
922
933
929
931
928
955
941
937
933
944
937
948
946
929
935
926
941
954
950
947
936
944
925
931
945
939
941
931
931
948
926
930
931
929
938
922
925
919
933
924
954
944
926
931
920
909
945
931
917
939
934
940
953
942
934
944
922
943
938
934
945
947
927
922
938
944
942
935
923
932
931
935
939
941
947
927
910
931
955
937
945
927
947
926
934
917
928
940
939
944
950
915
923
939
936
933
948
937
928
932
938
947
935
927
947
942
955
949
945
926
926
952
950
934
916
952
920
931
943
944
920
933
931
944
956
953
944
926
925
927
921
918
938
943
943
945
947
928
937
965
925
921
941
935
937
938
914
930
959
918
927
934
949
953
941
947
933
928
929
942
949
923
948
925
920
946
946
955
917
924
941
946
929
940
932
928
938
937
947
928
945
931
921
923
953
931
944
940
922
949
949
930
932
946
955
946
972
951
939
946
926
937
942
925
933
928
954
949
934
977
966
940
916
930
942
940
944
927
939
935
919
941
949
918
950
931
933
933
928
951
947
948
929
914
934
959
941
943
926
969
940
936
921
923
925
932
937
945
938
937
950
949
928
945
939
922
932
916
923
947
954
926
954
936
932
945
938
923
931
940
940
960
953
942
933
936
961
934
952
947
953
934
936
950
929
959
933
960
943
938
964
960
932
955
953
936
948
938
936
925
947
940
968
937
937
947
966
940
934
957
960
935
932
957
935
956
945
964
942
963
944
932
946
974
981
967
962
958
963
971
961
957
946
951
951
963
951
957
950
963
966
954
946
941
928
963
943
955
962
958
953
954
952
958
952
970
957
958
979
979
965
964
974
979
981
968
973
985
972
996
981
981
980
988
989
976
995
997
983
988
1009
1013
1015
1018
1022
1023
1025
1031
1032
1035
1037
