1065
924
909
907
921
933
917
922
921
948
930
934
942
942
928
944
942
934
930
929
928
942
956
953
922
925
921
942
938
929
927
939
930
932
932
930
926
919
921
911
923
931
925
931
937
945
925
936
945
933
941
939
925
941
934
933
917
940
947
939
920
939
932
924
916
924
931
932
949
914
940
932
916
941
940
918
924
935
940
943
930
925
936
939
930
927
947
933
920
939
933
945
922
931
936
932
926
950
938
937
933
921
940
904
943
935
924
926
938
945
932
942
940
930
918
919
928
938
939
927
933
918
942
933
929
939
924
923
930
928
927
932
941
908
948
929
916
936
929
938
948
931
914
914
932
937
934
954
929
915
933
938
933
939
937
931
944
936
929
945
926
939
951
949
947
930
934
923
938
932
911
912
942
936
934
924
939
936
930
947
937
938
923
942
945
936
934
930
943
927
935
931
929
948
935
919
917
924
927
930
920
929
908
939
939
940
930
944
947
935
931
925
900
934
939
923
925
915
916
938
911
916
935
941
919
930
917
913
906
939
942
923
947
933
945
939
921
927
949
945
936
948
938
922
917
920
915
926
938
945
929
940
933
932
949
948
946
937
950
926
923
939
948
931
931
918
948
922
930
930
944
924
922
940
931
909
949
936
948
943
924
934
952
920
934
924
926
915
946
923
931
927
937
924
925
929
936
922
939
934
938
944
941
928
941
929
928
942
950
922
938
932
928
935
917
930
934
936
914
944
941
930
945
933
938
942
929
944
917
941
936
954
942
917
944
934
938
948
926
922
912
918
948
940
937
932
937
935
930
929
941
920
948
949
956
945
930
923
927
912
936
924
922
920
927
920
907
937
924
947
930
929
911
930
948
929
932
927
930
946
933
951
924
916
945
949
912
949
941
952
940
931
945
929
930
917
938
941
928
927
924
944
914
934
930
926
929
948
939
941
921
928
919
925
937
932
934
929
951
943
957
927
898
936
921
913
947
938
937
944
937
932
946
918
923
924
928
947
936
933
921
929
941
941
930
943
939
922
959
927
922
924
933
923
933
911
938
933
935
940
949
944
935
915
943
953
917
923
923
950
925
931
939
942
941
917
931
940
940
934
926
932
951
924
916
925
934
913
922
936
965
916
936
938
919
924
937
936
932
928
917
934
928
924
924
952
938
940
943
915
940
929
914
934
928
934
926
947
925
949
932
919
924
933
933
931
947
934
931
949
933
945
937
935
947
932
927
931
931
930
921
935
939
917
930
932
928
954
935
924
934
930
924
928
924
952
936
918
930
923
926
949
947
931
965
957
934
945
928
929
935
938
937
940
933
926
925
932
917
950
931
946
914
925
935
931
955
921
916
932
945
923
949
911
932
912
958
922
923
932
953
938
941
948
934
933
932
944
942
936
918
922
934
930
928
928
932
930
935
950
932
918
942
954
919
931
919
933
942
935
944
941
924
923
940
934
967
961
939
923
930
944
948
934
922
935
932
941
932
931
959
939
939
943
940
938
936
944
930
928
922
932
920
936
942
946
919
929
929
936
935
931
947
922
935
946
909
912
939
947
941
919
965
921
918
928
940
942
935
949
950
933
945
918
936
921
929
929
942
942
949
949
946
938
957
939
930
926
923
933
928
950
935
941
926
926
923
942
933
959
937
945
926
941
934
931
940
934
918
935
935
931
923
929
935
945
932
935
952
932
938
934
919
932
948
946
928
941
914
940
955
936
947
931
913
926
945
915
924
943
955
954
943
936
918
942
936
913
933
959
924
944
939
935
932
923
918
935
909
928
925
940
927
940
937
940
951
963
933
939
929
944
933
935
937
926
921
947
945
944
914
935
930
941
932
932
941
939
915
954
951
939
938
936
934
955
939
933
944
946
938
921
929
943
944
946
933
928
952
936
936
936
940
935
945
959
940
927
939
946
940
938
947
953
935
929
925
939
942
933
942
938
949
936
937
922
955
936
947
938
926
933
932
936
934
926
943
941
942
929
939
927
933
946
929
932
923
941
925
939
946
943
941
936
939
938
949
930
936
934
944
938
931
945
941
938
951
948
923
930
947
930
943
938
938
926
912
928
939
935
945
947
947
940
923
934
930
942
937
950
919
941
922
949
945
928
935
928
961
933
941
946
935
925
942
951
929
930
954
944
952
951
951
942
926
922
943
929
925
930
916
939
927
940
940
935
938
955
968
935
941
941
949
928
953
924
946
925
946
921
922
934
932
940
948
946
933
926
949
915
957
951
939
925
936
940
940
930
952
913
946
933
941
950
942
945
952
928
946
938
938
927
962
955
934
940
935
936
949
933
918
939
934
936
947
935
936
966
940
910
950
952
954
937
936
958
930
940
952
929
929
924
933
946
931
940
931
927
911
950
926
929
938
933
922
939
925
942
954
936
944
962
929
933
947
933
918
934
939
933
927
946
938
937
934
936
948
932
942
947
945
940
939
947
955
945
931
942
923
928
932
929
936
942
943
931
940
945
968
941
932
942
949
941
943
935
923
953
939
938
945
930
958
925
953
958
920
946
943
949
946
914
935
944
940
931
932
928
954
927
959
933
949
931
926
941
950
924
934
962
930
926
935
940
914
940
941
924
939
958
932
943
928
946
914
940
954
945
937
948
936
926
928
946
939
953
939
938
940
947
954
940
941
937
932
945
943
936
935
938
932
950
928
944
929
932
949
939
935
946
949
948
933
932
940
943
945
972
952
924
927
945
956
933
931
948
944
952
943
941
946
936
923
927
927
939
950
946
950
939
950
935
937
937
944
942
923
925
922
931
934
930
950
947
946
935
954
943
949
915
918
928
937
942
937
930
928
955
932
932
943
952
925
937
945
954
945
946
937
922
944
959
936
943
965
933
944
959
939
947
941
926
934
944
927
946
939
963
933
943
932
950
941
928
946
936
966
945
936
931
934
936
936
932
942
934
930
947
968
958
956
939
951
942
940
937
936
939
938
935
942
947
927
940
937
936
941
947
930
928
942
936
945
941
946
930
943
942
952
928
940
937
934
945
925
925
928
938
928
952
933
943
939
913
944
939
935
939
952
936
947
936
925
941
922
926
955
945
952
930
924
935
945
955
950
946
943
947
926
953
945
949
960
941
923
951
938
947
938
964
953
944
935
942
934
935
936
945
935
949
941
941
936
947
932
944
956
938
931
940
939
936
934
948
956
933
927
952
955
972
945
930
938
938
941
947
933
934
945
942
939
940
945
934
941
935
941
944
938
938
950
941
951
938
944
940
941
947
964
924
922
921
939
935
940
954
946
916
952
935
949
950
942
950
937
946
955
934
963
933
931
954
928
944
934
947
959
934
929
933
945
953
956
943
953
927
962
953
946
934
948
942
943
944
940
939
947
955
938
951
939
974
934
935
935
935
963
954
946
949
944
953
948
937
928
944
935
958
926
950
939
931
939
953
950
952
936
937
930
953
941
963
949
957
943
959
959
952
963
951
952
938
946
945
958
954
963
951
957
958
955
960
922
957
951
927
954
949
941
923
959
949
935
919
951
940
962
960
958
950
950
955
939
958
934
954
940
944
942
945
956
945
944
922
939
941
946
953
948
939
967
965
947
971
962
948
943
967
963
952
944
950
941
962
943
936
955
950
934
958
946
937
947
930
941
954
951
943
944
959
947
948
959
954
949
932
944
947
943
944
951
937
947
935
948
952
957
946
961
945
944
952
952
955
962
966
948
951
935
955
948
942
936
961
946
944
949
963
942
955
967
957
977
968
941
943
949
946
951
957
949
934
938
954
949
946
945
966
956
945
951
939
937
962
952
944
929
935
962
942
954
957
957
965
959
950
942
952
969
946
947
955
951
957
962
976
955
957
955
955
960
956
952
945
949
941
959
957
978
973
946
950
957
971
960
944
958
958
950
948
952
976
954
955
927
955
969
954
943
957
957
960
943
948
957
951
953
943
948
960
942
950
947
947
947
943
956
968
967
944
945
963
963
968
939
950
952
955
962
954
932
946
957
964
943
967
956
939
932
944
948
956
965
972
946
949
954
954
950
967
962
956
951
965
966
941
951
937
929
956
955
950
972
978
971
963
978
938
952
954
966
950
947
941
968
958
948
949
951
933
944
956
959
971
975
980
953
957
945
951
964
968
960
948
949
958
959
957
968
955
948
969
956
968
979
972
966
972
976
964
949
954
945
954
935
950
965
975
966
967
951
977
971
961
958
961
965
955
949
957
958
963
968
973
956
967
957
958
965
956
973
968
975
955
948
983
975
971
937
940
955
966
969
961
958
955
956
939
960
942
967
955
970
945
949
966
960
968
968
963
952
951
946
972
947
951
957
966
965
954
963
960
955
965
974
965
970
951
960
949
942
962
979
953
953
978
972
954
945
954
970
968
959
965
948
961
963
959
968
974
965
975
974
966
961
952
972
976
984
963
974
965
965
977
956
972
979
968
976
967
967
947
948
967
978
954
953
961
966
969
974
958
970
962
972
960
964
972
977
965
956
971
954
961
958
960
954
971
968
970
978
963
977
965
976
986
959
964
965
966
975
962
966
983
975
965
968
962
968
961
969
972
966
976
963
977
975
960
955
970
972
957
972
956
965
971
976
982
959
962
968
975
965
975
972
971
962
974
971
979
971
965
974
964
975
983
954
971
960
966
960
964
967
970
985
981
977
973
959
963
968
965
977
974
962
972
970
977
972
965
983
979
959
955
986
979
975
984
967
964
971
961
973
971
982
967
970
973
973
975
986
987
982
982
971
979
961
968
967
975
987
989
995
984
979
972
967
970
980
971
974
969
979
982
983
980
983
995
989
964
969
977
975
982
974
961
979
963
963
984
974
977
975
956
978
972
982
985
971
962
968
975
975
983
966
966
974
970
972
982
988
984
980
982
975
961
985
989
988
986
985
976
974
975
972
988
987
985
982
986
978
973
983
987
992
991
973
973
965
973
989
988
989
968
998
984
989
983
991
978
980
971
983
984
969
987
994
988
986
987
980
977
982
994
987
976
987
983
977
972
983
989
977
981
977
976
975
995
977
978
964
978
973
982
970
970
989
982
970
984
972
969
987
991
980
995
984
979
989
990
992
996
983
988
988
992
1003
996
979
972
971
979
987
977
975
974
965
987
969
977
988
990
992
989
977
982
979
992
980
981
989
987
1003
987
986
990
984
991
985
985
981
987
983
992
1003
995
990
994
993
982
987
1004
994
983
992
985
994
986
976
975
991
989
994
1001
998
997
990
979
994
982
995
989
996
998
991
999
995
998
990
1006
998
993
994
1006
998
995
995
991
984
986
993
996
993
987
993
993
997
1003
1007
1007
1002
1002
994
992
997
994
984
981
986
991
995
985
989
996
994
986
984
993
998
994
988
994
989
999
1006
1002
991
1009
991
986
987
997
1001
998
1004
1006
1005
1013
1015
1009
1003
993
991
999
995
987
992
997
1005
1001
1007
996
993
996
1007
1003
999
1007
1003
1003
1006
1009
1013
1011
1002
1006
1008
1007
1006
1011
1013
1015
1017
1007
1009
1007
1010
1013
1013
1008
1012
998
1010
1010
1006
1016
1012
1017
1014
1013
1008
1013
1008
1003
1000
1012
1014
1015
1010
1011
1010
1023
1009
1005
1007
1013
1008
1012
1016
1010
1009
1017
1014
1017
1006
1006
1006
1004
1003
1000
1002
997
1003
1007
1011
1002
1013
1005
998
1007
1003
1007
1012
1001
995
1003
1006
1009
1016
1009
1012
1010
1005
1011
1005
1007
1011
1018
1008
1007
1003
1011
1006
1008
1008
1000
1015
1018
1021
1015
1006
1010
1009
1006
1010
1009
996
1010
1008
1003
1023
