1065
919
932
937
930
938
943
940
928
923
957
929
940
923
934
923
907
927
953
955
942
940
948
916
932
945
938
930
922
928
923
939
925
925
939
926
920
933
951
947
950
941
926
930
940
934
939
943
920
935
923
928
934
930
899
924
937
940
950
942
937
937
917
919
913
930
935
937
932
910
919
942
925
942
919
960
929
940
950
942
926
934
934
938
940
935
938
939
947
931
957
948
930
921
925
928
940
937
946
926
931
929
940
948
932
937
941
939
917
939
943
942
929
900
929
930
921
934
931
922
941
927
942
940
939
956
923
919
927
910
936
922
940
937
940
922
934
943
930
944
945
930
931
943
945
933
926
929
930
934
932
936
929
909
940
930
917
932
942
918
932
937
932
945
945
931
953
933
926
928
928
943
937
930
930
930
915
932
943
932
924
942
952
916
940
933
938
915
938
938
916
958
944
934
914
942
957
921
930
920
942
939
934
929
925
926
953
938
938
932
944
939
944
905
935
924
955
928
929
933
933
938
911
916
906
929
940
918
942
938
946
928
914
922
931
938
941
938
930
928
927
930
939
942
924
938
929
934
911
925
932
922
948
943
940
926
925
912
940
926
938
928
929
922
921
923
940
954
936
919
934
940
918
933
943
961
920
926
940
912
929
961
936
914
955
933
924
918
924
937
951
934
919
935
919
941
936
943
924
944
931
922
920
916
936
941
931
929
935
937
944
930
932
950
906
915
945
938
937
928
946
942
930
925
936
915
915
928
921
914
930
957
925
931
951
945
915
935
937
944
942
928
931
931
926
941
926
931
924
934
916
933
927
946
939
915
934
942
937
929
924
941
939
930
936
929
901
933
932
930
946
949
923
922
918
939
939
934
929
963
937
958
953
937
928
940
912
940
936
925
939
929
948
953
947
927
950
948
928
942
927
936
924
918
937
943
940
940
933
936
919
933
916
929
925
930
960
940
931
917
952
939
950
936
899
929
946
920
926
930
940
945
933
912
932
956
934
930
927
935
940
932
925
936
935
927
905
931
926
937
934
898
932
915
942
926
921
945
939
929
922
913
931
939
949
919
922
916
942
946
922
926
908
950
913
910
948
924
929
925
927
944
930
908
926
937
925
913
925
928
921
946
940
930
939
938
946
940
956
925
941
930
947
937
949
931
932
950
937
923
929
934
943
932
958
941
956
939
948
938
924
941
943
940
936
932
935
941
931
957
920
940
936
926
943
944
917
959
949
930
923
942
944
942
928
935
939
931
923
928
940
921
943
936
943
910
928
930
914
932
946
927
948
926
934
930
930
955
938
936
930
944
926
940
935
932
923
942
926
941
925
906
925
932
944
937
946
937
932
938
942
932
933
960
936
926
946
941
924
939
915
920
947
922
916
935
941
928
920
927
924
938
937
916
933
933
937
943
918
935
944
923
938
944
941
942
945
925
946
921
932
920
939
946
925
934
915
949
933
936
942
947
919
920
949
942
938
948
921
925
929
929
945
940
961
941
934
954
942
902
938
943
937
927
930
932
931
941
942
927
926
940
938
936
905
943
951
943
935
914
937
918
940
926
930
940
930
934
936
930
942
927
925
927
929
933
919
948
927
928
931
932
939
946
933
931
909
938
935
948
928
940
928
965
941
941
938
951
944
942
944
944
934
946
929
926
947
944
927
918
941
947
933
937
930
924
940
935
938
949
935
962
944
923
916
923
936
921
946
940
932
938
927
943
941
933
944
933
932
920
957
921
930
929
947
948
930
943
940
934
946
916
950
934
955
930
927
938
943
947
920
947
932
929
935
936
915
926
920
949
931
918
912
916
911
935
932
934
943
943
943
967
946
929
931
915
937
932
925
936
940
963
944
921
934
938
928
931
934
935
938
916
917
945
930
917
927
937
917
926
954
936
946
946
927
954
934
943
917
923
941
951
944
939
923
939
935
921
930
906
930
917
922
950
936
941
940
946
924
946
928
937
925
930
955
922
935
936
941
937
922
936
934
933
927
921
921
912
945
948
951
913
945
934
935
938
939
957
944
947
933
936
915
941
932
944
928
929
919
921
943
940
918
910
928
933
934
937
934
936
936
921
948
946
948
960
951
927
929
922
942
931
930
944
924
922
941
956
928
937
930
923
953
940
943
937
942
911
940
958
927
953
919
939
939
931
933
944
918
934
918
939
935
940
934
953
941
931
929
943
925
932
949
925
939
934
934
943
939
929
920
960
927
939
923
942
941
945
949
949
939
936
928
906
922
908
946
922
940
930
952
952
941
943
926
942
943
924
947
929
906
939
924
931
936
910
938
944
961
938
946
925
912
926
918
931
931
930
927
911
920
922
921
946
918
938
905
928
908
921
930
916
928
943
943
918
943
949
950
940
945
931
934
948
928
944
926
926
909
935
946
952
938
943
941
930
923
924
920
931
930
939
951
925
935
928
933
944
925
926
923
944
936
945
922
943
929
940
918
935
935
924
943
943
941
935
928
911
916
922
923
920
936
926
921
937
944
943
943
941
938
933
920
940
934
930
933
949
936
922
936
925
924
950
926
952
946
941
934
941
955
937
938
933
927
945
938
939
938
940
935
918
914
913
930
930
927
930
935
932
933
922
929
922
918
923
913
935
912
929
922
929
921
925
938
923
955
932
926
952
932
930
925
938
931
913
964
932
948
944
922
936
943
926
939
957
941
955
925
931
949
960
933
929
926
955
935
932
933
924
929
915
942
929
926
961
920
930
918
920
928
928
907
911
947
941
939
920
944
929
945
938
938
930
919
930
925
921
931
923
945
946
942
946
954
957
940
926
951
931
935
944
933
930
928
928
933
935
936
924
950
930
932
922
924
934
918
902
945
937
916
949
948
944
939
943
932
928
938
932
910
912
935
933
939
929
943
934
923
925
922
927
943
941
926
934
940
936
935
933
936
921
931
942
926
938
921
951
943
933
931
949
926
949
931
925
945
949
947
941
922
944
951
927
941
937
939
942
934
930
915
926
932
954
932
923
949
927
928
927
925
953
934
936
955
932
932
934
935
930
922
934
965
943
949
943
931
916
946
940
950
943
950
906
956
952
942
944
940
939
946
898
905
939
903
942
941
938
951
954
944
933
930
947
954
927
944
938
930
938
934
924
922
945
933
917
929
928
937
928
949
926
938
937
937
925
927
925
929
919
938
928
940
928
945
925
928
953
936
936
928
932
935
947
938
929
934
919
929
935
922
937
930
928
925
921
926
910
948
916
942
935
949
917
931
941
946
944
914
961
938
930
937
938
933
940
925
926
933
936
943
932
955
943
943
931
928
939
928
930
940
934
917
937
961
942
954
917
932
936
932
933
936
928
948
943
934
921
930
929
927
926
933
937
962
928
925
923
919
923
935
932
931
940
923
931
946
940
943
945
942
914
945
923
898
926
946
937
937
928
942
935
945
940
927
951
935
931
928
929
926
923
929
924
951
945
929
941
950
921
944
944
940
956
935
931
942
963
932
928
943
920
935
948
950
925
924
946
954
919
954
950
948
943
920
946
944
927
916
929
958
957
937
929
927
940
937
918
917
922
926
923
938
948
934
940
944
937
933
954
932
917
926
934
943
908
950
938
958
954
937
914
927
942
955
925
924
920
941
923
921
939
918
933
947
940
942
959
948
943
930
952
947
938
922
944
946
939
920
935
919
953
926
931
947
928
930
928
937
945
941
929
946
930
952
932
928
939
934
928
921
926
925
932
924
942
939
935
930
934
951
934
938
942
935
932
947
957
938
949
925
910
914
945
943
921
937
934
938
940
936
937
926
946
933
932
911
921
954
932
945
938
926
934
939
943
954
929
941
933
930
925
940
932
946
940
941
926
945
936
946
940
940
913
928
936
930
931
933
924
936
935
925
942
942
949
939
946
942
942
949
936
934
941
933
935
942
939
919
935
949
906
952
947
942
924
942
938
955
936
918
940
934
946
927
938
942
913
952
954
922
914
932
953
923
950
930
939
937
952
941
929
939
934
941
946
948
928
939
947
911
931
935
936
941
942
963
944
938
934
946
935
937
951
932
924
938
949
934
917
919
925
935
919
940
960
943
928
937
956
939
930
936
954
932
914
940
913
933
940
929
927
956
943
932
929
911
941
940
950
935
950
939
945
928
921
935
936
936
933
925
937
953
954
940
933
940
935
924
911
942
913
958
952
923
943
926
910
932
919
927
953
934
939
946
936
924
944
922
923
937
947
948
935
923
940
930
928
934
953
958
947
918
939
921
926
954
933
946
950
924
952
957
939
925
931
946
953
934
941
940
926
939
948
928
917
942
928
929
943
925
960
938
934
929
929
919
949
932
942
942
936
930
924
934
945
937
944
932
935
937
942
924
927
939
952
944
926
946
923
938
943
929
937
920
933
937
934
937
939
926
939
928
936
930
938
935
918
929
941
939
935
930
916
923
946
942
934
960
921
922
943
934
940
961
945
931
938
928
938
943
917
941
921
926
937
939
943
919
939
951
947
933
936
922
914
925
936
940
929
943
948
928
939
934
931
932
941
933
933
945
923
919
932
937
951
925
933
932
907
933
940
945
962
951
958
932
935
935
929
935
935
935
941
921
940
925
933
919
925
918
938
942
939
936
968
943
929
924
937
939
947
925
924
931
930
952
932
956
940
922
935
945
920
955
942
928
938
934
942
954
944
935
921
934
915
916
931
934
948
947
945
939
948
939
955
929
915
926
938
949
947
951
946
930
938
960
947
960
932
944
934
921
938
944
940
939
940
939
953
927
919
922
927
944
930
936
952
954
942
943
950
951
953
933
944
950
946
956
967
933
940
931
936
954
942
939
941
948
951
946
954
948
938
946
952
952
948
958
946
937
962
947
928
931
911
934
932
926
937
941
950
955
933
955
944
917
937
952
952
955
932
937
939
941
922
925
954
944
940
929
949
952
945
922
938
941
941
960
939
944
943
939
954
959
941
947
959
938
932
956
947
947
952
960
945
942
944
940
953
914
939
938
963
953
922
956
935
918
948
937
952
946
959
937
943
930
945
956
938
949
956
949
927
942
932
928
918
937
949
932
935
945
949
943
928
938
954
948
961
932
947
940
935
940
938
926
929
940
953
930
936
944
909
943
934
951
933
955
941
957
938
929
935
934
946
925
946
941
949
951
945
935
954
953
945
952
964
927
928
951
932
952
937
951
940
942
947
938
940
943
952
942
942
942
961
932
943
939
942
916
947
944
942
949
950
944
937
936
931
941
947
944
947
948
944
946
939
943
937
963
932
953
968
938
955
934
944
953
950
950
946
959
958
945
950
954
947
948
950
963
951
952
931
935
937
950
957
958
955
955
936
946
957
954
934
935
943
958
950
958
954
959
955
960
965
955
959
933
947
959
964
945
963
953
951
935
937
952
946
946
955
972
954
959
950
966
955
969
956
958
941
933
965
944
954
943
961
957
975
965
959
955
944
954
973
961
946
964
940
962
966
945
973
960
952
945
953
949
971
960
951
953
942
962
970
957
961
948
953
961
942
975
981
974
964
961
971
962
973
973
955
958
971
954
961
969
977
969
992
979
970
989
990
986
964
973
969
975
976
962
971
975
975
981
984
972
984
987
989
987
998
995
998
999
992
988
984
1002
1004
1010
999
994
995
993
1008
1004
1014
1003
1003
1003
1006
1013
1017
1019
1018
1023
1024
1029
1029
1031
1036
1034
1035
1039
1045
1046
1047
1049
1050
1051
