1065
917
920
933
937
925
918
914
918
923
940
931
938
950
930
944
937
929
924
927
933
934
926
942
952
921
944
930
949
949
958
944
954
946
936
941
949
930
937
942
937
934
929
936
931
940
956
934
954
937
932
935
911
920
931
938
921
925
947
939
931
930
941
933
918
906
928
926
927
954
920
928
915
946
921
937
952
924
939
941
913
931
923
934
918
960
937
940
918
937
940
927
923
956
935
953
901
941
940
950
932
944
937
942
915
923
938
941
929
928
930
942
934
936
938
922
926
933
933
919
927
930
937
935
944
951
919
914
949
939
924
940
948
931
941
930
939
917
956
934
944
928
919
926
941
933
932
935
948
923
917
936
940
927
930
933
935
943
933
911
942
922
928
938
943
921
916
928
929
945
917
913
933
915
935
927
929
940
962
926
926
935
933
938
932
939
929
931
922
925
929
950
935
918
946
936
934
926
943
940
932
932
932
931
953
919
948
937
949
917
936
952
931
929
956
922
934
931
936
925
930
936
947
928
923
920
917
927
940
919
947
945
942
936
932
937
928
917
910
945
956
928
931
950
946
931
937
932
910
939
933
924
932
936
924
932
943
916
932
936
926
929
960
944
939
947
940
919
942
912
948
937
933
922
927
938
940
951
923
931
922
923
947
935
955
949
927
944
945
924
930
938
942
929
919
953
920
949
954
926
933
938
944
955
932
942
943
939
920
906
917
917
918
941
944
937
926
934
934
927
934
934
928
937
931
934
934
915
933
929
948
941
921
931
929
949
955
922
935
927
930
954
943
934
939
947
941
911
944
942
949
935
922
916
942
942
948
933
950
934
930
924
939
960
931
941
916
933
943
931
946
922
947
948
919
933
948
935
922
937
946
942
951
936
945
934
942
938
901
920
916
941
951
923
927
933
929
909
920
925
955
950
935
945
948
920
932
932
940
912
936
938
926
935
932
954
969
940
934
939
929
929
936
926
933
927
942
922
945
942
925
939
933
940
926
930
932
940
942
936
908
938
935
944
957
936
929
930
932
935
942
929
938
916
940
916
942
950
954
930
938
935
948
939
917
912
931
924
941
958
950
938
935
938
944
947
952
937
941
926
938
952
945
927
929
928
926
937
921
933
930
927
946
941
946
933
959
911
925
934
934
912
933
924
940
923
927
959
920
925
920
951
934
949
944
957
953
944
946
944
935
959
930
940
924
952
948
925
929
942
933
936
941
939
941
940
941
935
940
938
931
930
937
944
926
920
940
946
935
957
924
942
943
935
943
931
950
921
945
946
964
934
962
936
920
931
929
952
950
938
929
978
941
937
950
924
916
943
952
918
940
946
942
940
930
943
948
945
935
946
936
945
926
936
967
927
938
943
933
934
928
939
944
921
946
923
930
939
951
942
942
944
937
942
934
940
929
929
923
932
941
939
932
934
931
939
930
928
941
937
926
947
955
942
936
950
936
958
933
938
947
933
940
949
932
930
934
923
937
934
923
953
956
947
948
933
949
941
953
964
922
940
952
944
945
951
939
952
943
934
930
921
942
932
947
945
928
937
921
943
939
924
957
938
935
930
930
952
944
942
955
938
923
953
941
932
933
939
940
937
957
940
937
928
930
949
929
937
921
942
930
938
952
956
953
939
946
947
929
934
955
942
928
964
934
937
945
928
952
950
935
958
959
941
964
933
941
931
939
944
954
940
911
932
935
946
938
934
958
933
951
940
935
957
936
950
940
943
935
936
961
912
928
930
948
937
946
937
950
959
944
946
940
941
958
948
944
948
943
939
950
957
927
906
934
958
958
934
947
945
944
933
947
939
967
935
950
945
933
931
942
950
942
940
945
939
941
936
964
937
956
942
939
936
943
961
954
947
941
952
969
930
946
946
937
959
932
956
952
943
949
960
959
944
941
945
946
948
931
916
954
934
959
948
961
949
966
950
953
936
960
946
945
960
957
940
945
953
951
938
958
948
949
955
947
947
951
946
950
970
958
955
944
961
952
972
957
961
948
941
951
929
937
953
943
943
951
930
959
956
969
956
959
942
931
954
945
964
955
953
969
947
949
979
965
941
978
952
959
944
949
948
950
928
940
948
953
944
947
959
950
964
939
954
957
946
934
948
960
939
946
944
926
935
960
954
946
931
952
956
937
958
968
970
968
963
962
945
940
943
962
971
982
961
959
971
976
954
953
954
964
978
960
961
954
977
958
963
934
958
951
950
946
958
964
969
963
941
966
952
954
958
956
949
944
960
945
952
944
952
968
963
968
984
968
966
959
959
956
959
951
949
948
971
964
945
956
954
953
956
964
958
943
941
948
956
957
953
976
960
937
952
945
961
960
969
963
963
960
954
939
965
965
946
955
959
985
979
967
947
949
954
977
970
953
959
975
965
958
956
957
967
957
972
966
968
974
970
966
955
963
941
953
948
963
957
962
945
964
974
945
974
970
952
970
961
981
985
953
964
966
958
962
969
959
972
976
962
951
961
971
978
964
974
979
995
976
975
953
975
968
970
972
965
987
981
976
972
980
939
966
987
962
962
981
974
967
972
968
954
952
977
978
996
987
972
985
969
979
974
977
977
981
958
972
973
949
972
972
966
980
977
973
983
979
982
973
990
977
974
977
976
974
983
980
971
981
994
975
985
984
982
980
957
991
995
994
988
979
983
989
1002
994
988
979
958
976
973
976
981
976
972
981
999
981
986
996
988
972
963
970
981
981
982
987
987
980
987
993
982
973
969
976
965
972
974
991
1001
988
982
976
977
965
981
975
981
974
982
996
990
973
977
985
989
983
966
990
985
982
978
980
985
983
990
999
990
995
988
977
991
988
982
978
1004
988
999
990
981
984
990
983
985
989
987
995
1000
995
994
984
988
991
992
999
996
989
992
989
994
1003
1006
1005
1003
1000
1005
989
997
992
991
996
997
990
991
1005
1009
989
993
997
1006
1019
1014
1001
1009
988
994
997
999
997
996
989
991
994
991
1000
993
999
996
997
995
997
997
1006
1018
1012
1004
1005
998
1009
1014
1009
1014
1013
1014
1005
1004
1011
1012
1016
1014
1000
1004
1000
1006
1013
1022
1017
1012
1005
1002
1010
1013
1020
1014
1017
1008
1016
1009
1003
1019
1017
1017
1016
1018
1017
1012
1022
1023
1014
1008
1015
1013
1013
1008
1004
1010
1009
1014
1014
1007
1007
1015
1008
1010
1011
1005
1010
1015
1022
1020
1026
1025
1032
1027
1031
1025
1029
1029
1028
1022
1020
1022
1016
1014
1016
1020
1020
1020
1031
1033
1030
1032
1022
1020
1017
1017
1003
1011
1018
1018
1009
1006
1010
1015
1017
1015
1022
1021
1020
1020
1021
1019
1019
1021
1021
1011
1018
1023
1026
1025
1024
1024
1024
1029
1024
1034
1030
1031
1029
1026
1027
1028
1031
1025
1025
1028
1025
1023
1026
1022
1021
1026
1033
1037
1036
1028
1028
1027
1033
1031
1029
1029
1029
1031
1037
1032
1031
1029
1029
1035
1031
1031
1028
1031
1027
1027
1026
1030
1030
1033
1031
1031
1028
1030
1034
1029
1029
1035
1034
1034
1030
1028
1031
1031
1028
1030
1031
1032
1034
1038
1039
1041
1040
1038
1035
1040
1042
1041
1040
1042
1041
1039
1038
1043
1039
1035
1040
1040
1045
1048
1049
1050
1049
1050
1050
1050
1048
1049
1050
1050
1050
1051
1052
1051
1053
1052
1050
1050
1049
1049
1049
1051
1050
1047
1047
1049
1046
1045
1047
1047
1046
1049
1047
1048
1045
1042
1043
1045
1047
1047
1048
1046
1047
1049
1049
1050
1051
1052
1050
1050
1050
1047
1047
1047
1050
1049
1049
1051
1050
1044
1043
1043
1045
1044
1045
1045
1046
1045
1047
1047
1048
1046
1048
1049
1050
1049
1050
1049
1047
1050
1051
1050
1049
1048
1048
1050
1049
1052
1051
1051
1050
1051
1050
1049
1050
1051
1050
1049
1048
1048
1049
1050
1050
1052
1051
1049
1049
1049
1051
1051
1051
1051
1052
1052
1050
1051
1051
1051
1051
1052
1051
1051
1054
1054
1057
1057
1057
1057
1057
1057
1057
1057
1056
1057
1057
1055
1055
1055
1054
1053
1053
1053
1052
1051
1052
1052
1052
1052
1055
1055
1055
1055
1054
1054
1054
1056
1056
1056
1056
1057
1058
1058
1058
1058
1058
1058
1058
1057
1057
1058
1057
1057
1057
1057
1057
1059
1060
1060
1060
1060
1061
1061
1061
1061
1061
1061
1061
1061
1061
1061
1061
1061
1061
1059
1059
1059
1059
1059
1059
1060
1060
1060
1060
1060
1060
1060
1060
1060
1060
1060
1060
1061
1061
1061
1061
1061
1061
1061
1061
1061
1061
1061
1061
1061
1061
1061
1061
1061
1061
1061
1061
1061
1061
1061
1061
1060
1060
1060
1060
1060
1059
1059
1059
1059
1059
1059
1059
1059
1059
1059
1060
1060
1060
1061
1061
1061
1061
1061
1061
1060
1060
1060
1060
1060
1060
1060
1060
1060
1060
1060
1060
1060
1060
1060
1060
1060
1060
1060
1061
1061
1061
1061
1062
1062
1062
1062
1062
1062
1062
1062
1062
1062
1062
1062
1062
1062
1062
1062
1062
1062
1062
1062
1062
1062
1062
1062
1062
1062
1062
1062
1062
1062
1062
1062
1062
1062
1062
1062
1062
1062
1062
1062
1062
1062
1062
1062
1062
1062
1062
1062
1062
1062
1062
1062
1062
1062
1062
1062
1062
1062
1062
1062
1062
1062
1062
1062
1062
1062
1062
1062
1062
1062
1062
1062
1062
1062
1062
1062
1062
1062
1062
1062
1062
1062
1062
1062
1062
1062
1062
1062
1062
1062
1062
1062
1062
1062
1062
1062
1062
1062
1062
1062
1062
1062
1062
1062
1062
1062
1062
1062
1062
1062
1062
1062
1062
1062
1062
1062
1062
1062
1062
1062
1062
1062
1062
1062
1062
1062
1062
1062
1062
1062
1062
1062
1062
1062
1062
1062
1062
1062
1062
1062
1062
1062
1062
1062
1062
1062
1062
1062
1062
1062
1062
1062
1062
1062
1062
1062
1062
1062
1062
1062
1062
1062
1062
1062
1062
1062
1062
1062
1062
1062
1062
1062
1062
1062
1062
1062
1062
1062
1062
1062
1062
1062
1062
1062
1062
1062
1062
1062
1062
1062
1062
1062
1062
1062
1062
1063
1063
1063
1063
1063
1063
1063
1063
1063
1063
1063
1063
1063
1063
1063
1063
1063
1063
1063
1063
1063
1063
1063
1063
1063
1063
1063
1063
1063
1063
1063
1063
1063
1063
1063
1063
1063
1063
1063
1063
1063
1063
1063
1063
1063
1063
1063
1063
1063
1063
1063
1063
1063
1063
1063
1063
1063
1063
1063
1063
1063
1063
1063
1063
1063
1063
1063
1063
1063
1063
1063
1063
1063
1063
1063
1063
1063
1063
1063
1063
1063
1063
1063
1063
1063
1063
1063
1063
1063
1063
1063
1063
1063
1063
1063
1063
1063
1063
1063
1063
1063
1063
1063
1063
1063
1063
1063
1063
1063
1063
1063
1063
1063
1063
1063
1063
1063
1063
1063
1063
1063
1063
1063
1063
1063
1063
1063
1063
1063
1063
1063
1063
1063
1063
1063
1063
1063
1063
1063
1063
1063
1063
1063
1063
1063
1063
1063
1063
1063
1063
1063
1063
1063
1063
1063
1063
1063
1063
1063
1063
1063
1063
1063
1063
1063
1063
1063
1063
1063
1063
1063
1063
1063
1063
1063
1063
1063
1063
1063
1063
1063
1063
1063
1063
1063
1063
1063
1063
1063
1063
1063
1063
1063
1063
1063
1063
1063
1063
1063
1063
1063
1063
1063
1063
1063
1063
1063
1063
1063
1063
1063
1063
1063
1063
1063
1063
1063
1063
1063
1063
1063
1063
1063
1063
1063
1063
1063
1063
1063
1063
1063
1063
1063
1063
1063
1063
1063
1063
1063
1063
1063
1063
1063
1063
1063
1063
1063
1063
1063
1063
1063
1063
1063
1063
1063
1063
1063
1063
1063
1063
1063
1063
1063
1063
1063
1063
1063
1063
1063
1063
1063
1063
1063
1063
1063
1063
1063
1063
1063
1063
1063
1063
1063
1063
1063
1063
1063
1063
1063
1063
1063
1063
1063
1063
1063
1063
1063
1063
1063
1063
1063
1063
1063
1063
1063
1063
1063
1063
1063
1063
1063
1063
1063
1063
1063
1063
1063
1063
1063
1063
1063
1063
1063
1063
1063
1063
1063
1063
1063
1063
1063
1063
1063
1063
1063
1063
1063
1063
1063
1063
1063
1063
1063
1063
1063
1063
1063
1063
1063
1063
1063
1063
1063
1063
1063
1063
1063
1063
1063
1063
1063
1063
1063
1063
1063
1063
1063
1063
1063
1063
1063
1063
1063
1063
1063
1063
1063
1063
1063
1063
1063
1063
1063
1063
1063
1063
1063
1063
1063
1063
1063
1063
1063
1063
1063
1063
1063
1063
1063
1063
1063
1064
1064
1064
1064
1064
1064
1064
1064
1064
1064
1064
1064
1064
1064
1064
1064
1064
1064
1064
1064
1064
1064
1064
1064
1064
1064
1064
1064
1064
1064
1064
1064
1064
1064
1064
1064
1064
1064
1064
1064
1064
1064
1064
1064
1064
1064
1064
1064
1064
1064
1064
1064
1064
1064
1064
1064
1064
1064
1064
1064
1064
1064
1064
1064
1064
1064
1064
1064
1064
1064
1064
1064
1064
1064
1064
1064
1064
1064
1064
1064
1064
1064
1064
1064
1064
1064
1064
1064
1064
1064
1064
1064
1064
1064
1064
1064
1064
1064
1064
1064
1064
1064
1064
1064
1064
