1065
923
935
930
941
949
934
950
927
938
933
928
927
949
940
938
931
943
924
939
923
932
943
947
945
937
937
940
934
958
925
929
931
936
934
939
946
922
943
941
917
932
925
936
918
936
939
935
957
933
946
936
922
927
912
942
937
941
942
940
929
939
939
917
940
929
937
939
928
945
924
932
928
939
945
933
943
938
919
943
945
940
939
926
919
925
932
951
953
920
910
924
932
932
938
920
926
924
949
926
930
935
935
951
920
947
930
935
912
932
942
922
927
919
929
939
933
924
940
933
941
942
930
927
940
957
902
934
922
915
937
932
937
928
924
926
927
941
944
937
938
930
920
948
950
927
934
950
951
922
936
934
947
947
930
943
939
954
937
943
932
947
946
927
936
933
924
927
943
916
940
925
918
942
936
926
937
924
947
940
908
933
935
940
956
920
934
946
936
937
922
915
947
927
934
942
938
935
932
943
930
934
931
939
928
938
935
936
931
938
940
942
952
936
948
930
923
936
925
942
941
937
912
916
939
917
917
925
937
938
949
946
967
940
942
926
927
941
943
933
937
927
918
918
931
911
924
961
922
947
929
936
934
919
942
938
920
947
906
935
938
930
930
947
941
933
936
940
937
929
906
920
935
948
933
938
925
953
945
952
940
934
937
941
923
928
927
924
933
927
935
895
928
918
933
940
951
934
925
946
937
935
926
939
954
931
953
931
921
919
937
909
930
925
914
935
937
934
924
930
941
951
934
942
917
913
940
927
923
937
923
945
899
944
941
930
934
943
933
942
950
928
930
921
939
920
927
939
941
929
945
924
938
931
927
929
935
935
930
926
935
926
919
923
934
951
934
915
936
929
944
946
922
914
929
927
929
958
931
936
952
934
952
935
910
904
947
931
938
934
934
906
944
946
955
929
928
919
952
942
943
955
936
938
923
932
952
928
947
951
923
931
918
922
934
947
951
932
933
927
936
925
925
954
934
937
944
933
942
941
892
924
931
937
916
907
932
931
917
938
937
940
907
926
940
932
932
947
922
925
907
931
925
939
936
948
939
928
920
933
924
942
927
925
946
938
936
930
920
925
922
938
940
953
917
923
924
927
927
930
929
925
928
933
936
943
939
935
939
932
939
930
934
911
928
911
928
930
927
936
946
941
923
934
925
927
920
939
940
915
926
943
945
906
932
909
941
925
937
938
926
933
939
947
935
940
934
933
934
911
942
914
948
940
925
919
933
927
937
939
951
949
939
925
926
922
928
930
930
914
939
932
925
935
924
955
917
927
940
924
933
909
923
919
938
935
952
939
922
942
936
925
931
939
926
931
930
942
954
922
916
945
954
934
928
943
935
935
944
913
929
923
927
930
930
936
948
917
946
942
929
942
936
922
923
933
926
920
935
947
932
945
939
932
933
911
925
950
940
927
946
932
934
925
932
929
948
947
933
945
928
940
931
930
927
935
930
929
919
938
925
929
929
913
933
920
920
933
938
951
944
915
950
938
929
922
922
939
918
933
926
923
900
935
928
927
934
928
930
920
930
915
919
929
922
927
936
966
950
949
916
920
952
938
918
920
940
942
929
931
904
930
940
934
929
955
946
951
942
944
939
942
936
932
930
947
929
947
924
929
936
942
915
923
932
924
958
942
928
934
931
925
941
924
944
919
925
896
930
949
938
954
940
936
930
923
924
934
916
931
922
937
937
938
954
941
933
950
931
921
935
934
917
936
928
940
945
929
946
931
931
948
915
935
930
925
936
924
914
926
941
916
908
912
928
927
927
928
931
926
937
936
931
954
943
949
924
928
922
938
918
934
944
922
933
916
930
914
937
940
926
933
925
954
925
936
929
917
929
945
923
941
961
928
938
940
945
939
944
948
922
915
924
918
941
936
949
937
937
948
930
922
909
941
936
914
926
921
932
928
941
931
899
942
945
935
923
935
920
941
926
935
927
918
942
925
947
930
926
928
934
947
905
917
923
934
918
935
914
941
943
939
921
933
936
925
930
929
949
922
935
950
944
952
925
935
918
925
956
924
925
946
932
936
931
929
940
930
946
941
927
932
933
930
924
946
941
941
937
936
926
925
954
921
930
930
917
940
930
923
928
931
934
929
921
929
924
935
941
933
934
934
946
941
946
941
937
915
923
925
939
922
923
946
925
954
922
935
930
929
932
946
932
940
936
935
957
906
930
938
917
918
963
941
912
943
911
914
927
937
936
944
933
943
935
946
923
950
923
949
933
926
937
911
937
949
924
955
936
924
926
936
932
929
899
921
928
929
937
944
954
938
948
935
944
947
949
932
946
942
933
905
935
921
919
925
939
931
928
934
937
942
935
924
933
936
918
924
917
935
946
936
935
943
943
955
915
939
929
945
939
933
911
947
918
944
939
946
929
935
916
923
918
944
944
929
930
939
921
924
916
933
940
929
937
949
943
928
936
923
935
917
931
923
926
921
930
923
918
941
943
910
945
934
928
942
921
931
923
939
933
927
921
949
905
928
939
938
924
944
936
919
932
925
939
954
932
954
938
928
946
952
937
943
941
931
936
938
928
931
918
929
930
942
949
942
928
923
938
949
945
940
925
954
948
931
916
945
932
934
939
937
929
963
938
956
954
934
931
933
927
942
938
945
932
936
926
912
924
929
905
939
934
939
938
948
940
908
940
927
936
948
957
925
936
932
934
943
939
930
932
928
931
914
929
956
920
939
933
928
925
929
933
923
944
924
937
918
930
935
945
931
931
935
906
944
918
928
938
926
933
947
948
922
928
937
934
945
931
938
914
934
942
924
949
946
946
920
928
928
934
920
941
930
922
936
919
930
928
942
939
939
940
915
942
940
945
936
946
924
928
929
930
948
935
913
944
928
940
927
917
924
926
950
948
941
937
927
944
929
942
926
961
927
950
939
937
923
944
926
939
923
917
931
918
958
947
935
958
942
926
934
940
927
941
934
927
934
945
923
920
924
928
935
941
940
942
933
947
937
951
931
916
944
923
928
934
932
924
911
941
929
944
929
939
940
947
928
928
929
926
921
910
920
933
946
925
932
967
956
919
928
926
929
945
936
932
916
939
940
936
923
928
941
936
941
942
933
937
926
946
949
939
931
944
925
943
939
918
944
917
916
929
945
939
925
935
945
930
921
930
945
938
939
923
929
925
920
936
925
940
922
939
938
939
937
946
946
920
951
921
931
950
933
931
930
935
950
938
936
950
935
934
950
916
937
927
935
919
919
930
925
924
930
947
943
936
942
926
928
940
943
917
928
952
933
931
940
940
921
932
925
937
924
920
929
937
939
929
940
925
937
931
943
924
940
932
969
912
931
930
938
911
933
918
920
948
934
936
918
909
936
943
941
928
954
933
928
937
941
945
937
931
921
927
930
926
923
933
932
932
922
932
935
920
939
935
921
932
963
921
939
946
931
918
938
925
930
939
920
938
934
939
939
946
959
939
932
920
941
942
929
920
936
938
952
936
930
922
923
914
929
933
939
928
946
926
924
928
928
936
921
938
934
932
933
925
947
937
918
916
940
942
951
940
926
936
931
919
944
927
937
955
946
949
928
928
919
918
929
923
922
927
923
929
923
933
936
933
942
920
916
945
936
926
920
936
919
936
934
932
935
924
931
941
946
934
936
926
945
926
937
918
927
952
931
915
935
933
935
958
940
923
926
931
923
932
912
930
935
923
921
943
930
929
931
930
946
930
929
941
939
929
947
943
920
925
939
939
929
944
944
935
943
947
924
927
930
951
921
947
940
938
946
930
922
947
960
922
935
925
933
938
929
926
939
936
918
939
902
931
934
926
949
922
919
939
941
936
907
930
924
934
929
911
935
919
894
925
913
941
943
933
930
932
916
936
931
925
940
911
932
930
934
926
923
924
954
932
931
928
923
930
927
941
917
936
925
939
943
933
928
936
917
918
923
929
930
920
912
932
937
929
931
935
944
945
914
930
923
935
931
940
942
932
933
925
922
931
938
944
923
951
938
917
949
939
948
930
911
925
946
920
928
918
936
949
942
924
918
934
919
932
917
909
921
938
913
940
927
896
944
929
936
940
925
917
886
927
905
924
936
913
942
940
940
921
940
922
933
928
955
935
946
944
936
929
919
963
936
951
934
929
939
921
924
920
927
915
952
953
909
940
924
938
942
935
948
938
939
942
935
945
938
937
936
952
950
928
930
939
940
937
951
935
936
925
919
927
924
948
929
926
955
925
928
939
939
921
940
938
949
944
929
944
960
922
935
923
945
946
940
919
938
930
923
940
936
953
936
925
910
936
950
942
940
941
948
948
927
937
924
927
932
934
936
933
920
915
942
924
940
939
943
942
945
923
942
919
928
944
945
943
920
925
923
938
922
936
935
944
944
936
958
947
949
936
945
944
938
930
938
929
922
946
920
952
943
935
930
952
937
942
935
943
952
943
950
922
930
948
926
948
947
934
928
939
952
928
940
939
948
946
937
927
940
936
948
931
929
929
923
932
917
955
934
935
926
928
936
945
934
923
925
911
960
940
925
935
951
941
935
936
934
955
928
914
920
928
919
930
934
928
927
959
929
920
892
935
930
949
949
932
937
919
927
916
944
931
947
931
936
943
945
938
941
930
922
925
937
941
937
935
951
924
944
939
923
950
922
919
923
935
941
940
939
934
925
923
942
943
935
934
938
922
938
946
930
947
923
941
934
929
917
923
934
918
930
925
923
929
915
936
935
923
936
919
920
926
949
935
933
942
951
947
941
925
927
925
920
943
948
926
919
935
943
923
939
933
922
915
924
928
928
925
929
930
936
931
927
942
950
920
932
946
928
940
936
949
914
931
923
929
914
911
937
922
938
912
924
932
943
934
929
924
939
949
922
926
941
937
924
917
924
943
941
947
916
914
932
933
949
938
943
922
940
918
946
946
929
946
928
949
938
942
940
922
921
924
919
929
947
932
923
942
943
932
915
931
920
918
935
924
937
941
930
940
910
930
944
950
919
935
940
926
938
940
946
931
949
921
936
930
941
940
925
959
946
935
945
913
942
943
938
930
947
949
931
934
943
933
931
936
957
942
934
930
922
925
930
935
943
942
947
933
944
938
932
927
940
925
933
934
937
949
922
907
923
931
939
950
916
925
952
926
948
928
927
946
943
915
931
929
940
924
931
945
940
948
934
930
947
921
933
918
939
931
937
925
927
953
914
953
926
901
924
922
917
905
939
930
930
940
926
919
940
925
932
926
935
937
928
940
924
932
925
945
950
922
942
934
953
949
951
949
938
931
928
924
934
942
934
932
916
940
918
912
924
941
947
957
948
938
954
929
919
918
943
926
930
926
928
934
944
926
927
928
923
939
929
930
941
921
933
935
939
916
940
914
943
946
938
953
947
917
930
943
939
955
938
930
944
949
936
929
923
927
931
950
935
943
945
939
928
934
931
923
936
927
929
925
930
916
929
920
929
922
931
937
912
936
941
926
938
935
921
943
945
934
926
913
937
943
920
924
922
934
930
941
946
929
938
934
920
952
945
934
937
932
928
913
928
925
930
948
928
939
934
931
958
936
913
933
921
928
931
933
949
925
926
947
923
962
931
943
930
917
917
942
938
945
933
912
930
922
947
923
932
953
944
945
940
931
912
928
928
929
932
923
924
919
926
937
951
924
937
935
927
951
911
914
927
920
936
929
934
934
948
924
940
977
