1065
921
930
938
942
938
919
929
955
933
932
938
926
928
912
926
941
933
939
941
949
927
923
916
935
923
924
929
914
920
944
939
942
925
911
937
939
943
915
937
949
933
930
928
924
925
930
928
921
936
934
946
920
924
935
941
933
934
916
930
915
927
945
933
935
931
957
932
939
922
925
952
950
941
929
945
932
926
944
926
947
932
938
956
910
924
948
934
935
915
935
917
934
934
949
953
941
912
923
950
959
935
930
952
908
942
941
939
932
941
960
935
913
929
932
937
928
937
933
902
909
925
951
927
932
941
935
925
927
939
934
941
941
913
943
935
938
922
922
918
935
937
935
937
926
932
930
945
953
918
901
919
934
942
956
947
933
931
917
952
949
940
918
947
934
930
926
933
953
941
942
933
929
935
935
942
937
921
935
927
941
939
951
923
919
926
926
947
939
941
952
944
929
920
944
921
943
917
914
933
930
934
921
927
949
944
925
926
924
936
923
935
928
937
921
934
937
931
940
935
913
929
933
927
928
927
944
935
915
930
930
948
910
933
927
949
932
942
924
928
929
929
922
917
941
935
926
941
923
902
925
923
935
925
916
932
937
927
926
957
913
919
942
944
933
935
931
923
923
939
943
915
914
919
919
936
941
938
962
920
951
923
928
929
947
925
919
931
948
931
949
930
950
943
932
943
924
944
933
920
926
932
929
941
924
915
936
911
948
925
936
922
930
939
945
911
937
937
931
931
921
941
922
931
932
932
918
951
933
945
932
911
928
930
918
940
943
936
948
954
921
916
943
935
934
947
934
943
932
949
933
922
920
929
936
922
917
928
950
928
932
927
924
932
927
935
934
935
929
916
931
921
951
930
933
927
910
930
930
939
925
909
935
943
939
941
928
932
931
919
933
951
929
923
914
938
915
914
927
944
925
934
933
939
924
925
929
958
940
910
928
936
927
934
938
940
946
928
927
925
934
958
943
943
933
956
950
917
929
934
938
926
938
911
922
922
934
927
937
934
944
947
934
928
926
917
932
933
944
938
925
927
929
932
937
943
929
925
947
935
930
921
910
939
927
901
933
945
918
937
929
936
920
921
954
943
911
932
939
936
949
933
945
938
942
945
921
921
925
922
935
935
940
939
918
927
929
921
929
934
948
924
907
945
941
935
937
941
936
922
928
944
912
910
923
919
941
910
943
927
941
942
916
939
942
942
920
932
938
935
943
946
938
935
939
948
938
923
950
940
939
929
930
924
935
938
924
934
926
923
949
945
942
925
942
920
963
941
939
929
939
953
930
939
948
941
939
946
942
951
932
932
930
936
939
938
938
931
947
928
932
899
917
927
927
931
928
935
929
936
938
924
939
922
944
950
942
942
927
936
945
925
957
946
927
931
930
897
928
935
947
941
942
913
949
948
936
923
925
942
920
932
935
925
945
936
929
937
913
945
921
930
926
915
946
938
932
932
932
925
941
908
915
928
936
944
937
954
919
926
923
935
934
923
928
934
925
929
937
934
939
912
934
923
913
914
945
946
930
937
931
936
932
917
928
922
927
919
915
916
930
929
938
939
953
925
922
943
943
945
918
934
945
935
935
941
944
921
922
936
912
937
948
934
958
932
931
923
930
917
926
925
936
946
942
939
943
930
936
911
906
916
935
943
918
913
932
911
954
929
931
945
932
936
938
937
923
931
948
934
946
958
925
935
924
935
951
933
926
922
916
930
938
928
948
928
947
945
937
933
933
916
935
906
942
946
927
931
936
930
931
929
963
947
937
932
935
926
928
931
921
941
922
937
941
934
948
923
941
929
948
920
935
936
921
940
929
940
933
942
935
935
939
937
930
924
931
932
924
908
918
912
957
944
940
922
918
915
923
908
941
946
916
929
931
941
958
927
916
922
922
926
937
938
946
913
924
939
941
932
935
928
932
927
943
928
930
942
921
935
918
919
934
937
927
934
933
913
931
924
943
940
960
927
917
902
930
923
912
925
930
930
942
936
934
937
928
927
935
931
921
933
945
920
935
922
937
937
939
926
937
924
954
931
942
937
944
942
923
939
940
928
943
939
949
918
955
939
916
938
919
925
927
929
930
907
919
936
907
924
928
945
933
937
931
953
918
927
922
926
934
935
935
924
921
914
936
938
945
918
933
933
948
930
933
943
917
923
936
950
940
949
942
936
925
917
930
926
934
930
927
932
911
925
945
947
940
947
930
937
928
945
926
941
956
927
944
901
931
922
935
958
937
933
947
930
924
920
924
942
921
925
952
945
936
926
927
936
917
935
935
928
929
936
936
915
933
943
937
940
921
924
913
944
927
939
920
941
940
917
927
956
921
922
954
934
941
916
948
938
926
928
913
943
945
917
927
938
922
937
932
925
954
940
941
933
932
936
928
935
934
925
924
929
918
944
946
936
916
930
928
946
948
922
922
931
937
911
931
954
938
940
925
922
929
928
952
953
940
944
929
944
937
942
938
939
925
918
945
915
928
929
923
944
936
936
922
949
912
934
917
932
927
926
914
942
925
897
960
949
949
946
935
953
929
947
934
922
937
928
944
938
937
940
950
943
933
934
947
921
940
935
932
940
920
919
915
927
928
933
927
944
951
931
916
909
947
922
928
935
941
943
932
918
936
928
945
933
928
926
917
916
936
951
925
935
935
912
941
936
935
919
938
919
930
927
934
935
931
926
940
949
936
948
943
941
950
913
935
939
924
931
951
927
940
928
927
945
936
933
934
958
928
929
922
929
926
930
917
924
955
901
926
922
936
931
918
916
940
929
930
923
932
923
949
937
928
944
950
922
926
933
943
928
936
932
944
934
945
923
922
934
948
933
929
943
936
918
910
918
944
931
932
930
945
929
908
929
927
943
935
923
948
929
911
920
927
929
944
924
925
950
921
915
945
927
946
923
944
912
939
946
938
960
919
918
930
915
935
936
930
938
927
941
924
947
945
937
932
922
934
923
920
940
921
937
936
939
938
903
931
944
930
933
940
948
895
930
945
927
933
930
927
928
924
931
918
918
941
932
931
910
932
915
925
930
924
936
938
924
943
939
930
918
932
949
932
918
942
924
944
929
932
937
937
937
938
918
917
941
955
927
935
941
924
931
937
924
933
917
933
939
941
940
941
933
944
931
931
922
934
943
936
933
934
927
916
913
931
946
925
933
950
963
943
921
933
934
948
934
936
949
931
933
917
931
942
934
928
936
940
936
923
943
941
924
920
928
933
950
936
928
950
942
926
932
940
926
940
944
936
927
943
934
950
927
924
928
929
923
936
933
917
937
936
922
937
931
896
917
939
917
924
926
919
934
931
936
931
938
941
943
941
933
939
922
947
959
913
935
915
946
928
916
925
928
944
918
932
925
943
943
941
937
949
946
936
930
916
933
915
931
927
929
931
923
939
945
938
914
905
942
931
908
936
931
925
913
943
931
943
924
951
935
920
941
932
924
962
923
954
948
918
936
962
941
937
911
934
935
931
937
918
936
945
942
938
941
927
933
916
940
946
930
941
924
930
931
939
932
948
938
946
935
948
937
963
937
953
950
931
947
934
917
939
912
927
915
925
937
921
914
938
936
943
944
928
950
908
915
941
938
926
912
938
927
932
946
938
930
942
932
933
927
962
916
915
916
919
926
932
946
930
925
923
927
947
924
957
935
920
943
934
919
910
929
921
933
923
929
946
938
925
921
913
928
928
926
960
939
933
934
930
913
933
945
929
920
933
950
938
939
926
916
952
937
943
938
923
929
914
937
942
920
951
930
929
938
915
954
912
960
931
933
917
941
942
934
934
932
917
931
942
920
963
934
922
930
930
922
930
935
936
947
937
935
919
936
954
921
935
935
941
935
934
933
954
926
929
917
936
928
919
929
941
948
947
932
929
944
943
939
933
940
940
946
934
951
936
928
945
932
919
939
934
932
925
944
941
938
931
947
928
922
927
946
936
945
925
951
938
937
928
910
949
940
958
928
931
936
931
928
923
921
942
920
944
946
924
922
941
950
936
937
935
918
920
926
936
937
936
962
929
934
927
927
944
932
947
928
941
925
952
943
943
937
942
947
937
943
929
939
916
916
946
951
924
914
929
931
932
927
945
929
934
936
938
940
928
931
934
919
933
933
941
935
928
917
935
922
948
941
945
969
948
932
940
924
949
937
922
935
942
933
919
944
934
932
938
938
932
951
927
948
929
930
925
935
939
922
929
941
911
939
946
959
936
927
917
949
938
945
933
934
943
942
966
943
936
921
935
920
938
923
924
936
942
947
917
928
951
936
942
952
963
932
921
926
925
921
945
938
918
922
932
945
935
927
937
917
938
919
919
927
923
925
946
932
935
918
919
939
930
923
938
929
949
932
944
914
925
935
930
941
928
943
931
955
935
943
937
947
920
926
912
934
928
916
945
936
936
940
929
929
932
944
933
934
941
937
942
919
954
930
935
939
939
924
933
919
932
919
944
930
937
925
914
923
946
948
932
912
943
948
947
937
934
935
948
936
932
925
930
935
939
945
948
933
939
922
934
942
935
932
943
941
931
925
923
938
916
924
939
936
936
943
916
923
930
930
928
934
935
948
944
935
950
940
943
933
928
940
936
927
947
932
928
930
936
941
950
931
914
949
932
936
948
938
924
931
941
929
933
915
934
908
906
944
937
941
937
949
946
939
917
916
918
937
945
934
957
949
931
923
917
935
951
910
943
936
912
915
930
936
936
927
924
939
956
932
942
935
930
939
926
923
945
936
946
920
930
947
927
931
929
923
932
945
914
934
919
941
926
928
931
945
938
943
934
935
931
937
923
926
911
930
928
917
929
918
926
944
919
934
927
923
919
937
929
934
926
940
957
933
916
949
944
944
920
928
942
935
941
923
936
941
944
941
923
927
933
912
928
954
936
942
950
942
937
936
926
940
927
942
929
943
952
943
931
913
945
949
933
939
955
922
922
918
935
936
951
954
910
921
924
951
935
921
934
944
949
933
934
922
947
936
937
909
929
948
939
945
958
923
922
959
911
923
937
951
938
936
921
948
930
914
925
934
928
945
927
930
941
935
935
929
930
930
930
919
935
933
942
929
936
942
942
942
950
947
932
939
933
929
947
921
948
943
937
943
952
964
942
949
926
934
918
941
926
950
944
940
943
946
928
930
914
920
954
936
938
944
931
937
942
938
942
946
938
940
945
950
936
952
931
946
956
930
950
941
924
919
932
932
948
951
926
935
953
942
960
948
920
924
934
929
913
949
932
934
931
942
924
927
937
942
932
958
910
947
937
932
935
937
961
941
939
924
955
945
950
944
945
931
928
941
953
938
956
940
931
943
928
943
932
942
925
926
945
941
953
944
949
933
936
934
925
929
951
959
946
952
927
938
931
944
932
940
949
932
917
941
961
944
939
953
958
953
937
955
950
957
945
960
954
939
953
953
957
955
929
919
936
937
961
934
938
940
960
960
945
958
953
956
966
952
938
941
933
931
951
965
934
939
939
956
954
938
955
939
936
952
938
938
961
962
951
944
937
941
945
942
960
957
958
928
947
941
961
957
954
958
951
948
945
942
954
957
947
945
953
954
970
964
965
957
949
955
962
963
953
950
955
964
955
944
943
960
957
950
956
961
964
969
964
982
981
983
977
975
982
985
986
980
985
974
978
979
997
1007
1002
1018
1013
1010
1017
1020
1024
1028
1033
1037
1043
