1065
928
945
927
936
942
915
929
949
944
908
943
923
935
914
915
949
942
930
937
938
956
921
911
939
929
943
920
946
961
935
918
935
935
940
921
917
925
939
925
932
931
922
934
913
928
914
938
924
930
930
929
942
921
910
933
945
945
934
908
926
925
936
934
924
935
931
922
940
935
927
923
927
935
930
941
938
932
910
925
923
929
938
943
939
938
959
936
923
929
942
953
937
941
933
944
927
933
905
915
932
933
927
933
930
936
929
932
936
935
940
933
918
896
926
933
940
925
940
907
941
926
928
927
924
928
931
933
949
959
930
930
930
941
923
934
929
932
940
918
951
936
937
939
907
931
913
925
931
911
926
931
934
940
939
944
936
958
917
938
917
929
951
942
920
937
938
931
924
918
915
939
955
947
951
949
954
935
955
945
929
916
952
948
911
921
938
919
913
914
926
917
915
917
935
930
932
948
934
938
924
932
910
932
945
936
917
938
935
941
920
942
929
910
922
930
931
941
929
920
942
939
906
924
920
907
925
952
941
944
935
908
933
910
929
942
960
921
930
942
929
937
915
947
936
940
945
932
939
932
932
900
923
937
951
938
920
933
932
920
914
929
934
934
950
923
925
923
937
928
926
927
948
930
929
954
937
944
901
932
939
914
919
926
913
938
926
933
938
945
925
929
953
944
948
951
957
939
931
931
932
924
915
926
927
911
940
930
933
923
933
940
943
927
930
934
949
927
923
945
935
927
931
940
952
947
953
921
920
945
942
911
935
919
918
937
928
904
934
926
935
935
930
936
931
921
930
950
933
920
936
916
932
949
935
937
926
945
909
927
942
936
921
932
927
944
923
945
926
930
938
943
932
936
939
926
966
954
942
946
919
928
947
922
951
935
943
915
926
926
950
917
929
923
927
941
934
941
942
943
926
942
947
933
919
924
932
935
926
955
927
927
952
937
913
926
940
922
929
943
931
933
928
922
928
939
921
936
929
953
930
939
937
922
941
931
919
938
929
936
926
947
931
906
936
914
953
933
935
946
905
929
926
937
924
944
936
935
935
944
935
914
934
922
953
949
942
939
942
955
917
942
925
941
919
918
933
907
918
913
944
941
955
930
945
926
939
928
926
936
912
940
918
949
933
943
949
955
933
943
936
932
931
956
943
936
921
920
929
922
941
929
925
953
929
927
952
928
944
929
918
931
947
952
936
956
943
923
931
945
936
951
914
941
930
949
931
938
919
913
935
927
948
933
924
941
930
933
940
940
934
926
945
949
925
935
924
926
933
923
946
933
943
927
921
941
930
947
928
937
946
918
954
929
954
951
950
940
921
944
926
948
927
917
953
931
928
933
935
932
924
951
951
922
924
937
931
930
935
940
937
920
925
934
933
941
941
943
938
919
943
935
921
943
931
927
934
931
920
939
924
946
952
953
928
932
937
946
911
922
940
930
919
927
930
928
956
942
933
944
919
930
934
928
943
938
942
908
919
934
943
947
925
925
935
929
930
929
923
924
924
935
916
933
917
914
933
926
941
951
931
945
931
935
927
937
923
930
924
935
944
945
935
952
934
940
939
927
920
921
915
934
939
948
920
919
949
929
917
924
937
945
926
907
917
949
948
947
927
950
934
936
924
937
909
915
952
939
933
930
942
927
930
939
915
933
951
951
929
930
920
920
905
947
947
934
950
912
930
930
931
910
923
928
912
923
940
919
949
921
938
949
945
941
932
931
941
943
938
947
926
945
956
952
937
943
931
932
934
923
930
928
919
939
954
943
933
934
941
912
944
935
950
926
933
940
922
926
944
931
921
936
925
916
920
936
943
926
950
930
916
951
941
938
941
924
932
937
956
938
908
935
943
948
947
935
937
928
939
931
932
920
909
907
932
910
942
935
928
949
922
947
949
936
926
943
933
927
925
947
939
918
914
930
941
925
946
925
921
917
928
934
933
918
931
940
938
931
925
939
937
944
950
944
946
938
929
901
929
939
939
935
939
910
928
943
938
926
915
938
938
930
918
947
943
925
933
950
939
922
935
933
923
927
933
952
947
930
950
935
918
926
946
937
922
947
925
923
943
940
939
920
931
925
948
945
952
939
931
934
935
925
924
900
922
937
918
946
933
941
924
950
928
920
932
939
942
929
929
918
932
939
940
937
938
936
933
933
920
938
950
935
938
909
946
926
929
940
922
926
938
936
923
928
946
942
916
904
928
949
942
939
912
925
939
953
941
952
933
939
939
952
937
918
942
919
935
931
949
935
952
939
957
925
948
934
938
936
932
970
938
947
946
903
909
944
942
926
929
912
931
912
925
914
943
932
956
925
945
951
947
937
933
941
925
927
924
934
927
947
931
939
933
926
935
916
933
936
916
944
947
926
926
929
937
944
938
930
949
925
933
918
920
929
926
936
937
927
922
923
922
930
939
918
927
952
933
936
943
919
937
936
934
951
936
937
944
937
938
912
909
919
967
939
923
920
937
945
913
943
924
941
933
926
947
934
927
923
933
941
941
938
944
928
932
937
927
937
952
937
933
932
945
928
930
925
943
924
937
949
948
937
956
948
950
933
943
923
936
938
924
901
904
927
918
931
923
920
935
935
932
947
937
939
924
950
930
916
941
948
925
924
934
935
930
945
923
916
928
926
935
946
934
938
925
929
915
927
933
936
924
931
931
941
938
925
939
940
950
944
946
947
940
937
933
928
925
917
949
928
931
914
917
942
928
928
924
922
932
934
940
921
931
941
927
930
940
934
935
929
945
953
918
946
943
931
938
935
940
944
938
946
936
939
934
929
918
940
923
923
920
925
933
933
954
939
944
943
921
920
932
918
928
936
924
931
921
922
930
932
944
931
967
1002
1013
1021
1024
1031
1034
1035
1037
1038
1039
1040
1040
1040
1044
1045
1045
1046
1046
1046
1046
1046
1046
1046
1046
1046
1046
1046
1046
1048
1049
1050
1050
1051
1052
1052
1053
1053
1053
1053
1053
1053
1053
1053
1053
1053
1053
1054
1054
1054
1054
1054
1054
1054
1055
1055
1055
1055
1055
1055
1056
1056
1056
1056
1056
1056
1056
1056
1056
1056
1056
1056
1056
1056
1056
1056
1056
1057
1057
1057
1057
1057
1057
1057
1057
1057
1058
1058
1058
1058
1058
1058
1058
1058
1058
1058
1058
1058
1058
1058
1058
1058
1058
1058
1058
1058
1058
1058
1058
1058
1058
1058
1058
1058
1059
1059
1059
1059
1059
1059
1059
1059
1059
1059
1059
1059
1059
1059
1059
1060
1060
1060
1060
1060
1060
1060
1060
1060
1060
1060
1060
1060
1060
1060
1060
1060
1060
1060
1060
1060
1060
1060
1060
1060
1060
1060
1060
1060
1060
1060
1060
1060
1060
1060
1060
1060
1060
1060
1060
1060
1060
1060
1060
1060
1060
1060
1060
1060
1060
1060
1060
1060
1061
1061
1061
1061
1061
1061
1062
1062
1062
1062
1062
1062
1062
1062
1062
1062
1062
1062
1062
1062
1062
1062
1062
1062
1062
1062
1062
1062
1062
1062
1062
1062
1062
1062
1062
1062
1062
1062
1062
1062
1062
1062
1062
1062
1062
1062
1062
1062
1062
1062
1062
1062
1062
1062
1062
1062
1062
1062
1062
1062
1062
1062
1062
1062
1063
1063
1063
1063
1063
1063
1063
1063
1063
1063
1063
1063
1063
1063
1063
1063
1063
1063
1063
1063
1063
1063
1063
1063
1063
1063
1063
1063
1063
1063
1063
1063
1063
1063
1063
1063
1063
1063
1063
1063
1063
1063
1063
1063
1063
1063
1063
1063
1063
1063
1063
1063
1063
1063
1063
1063
1063
1063
1063
1063
1063
1063
1063
1063
1063
1063
1063
1063
1063
1063
1063
1063
1063
1063
1063
1063
1063
1063
1063
1063
1063
1063
1063
1063
1063
1063
1063
1063
1063
1063
1063
1063
1063
1063
1063
1063
1063
1063
1063
1063
1063
1063
1063
1063
1063
1063
1063
1063
1063
1063
1063
1063
1063
1063
1063
1063
1063
1063
1064
1064
1064
1064
1064
1064
1064
1064
1064
1064
1064
1064
1064
1064
1064
1064
1064
1064
1064
1064
1064
1064
1064
1064
1064
1065
1065
1065
1065
1065
1065
1065
1065
1065
1065
1065
1065
1065
1065
1065
1065
1065
1065
1065
1065
1065
1065
1065
1065
1065
1065
1065
1065
1065
1065
1065
1065
1065
1065
1065
1065
1065
1065
1065
1065
1065
1065
1065
1065
1065
1065
1065
1065
1065
1065
1065
1065
1065
1065
1065
1065
1065
1065
1065
1065
1065
1065
1065
1065
1065
1065
1065
1065
1065
1065
1065
1065
1065
1065
1065
1065
1065
1065
1065
1065
1065
1065
1065
1065
1065
1065
1065
1065
1065
1065
1065
1065
1065
1065
1065
1065
1065
1065
1065
1065
1065
1065
1065
1065
1065
1065
1065
1065
1065
1065
1065
1065
1065
1065
1065
1065
1065
1065
1065
1065
1065
1065
1065
1065
1065
1065
1065
1065
1065
1065
1065
1065
1065
1065
1065
1065
1065
1065
1065
1065
1065
1065
1065
1065
1065
1065
1065
1065
1065
1065
1065
1065
1065
1065
1065
1065
1065
1065
1065
1065
1065
1065
1065
1065
1065
1065
1065
1065
1065
1065
1065
1065
1065
1065
1065
1065
1065
1065
1065
1065
1065
1065
1065
1065
1065
1065
1065
1065
1065
1065
1065
1065
1065
1065
1065
1065
1065
1065
1065
1065
1065
1065
1065
1065
1065
1065
1065
1065
1065
1065
1065
1065
1065
1065
1065
1065
1065
1065
1065
1065
1065
1065
1065
1065
1065
1065
1065
1065
1065
1065
1065
1065
1065
1065
1065
1065
1065
1065
1065
1065
1065
1065
1065
1065
1065
1065
1065
1065
1065
1065
1065
1065
1065
1065
1065
1065
1065
1065
1065
1065
1065
1065
1065
1065
1065
1065
1065
1065
1065
1065
1065
1065
1065
1065
1065
1065
1065
1065
1065
1065
1065
1065
1065
1065
1065
1065
1065
1065
1065
1065
1065
1065
1065
1065
1065
1065
1065
1065
1065
1065
1065
1065
1065
1065
1065
1065
1065
1065
1065
1065
1065
1065
1065
1065
1065
1065
1065
1065
1065
1065
1065
1065
1065
1065
1065
1065
1065
1065
1065
1065
1065
1065
1065
1065
1065
1065
1065
1065
1065
1065
1065
1065
1065
1065
1065
1065
1065
1065
1065
1065
1065
1065
1065
1065
1065
1065
1065
1065
1065
1065
1065
1065
1065
1065
1065
1065
1065
1065
1065
1065
1065
1065
1065
1065
1065
1065
1065
1065
1065
1065
1065
1065
1065
1065
1065
1065
1065
1065
1065
1065
1065
1065
1065
1065
1065
1065
1065
1065
1065
1065
1065
1065
1065
1065
1065
1065
1065
1065
1065
1065
1065
1065
1065
1065
1065
1065
1065
1065
1065
1065
1065
1065
1065
1065
1065
1065
1065
1065
1065
1065
1065
1065
1065
1065
1065
1065
1065
1065
1065
1065
1065
1065
1065
1065
1065
1065
1065
1065
1065
1065
1065
1065
1065
1065
1065
1065
1065
1065
1065
1065
1065
1065
1065
1065
1065
1065
1065
1065
1065
1065
1065
1065
1065
1065
1065
1065
1065
1065
1065
1065
1065
1065
1065
1065
1065
1065
1065
1065
1065
1065
1065
1065
1065
1065
1065
1065
1065
1065
1065
1065
1065
1065
1065
1065
1065
1065
1065
1065
1065
1065
1065
1065
1065
1065
1065
1065
1065
1065
1065
1065
1065
1065
1065
1065
1065
1065
1065
1065
1065
1065
1065
1065
1065
1065
1065
1065
1065
1065
1065
1065
1065
1065
1065
1065
1065
1065
1065
1065
1065
1065
1065
1065
1065
1065
1065
1065
1065
1065
1065
1065
1065
1065
1065
1065
1065
1065
1065
1065
1065
1065
1065
1065
1065
1065
1065
1065
1065
1065
1065
1065
1065
1065
1065
1065
1065
1065
1065
1065
1065
1065
1065
1065
1065
1065
1065
1065
1065
1065
1065
1065
1065
1065
1065
1065
1065
1065
1065
1065
1065
1065
1065
1065
1065
1065
1065
1065
1065
1065
1065
1065
1065
1065
1065
1065
1065
1065
1065
1065
1065
1065
1065
1065
1065
1065
1065
1065
1065
1065
1065
1065
1065
1065
1065
1065
1065
1065
1065
1065
1065
1065
1065
1065
1065
1065
1065
1065
1065
1065
1065
1065
1065
1065
1065
1065
1065
1065
1065
1065
1065
1065
1065
1065
1065
1065
1065
1065
1065
1065
1065
1065
1065
1065
1065
1065
1065
1065
1065
1065
1065
1065
1065
1065
1065
1065
1065
1065
1065
1065
1065
1065
1065
1065
1065
1065
1065
1065
1065
1065
1065
1065
1065
1065
1065
1065
1065
1065
1065
1065
1065
1065
1065
1065
1065
1065
1065
1065
1065
1065
1065
1065
1065
1065
1065
1065
1065
1065
1065
1065
1065
1065
1065
1065
1065
1065
1065
1065
1065
1065
1065
1065
1065
1065
1065
1065
1065
1065
1065
1065
1065
1065
1065
1065
1065
1065
1065
1065
1065
1065
1065
1065
1065
1065
1065
1065
1065
1065
1065
1065
1065
1065
1065
1065
1065
1065
1065
1065
1065
1065
1065
1065
1065
1065
1065
1065
1065
1065
1065
1065
1065
1065
1065
1065
1065
1065
1065
1065
1065
1065
1065
1065
1065
1065
1065
1065
1065
1065
1065
1065
1065
1065
1065
1065
1065
1065
1065
1065
1065
1065
1065
1065
1065
1065
1065
1065
1065
1065
1065
1065
1065
1065
1065
1065
1065
1065
1065
1065
1065
1065
1065
1065
1065
1065
1065
1065
1065
1065
1065
1065
1065
1065
