1065
923
918
949
922
929
941
936
952
916
926
948
936
911
912
934
926
952
931
930
947
934
948
943
949
929
932
943
927
907
932
920
936
941
931
919
924
926
937
947
947
925
924
931
937
953
936
927
926
915
937
943
933
925
931
931
933
967
936
942
943
933
948
939
943
930
931
936
925
936
949
943
921
949
935
938
949
913
950
918
945
898
933
950
944
932
952
905
923
930
928
945
945
928
930
926
921
939
935
958
958
928
939
922
934
927
924
934
918
917
939
935
939
937
951
932
947
944
936
916
933
920
933
952
942
934
939
933
942
941
949
950
939
928
925
929
938
958
938
949
940
948
953
952
932
931
923
932
923
946
962
907
937
953
936
915
932
932
931
920
929
944
944
942
952
930
931
938
935
928
928
936
930
944
945
928
925
935
921
937
945
941
930
920
944
935
950
915
920
917
925
944
929
953
944
937
935
951
933
944
929
911
916
933
948
945
930
944
921
921
933
929
916
927
923
922
937
952
942
929
919
929
938
939
931
929
925
936
915
928
944
921
931
933
945
932
943
939
934
939
961
935
914
937
959
938
923
924
950
928
931
938
932
924
918
931
939
915
947
939
923
934
936
935
956
930
905
936
931
965
927
924
939
923
925
912
939
941
930
941
943
934
947
959
936
927
914
933
926
936
929
944
934
912
928
930
930
933
950
956
944
938
923
942
947
930
891
921
932
931
933
954
927
928
941
914
922
949
930
935
917
940
957
932
963
915
936
932
948
915
941
934
932
932
917
917
935
931
930
935
899
934
931
919
955
924
945
947
939
943
933
941
930
936
933
951
959
930
929
932
938
930
941
933
916
931
919
937
928
914
916
933
933
941
921
937
934
942
939
927
928
936
939
920
927
928
950
924
950
918
954
939
955
929
926
933
948
940
936
951
931
927
940
935
945
943
914
932
942
946
940
924
933
929
923
951
916
936
943
913
928
907
940
942
932
951
908
919
935
931
940
931
933
937
937
937
926
930
920
939
951
935
954
919
942
926
948
913
926
941
932
916
930
914
922
925
929
935
942
937
949
945
931
948
926
930
911
909
925
931
953
934
945
929
923
934
950
934
908
936
927
938
902
930
933
929
923
950
944
958
926
925
942
931
928
922
946
930
932
927
925
938
928
936
938
920
935
933
939
951
938
931
948
923
948
924
921
926
911
939
928
944
917
940
930
934
937
915
928
947
949
941
924
913
935
929
930
925
921
911
947
917
941
935
955
929
928
921
936
937
945
935
945
942
937
915
956
927
950
919
937
931
933
938
914
925
936
943
926
935
929
963
933
923
937
935
934
919
916
919
932
931
941
930
929
938
923
932
932
929
937
941
940
923
930
927
948
920
920
935
949
945
938
936
953
933
907
942
919
945
950
930
929
937
928
918
943
929
939
922
918
943
920
908
944
942
951
944
949
929
915
924
946
937
940
957
923
931
939
935
940
930
908
919
923
933
940
927
939
943
945
939
935
924
919
906
937
926
943
932
929
936
963
939
945
935
947
934
953
930
932
939
944
935
942
940
933
928
946
935
932
934
967
928
948
923
917
946
926
923
927
939
925
928
921
932
936
905
941
933
929
923
944
918
925
931
939
932
955
944
920
924
921
935
949
908
937
932
938
930
933
936
943
931
938
934
922
943
939
927
921
929
940
921
916
923
919
927
938
937
961
933
942
938
920
930
936
923
938
944
931
946
932
922
943
926
925
930
933
955
939
938
947
933
948
941
960
941
929
935
925
924
939
917
931
926
935
947
930
930
920
939
930
938
927
926
940
939
922
928
915
921
934
919
924
925
921
916
919
943
926
923
948
916
935
927
934
922
939
955
951
944
927
919
931
905
939
927
929
952
924
915
941
936
927
939
931
949
926
936
920
935
935
938
933
923
929
945
924
927
948
930
923
927
932
947
924
937
925
941
940
928
912
923
945
938
953
947
925
949
949
936
945
930
917
933
923
928
926
930
946
923
938
941
954
960
945
945
931
943
920
940
951
919
935
934
942
916
941
936
917
929
949
935
933
935
940
923
932
916
931
929
950
914
944
926
920
944
946
928
934
936
942
925
936
923
935
924
917
943
939
932
935
927
940
954
916
922
933
933
938
946
949
933
927
933
932
932
931
935
917
948
930
946
954
927
941
939
927
928
933
934
934
940
935
939
931
928
923
921
940
927
938
919
926
936
929
903
925
922
933
938
933
943
918
910
927
935
922
917
946
935
919
922
952
929
922
927
928
924
941
934
939
939
951
920
924
934
932
939
917
909
928
931
941
913
928
923
948
928
925
932
947
936
961
932
935
941
931
934
926
938
935
925
933
909
912
909
931
943
946
938
938
937
916
915
942
932
927
935
937
929
937
912
937
926
926
917
895
931
927
925
942
933
922
951
926
946
918
953
950
930
915
927
948
918
918
927
940
945
936
924
939
938
933
935
944
937
943
928
959
957
950
936
927
917
937
928
938
917
934
926
924
906
948
938
932
936
933
929
923
923
929
942
929
949
946
922
944
949
924
914
943
932
938
936
912
927
926
921
932
933
939
936
931
936
934
923
927
928
934
915
915
917
916
931
915
928
942
927
919
930
928
912
929
943
935
942
956
930
946
949
947
953
956
944
939
911
922
933
942
921
936
923
937
933
952
912
922
924
945
939
929
944
932
947
937
942
935
917
920
929
936
958
921
947
958
936
931
945
927
946
943
941
936
929
929
924
904
925
918
939
918
949
937
934
947
939
939
928
917
924
945
942
931
916
925
929
932
912
926
926
906
942
918
938
932
936
943
937
947
941
918
951
947
951
934
936
939
920
933
919
931
933
921
954
948
941
929
937
926
943
976
1001
1008
1015
1018
1022
1025
1027
1031
1036
1039
1039
1041
1043
1043
1045
1045
1045
1046
1046
1047
1048
1048
1048
1048
1048
1048
1048
1049
1049
1049
1049
1049
1049
1049
1051
1051
1051
1051
1051
1052
1052
1053
1053
1053
1054
1054
1054
1054
1054
1055
1055
1056
1056
1057
1057
1057
1057
1057
1057
1057
1057
1057
1057
1057
1057
1057
1057
1057
1057
1057
1057
1057
1057
1058
1058
1058
1058
1058
1058
1058
1058
1058
1058
1058
1058
1058
1059
1059
1059
1059
1059
1059
1059
1059
1059
1059
1059
1059
1059
1059
1059
1059
1060
1060
1060
1060
1060
1060
1060
1060
1060
1060
1060
1060
1060
1060
1060
1060
1060
1060
1060
1060
1060
1060
1060
1060
1060
1060
1060
1060
1060
1060
1060
1060
1060
1060
1060
1060
1060
1060
1060
1060
1060
1060
1060
1060
1060
1060
1060
1060
1060
1060
1060
1060
1060
1060
1060
1060
1060
1060
1060
1060
1060
1060
1060
1060
1060
1060
1060
1060
1060
1060
1060
1060
1060
1060
1060
1060
1060
1060
1060
1060
1060
1060
1060
1060
1060
1060
1060
1060
1060
1060
1060
1060
1060
1061
1061
1061
1061
1061
1061
1061
1061
1061
1061
1061
1061
1061
1061
1061
1061
1061
1061
1061
1061
1061
1061
1061
1061
1061
1061
1061
1061
1061
1061
1061
1061
1061
1061
1061
1061
1061
1061
1061
1061
1061
1061
1061
1061
1061
1061
1061
1061
1061
1061
1061
1061
1061
1061
1061
1061
1061
1061
1061
1061
1061
1061
1061
1061
1061
1061
1061
1061
1061
1062
1062
1062
1062
1062
1062
1062
1062
1062
1062
1062
1062
1062
1062
1062
1062
1062
1062
1062
1062
1062
1062
1062
1062
1062
1062
1062
1062
1062
1062
1062
1062
1062
1062
1062
1062
1062
1062
1062
1062
1062
1062
1062
1062
1062
1062
1062
1062
1062
1062
1062
1062
1062
1062
1062
1062
1062
1062
1062
1062
1062
1062
1062
1062
1062
1062
1062
1062
1062
1062
1062
1062
1062
1062
1062
1062
1062
1062
1062
1062
1062
1062
1062
1062
1062
1062
1062
1062
1062
1062
1062
1062
1062
1062
1062
1062
1062
1062
1062
1062
1062
1062
1062
1062
1062
1062
1062
1062
1062
1062
1062
1062
1062
1062
1062
1062
1062
1062
1062
1062
1062
1062
1062
1062
1062
1062
1062
1062
1062
1062
1062
1062
1062
1062
1062
1062
1062
1062
1062
1062
1062
1062
1062
1062
1062
1062
1062
1062
1062
1062
1062
1062
1062
1062
1062
1062
1062
1062
1062
1062
1063
1063
1063
1063
1063
1063
1063
1063
1063
1063
1063
1063
1063
1063
1063
1063
1063
1063
1063
1063
1063
1063
1063
1063
1063
1063
1063
1063
1063
1063
1063
1063
1063
1063
1063
1063
1063
1063
1063
1063
1063
1063
1063
1063
1063
1063
1063
1063
1063
1063
1063
1063
1063
1063
1063
1063
1063
1063
1063
1063
1063
1063
1063
1063
1063
1063
1063
1063
1063
1063
1063
1063
1063
1063
1063
1063
1063
1063
1063
1063
1063
1063
1063
1063
1063
1063
1063
1063
1063
1063
1063
1063
1063
1063
1063
1063
1063
1063
1063
1063
1063
1063
1063
1063
1063
1063
1063
1063
1063
1063
1063
1063
1063
1063
1063
1063
1063
1063
1063
1063
1063
1063
1063
1063
1063
1063
1063
1063
1063
1063
1063
1063
1063
1063
1063
1063
1063
1063
1063
1063
1063
1063
1063
1063
1063
1063
1063
1063
1063
1063
1063
1063
1063
1063
1063
1063
1063
1063
1063
1063
1063
1063
1063
1063
1063
1063
1063
1063
1063
1063
1063
1063
1063
1063
1063
1063
1063
1063
1063
1064
1064
1064
1064
1064
1064
1064
1064
1064
1064
1064
1064
1064
1064
1064
1064
1064
1064
1064
1064
1064
1064
1064
1064
1064
1064
1064
1064
1064
1064
1064
1064
1064
1064
1064
1064
1064
1064
1064
1064
1064
1064
1064
1064
1064
1064
1064
1064
1064
1064
1064
1064
1064
1064
1064
1064
1064
1064
1064
1064
1064
1064
1064
1064
1064
1064
1064
1064
1064
1064
1064
1064
1064
1064
1064
1064
1064
1064
1064
1064
1064
1064
1064
1064
1064
1064
1064
1064
1064
1064
1064
1064
1064
1064
1064
1064
1064
1064
1064
1064
1064
1064
1064
1064
1064
1064
1064
1064
1064
1064
1064
1064
1064
1064
1064
1064
1064
1064
1064
1064
1064
1064
1064
1064
1064
1064
1064
1064
1064
1064
1064
1064
1064
1064
1064
1064
1064
1064
1064
1064
1064
1064
1064
1064
1064
1064
1064
1064
1064
1064
1064
1064
1064
1064
1064
1064
1064
1064
1064
1064
1064
1064
1064
1064
1064
1064
1064
1064
1064
1064
1064
1064
1064
1064
1064
1064
1064
1064
1064
1064
1064
1064
1064
1064
1064
1064
1064
1064
1064
1064
1064
1064
1064
1064
1064
1064
1064
1064
1064
1064
1064
1064
1064
1064
1064
1064
1064
1064
1064
1064
1064
1064
1064
1064
1064
1064
1064
1064
1064
1064
1064
1064
1064
1064
1064
1064
1064
1064
1064
1064
1064
1064
1064
1064
1064
1064
1064
1064
1064
1064
1064
1064
1064
1064
1064
1064
1064
1064
1064
1064
1064
1064
1064
1064
1064
1064
1064
1064
1064
1064
1064
1064
1064
1064
1064
1064
1064
1064
1064
1064
1064
1064
1064
1064
1064
1064
1064
1064
1064
1064
1064
1064
1064
1064
1064
1064
1064
1064
1064
1064
1064
1064
1064
1064
1064
1064
1064
1064
1064
1064
1064
1064
1064
1064
1064
1064
1064
1064
1064
1064
1064
1064
1064
1064
1064
1064
1064
1064
1064
1064
1064
1064
1064
1064
1064
1064
1064
1064
1064
1064
1064
1064
1064
1064
1064
1064
1064
1064
1064
1064
1064
1064
1064
1064
1064
1064
1064
1064
1064
1064
1064
1064
1064
1064
1064
1064
1064
1064
1064
1064
1064
1064
1064
1064
1064
1064
1064
1064
1064
1064
1064
1064
1064
1064
1064
1064
1064
1064
1064
1064
1064
1064
1064
1064
1064
1064
1064
1064
1064
1064
1064
1064
1064
1064
1064
1064
1064
1064
1064
1064
1064
1064
1064
1064
1064
1064
1064
1064
1064
1064
1064
1064
1064
1064
1064
1064
1064
1064
1064
1064
1064
1064
1064
1064
1064
1064
1064
1064
1064
1064
1064
1064
1064
1064
1064
1064
1064
1064
1064
1064
1064
1064
1064
1064
1064
1064
1064
1064
1064
1064
1064
1064
1064
1064
1064
1064
1064
1064
1064
1064
1064
1064
1064
1064
1064
1064
1064
1064
1064
1064
1064
1064
1064
1064
1064
1064
1064
1064
1064
1064
1064
1064
1064
1064
1064
1064
1064
1064
1064
1064
1064
1064
1064
1064
1064
1064
1064
1064
1064
1064
1064
1064
1064
1064
1064
1064
1064
1064
1064
1064
1064
1064
1064
1064
1064
1064
1064
1064
1064
1064
1064
1064
1064
1064
1064
1064
1064
1064
1064
1064
1064
1064
1064
1064
1064
1064
1064
1064
1064
1064
1064
1064
1064
1064
1064
1064
1064
1064
1064
1064
1064
1064
1064
1064
1064
1064
1064
1064
1064
1064
1064
1064
1064
1064
1064
1064
1064
1064
1064
1064
1064
1064
1064
1064
1064
1064
1064
1064
1064
1064
1064
1064
1064
1064
1064
1064
1064
1064
1064
1064
1064
1064
1064
1064
1064
1064
1064
1064
1064
1064
1064
1064
1064
1064
1064
1064
1064
1064
1064
1064
1064
1064
1064
1064
1064
1064
1064
1064
1064
1064
1064
1064
1064
1064
1064
1064
1064
1064
1064
1064
1064
1064
1064
1064
1064
1064
1064
1064
1064
1064
1064
1064
1064
1064
1064
