1065
922
936
939
919
920
913
927
914
931
928
924
941
930
918
927
944
931
912
933
934
926
934
917
934
917
949
924
912
935
949
929
933
948
931
938
923
948
931
937
923
930
925
940
912
931
925
919
936
926
954
944
911
942
934
918
924
918
921
930
923
932
935
943
937
926
933
932
922
942
911
928
944
923
930
936
929
925
922
924
933
949
930
952
933
924
938
925
955
944
926
926
941
932
937
917
922
940
939
920
936
946
944
938
939
933
920
929
932
933
931
908
924
929
897
945
931
918
945
907
950
928
958
949
922
924
933
930
935
930
936
930
935
945
926
935
943
920
944
932
932
947
922
933
930
920
934
924
935
930
925
946
948
919
935
928
930
905
953
933
958
915
918
914
939
937
922
930
941
931
947
923
943
934
939
912
924
931
940
937
927
950
942
943
934
915
937
921
936
942
939
942
951
917
946
927
914
943
942
933
950
918
950
918
939
961
934
905
913
928
918
922
944
917
945
952
927
939
923
939
922
946
935
935
939
930
925
932
934
933
932
932
933
919
954
941
929
924
936
934
954
928
934
920
915
933
944
928
942
922
923
943
928
942
954
934
931
934
944
934
944
925
926
939
954
945
921
942
936
940
933
934
933
914
934
927
923
930
929
937
933
923
960
928
948
914
929
944
942
949
935
955
931
928
924
951
927
914
924
933
936
912
941
930
946
931
943
928
927
930
932
936
957
945
913
946
941
940
939
936
932
931
931
939
950
918
923
937
931
923
912
944
923
952
930
898
939
927
927
947
928
925
936
940
908
944
930
921
937
922
936
938
939
966
921
913
936
938
927
932
914
911
922
942
926
940
932
926
951
926
930
929
930
943
944
919
933
916
937
942
944
929
917
930
947
943
945
910
927
932
906
935
933
929
943
942
932
926
926
917
934
932
936
919
931
947
937
944
922
937
928
951
961
930
938
946
927
937
947
937
948
925
940
929
932
934
943
941
940
937
945
914
923
954
943
931
933
937
943
941
931
949
956
927
949
925
940
938
942
938
914
921
929
934
909
934
924
940
935
909
932
938
908
937
920
944
941
933
940
932
930
933
944
936
924
946
936
925
934
934
944
939
952
932
954
918
936
930
933
935
948
929
915
935
928
909
940
933
955
935
943
931
926
946
932
927
936
922
939
934
949
940
953
915
947
931
922
920
936
932
942
943
931
937
935
940
927
926
931
956
928
935
963
947
937
922
939
953
924
941
943
935
935
938
928
905
940
933
944
952
950
936
936
961
949
942
944
945
940
934
935
956
914
938
926
938
932
913
919
938
918
940
936
928
931
942
942
931
940
924
933
930
945
920
938
959
958
952
950
945
946
936
954
935
923
933
958
938
913
943
928
942
944
943
919
937
943
934
943
931
930
940
950
942
933
935
934
931
952
936
932
930
919
945
930
952
941
934
928
926
948
934
937
938
921
933
952
951
940
944
940
944
930
933
927
933
950
929
947
930
935
932
940
915
909
929
927
920
940
938
941
936
926
913
932
941
959
927
931
925
929
946
920
934
915
927
964
942
930
950
955
935
928
944
955
938
966
911
925
940
942
951
920
908
942
937
942
928
928
939
949
942
918
946
944
940
920
931
911
944
926
937
918
943
940
937
922
935
952
932
930
937
912
933
961
927
930
929
921
939
943
949
927
940
950
936
914
932
943
948
927
934
922
921
934
930
922
922
961
952
928
968
925
939
939
944
935
937
922
926
939
908
946
955
948
961
945
946
944
929
940
953
942
935
937
933
924
921
948
939
938
928
933
952
935
925
932
932
946
939
944
929
926
931
946
947
922
942
914
953
952
930
942
938
931
929
944
928
943
935
941
931
956
932
959
924
924
935
954
937
939
936
954
941
944
933
943
950
946
947
932
939
925
922
914
929
927
923
933
936
925
925
940
955
944
963
949
946
942
936
930
928
931
922
944
930
942
934
938
938
937
954
951
944
954
936
944
926
938
932
927
922
939
919
956
933
931
933
955
928
951
948
934
944
944
944
931
938
948
940
941
963
938
932
947
938
941
945
951
948
932
945
928
939
947
940
932
923
935
947
947
936
949
956
941
954
946
940
944
955
959
950
955
928
942
935
961
943
932
929
943
928
944
948
954
937
939
937
952
924
936
937
953
930
935
963
938
942
927
922
939
933
947
949
921
947
947
928
928
914
944
944
927
967
947
948
952
963
960
944
953
946
937
936
946
953
942
952
956
965
943
946
938
948
933
932
950
941
943
958
947
940
931
938
943
935
926
927
939
948
939
930
937
940
944
957
942
949
949
960
955
925
931
943
941
955
935
946
950
983
946
941
954
950
953
947
942
942
940
938
950
945
949
955
936
950
958
940
967
927
946
953
946
947
951
942
953
959
958
951
942
937
962
934
941
956
947
940
944
944
949
951
957
940
949
952
957
951
962
953
942
938
954
942
942
950
954
943
940
946
951
957
952
966
967
955
947
939
948
940
943
959
947
945
959
939
957
954
936
941
952
972
957
949
961
950
948
966
956
957
950
938
939
958
951
949
947
947
960
955
932
947
959
928
935
950
974
949
966
950
961
954
953
951
942
950
968
965
976
953
943
952
967
958
949
971
962
954
957
955
956
954
949
941
959
957
953
951
963
949
935
952
977
973
964
944
949
970
957
947
947
971
936
982
974
951
951
949
965
965
969
966
958
942
966
954
955
936
959
976
955
961
963
952
955
967
967
956
950
957
950
938
937
954
958
955
970
963
953
982
949
965
956
951
955
959
954
950
971
976
967
967
966
963
949
947
955
963
956
959
983
952
978
969
971
976
972
972
964
959
952
966
967
965
964
976
971
974
967
963
959
954
965
967
946
946
957
959
963
973
966
976
949
975
982
961
943
969
970
955
965
967
992
971
960
955
976
967
965
963
952
976
980
964
960
974
981
983
987
969
966
977
965
963
974
971
974
960
951
959
966
972
967
976
961
959
957
967
958
972
955
972
967
961
989
974
981
990
976
977
970
980
984
979
983
970
953
959
956
957
981
977
964
977
966
967
985
992
969
971
962
964
963
967
956
967
967
975
991
996
994
991
959
945
949
964
975
974
982
970
974
973
976
974
975
979
982
970
983
996
998
994
987
993
991
996
984
979
973
978
985
975
975
976
982
986
986
983
986
986
988
986
978
971
976
981
985
983
983
991
976
975
959
977
978
983
990
998
994
994
985
979
982
999
985
985
975
973
979
986
989
994
989
977
973
980
987
976
979
991
982
977
993
990
992
979
991
987
990
992
987
987
994
1009
999
992
989
991
997
988
996
981
994
995
1004
983
976
999
1002
1002
1001
1000
992
990
992
989
992
989
985
987
999
991
999
997
996
1005
999
990
990
998
998
999
1001
997
993
1001
1002
997
999
1000
998
1012
1011
993
987
990
992
1004
1002
1004
1007
1006
1002
1004
1000
1014
999
1003
1008
1004
1000
1002
1000
995
1005
1013
1008
1006
1007
1009
1006
1010
1019
1015
1014
1015
1011
1011
1002
1005
1007
1009
1007
1013
1012
1015
1015
1008
1013
1011
1019
1019
1018
1010
1007
1007
1011
1009
999
997
994
1001
997
1005
1012
1013
1010
1011
1022
1020
1024
1026
1020
1024
1030
1030
1023
1022
1020
1019
1026
1031
1028
1020
1013
1018
1015
1016
1016
1011
1011
1018
1022
1017
1019
1023
1025
1026
1029
1021
1021
1020
1020
1023
1021
1012
1025
1024
1021
1022
1021
1021
1017
1018
1017
1014
1007
1017
1022
1021
1026
1024
1026
1024
1016
1024
1020
1025
1019
1020
1016
1021
1023
1027
1022
1021
1024
1023
1020
1023
1025
1020
1019
1026
1021
1019
1018
1020
1022
1017
1021
1028
1030
1032
1031
1032
1032
1029
1025
1028
1035
1029
1026
1029
1029
1021
1025
1026
1026
1027
1026
1030
1032
1028
1026
1028
1029
1028
1029
1033
1031
1029
1032
1034
1033
1035
1035
1035
1033
1030
1028
1032
1031
1033
1036
1035
1036
1039
1042
1040
1040
1040
1038
1039
1043
1042
1044
1041
1042
1045
1038
1038
1042
1039
1033
1037
1037
1037
1037
1036
1037
1038
1037
1040
1041
1042
1042
1040
1040
1042
1039
1036
1038
1037
1041
1043
1046
1046
1047
1050
1047
1051
1052
1051
1051
1049
1049
1048
1049
1050
1050
1047
1047
1049
1046
1047
1050
1051
1048
1046
1045
1050
1046
1045
1047
1047
1045
1042
1042
1044
1045
1049
1050
1051
1048
1049
1049
1044
1044
1048
1050
1049
1047
1051
1050
1052
1052
1047
1046
1046
1047
1047
1045
1045
1046
1045
1048
1047
1046
1049
1049
1051
1049
1048
1049
1049
1046
1047
1047
1049
1048
1049
1052
1050
1050
1051
1052
1051
1051
1051
1052
1052
1051
1053
1054
1054
1054
1053
1052
1054
1052
1052
1056
1056
1055
1055
1054
1058
1057
1057
1057
1056
1055
1056
1054
1055
1054
1054
1053
1052
1052
1052
1053
1053
1055
1054
1055
1056
1058
1057
1054
1054
1054
1053
1054
1054
1053
1053
1053
1053
1054
1055
1056
1056
1056
1056
1056
1056
1056
1056
1055
1054
1055
1055
1057
1057
1056
1057
1056
1056
1056
1056
1053
1052
1054
1055
1055
1056
1056
1056
1055
1055
1055
1055
1053
1054
1055
1055
1055
1055
1054
1054
1054
1053
1054
1055
1054
1055
1054
1056
1056
1057
1057
1057
1057
1057
1057
1057
1057
1057
1058
1058
1058
1059
1059
1059
1059
1058
1058
1058
1058
1058
1058
1058
1058
1058
1058
1058
1057
1057
1057
1057
1057
1058
1059
1058
1058
1058
1056
1057
1057
1057
1057
1057
1058
1059
1060
1060
1060
1060
1060
1060
1060
1060
1060
1060
1060
1060
1060
1060
1060
1060
1060
1060
1060
1060
1060
1060
1060
1060
1060
1060
1059
1059
1059
1059
1059
1059
1059
1059
1059
1059
1059
1059
1059
1059
1059
1059
1059
1059
1059
1059
1059
1059
1059
1060
1060
1060
1060
1060
1060
1060
1060
1060
1060
1060
1060
1060
1060
1060
1060
1061
1061
1061
1061
1061
1061
1061
1061
1061
1061
1061
1061
1062
1062
1062
1062
1062
1062
1062
1062
1062
1062
1062
1062
1062
1062
1062
1062
1062
1062
1062
1062
1062
1062
1062
1062
1062
1062
1062
1062
1062
1062
1062
1062
1062
1062
1062
1062
1062
1062
1062
1062
1062
1062
1062
1062
1062
1062
1062
1062
1062
1062
1062
1062
1062
1062
1062
1062
1062
1062
1062
1062
1062
1062
1062
1062
1062
1062
1062
1062
1062
1062
1062
1062
1062
1062
1062
1062
1062
1062
1062
1062
1062
1062
1062
1062
1062
1062
1062
1062
1062
1062
1062
1062
1062
1062
1062
1062
1062
1062
1062
1062
1062
1062
1062
1062
1062
1062
1062
1062
1062
1062
1062
1062
1062
1062
1062
1062
1062
1062
1062
1062
1062
1062
1062
1062
1062
1062
1062
1062
1062
1062
1062
1062
1062
1062
1062
1062
1062
1062
1062
1062
1062
1062
1062
1062
1062
1062
1062
1062
1062
1062
1062
1062
1062
1062
1062
1062
1062
1062
1062
1062
1062
1062
1062
1062
1062
1062
1062
1062
1062
1062
1062
1062
1062
1062
1062
1062
1062
1062
1062
1062
1062
1062
1062
1062
1062
1062
1062
1062
1062
1062
1062
1062
1062
1062
1062
1062
1062
1062
1062
1062
1062
1062
1062
1062
1062
1062
1062
1062
1062
1062
1062
1062
1062
1062
1062
1062
1062
1062
1062
1062
1062
1062
1062
1062
1062
1062
1062
1062
1062
1062
1062
1062
1062
1062
1062
1062
1062
1062
1062
1062
1062
1062
1062
1062
1062
1062
1062
1062
1062
1062
1062
1062
1062
1062
1062
1062
1062
1062
1062
1062
1062
1062
1062
1062
1062
1062
1062
1062
1062
1062
1062
1062
1062
1062
1062
1062
1062
1062
1062
1062
1062
1062
1062
1062
1062
1062
1062
1062
1062
1062
1062
1062
1062
1062
1062
1062
1062
1062
1062
1062
1062
1062
1062
1062
1062
1062
1062
1062
1062
1062
1062
1062
1062
1062
1062
1062
1062
1062
1062
1062
1062
1062
1062
1062
1062
1062
1062
1062
1062
1062
1062
1062
1062
1062
1062
1062
1062
1062
1062
1062
1062
1062
1062
1062
1062
1062
1062
1062
1062
1062
1062
1062
1062
1062
1062
1062
1062
1062
1062
1062
1062
1062
1062
1062
1062
1062
1062
1062
1062
1062
1062
1062
1062
1062
1062
1062
1062
1062
1062
1062
1062
1062
1062
1062
1062
1062
1062
1062
1062
1062
1062
1062
1062
1062
1062
1062
1062
1062
1062
1062
1062
1062
1062
1062
1062
1062
1062
1062
1062
1062
1062
1062
1062
1062
1062
1062
1062
1062
1062
1062
1062
1062
1062
1062
1062
1062
1062
1062
1062
1062
1062
1062
1062
1062
1062
1062
1062
1062
1062
1062
1062
1062
1062
1062
1062
1062
1062
1062
1062
1062
1062
1062
1062
1062
1062
1062
1062
1062
1062
1062
1062
1062
1062
1062
1062
1062
1062
1062
