1065
921
906
926
916
933
925
937
918
923
931
953
922
930
929
924
939
932
918
930
945
947
920
916
919
938
908
908
935
942
949
929
944
944
934
931
941
935
923
923
934
925
939
933
955
948
919
904
915
944
952
938
929
924
938
940
936
928
935
907
926
940
934
914
926
908
913
930
929
921
948
942
926
948
958
942
914
942
917
925
922
946
931
919
928
926
939
941
922
931
929
930
930
932
918
941
928
941
949
925
912
942
922
920
941
926
919
924
915
922
931
912
934
934
934
933
937
930
946
936
929
945
937
917
951
925
929
933
935
970
932
927
922
926
917
954
931
922
953
939
937
922
923
920
931
926
943
922
928
921
923
947
931
920
937
943
933
927
919
928
937
937
910
930
939
926
928
894
936
923
924
922
938
927
916
932
941
931
936
924
919
909
935
908
938
961
936
952
927
942
918
925
927
933
908
918
907
928
934
935
948
923
944
936
924
920
924
921
929
921
926
922
931
922
938
938
929
946
942
939
934
942
945
936
956
931
923
917
926
919
919
939
930
926
939
920
936
933
911
927
922
931
913
928
926
925
915
949
924
944
951
917
938
930
958
928
931
929
957
928
922
934
935
906
932
923
947
940
938
934
908
947
937
948
936
915
939
959
958
943
929
954
925
948
944
942
915
930
913
938
921
923
918
930
934
938
907
932
940
925
953
934
911
930
927
927
928
947
936
944
936
948
924
924
932
955
946
916
925
916
937
913
931
940
946
938
933
944
931
923
946
951
930
932
937
919
929
950
949
961
926
921
946
949
949
937
949
945
936
941
911
913
928
936
938
940
950
934
922
943
949
942
947
926
946
926
944
933
941
926
961
930
923
928
925
927
935
927
939
921
939
940
933
931
955
951
926
926
946
957
924
952
930
923
936
939
938
918
952
930
926
932
940
930
947
917
952
913
930
934
943
939
937
914
919
952
938
945
943
935
949
936
929
920
937
932
930
942
920
947
926
937
943
933
938
925
927
929
938
936
909
932
956
943
931
908
942
948
905
919
949
952
940
932
937
937
943
943
956
951
943
917
933
929
943
921
922
931
927
907
926
940
928
939
941
928
967
940
931
912
938
917
947
932
927
945
938
958
936
940
931
941
939
926
941
926
920
928
933
943
950
926
938
941
938
940
944
966
934
911
943
948
954
937
943
937
925
936
921
924
905
926
931
943
923
938
956
936
950
939
954
947
943
948
916
942
944
942
942
947
935
952
951
948
921
944
934
930
936
930
925
928
938
936
930
937
935
941
934
945
940
928
935
945
928
921
934
936
925
933
942
934
943
936
943
948
924
934
918
918
942
941
944
939
907
929
908
938
930
919
921
932
918
928
928
949
944
953
925
940
927
944
975
943
954
941
923
931
927
934
942
952
940
931
951
920
936
931
951
944
922
921
944
923
948
943
938
914
933
947
931
938
951
926
964
936
953
953
945
949
917
947
957
951
938
941
942
934
935
941
939
951
933
944
938
941
930
925
960
930
929
931
949
950
950
929
930
921
931
952
948
949
950
933
923
929
937
935
938
942
930
949
944
925
947
921
924
957
933
928
953
938
935
930
936
930
933
951
923
942
956
949
924
924
942
929
942
928
966
937
925
935
929
932
927
925
950
954
949
939
960
935
915
938
947
947
946
952
907
948
939
954
956
947
940
931
930
952
935
943
951
957
917
923
952
927
943
935
936
946
945
950
971
950
938
930
953
952
961
950
949
946
962
948
953
947
929
958
943
932
942
940
963
944
946
947
947
950
944
931
963
961
946
930
925
943
952
943
920
959
966
933
941
947
919
929
920
939
942
939
959
946
940
944
934
944
935
948
946
942
947
938
949
931
944
946
944
954
947
951
930
952
931
953
944
939
940
959
937
938
945
944
948
949
950
944
955
940
956
945
937
948
928
924
953
930
953
943
951
929
949
947
926
959
936
940
942
940
951
960
962
931
950
945
961
947
954
957
949
939
924
948
937
947
950
951
918
943
948
942
959
949
947
944
957
931
939
950
956
952
955
949
929
960
933
954
955
952
948
956
945
935
949
950
953
972
932
925
950
927
976
949
934
944
933
951
943
963
962
956
935
958
938
961
956
952
954
950
948
928
927
952
937
952
947
952
950
947
978
954
946
945
952
948
972
957
948
943
938
954
953
955
970
968
957
960
958
957
957
962
966
968
975
965
958
943
948
948
949
961
945
963
947
955
958
956
957
953
951
959
964
960
959
957
951
964
958
943
950
957
964
942
949
970
963
943
961
957
948
937
957
968
948
950
975
954
949
952
962
962
956
963
952
958
956
939
958
961
957
944
951
957
969
975
965
976
960
965
962
962
972
976
961
950
971
964
959
967
942
951
967
957
966
960
968
944
956
963
975
963
970
972
967
955
943
968
965
957
950
956
936
975
971
959
951
957
950
971
971
961
963
966
953
958
977
978
973
984
961
965
956
967
975
984
973
984
968
959
966
984
965
981
985
960
976
969
974
969
988
970
987
954
973
981
961
965
953
975
957
978
959
965
982
972
973
968
976
964
942
983
961
965
970
977
976
977
968
985
983
970
961
961
970
974
994
989
982
973
952
971
970
968
977
950
970
966
974
962
963
977
981
984
985
967
970
984
967
953
965
975
981
967
977
961
979
972
971
979
992
976
991
978
965
973
971
985
969
977
991
970
979
982
971
976
983
979
959
969
969
974
981
987
977
986
988
978
977
972
971
986
971
983
976
985
982
991
980
996
991
982
990
990
982
983
989
993
988
980
987
985
983
987
1002
995
984
992
997
983
987
988
988
979
985
989
977
984
979
985
990
991
980
979
981
990
998
997
987
991
1005
984
989
998
992
997
996
984
992
995
997
980
995
990
982
989
985
982
988
997
994
987
994
992
997
1009
1003
994
1000
1002
1003
1002
1002
997
993
980
988
988
984
990
998
999
1003
996
1006
1005
995
994
1003
1006
1004
996
999
996
982
1002
1000
988
990
1003
1008
1005
1005
998
999
1005
1008
1013
1004
1015
1011
1010
1015
1008
1018
1009
1007
1006
1010
1010
1004
1004
993
1001
1004
1012
1003
994
998
1005
1012
1006
998
1000
1006
1008
1012
1016
1017
1018
1005
1009
1013
1014
1014
1008
1012
1000
1003
1008
1013
1018
1010
1017
1025
1026
1016
1016
1019
1018
1016
1016
1017
1016
1019
1010
1015
1012
1008
1012
1016
1024
1028
1027
1020
1023
1024
1021
1020
1021
1027
1030
1026
1016
1009
1009
1013
1014
1012
1015
1025
1024
1021
1016
1019
1022
1018
1013
1019
1026
1020
1019
1022
1025
1033
1032
1030
1028
1027
1026
1028
1031
1031
1032
1032
1032
1030
1027
1029
1019
1023
1018
1021
1026
1023
1026
1027
1029
1030
1028
1024
1023
1032
1030
1038
1038
1029
1031
1025
1028
1030
1028
1023
1022
1035
1032
1036
1031
1035
1040
1039
1042
1041
1039
1030
1030
1035
1035
1030
1030
1031
1033
1031
1036
1030
1034
1038
1037
1037
1038
1040
1036
1038
1035
1038
1038
1034
1035
1033
1030
1034
1037
1037
1033
1037
1042
1045
1039
1039
1040
1038
1039
1039
1034
1039
1040
1040
1038
1032
1035
1033
1038
1042
1039
1039
1038
1036
1034
1033
1034
1034
1034
1032
1034
1031
1031
1029
1028
1024
1030
1031
1032
1030
1035
1034
1034
1035
1037
1038
1036
1038
1035
1039
1039
1040
1042
1043
1042
1041
1040
1041
1040
1040
1041
1041
1045
1045
1046
1043
1044
1040
1041
1040
1036
1038
1042
1041
1042
1039
1041
1036
1040
1038
1039
1039
1037
1041
1042
1045
1045
1045
1046
1047
1049
1053
1051
1051
1050
1049
1048
1047
1046
1046
1046
1045
1046
1050
1051
1050
1049
1050
1050
1050
1048
1048
1049
1048
1050
1049
1046
1048
1050
1055
1053
1053
1052
1055
1056
1055
1055
1055
1053
1055
1059
1059
1059
1059
1059
1060
1060
1061
1062
1062
1061
1061
1061
1061
1060
1060
1059
1060
1060
1060
1058
1058
1058
1058
1058
1058
1058
1058
1058
1056
1055
1055
1058
1056
1056
1056
1055
1056
1056
1056
1053
1055
1055
1057
1057
1057
1057
1057
1057
1056
1056
1055
1054
1052
1053
1053
1055
1055
1055
1055
1056
1057
1057
1056
1055
1056
1056
1057
1057
1057
1057
1056
1058
1058
1058
1058
1058
1058
1058
1058
1058
1058
1058
1059
1059
1059
1059
1059
1059
1058
1058
1061
1061
1061
1061
1061
1062
1062
1062
1061
1061
1061
1061
1061
1061
1061
1061
1061
1060
1060
1059
1059
1059
1059
1061
1061
1063
1063
1062
1063
1063
1063
1063
1063
1063
1063
1063
1063
1063
1063
1063
1063
1062
1062
1062
1062
1062
1062
1062
1062
1062
1062
1062
1062
1063
1063
1063
1064
1064
1064
1064
1064
1064
1064
1064
1064
1064
1064
1064
1064
1064
1064
1064
1064
1064
1064
1064
1064
1064
1064
1064
1064
1064
1064
1063
1062
1062
1062
1062
1061
1061
1061
1061
1061
1061
1062
1062
1062
1061
1061
1061
1062
1062
1062
1062
1062
1062
1062
1062
1062
1063
1063
1063
1063
1063
1063
1063
1064
1064
1064
1064
1064
1064
1064
1064
1064
1064
1064
1064
1064
1064
1064
1064
1064
1064
1064
1064
1064
1064
1064
1064
1064
1064
1064
1064
1064
1064
1064
1064
1064
1064
1064
1064
1064
1064
1064
1064
1064
1064
1064
1064
1064
1064
1064
1064
1064
1064
1064
1064
1064
1064
1064
1064
1064
1064
1064
1064
1064
1064
1064
1064
1064
1064
1064
1064
1064
1064
1064
1064
1064
1064
1064
1064
1064
1064
1064
1064
1064
1064
1064
1064
1064
1064
1064
1064
1064
1064
1064
1064
1064
1064
1064
1064
1064
1064
1064
1064
1064
1064
1064
1064
1064
1064
1064
1064
1064
1064
1064
1064
1064
1064
1064
1064
1064
1064
1064
1064
1064
1064
1064
1064
1064
1064
1064
1064
1064
1064
1064
1064
1064
1064
1064
1064
1064
1064
1064
1064
1064
1064
1064
1064
1064
1064
1064
1064
1064
1064
1064
1064
1064
1064
1064
1064
1064
1064
1064
1064
1064
1064
1064
1064
1064
1064
1064
1064
1064
1064
1064
1064
1064
1064
1064
1064
1064
1064
1064
1064
1064
1064
1064
1064
1064
1064
1064
1064
1064
1064
1064
1064
1064
1064
1064
1064
1064
1064
1064
1064
1064
1064
1064
1064
1064
1064
1064
1064
1064
1064
1064
1064
1064
1064
1064
1064
1064
1064
1064
1064
1064
1064
1064
1064
1064
1064
1064
1064
1064
1064
1064
1064
1064
1064
1064
1064
1064
1064
1064
1064
1064
1064
1064
1064
1064
1064
1064
1064
1064
1064
1064
1064
1064
1064
1064
1064
1064
1064
1064
1064
1064
1064
1064
1064
1064
1064
1064
1064
1064
1064
1064
1064
1064
1064
1064
1064
1064
1064
1064
1064
1064
1064
1064
1064
1064
1064
1064
1064
1064
1064
1064
1064
1064
1064
1064
1064
1064
1064
1064
1064
1064
1064
1064
1064
1064
1064
1064
1064
1064
1064
1064
1064
1064
1064
1064
1064
1064
1064
1064
1064
1064
1064
1064
1064
1064
1064
1064
1064
1064
1064
1064
1064
1064
1064
1064
1064
1064
1064
1064
1064
1064
1064
1064
1064
1064
1064
1064
1064
1064
1064
1064
1064
1064
1064
1064
1064
1064
1064
1064
1064
1064
1064
1064
1064
1064
1064
1064
1064
1064
1064
1064
1064
1064
1064
1064
1064
1064
1064
1064
1064
1064
1064
1064
1064
1064
1064
1064
1064
1064
1064
1064
1064
1064
1064
1064
1064
1064
1064
1064
1064
1064
1064
1064
1064
1064
1064
1064
1064
1064
1064
1064
1064
1064
1064
1064
1064
1064
1064
1064
1064
1064
1064
1064
1064
1064
1064
1064
1064
1064
1064
1064
1064
1064
1064
1064
1064
1064
1064
1064
1064
1064
1064
1064
1064
1064
1064
1064
1064
1064
1064
1064
1064
1064
1064
1064
1064
1064
1064
1064
1064
1064
1064
1064
1064
1064
1064
1064
1064
1064
1064
1064
1064
1064
1064
1064
1064
1064
1064
1064
1064
1064
1064
1064
1064
1064
1064
1064
1064
1064
1064
1064
1064
1064
1064
1064
1064
1064
1064
1064
1064
1064
1064
1064
1064
1064
1064
1064
1064
1064
1064
1064
1064
1064
1064
1064
1064
1064
1064
1064
1064
1064
1064
1064
1064
1064
1064
1064
1064
1064
1064
1064
1064
1064
1064
1064
1064
1064
1064
1064
1064
1064
1064
1064
1064
1064
1064
1064
1064
1064
1064
1064
1064
1064
1064
1064
1064
1064
1064
1064
1064
1064
1064
1064
1064
1064
1064
1064
1064
1064
1064
1064
1064
1064
1064
1064
1064
1064
1064
1064
1064
1064
1064
1064
1064
1064
1064
1064
1064
1064
1064
1064
1064
1064
1064
1064
1064
1064
1064
1064
1064
1064
1064
1064
1064
1064
1064
1064
1064
1064
1064
1064
1064
1064
1064
1064
1064
1064
1064
1064
1064
1064
1064
1064
1064
1064
1064
1064
1064
1064
1064
1064
1064
1064
1064
1064
1064
1064
1064
1064
1064
1064
1064
1064
1064
1064
1064
1064
1064
1064
1064
1064
1064
1064
1064
1064
1064
1064
1064
1064
1064
1064
1064
1064
1064
1064
1064
1064
1064
1064
1064
1064
1064
1064
