1065
918
931
916
942
924
942
920
935
926
953
921
931
910
923
932
943
929
920
919
944
933
942
925
924
943
929
935
930
946
937
923
948
944
945
926
941
932
937
947
928
920
932
930
929
941
943
904
931
960
940
922
913
944
936
945
949
937
940
935
955
928
947
933
927
912
949
931
947
921
931
916
935
948
924
945
927
923
948
935
916
925
943
923
943
921
946
928
939
923
933
947
949
942
935
926
942
935
914
944
916
945
921
933
915
937
925
935
937
938
913
940
944
927
926
921
918
945
920
933
927
944
921
935
946
921
949
955
933
933
947
940
938
915
938
942
932
948
927
941
934
931
948
945
911
918
953
941
930
921
950
939
930
940
923
933
941
928
923
935
942
934
935
926
940
932
943
942
930
935
939
929
928
936
935
934
926
931
952
951
950
945
943
950
939
905
923
945
935
939
932
918
929
913
944
924
915
940
946
928
931
918
925
936
923
941
949
951
932
926
915
925
929
917
942
937
937
913
948
929
929
932
928
941
937
933
938
943
935
928
946
940
934
940
930
922
951
923
932
924
917
941
947
917
911
945
927
953
924
955
926
931
940
948
945
946
935
909
947
916
940
920
913
947
917
914
930
937
942
936
947
937
954
930
949
944
944
928
918
941
931
918
918
932
933
934
947
912
924
931
954
943
920
948
940
948
921
904
933
929
934
926
942
923
926
917
905
922
927
947
949
923
942
930
915
926
933
914
931
923
930
917
941
947
949
926
927
943
947
924
923
940
945
914
929
922
938
922
941
927
944
932
933
949
945
932
913
938
929
935
916
937
929
938
922
926
919
918
929
948
934
911
948
931
927
932
928
933
921
924
926
942
928
934
933
954
922
941
930
933
961
926
937
932
941
928
933
931
929
908
928
931
926
941
936
939
941
926
905
922
930
945
932
929
925
929
951
929
924
953
926
914
945
918
935
946
940
946
920
932
934
944
943
940
939
919
928
941
943
952
930
964
935
947
929
927
927
931
929
952
915
925
928
913
923
932
941
955
942
937
916
937
937
948
935
928
943
914
927
919
945
934
922
933
947
924
920
952
924
936
904
943
945
925
917
949
949
930
921
944
939
947
947
940
922
922
947
945
940
928
937
952
919
915
947
933
934
929
951
930
931
924
925
933
943
924
952
938
929
932
939
944
941
928
936
938
935
938
942
922
936
939
935
926
951
935
920
909
945
927
919
935
931
936
935
946
928
919
934
942
935
925
941
930
927
930
931
946
934
940
933
947
944
922
934
941
939
931
927
935
926
928
935
930
947
924
919
929
929
926
932
936
934
918
925
941
933
935
941
942
933
926
939
938
933
933
933
946
941
928
952
904
925
920
928
935
940
953
929
947
938
952
936
930
942
952
938
935
942
953
943
917
946
964
941
938
923
927
945
932
939
920
937
955
953
949
937
935
930
944
948
945
905
942
933
944
939
926
933
934
935
938
949
934
943
938
929
950
938
934
929
949
936
927
928
924
965
937
942
945
941
946
939
926
930
942
947
928
933
948
934
931
942
952
941
932
931
938
933
934
928
940
937
946
949
937
948
944
930
937
933
949
944
926
927
943
936
939
917
921
916
938
942
941
951
929
920
934
909
946
932
917
936
956
936
920
939
943
929
926
909
929
944
948
946
951
923
932
949
926
935
947
940
932
946
931
936
949
929
942
936
921
949
957
950
940
941
938
939
938
944
928
947
947
924
953
945
920
933
944
950
928
935
936
925
920
951
919
934
934
922
936
924
935
939
935
930
947
949
949
916
923
953
947
919
926
919
942
945
932
924
926
940
925
934
940
926
936
939
925
930
945
933
929
919
931
946
933
911
966
934
933
932
940
950
938
951
904
934
954
960
923
949
918
942
941
925
938
941
944
941
931
933
939
938
946
945
941
927
940
927
951
941
938
932
953
933
928
935
938
927
915
930
947
953
957
942
947
946
927
938
954
947
933
953
937
931
958
963
923
917
929
946
934
936
945
947
927
927
941
921
928
954
921
942
935
942
931
930
932
934
928
944
945
932
934
945
944
955
969
969
951
951
940
938
936
932
969
946
935
946
956
944
949
945
945
945
934
922
947
936
940
928
939
945
934
917
949
937
937
946
950
930
947
953
940
936
955
939
945
940
921
941
946
947
935
927
927
946
938
943
944
928
928
950
944
960
929
940
942
939
930
952
936
948
931
929
945
951
959
959
953
935
950
938
967
946
929
944
945
942
939
949
944
947
940
967
948
942
937
956
967
961
940
938
944
962
953
962
932
941
944
925
974
942
928
954
943
951
952
930
935
937
931
943
936
941
944
938
940
935
959
934
952
921
943
946
956
940
954
927
936
916
940
939
947
949
935
944
953
948
948
943
950
935
937
940
954
932
962
958
960
951
948
949
946
946
971
954
937
939
942
950
953
953
941
947
948
947
965
947
959
949
935
949
960
933
944
965
957
945
933
954
929
940
942
961
946
960
952
944
960
951
964
948
953
942
922
935
934
972
948
956
960
963
956
949
958
950
956
945
951
961
952
947
951
956
939
946
942
957
944
951
959
936
932
952
950
963
952
958
961
961
949
946
954
963
968
962
965
947
959
955
948
959
950
934
973
964
962
952
953
946
965
969
967
951
959
951
945
944
951
937
929
943
966
953
961
951
944
964
948
968
960
955
958
958
966
952
963
958
948
971
964
963
954
963
957
944
949
953
964
965
960
946
951
955
953
951
957
959
948
961
953
964
939
957
958
948
968
967
951
959
976
956
974
977
961
955
959
957
941
947
952
950
974
961
979
944
960
970
972
980
956
959
957
959
960
962
966
948
954
946
961
962
961
968
971
973
967
966
959
965
957
936
955
953
963
975
966
956
982
969
970
971
947
961
943
957
955
979
968
961
970
966
967
964
955
967
965
963
965
974
979
974
973
961
967
982
965
965
985
987
974
977
973
980
974
984
983
962
973
971
974
966
962
989
991
961
971
952
977
969
962
967
961
963
974
978
976
983
966
973
972
972
978
987
977
972
964
964
982
989
989
967
979
978
979
974
986
981
973
987
986
991
981
963
963
975
970
964
987
980
982
978
988
992
987
983
980
962
962
971
964
976
968
976
983
976
982
981
976
960
961
996
988
982
975
974
973
986
978
983
996
989
985
985
993
996
976
969
976
976
965
982
977
985
974
979
979
972
978
964
984
992
995
985
999
990
1003
1009
997
991
975
983
986
978
979
982
990
987
990
990
984
996
994
994
1004
997
1000
1006
989
985
982
983
993
983
994
1002
1006
997
999
1002
995
999
991
989
1002
1013
1004
996
994
998
999
998
997
996
989
996
995
991
986
990
992
996
988
995
992
997
1011
1004
997
995
1001
999
998
984
1002
1013
995
1000
1004
1004
1007
1005
1000
990
1008
999
1002
1017
1013
1003
1007
1000
993
1001
992
988
995
1002
1000
997
1002
1006
1022
1000
1003
1004
1014
1014
1005
990
992
992
996
1000
1000
1004
1000
1003
998
1004
1011
1010
999
986
1000
998
990
998
999
1011
1004
1002
1003
1003
997
1009
1005
1009
1020
1018
1021
1016
1008
1004
998
1005
1012
1011
1008
1011
1006
1005
1006
1007
1012
1008
1013
1019
1025
1021
1015
1019
1020
1016
1013
1021
1018
1023
1020
1018
1021
1028
1022
1017
1025
1027
1028
1012
1015
1017
1024
1020
1008
999
1000
1020
1020
1021
1020
1026
1028
1029
1027
1026
1028
1033
1030
1018
1010
998
1012
1016
1016
1024
1023
1022
1025
1023
1020
1019
1018
1017
1015
1019
1023
1029
1026
1033
1028
1022
1028
1027
1026
1025
1026
1022
1026
1023
1025
1016
1015
1018
1025
1020
1020
1019
1022
1025
1030
1030
1025
1022
1036
1029
1030
1025
1026
1021
1029
1033
1030
1029
1029
1029
1029
1026
1030
1030
1039
1037
1034
1032
1032
1032
1029
1032
1036
1036
1035
1035
1029
1031
1031
1036
1040
1038
1041
1041
1038
1035
1035
1037
1040
1040
1041
1037
1033
1035
1034
1035
1035
1034
1036
1041
1041
1040
1041
1039
1039
1044
1043
1039
1041
1040
1039
1043
1038
1042
1043
1043
1045
1037
1037
1038
1038
1033
1042
1041
1042
1041
1045
1044
1042
1040
1042
1042
1045
1047
1044
1046
1049
1048
1046
1046
1047
1050
1049
1047
1045
1044
1043
1044
1045
1049
1049
1051
1051
1051
1051
1050
1050
1051
1051
1051
1053
1050
1051
1052
1052
1054
1052
1051
1053
1050
1051
1049
1048
1048
1048
1049
1049
1050
1049
1049
1048
1049
1049
1050
1048
1048
1050
1049
1051
1051
1051
1051
1051
1050
1049
1050
1050
1049
1050
1049
1049
1050
1052
1052
1051
1052
1051
1049
1052
1052
1054
1054
1053
1054
1054
1051
1050
1050
1050
1051
1051
1052
1052
1050
1050
1052
1052
1051
1052
1052
1053
1054
1053
1056
1056
1055
1055
1053
1055
1055
1055
1056
1055
1055
1055
1055
1057
1056
1057
1057
1055
1055
1055
1056
1055
1056
1056
1058
1057
1058
1057
1057
1057
1057
1056
1058
1059
1059
1060
1059
1059
1060
1060
1060
1060
1061
1061
1061
1061
1061
1061
1061
1061
1061
1060
1060
1060
1058
1059
1059
1059
1059
1058
1058
1058
1059
1059
1059
1059
1059
1059
1059
1060
1060
1060
1061
1060
1059
1058
1058
1058
1058
1058
1058
1058
1059
1058
1059
1059
1059
1059
1059
1060
1060
1059
1058
1058
1058
1058
1059
1059
1058
1059
1059
1060
1061
1061
1061
1061
1060
1061
1061
1061
1061
1061
1060
1060
1060
1060
1060
1060
1060
1060
1060
1060
1060
1060
1060
1060
1061
1061
1061
1061
1061
1061
1061
1061
1061
1061
1061
1061
1061
1061
1062
1062
1062
1062
1062
1062
1062
1062
1062
1062
1061
1061
1061
1062
1062
1062
1062
1062
1062
1062
1062
1062
1062
1062
1062
1062
1062
1062
1062
1062
1062
1062
1062
1062
1062
1062
1062
1062
1062
1062
1062
1062
1062
1062
1062
1062
1062
1062
1062
1062
1062
1062
1062
1062
1062
1062
1062
1062
1062
1062
1062
1062
1062
1062
1062
1062
1062
1062
1062
1062
1062
1062
1062
1062
1062
1062
1062
1062
1062
1062
1062
1062
1062
1062
1063
1063
1063
1063
1063
1063
1063
1062
1062
1062
1063
1063
1063
1063
1062
1062
1062
1062
1062
1062
1062
1062
1062
1062
1062
1062
1062
1062
1062
1062
1062
1062
1062
1062
1062
1062
1062
1062
1062
1062
1062
1062
1062
1062
1062
1062
1062
1062
1062
1062
1062
1062
1062
1062
1062
1062
1062
1062
1062
1062
1062
1062
1062
1062
1063
1063
1063
1063
1063
1063
1063
1063
1063
1063
1063
1063
1063
1063
1063
1063
1063
1063
1063
1063
1063
1063
1063
1063
1063
1063
1063
1063
1063
1063
1063
1063
1063
1063
1063
1063
1063
1063
1063
1063
1063
1063
1063
1063
1063
1063
1063
1063
1063
1063
1063
1063
1063
1063
1063
1063
1063
1063
1063
1063
1063
1063
1063
1063
1063
1063
1063
1063
1063
1063
1063
1063
1063
1063
1063
1063
1063
1063
1063
1063
1063
1063
1063
1063
1063
1063
1063
1063
1063
1063
1063
1063
1063
1063
1063
1063
1063
1063
1063
1063
1063
1063
1063
1063
1063
1063
1063
1063
1063
1063
1063
1063
1063
1063
1063
1063
1063
1063
1063
1063
1063
1063
1063
1063
1063
1063
1063
1063
1063
1063
1063
1063
1063
1063
1063
1063
1063
1063
1063
1063
1063
1063
1063
1063
1063
1063
1063
1063
1063
1063
1063
1063
1063
1063
1063
1063
1063
1063
1063
1063
1063
1063
1063
1063
1063
1063
1063
1063
1063
1063
1063
1063
1063
1063
1063
1063
1063
1063
1063
1063
1063
1063
1063
1063
1063
1063
1063
1063
1063
1063
1063
1063
1063
1063
1063
1063
1063
1063
1063
1063
1063
1063
1063
1063
1063
1063
1063
1063
1063
1063
1063
1063
1063
1063
1063
1063
1063
1063
1063
1063
1063
1063
1063
1063
1063
1063
1063
1063
1063
1063
1063
1063
1063
1063
1063
1063
1063
1063
1063
1063
1063
1063
1063
1063
1063
1063
1063
1063
1063
1063
1063
1063
1063
1063
1063
1063
1063
1063
1063
1063
1063
1063
1063
1063
1063
1063
1063
1063
1063
1063
1063
1063
1063
1063
1063
1063
1063
1063
1063
1063
1063
1063
1063
1063
1063
1063
1063
1063
1063
1063
1063
1063
1063
1063
1063
1063
1063
1063
1063
1063
1063
1063
1063
1063
1063
1063
1063
1063
1063
1063
1063
1063
1063
1063
1063
1063
1063
1063
1063
1063
1063
1063
1063
1063
1063
1063
1063
1063
1063
1063
1063
1063
1063
1063
1063
1063
1063
1063
1063
1063
1063
1063
1063
1063
1063
1063
1063
1063
1063
1063
1063
1063
1063
1063
1063
1063
1063
1063
1063
1063
1063
1063
1063
1063
1063
1063
1063
1063
1063
1063
1063
1063
1063
1063
1063
1063
1063
1063
1063
1063
1063
1063
1063
