1065
921
925
923
945
916
942
929
922
939
944
925
910
911
955
931
939
929
933
911
934
931
949
929
942
939
956
913
930
920
936
916
932
937
940
934
937
942
937
924
934
933
916
920
911
937
924
943
967
944
926
932
954
934
943
919
913
931
922
938
941
941
916
934
920
950
929
943
931
944
954
916
933
934
935
928
952
930
933
941
920
926
951
936
945
903
935
926
940
929
938
941
935
924
929
928
944
920
933
945
913
906
931
941
951
929
926
961
935
924
941
919
938
921
935
922
945
904
941
931
932
927
949
941
935
910
921
928
920
935
937
927
922
921
930
911
922
924
938
925
928
926
911
925
942
941
927
926
925
913
943
925
921
939
926
934
928
936
924
933
937
929
923
932
935
938
945
926
935
924
954
934
937
947
944
943
928
924
918
917
923
935
928
936
948
928
950
942
925
944
929
935
925
918
936
930
936
929
925
938
944
932
935
939
941
929
924
912
926
927
941
944
949
925
938
936
919
935
929
923
923
943
928
941
957
933
937
916
919
942
922
922
948
940
917
934
949
939
935
938
944
929
937
944
939
945
950
938
939
946
939
907
930
957
906
924
940
929
952
910
921
936
946
918
942
930
928
948
914
932
929
948
937
937
944
944
939
912
924
927
927
926
938
943
911
953
927
917
915
917
938
925
942
924
907
937
950
931
922
942
946
928
923
934
929
933
945
943
919
938
928
916
923
951
930
939
937
922
945
935
954
916
931
934
906
936
917
915
924
927
934
921
936
953
926
932
941
958
919
944
915
923
920
922
939
921
943
953
934
927
945
942
953
934
921
934
940
922
944
934
943
933
951
946
967
945
932
935
939
924
935
930
931
936
939
919
924
947
933
916
921
943
946
935
943
923
926
929
948
925
923
952
918
928
927
931
922
957
929
924
929
938
926
906
943
924
941
944
937
946
947
928
909
930
927
938
933
945
957
935
939
944
934
925
934
929
929
934
928
928
922
942
942
918
948
932
919
927
935
933
930
935
938
950
941
934
924
946
939
924
954
938
939
926
934
925
940
937
925
935
957
925
933
922
924
931
931
931
932
908
933
933
925
944
938
950
935
931
951
928
904
936
926
929
937
932
934
932
910
924
928
929
943
947
925
947
917
916
938
938
936
913
913
934
924
918
915
933
938
931
957
933
934
945
934
945
940
932
929
921
910
917
923
937
916
932
947
921
911
916
916
921
922
924
931
931
943
935
931
939
946
941
929
937
955
941
932
939
939
940
949
944
916
937
939
916
938
927
924
929
945
936
936
938
918
916
940
950
924
912
922
943
938
938
939
943
945
945
928
925
932
925
961
941
941
942
931
907
927
941
935
927
916
920
921
939
936
943
928
940
936
926
950
910
938
949
920
910
952
919
908
907
952
944
940
945
938
932
925
946
937
937
930
936
925
928
919
931
924
937
930
936
939
943
930
926
942
918
928
935
892
954
927
922
929
924
920
939
935
930
916
936
953
932
936
936
934
925
932
933
933
940
936
923
932
928
929
929
950
937
953
931
950
929
943
938
947
944
926
938
929
923
922
942
915
925
942
956
941
946
933
912
936
939
931
921
933
935
920
927
913
927
917
932
937
932
929
935
928
931
933
917
923
932
926
931
931
938
918
941
934
934
913
926
926
931
930
932
948
939
923
934
937
954
927
934
943
953
922
939
942
936
935
929
945
942
935
939
946
913
942
936
930
928
923
941
931
928
939
953
944
929
922
932
930
916
933
944
928
919
935
924
921
925
937
937
921
934
919
913
949
931
930
932
918
921
921
931
928
929
920
921
944
948
954
945
924
919
913
944
929
946
940
934
948
947
943
940
918
928
931
926
933
928
931
926
932
934
934
935
948
936
938
920
963
940
927
928
942
940
926
939
921
946
929
935
930
917
928
952
929
942
948
921
933
939
945
943
928
924
932
913
931
939
910
916
933
933
937
918
928
914
918
926
925
941
932
947
925
940
927
938
930
934
921
938
911
923
953
934
946
948
933
921
944
943
919
945
922
916
924
926
938
908
939
946
947
932
951
936
954
942
918
925
928
941
935
944
946
919
945
927
937
912
936
922
925
941
923
939
929
945
933
932
925
927
933
940
955
929
929
941
935
931
942
927
946
921
921
942
937
945
943
924
922
935
931
928
927
923
930
920
955
942
944
950
955
937
914
937
927
953
923
939
920
921
917
916
929
931
917
929
933
927
938
943
942
916
929
945
947
944
920
941
935
940
932
917
920
935
924
961
917
934
927
942
921
921
919
917
940
943
917
927
928
945
931
945
951
921
919
939
921
920
941
941
971
916
935
943
916
922
937
935
904
924
934
946
921
932
918
932
926
955
927
927
936
952
935
942
934
925
935
919
952
932
933
940
939
927
932
934
935
920
919
935
929
938
929
930
927
921
931
934
905
936
928
925
905
947
924
928
921
930
930
937
935
928
919
940
947
934
937
939
934
919
934
938
933
915
924
946
923
920
939
947
958
941
935
921
920
932
931
939
929
937
935
946
922
943
931
935
939
929
916
944
933
935
928
919
927
916
914
910
933
912
916
921
925
952
954
944
925
937
931
927
942
913
933
937
926
943
939
939
921
930
921
946
935
936
936
937
916
925
917
948
925
933
933
926
941
918
930
938
925
929
937
940
919
921
914
935
940
941
911
931
916
921
929
933
934
942
907
929
937
942
918
933
932
931
947
942
957
955
937
916
913
933
940
927
919
918
947
915
947
926
939
916
932
939
911
930
929
927
935
930
938
927
917
939
929
929
939
929
930
932
931
937
932
924
926
918
929
936
935
913
937
929
940
944
935
935
942
932
939
924
931
924
927
954
923
962
939
924
933
927
935
920
936
947
922
936
938
963
925
933
924
936
951
944
934
924
936
931
921
934
944
933
941
946
950
933
929
942
943
935
937
957
945
930
933
952
914
934
940
941
917
925
933
921
942
934
923
940
957
946
929
936
941
937
945
923
926
919
954
950
936
921
927
927
929
935
941
952
931
934
930
909
917
951
928
954
961
942
924
943
927
928
928
944
927
937
941
918
924
926
942
934
922
951
934
933
921
940
929
927
939
941
944
936
922
936
939
929
937
944
935
927
935
911
945
934
910
939
936
938
956
939
945
923
912
919
928
916
924
928
919
929
937
941
928
934
931
942
947
932
942
938
915
938
937
944
915
911
931
932
945
940
938
937
932
928
921
932
943
927
941
922
946
927
923
960
942
934
942
916
923
943
921
935
942
920
917
932
938
938
925
914
940
939
934
914
948
943
936
924
927
937
946
929
936
945
942
951
941
932
944
934
921
917
942
945
935
934
939
951
955
925
925
909
946
933
926
938
944
930
935
944
937
940
926
933
934
950
943
940
941
940
939
935
940
948
950
954
934
943
928
924
931
938
952
921
923
942
941
929
933
939
921
924
923
932
938
942
930
930
935
936
928
930
937
929
927
913
935
932
913
936
934
937
938
921
911
913
941
940
937
950
944
944
929
933
945
938
922
918
934
946
953
924
936
930
936
952
943
945
943
922
914
913
941
932
950
923
927
929
938
938
914
931
927
920
938
930
925
953
937
925
926
929
953
923
940
924
910
933
921
917
927
919
933
927
922
940
937
954
951
941
940
934
946
952
941
938
929
946
934
927
917
934
926
931
934
943
934
939
950
937
947
923
930
934
930
931
932
919
949
941
936
931
944
959
932
940
927
925
937
934
934
958
935
928
930
935
945
928
909
917
934
938
944
934
929
927
942
911
910
908
937
931
944
941
923
929
934
927
935
939
917
910
935
913
936
933
936
898
941
948
928
923
941
915
928
937
948
939
927
939
946
937
929
925
937
915
925
924
934
944
926
940
924
918
934
928
914
919
930
953
931
933
935
953
951
944
939
946
943
947
936
950
916
934
947
944
917
937
942
940
945
955
932
938
924
938
942
939
951
943
947
948
917
920
929
939
942
920
928
935
920
928
942
947
940
949
931
926
933
931
940
933
941
935
922
910
933
929
914
926
949
914
927
934
931
941
931
927
925
936
922
932
933
929
942
929
931
931
938
936
912
938
944
951
944
929
940
932
913
956
921
946
932
954
932
924
922
925
928
932
945
951
914
932
938
951
937
932
923
929
942
931
942
956
946
917
941
944
943
943
918
944
948
943
924
928
929
934
941
947
964
938
907
931
957
937
941
934
933
930
937
924
944
920
931
919
943
934
949
925
937
945
943
938
930
926
936
932
942
947
933
956
940
930
937
940
951
934
933
942
927
936
929
936
939
944
911
922
940
933
931
945
933
945
928
931
938
937
933
913
913
915
945
936
916
925
923
947
940
945
921
941
931
926
945
930
950
932
939
942
916
968
949
933
942
937
912
945
941
950
946
945
926
961
920
929
950
924
905
937
931
942
922
940
943
938
955
937
944
923
911
944
937
947
924
927
945
936
935
929
939
930
946
938
934
916
947
924
941
947
944
942
921
950
947
949
952
939
934
922
936
925
967
932
941
926
940
933
922
950
942
938
933
932
944
958
951
938
949
934
928
922
932
956
950
932
931
944
932
941
943
939
951
956
928
941
952
936
927
918
928
925
931
934
936
926
945
951
953
943
905
940
931
948
964
935
955
929
936
935
931
956
956
925
927
923
926
932
920
923
929
929
946
954
957
952
948
930
954
928
937
946
933
937
938
951
931
952
931
945
949
927
942
946
936
946
947
942
940
959
937
919
921
929
938
931
948
931
924
941
932
934
922
949
948
944
945
954
951
922
933
951
945
949
946
957
941
947
932
950
955
956
947
961
951
954
935
941
927
954
924
944
935
945
942
936
934
934
935
936
929
926
951
936
930
930
937
942
942
955
948
946
930
936
932
943
931
929
940
946
933
957
940
931
940
955
945
939
955
943
945
952
936
935
938
931
955
956
941
949
948
942
941
947
939
954
954
934
937
936
943
947
957
950
971
955
929
928
943
929
946
953
952
944
946
933
936
926
937
931
926
966
952
944
940
945
936
931
951
942
945
949
935
925
938
926
935
944
949
964
956
933
931
944
956
946
948
948
951
953
942
937
967
979
951
942
942
948
966
951
966
963
946
953
941
958
936
941
927
941
939
951
941
955
950
943
941
943
939
960
950
962
955
953
948
961
938
952
951
953
958
945
961
958
940
959
957
952
934
949
968
953
942
963
954
960
952
971
965
956
963
959
957
967
970
953
946
961
956
965
967
961
950
954
955
960
934
958
961
967
973
974
957
975
959
974
968
964
978
976
981
953
944
956
967
948
955
964
980
992
965
970
970
965
987
958
966
983
969
972
974
972
972
976
966
976
997
974
976
973
973
981
969
971
967
981
992
979
966
988
972
973
983
957
965
949
966
985
984
967
977
988
989
987
996
999
1000
997
1004
1000
988
1001
996
998
993
997
988
993
985
988
980
994
999
997
998
1001
993
990
1007
1006
1001
1003
1005
1003
1004
1014
1008
1003
1008
1004
1012
1012
1015
1010
1017
1019
1019
1020
1022
1023
1027
1022
1027
1027
1027
1029
1029
1029
1027
1026
1022
1028
1028
1027
1027
1028
1028
1027
1027
1026
1027
1025
1033
1032
1036
1039
1041
1041
1041
1041
1041
1042
1042
1042
1044
1044
1044
1044
1046
1046
1047
1047
1048
1048
1049
1049
1050
1051
1051
1051
1051
1051
1051
1052
1052
1052
1052
1053
1053
1053
1054
1054
1054
1054
1054
1054
1054
1054
1054
1054
1054
1055
1055
1055
1055
1055
1055
1055
1055
1055
1055
1057
1057
