1065
917
926
937
931
947
922
934
918
921
946
924
945
923
930
923
929
917
935
950
926
924
927
931
931
934
919
951
945
933
921
937
937
937
934
917
929
935
924
927
926
941
927
944
943
920
933
932
924
914
928
920
930
945
949
930
943
921
921
945
916
906
936
931
919
918
952
931
951
921
943
946
920
924
937
933
941
939
915
947
941
913
938
925
944
945
945
919
948
938
927
937
936
927
941
938
932
928
929
945
925
922
931
934
935
939
910
912
942
924
925
942
924
935
922
933
940
913
938
925
926
938
918
935
934
919
933
906
935
909
925
916
918
942
938
915
927
933
932
936
940
929
926
932
933
916
928
931
942
945
907
923
927
925
940
942
934
921
931
937
943
929
940
931
923
928
913
938
946
932
946
940
933
924
936
930
932
906
914
919
912
921
939
942
938
937
933
943
916
932
909
918
947
946
938
917
892
932
949
942
939
934
924
942
918
943
924
940
942
923
937
920
943
915
930
921
951
939
917
933
927
943
928
922
910
918
924
943
934
946
932
941
936
950
927
944
933
929
953
941
920
944
926
912
942
948
938
937
929
938
923
941
930
948
931
942
953
905
930
930
931
934
914
943
949
924
923
913
921
929
925
934
920
940
946
925
914
939
944
937
945
925
926
909
929
944
937
934
929
930
925
908
930
926
920
935
954
920
918
925
923
922
939
939
940
940
927
936
933
922
963
915
941
948
935
931
931
945
929
916
940
919
931
956
938
943
927
944
940
923
942
918
955
937
923
932
929
939
917
926
939
935
936
922
927
940
913
951
926
933
943
935
945
943
927
946
923
939
927
954
947
933
954
927
931
924
940
930
933
929
944
926
935
916
958
923
937
929
927
938
927
942
932
926
952
951
917
926
911
937
931
951
926
930
929
924
920
926
945
917
929
934
935
923
921
929
920
942
941
928
939
929
927
943
930
922
920
919
946
919
950
913
930
924
921
949
943
937
941
926
933
933
962
936
929
931
938
938
926
906
954
931
945
926
933
926
917
933
941
940
924
935
947
925
925
921
922
932
948
946
925
939
912
923
928
950
926
936
913
930
942
918
938
922
928
905
920
936
961
941
937
938
938
949
925
931
913
926
952
946
949
938
942
937
932
931
943
937
940
942
937
949
937
946
942
925
905
932
926
944
921
942
925
943
944
951
938
934
931
939
942
940
947
940
951
933
915
932
921
928
935
928
937
917
920
948
935
933
937
953
930
927
944
946
945
936
941
925
915
944
940
928
945
932
932
939
949
940
936
921
932
944
931
928
935
936
932
920
936
916
930
923
937
943
954
910
921
940
928
928
938
923
943
926
928
928
917
922
934
933
946
939
930
931
932
946
937
921
922
920
946
919
947
929
932
920
915
934
929
920
904
922
924
958
927
967
937
927
944
924
934
939
944
929
932
932
950
927
931
936
917
924
916
944
928
932
927
924
940
924
931
943
953
946
941
953
933
936
928
932
906
920
908
941
933
919
939
929
925
930
939
943
925
936
937
913
916
934
944
932
941
954
937
926
931
938
913
934
938
920
954
927
925
943
930
933
900
930
941
937
934
937
948
931
938
936
940
919
931
940
938
932
920
936
932
940
945
946
935
928
924
931
953
926
948
933
917
936
923
941
930
960
920
916
931
931
928
932
917
925
955
935
940
939
932
944
926
938
929
915
919
952
942
926
917
938
923
928
921
937
941
938
928
949
922
932
935
926
939
957
950
950
936
922
935
925
946
933
946
934
948
932
936
933
923
921
924
935
946
945
949
939
932
943
935
931
929
934
935
914
937
928
942
954
950
958
941
924
937
930
929
920
940
941
921
947
930
944
939
930
940
927
943
936
925
916
945
919
923
937
937
935
946
908
930
922
934
913
944
931
939
932
941
937
947
943
949
944
968
948
928
917
924
937
931
939
930
939
922
942
920
914
931
938
946
942
917
935
937
926
945
927
935
920
929
923
943
923
922
941
935
948
931
940
940
921
929
935
929
942
942
919
919
948
943
959
930
930
905
950
950
922
953
913
945
942
940
943
923
918
926
928
930
932
936
951
935
925
934
947
933
926
935
934
928
934
947
920
927
923
924
923
931
921
944
931
932
937
939
921
931
931
925
943
942
927
941
932
943
951
944
939
943
930
941
910
948
936
949
932
947
943
923
945
947
936
963
923
948
948
919
929
922
958
943
954
924
923
934
922
940
947
929
931
945
933
908
938
929
941
929
929
927
937
928
942
940
927
936
920
954
931
948
936
936
930
921
929
929
937
932
937
934
933
946
930
940
937
928
946
944
935
945
947
924
925
924
936
929
933
940
927
933
924
937
921
929
947
949
932
950
930
948
926
924
917
927
942
932
935
932
917
938
932
913
942
934
955
939
933
914
924
914
920
947
925
929
923
941
953
955
941
934
921
935
935
915
933
927
934
930
928
924
933
921
952
953
918
939
937
954
941
949
932
930
918
934
934
932
940
934
960
937
933
941
950
936
929
928
948
928
947
927
926
935
936
958
917
939
917
912
924
938
942
919
924
947
939
926
932
925
941
943
932
942
932
929
925
951
934
935
931
955
934
915
925
931
923
941
924
930
945
931
923
917
944
941
944
924
923
955
944
924
946
923
947
934
942
920
934
944
924
937
950
931
906
926
927
938
905
921
928
934
926
946
931
932
919
916
938
926
919
937
927
936
941
927
920
935
925
942
927
942
923
940
910
925
939
943
943
918
921
928
940
941
914
938
950
936
942
967
934
908
937
937
943
940
929
921
933
934
924
932
935
951
928
931
939
936
913
900
914
930
934
939
945
941
913
926
957
955
938
915
923
938
931
926
935
905
930
934
930
924
935
932
921
949
938
918
921
938
922
936
920
947
932
948
923
912
921
947
928
922
935
942
931
925
919
944
923
931
915
916
935
943
929
945
917
938
939
913
945
943
941
929
930
938
945
928
934
932
921
922
928
934
935
939
939
944
929
915
929
960
925
918
908
934
931
936
944
939
923
897
927
930
938
930
921
925
912
921
933
937
935
943
937
940
935
939
940
942
945
948
955
959
915
929
940
959
948
934
946
910
928
923
942
932
949
933
927
948
928
940
923
938
926
935
934
930
921
908
950
920
967
938
925
942
919
938
932
928
927
930
936
916
938
934
941
924
949
935
945
937
959
937
926
951
948
939
939
951
945
922
932
931
926
940
931
921
950
932
934
938
943
941
910
925
943
936
931
947
927
907
915
934
935
921
938
949
915
935
937
942
930
935
931
945
937
944
939
948
944
940
917
954
916
938
967
939
935
932
927
948
934
936
928
942
936
919
928
937
924
934
935
932
941
927
923
941
944
935
927
937
919
926
923
928
949
935
936
930
935
934
962
928
936
929
926
944
934
952
943
929
926
944
937
944
941
926
920
959
936
930
920
939
936
941
924
938
920
934
924
943
941
917
934
910
928
925
926
908
918
929
918
937
928
938
926
924
931
935
929
931
917
940
936
942
935
917
920
929
924
935
925
905
933
942
948
945
945
938
944
946
931
944
949
906
931
920
946
945
948
936
955
943
946
919
918
935
928
914
916
943
912
934
935
924
931
938
938
933
942
946
944
946
941
931
925
936
916
944
929
925
941
938
927
940
926
935
939
930
931
942
938
927
937
947
936
933
939
935
929
942
934
945
924
949
941
930
936
919
952
929
935
923
934
947
945
938
950
938
936
923
938
935
945
960
918
938
937
920
943
944
950
924
946
952
941
937
929
920
943
918
926
932
951
944
950
934
913
933
943
926
940
943
923
926
948
928
933
943
939
933
935
930
929
925
931
945
951
930
954
919
931
917
927
931
965
956
942
956
949
935
925
933
932
947
941
916
943
939
951
939
949
932
931
930
952
946
935
943
929
931
926
934
928
955
926
912
954
933
933
917
942
942
937
936
925
914
945
933
932
922
935
944
921
918
914
951
929
938
928
945
937
923
931
922
945
936
930
927
921
925
943
932
925
933
934
940
962
945
946
948
936
957
942
935
928
944
935
926
941
944
933
912
950
944
937
948
932
944
928
920
939
922
929
948
943
927
940
943
930
944
927
948
940
945
941
934
934
951
937
941
931
942
942
922
944
919
941
946
942
929
949
908
921
933
935
912
914
939
943
934
934
927
942
930
935
953
942
931
936
951
938
940
931
936
910
934
921
923
926
945
927
925
942
950
934
922
952
933
934
940
941
912
908
942
935
925
919
933
935
932
933
936
917
930
928
938
939
945
948
951
944
952
931
934
963
948
950
945
935
952
944
930
953
922
952
906
940
927
933
951
936
936
956
955
941
941
937
936
918
937
932
916
927
939
934
944
946
921
945
965
955
928
930
922
938
928
932
938
942
934
930
948
955
944
945
929
938
938
946
922
922
934
921
957
951
931
938
948
924
935
937
931
918
941
935
945
926
938
940
939
912
941
913
952
919
908
937
931
924
922
923
936
919
933
899
948
930
938
927
929
928
928
921
927
931
940
942
934
933
945
931
948
962
932
940
947
936
915
916
917
937
929
946
936
922
936
937
944
926
953
943
932
962
921
928
939
932
942
945
938
928
923
951
949
932
953
945
933
958
956
962
951
948
929
932
940
951
940
943
931
950
932
940
936
945
955
947
939
933
913
958
951
932
936
932
924
945
928
932
931
946
945
935
949
933
954
936
923
926
932
944
946
942
930
928
936
961
948
946
918
957
939
941
944
945
942
931
950
935
935
932
941
953
939
959
928
942
934
943
953
953
954
921
933
934
930
935
921
924
940
950
928
960
933
942
938
919
941
947
935
924
924
934
925
937
935
941
954
928
923
942
955
961
959
943
945
938
936
945
925
931
938
935
932
955
944
935
936
917
944
938
946
944
956
951
945
943
931
950
937
942
936
932
949
944
942
945
949
950
931
932
942
947
945
964
928
945
927
934
943
948
939
945
947
946
937
941
938
950
954
945
944
928
948
947
927
913
960
948
930
941
945
929
928
922
941
924
931
941
934
936
932
941
950
934
926
942
933
929
960
936
932
940
945
930
933
927
947
935
943
927
935
932
948
909
931
949
944
939
943
947
933
913
931
945
930
949
944
939
938
922
948
928
934
942
964
921
942
943
944
944
939
938
945
937
943
956
951
925
946
953
946
939
931
938
957
935
940
937
953
944
938
968
945
964
936
963
957
951
934
935
957
940
955
958
950
972
913
942
940
960
959
928
951
956
955
937
958
940
942
935
954
955
956
960
959
939
942
937
954
956
940
924
937
922
955
947
961
935
938
940
943
955
966
960
973
942
942
936
935
955
943
947
950
943
951
965
933
948
936
956
928
947
946
951
938
950
938
956
944
953
949
944
948
951
938
945
948
947
954
970
940
949
948
953
958
950
940
950
960
952
960
944
957
958
947
950
937
955
956
946
942
966
944
940
957
958
959
958
946
946
936
970
960
946
960
945
936
951
963
958
966
963
955
948
961
956
975
954
948
969
966
953
964
966
954
957
956
952
950
956
959
976
949
950
954
969
963
961
975
972
964
961
951
962
965
949
974
978
979
974
956
969
975
989
988
976
973
956
960
966
968
980
992
998
985
981
986
984
986
982
985
985
991
998
998
995
993
1002
1009
1005
1004
1016
1018
1007
1002
1018
1006
1015
1009
1016
1023
1018
1027
1027
1029
1029
1030
1028
1028
1030
1038
1040
1042
1044
1045
1045
1052
