1065
920
932
950
925
923
921
945
940
923
936
929
915
919
924
943
942
945
934
919
973
936
940
920
943
946
936
941
930
936
914
922
946
932
946
947
934
938
945
926
925
940
928
925
942
922
939
932
937
908
936
943
931
941
949
946
939
933
939
954
931
925
928
924
927
926
929
952
952
943
933
948
932
932
938
944
938
928
942
912
939
955
902
933
927
941
944
954
937
911
910
951
949
938
908
932
937
931
942
939
934
925
903
943
942
941
903
925
919
913
937
930
931
952
929
945
943
922
952
923
922
918
932
928
944
937
936
931
929
935
933
901
923
902
945
907
936
936
923
917
909
941
933
940
921
947
932
953
925
944
935
947
918
916
938
920
922
944
932
931
939
931
932
934
928
922
928
937
948
942
929
923
926
917
931
935
912
927
941
919
923
931
911
938
947
936
935
931
931
925
933
920
950
944
938
931
931
919
937
944
931
926
948
919
928
950
936
941
927
916
948
925
922
943
931
939
932
917
940
934
944
927
937
922
911
915
933
915
939
928
937
915
945
928
920
925
932
935
913
937
940
937
931
945
942
929
929
926
923
929
910
906
932
929
940
939
927
909
927
924
915
911
932
950
917
931
941
917
940
934
954
945
951
933
929
931
928
939
936
929
938
952
923
937
933
931
929
929
931
948
931
926
951
953
936
930
922
911
929
926
923
947
926
930
926
933
945
936
938
927
945
936
926
929
920
931
915
940
961
948
928
950
932
930
938
936
933
935
941
942
921
909
936
934
938
948
921
944
939
931
918
925
930
953
955
926
934
932
918
935
951
929
944
941
919
918
937
937
918
931
939
945
940
913
931
938
938
943
921
929
956
930
924
936
944
932
927
937
946
950
934
929
920
918
919
941
935
935
929
933
928
931
947
931
935
925
941
909
916
922
932
931
938
935
935
928
931
922
941
928
930
942
943
951
912
938
933
938
936
937
941
934
927
947
948
935
918
940
905
931
926
942
922
946
924
941
938
910
914
952
945
928
938
929
934
922
924
925
919
938
943
952
929
935
903
922
954
936
941
929
936
928
944
940
937
939
927
933
926
936
943
934
949
946
919
935
929
927
925
930
927
935
932
915
929
946
916
908
934
934
914
955
940
947
930
939
904
915
919
930
937
935
917
933
941
940
929
944
929
929
922
931
935
933
931
939
928
938
926
926
914
896
933
927
916
931
921
928
929
923
910
956
925
929
949
925
933
929
917
924
932
932
935
945
921
937
927
926
947
924
934
927
955
927
927
926
915
939
914
921
936
945
947
936
925
947
930
919
945
925
908
919
941
902
933
939
935
944
948
957
946
941
923
917
940
943
942
936
919
935
959
960
947
933
936
934
952
945
922
931
938
939
928
924
921
940
934
941
940
937
924
943
939
923
941
917
926
951
930
948
932
931
927
936
922
938
945
919
928
935
930
923
919
932
934
941
929
940
923
919
928
927
927
920
933
927
923
948
927
951
942
939
950
932
937
921
936
946
943
920
930
927
911
907
941
955
935
930
929
931
932
953
917
928
938
922
923
941
912
935
922
963
926
933
931
907
934
923
934
949
934
934
925
919
935
938
930
924
950
930
920
940
935
916
915
925
923
928
923
908
921
927
949
928
955
931
932
925
935
936
946
943
924
938
934
924
930
946
932
931
942
924
916
946
930
950
924
919
948
935
940
931
947
935
938
919
924
926
941
926
905
942
948
949
943
929
927
950
950
932
939
924
947
920
939
936
899
933
931
931
928
937
906
931
932
945
922
928
959
931
926
946
922
938
944
933
941
944
922
941
923
931
938
945
961
915
940
936
933
929
920
944
942
944
929
933
939
933
944
939
930
929
932
927
927
930
939
938
937
920
946
927
936
937
953
919
933
916
919
918
937
942
927
913
925
948
952
967
926
930
936
938
922
924
937
940
929
939
940
939
916
947
925
907
927
938
912
923
931
916
928
934
932
944
935
935
931
921
954
948
936
928
927
938
921
918
912
917
945
912
942
916
935
942
943
927
936
938
928
946
944
948
941
943
950
910
925
947
930
928
932
943
951
935
931
944
940
919
922
917
924
922
948
952
933
943
942
953
936
918
924
925
923
920
916
935
933
946
925
916
943
913
943
946
946
931
923
939
927
934
933
940
929
945
930
913
916
942
918
938
951
928
931
947
932
947
956
959
926
940
940
939
933
932
957
952
936
940
923
919
939
933
929
931
928
926
953
969
936
930
958
933
937
919
938
906
934
929
928
919
948
929
918
950
927
933
915
941
911
950
925
931
917
937
926
925
932
942
924
920
925
934
940
928
936
953
930
948
924
924
938
929
954
945
937
950
932
920
912
927
924
926
938
937
929
931
949
935
953
923
921
921
941
923
927
931
943
937
940
933
936
928
926
935
932
924
931
927
943
917
937
930
952
919
936
924
922
929
926
930
941
936
945
947
934
944
932
911
948
927
935
928
949
930
902
960
939
930
917
936
922
932
927
937
909
902
925
928
954
947
941
934
929
918
946
934
935
938
950
938
941
929
953
926
939
943
941
926
919
944
936
917
928
917
938
933
952
941
934
909
930
939
938
941
931
922
934
922
930
952
912
935
936
945
948
941
951
929
925
928
931
935
926
933
929
934
931
950
944
934
916
913
936
920
932
956
955
918
946
935
958
942
938
943
937
921
950
935
940
928
943
945
938
924
922
932
922
940
928
940
935
925
938
942
927
939
930
927
939
939
951
946
949
930
930
921
946
926
924
901
944
931
919
914
925
940
941
908
933
950
932
926
917
938
926
951
918
943
941
952
918
940
933
916
930
939
930
913
935
921
926
925
934
932
951
903
930
929
946
949
939
931
935
926
934
941
925
947
909
937
936
940
931
941
925
914
920
920
932
946
936
933
925
926
935
926
931
914
943
917
937
947
940
926
933
929
927
924
939
955
925
939
930
930
923
941
930
922
930
938
924
957
948
943
943
933
940
952
936
943
940
925
952
934
943
928
939
928
922
930
942
925
936
929
923
912
907
926
942
936
935
939
941
946
939
937
941
932
929
956
959
933
953
934
923
936
933
932
926
919
954
953
932
934
930
932
940
936
950
938
925
924
917
924
934
921
949
942
925
943
921
938
945
937
922
942
921
911
922
913
931
932
943
916
938
935
948
936
936
932
947
911
954
936
940
910
921
913
938
939
922
930
928
936
942
921
937
918
937
941
949
942
932
930
938
937
908
939
945
933
947
936
930
934
920
918
920
938
933
927
922
922
925
919
931
919
948
925
927
943
934
951
945
952
915
949
954
945
946
930
934
911
917
932
929
922
927
937
950
940
940
945
934
932
939
929
919
932
953
941
924
914
948
952
932
928
923
930
915
929
935
934
932
918
951
929
935
949
951
922
953
943
941
917
920
936
911
915
941
921
931
935
932
933
932
935
918
922
927
935
931
941
918
913
930
933
921
918
943
922
915
931
936
924
928
924
933
930
943
927
937
912
929
939
929
958
940
946
925
928
938
919
925
941
931
943
954
924
920
911
937
922
898
947
940
930
937
935
940
934
924
930
955
945
944
953
925
927
937
942
941
930
910
936
933
939
935
933
921
950
939
938
925
946
935
921
930
934
950
910
932
939
949
936
943
953
913
939
931
908
890
931
920
934
933
938
942
947
946
941
931
952
943
926
939
936
942
921
942
948
938
933
937
912
921
931
934
950
949
945
931
905
921
949
915
940
942
910
914
922
919
934
923
923
935
918
940
929
925
934
932
931
948
899
945
929
935
939
919
927
933
929
914
920
945
938
952
939
927
929
937
935
934
947
937
930
945
927
935
933
946
942
936
932
930
919
935
936
929
943
951
951
928
939
928
919
928
929
932
933
930
916
925
935
945
935
923
937
927
942
943
926
921
923
937
946
922
931
925
912
924
913
930
937
931
934
923
940
934
919
952
937
931
923
924
945
916
921
951
907
935
947
927
926
934
936
932
914
926
929
935
968
920
919
908
933
949
930
947
940
936
953
945
919
934
950
925
924
927
917
953
926
932
942
928
931
911
909
924
914
923
935
941
929
926
936
937
940
939
910
931
928
944
938
926
940
933
923
919
939
915
927
945
950
930
925
926
894
939
927
944
927
923
942
932
934
941
955
930
931
948
940
940
936
927
933
931
930
944
944
947
921
933
893
927
923
947
949
915
938
914
934
939
925
915
939
914
925
920
928
916
939
927
924
957
949
926
914
940
939
934
924
937
938
917
940
925
920
931
918
926
930
952
928
937
935
947
945
923
941
919
938
939
936
929
940
930
905
919
906
928
926
933
927
948
938
928
946
934
938
931
950
922
927
927
933
936
944
934
939
935
940
915
934
931
956
946
920
955
917
926
921
941
929
925
907
916
950
937
899
939
958
928
937
924
928
934
943
929
945
945
929
950
943
929
943
941
932
931
933
935
937
939
938
926
902
941
946
930
916
954
939
934
916
932
929
946
928
924
935
930
953
941
934
929
935
925
956
934
935
941
935
936
950
937
945
923
922
919
931
947
941
936
927
948
938
939
927
925
928
940
935
951
897
928
917
925
931
929
939
940
920
927
927
940
941
940
945
935
951
952
934
937
932
927
926
927
930
945
926
925
906
924
930
913
945
954
955
944
937
922
920
919
935
953
928
932
919
954
943
919
927
930
928
917
929
933
929
933
940
947
941
954
926
940
928
937
948
938
934
917
936
911
916
924
938
927
927
941
942
925
959
956
954
934
922
948
940
922
937
944
945
943
945
925
935
926
926
930
944
947
947
940
942
942
932
912
934
937
920
932
939
938
935
928
948
933
922
949
913
919
940
922
919
943
928
928
943
933
929
937
945
957
949
918
932
930
946
933
913
939
935
941
932
936
939
909
925
923
949
937
909
918
927
937
938
937
941
951
935
948
936
942
913
928
925
930
918
950
950
923
934
937
941
940
914
922
929
939
934
922
929
949
906
921
943
931
941
938
936
934
923
932
946
933
935
914
940
932
959
943
927
952
937
953
919
936
935
908
934
925
954
912
927
935
922
937
933
950
924
920
934
921
937
945
918
939
928
939
915
938
940
916
945
906
931
942
931
931
942
935
929
916
923
913
931
919
937
935
924
952
908
930
937
929
918
937
923
937
927
933
938
925
930
931
924
923
933
948
950
940
956
917
926
909
934
936
956
912
936
939
908
917
926
939
924
919
934
938
940
945
930
917
941
916
938
928
927
939
923
909
937
945
940
930
924
928
939
933
942
949
927
928
939
923
946
932
926
936
916
935
951
936
918
925
934
939
927
926
942
921
934
927
935
936
931
935
924
952
919
927
938
917
934
931
937
939
936
947
926
936
928
924
942
947
924
918
904
919
938
917
937
958
929
953
935
925
925
924
915
918
917
935
929
935
933
957
922
936
948
927
952
940
939
928
941
944
925
926
928
923
915
921
950
933
913
935
939
915
931
936
933
922
936
920
928
928
954
929
930
935
925
936
930
935
931
926
910
930
941
935
918
899
938
909
939
931
947
947
923
917
948
928
926
925
925
929
928
950
924
941
942
929
927
931
938
946
948
944
929
945
927
937
937
939
925
940
926
937
956
940
938
936
923
922
940
929
930
932
923
934
918
931
925
923
935
938
927
934
948
940
928
933
935
939
941
919
928
940
933
949
946
956
942
949
935
923
929
952
936
979
