1065
919
949
943
944
935
954
927
922
916
942
923
942
941
927
936
940
917
928
919
924
921
920
942
918
928
940
938
941
925
949
952
938
927
948
934
938
955
925
926
937
932
955
947
937
924
935
942
918
928
942
937
924
939
918
930
944
926
927
930
928
931
928
923
930
928
935
926
924
934
923
940
944
910
937
915
901
942
919
942
940
947
926
951
949
920
936
947
951
922
930
928
936
942
925
929
931
931
931
906
940
924
940
954
948
924
931
927
931
927
939
940
928
942
924
932
925
942
951
915
929
940
940
933
921
935
925
950
934
946
940
952
926
931
959
948
935
910
934
937
937
931
926
940
933
921
930
909
930
928
943
925
935
941
952
920
935
927
935
929
939
925
936
925
928
954
921
936
933
946
940
926
938
929
956
934
934
929
933
930
930
931
941
930
949
931
931
945
930
928
930
922
919
949
929
932
956
954
952
937
936
938
933
947
932
916
947
936
921
936
921
928
924
909
934
932
927
942
931
937
942
939
932
940
952
926
924
939
918
925
917
942
919
914
924
941
933
931
944
927
940
946
936
940
926
939
919
912
914
933
938
930
917
909
934
944
918
936
929
941
922
916
927
932
938
940
935
925
914
946
910
927
943
903
913
935
933
929
926
934
930
933
953
933
955
937
936
935
924
942
933
940
929
951
923
908
928
932
916
933
916
924
923
926
926
927
940
939
945
922
936
929
925
932
919
934
922
952
937
918
927
940
941
943
941
936
917
939
912
925
919
917
914
926
954
948
934
936
950
906
942
929
928
911
929
925
914
919
939
937
926
931
929
924
923
942
944
924
923
948
930
931
935
932
944
944
937
937
935
927
919
945
934
918
934
951
962
935
940
930
950
934
937
929
947
952
936
919
935
943
942
930
925
939
928
939
950
935
933
932
943
936
939
944
943
928
951
929
942
946
932
927
929
937
919
937
921
930
941
948
939
947
928
937
933
930
936
954
938
911
931
961
923
941
909
940
918
929
947
925
925
957
932
925
913
941
948
911
921
908
904
935
934
926
915
930
930
935
948
919
925
925
943
944
944
914
938
947
935
932
954
919
919
931
922
937
912
937
937
935
946
926
939
943
938
913
924
937
918
927
936
931
925
931
949
927
917
938
926
922
925
940
927
929
937
919
929
922
942
934
943
947
926
938
930
928
922
933
921
933
927
939
929
931
920
928
929
941
934
929
931
925
937
946
947
914
928
932
932
935
940
935
955
930
947
922
949
936
933
928
935
922
928
950
942
952
946
930
939
914
939
950
935
920
952
938
959
938
939
933
939
957
932
932
930
921
925
943
935
930
952
943
927
930
911
927
927
949
949
922
932
913
922
927
933
936
956
910
928
910
938
939
930
939
927
925
928
946
927
935
946
929
931
916
924
933
935
947
958
926
947
946
936
960
951
925
928
943
914
917
919
930
920
944
939
942
921
936
925
932
932
934
935
932
927
914
932
915
927
952
945
917
924
915
944
936
930
906
906
929
936
932
934
945
927
929
940
946
942
934
924
935
920
924
929
920
911
908
909
925
919
927
938
931
925
926
933
939
930
939
927
927
936
935
911
920
923
923
917
921
930
948
931
938
937
915
943
923
924
945
941
906
927
932
926
934
914
941
940
911
922
937
942
942
929
916
934
937
924
937
925
931
941
932
934
937
950
926
944
936
934
944
937
939
940
944
923
932
950
949
939
918
914
930
942
923
931
937
933
940
951
930
947
935
932
922
933
944
936
925
958
941
928
947
928
944
933
951
921
934
934
941
925
944
928
939
931
933
934
938
908
919
951
922
939
922
932
928
931
934
931
917
929
925
943
946
933
922
952
920
939
943
930
926
947
943
942
926
947
937
936
909
935
943
939
935
931
930
928
957
935
928
928
913
927
930
929
939
928
934
928
950
933
933
918
930
921
943
952
944
931
926
915
924
924
918
935
913
946
937
916
920
933
934
938
940
943
940
929
945
950
953
935
910
908
939
925
916
941
936
932
934
938
924
943
930
926
939
933
930
933
920
933
946
915
932
934
930
920
926
953
948
939
941
953
923
939
927
930
951
931
948
911
926
940
938
909
942
942
935
923
920
958
931
922
942
944
931
935
931
939
917
919
936
939
936
947
940
938
928
930
917
929
935
956
936
936
921
949
923
948
914
913
922
935
952
932
925
931
940
934
916
904
939
923
918
935
943
927
940
917
939
942
928
936
935
928
926
945
931
946
922
927
932
947
922
946
923
933
936
940
935
921
947
947
944
929
947
922
930
916
937
928
918
938
933
928
929
915
908
921
938
941
941
936
924
941
952
932
948
949
930
919
944
929
929
927
926
922
934
923
934
943
931
925
947
954
946
946
933
908
936
941
916
930
920
920
941
957
934
944
954
946
923
931
931
949
947
938
924
937
922
942
921
913
904
935
927
933
946
941
917
939
943
935
924
919
926
926
944
928
933
934
920
939
930
919
946
932
928
932
946
927
940
947
927
944
938
930
958
943
918
926
925
920
949
930
939
951
944
935
920
914
932
942
935
903
939
903
935
925
940
926
943
930
937
944
938
957
929
934
919
935
951
935
918
913
934
938
940
934
927
930
929
929
928
934
920
921
932
915
910
924
946
925
938
943
955
928
929
951
909
941
944
939
925
945
925
928
918
922
915
939
928
911
945
938
927
931
934
930
936
940
920
904
924
942
918
933
929
916
938
937
927
954
928
943
918
921
925
931
927
924
922
924
928
935
922
935
943
947
935
927
912
933
937
936
932
934
924
928
956
935
948
919
940
944
936
929
930
939
940
926
952
945
923
948
939
943
949
926
937
937
908
943
934
938
932
928
935
913
932
981
1004
1014
1025
1030
1035
1037
1038
1041
1041
1042
1042
1042
1043
1044
1045
1045
1046
1047
1047
1047
1048
1048
1050
1050
1050
1050
1050
1050
1050
1050
1050
1050
1051
1051
1051
1051
1051
1051
1051
1051
1051
1052
1052
1052
1052
1052
1052
1052
1052
1052
1052
1052
1052
1052
1052
1052
1052
1052
1052
1052
1052
1052
1052
1052
1052
1052
1052
1052
1052
1052
1052
1052
1052
1052
1052
1052
1053
1053
1053
1054
1055
1055
1055
1055
1055
1055
1055
1055
1055
1056
1056
1056
1056
1056
1056
1057
1057
1057
1057
1057
1057
1057
1057
1057
1057
1057
1057
1057
1057
1057
1057
1057
1057
1057
1057
1057
1057
1057
1057
1057
1057
1057
1057
1057
1057
1057
1057
1057
1057
1057
1058
1058
1058
1058
1058
1058
1059
1059
1059
1059
1059
1059
1059
1059
1059
1059
1059
1059
1059
1059
1059
1059
1059
1059
1059
1059
1059
1059
1059
1059
1059
1059
1059
1060
1060
1060
1060
1060
1060
1060
1060
1060
1060
1060
1060
1060
1060
1060
1060
1060
1060
1060
1060
1060
1060
1060
1060
1060
1061
1061
1061
1061
1061
1061
1061
1061
1061
1061
1061
1061
1061
1061
1061
1061
1061
1061
1061
1061
1061
1061
1061
1061
1061
1061
1061
1061
1061
1061
1061
1061
1061
1062
1062
1062
1062
1062
1062
1062
1062
1062
1062
1062
1062
1062
1062
1062
1062
1062
1062
1062
1062
1062
1062
1062
1062
1062
1062
1062
1062
1062
1062
1062
1062
1062
1062
1062
1062
1062
1062
1062
1062
1062
1062
1062
1062
1062
1062
1062
1062
1062
1062
1062
1062
1062
1062
1062
1062
1062
1062
1062
1062
1062
1062
1062
1062
1062
1062
1062
1062
1062
1062
1062
1062
1062
1062
1062
1062
1062
1062
1062
1062
1062
1062
1062
1062
1062
1062
1062
1062
1062
1062
1062
1062
1062
1062
1062
1062
1062
1062
1062
1062
1062
1062
1062
1062
1062
1062
1062
1062
1062
1062
1062
1062
1062
1062
1062
1062
1062
1062
1062
1062
1062
1062
1062
1062
1062
1062
1062
1062
1062
1062
1062
1062
1062
1062
1062
1062
1062
1062
1062
1062
1062
1062
1062
1062
1062
1062
1062
1062
1062
1062
1062
1062
1062
1062
1063
1063
1063
1063
1063
1063
1063
1063
1063
1063
1063
1063
1063
1063
1063
1063
1063
1063
1063
1063
1063
1063
1063
1063
1063
1063
1063
1063
1063
1063
1063
1063
1063
1063
1063
1063
1063
1063
1063
1063
1063
1063
1063
1063
1063
1063
1063
1063
1063
1063
1063
1063
1063
1063
1063
1063
1063
1063
1063
1063
1063
1063
1063
1063
1063
1063
1063
1063
1063
1063
1063
1063
1063
1063
1063
1063
1063
1063
1063
1063
1063
1063
1063
1063
1063
1063
1063
1063
1063
1063
1063
1063
1063
1063
1063
1063
1063
1063
1063
1063
1063
1063
1063
1063
1063
1063
1063
1063
1063
1063
1063
1063
1063
1063
1063
1063
1063
1063
1063
1063
1063
1063
1063
1063
1063
1063
1063
1063
1063
1063
1063
1063
1063
1063
1063
1063
1063
1063
1063
1063
1063
1063
1063
1063
1063
1063
1063
1063
1063
1063
1063
1063
1063
1063
1063
1063
1063
1063
1063
1063
1063
1063
1063
1063
1063
1063
1063
1063
1063
1063
1063
1063
1063
1063
1063
1063
1063
1063
1063
1063
1063
1063
1063
1063
1063
1063
1063
1063
1063
1063
1063
1063
1063
1063
1063
1063
1063
1063
1063
1063
1063
1063
1063
1063
1063
1063
1063
1063
1063
1063
1063
1063
1063
1063
1063
1063
1063
1063
1063
1063
1063
1063
1063
1063
1063
1063
1063
1063
1063
1063
1063
1063
1063
1063
1063
1063
1063
1063
1063
1063
1063
1063
1063
1063
1063
1063
1063
1063
1063
1063
1063
1063
1063
1063
1063
1063
1063
1063
1063
1063
1063
1063
1063
1063
1063
1063
1063
1063
1063
1063
1063
1063
1063
1063
1063
1063
1063
1063
1063
1063
1063
1063
1063
1063
1063
1063
1063
1063
1063
1063
1063
1063
1063
1063
1063
1063
1063
1063
1063
1063
1063
1063
1063
1063
1063
1063
1063
1063
1063
1063
1063
1063
1063
1063
1063
1063
1063
1063
1063
1063
1063
1063
1063
1063
1063
1063
1063
1063
1063
1063
1063
1063
1063
1063
1063
1063
1063
1063
1063
1063
1063
1063
1063
1063
1063
1063
1063
1063
1063
1063
1063
1063
1063
1063
1063
1063
1063
1063
1063
1063
1063
1063
1063
1063
1063
1063
1063
1063
1063
1063
1063
1063
1063
1063
1063
1063
1063
1063
1063
1063
1063
1063
1063
1063
1063
1063
1063
1063
1063
1063
1063
1063
1063
1063
1063
1063
1063
1063
1063
1063
1063
1063
1063
1063
1063
1063
1063
1063
1063
1063
1063
1063
1063
1063
1063
1063
1063
1063
1063
1063
1063
1063
1063
1063
1063
1063
1063
1063
1063
1063
1063
1063
1063
1063
1063
1063
1063
1063
1063
1063
1063
1063
1063
1063
1063
1063
1063
1063
1063
1063
1063
1063
1063
1063
1063
1063
1063
1063
1063
1063
1063
1063
1063
1063
1063
1063
1063
1063
1063
1063
1063
1063
1063
1063
1063
1063
1063
1063
1063
1063
1063
1063
1063
1063
1063
1063
1063
1063
1063
1063
1063
1063
1063
1063
1063
1063
1063
1063
1063
1063
1063
1063
1063
1063
1063
1063
1063
1063
1063
1063
1063
1063
1063
1063
1063
1063
1063
1063
1063
1063
1063
1063
1063
1063
1063
1063
1063
1063
1063
1063
1063
1063
1063
1063
1063
1063
1063
1063
1063
1063
1063
1063
1063
1063
1063
1063
1063
1063
1063
1063
1063
1063
1063
1063
1063
1063
1063
1063
1063
1063
1063
1063
1063
1063
1063
1063
1063
1063
1063
1063
1063
1063
1063
1063
1063
1063
1063
1063
1063
1063
1063
1063
1063
1063
1063
1063
1063
1063
1063
1063
1063
1063
1063
1063
1063
1063
1063
1063
1063
1063
1063
1063
1063
1063
1063
1063
1063
1063
1063
1063
1063
1063
1063
1063
1063
1063
1063
1063
1063
1063
1063
1063
1063
1063
1063
1063
1063
1063
1063
1063
1063
1063
1063
1063
1063
1063
1063
1063
1063
1063
1063
1063
1063
1063
1063
1063
1063
1063
1063
1063
1063
1063
1063
1063
1063
1063
1063
1063
1063
1063
1063
1063
1063
1063
1063
1063
1063
1063
1063
1063
1063
1063
1063
1063
1063
1063
1063
1063
1063
1063
1063
1063
1063
1063
1063
1063
1063
1063
1063
1063
1063
1063
1063
1063
1063
1063
1063
1063
1063
1063
1063
1063
1063
1063
1063
1063
1063
1063
1063
1063
1063
1063
1063
1063
1063
1063
1063
1063
1063
1063
1063
1063
1063
1063
1063
1063
1063
1063
1063
1063
1063
1063
1063
1063
1063
1063
1063
1063
1063
1063
1063
1063
1063
1063
1063
1063
1063
1063
1063
1063
1063
1063
1063
1063
1063
1063
1063
1063
1063
1063
1063
1063
1063
1063
1063
1063
1063
1063
1063
1063
1063
1063
1063
1063
1063
1063
1063
1063
1063
1063
1063
1063
1063
1063
1063
1063
1063
1063
1063
1063
1063
1063
1063
1063
1063
1063
1063
1063
1063
1063
1063
1063
1063
1063
1063
1063
1063
1063
1063
1063
1063
1063
1063
1063
1063
1063
1063
1063
1063
1063
1063
1063
1063
1063
1063
1063
1063
1063
1063
1063
1063
1063
1063
1063
1063
1063
1063
1063
1063
1063
1063
1063
1063
1063
1063
1063
1063
1063
1063
1063
1063
1063
1063
1063
1063
1063
1063
1063
1063
1063
1063
1063
1063
1063
1063
1063
1063
1063
1063
1063
1063
1063
1063
