1065
924
945
948
937
914
923
935
932
925
925
931
940
947
919
933
930
927
939
900
922
942
938
936
919
926
933
926
929
929
929
935
930
937
920
928
920
921
928
909
957
925
910
934
934
945
928
944
924
928
946
929
913
955
909
925
907
932
945
935
929
932
934
927
944
928
934
936
938
947
922
938
928
928
910
941
920
927
934
935
922
923
934
935
915
926
924
957
928
948
939
929
946
940
929
928
928
936
924
927
917
932
939
942
919
939
929
921
933
942
914
953
938
923
915
913
933
932
928
943
939
941
920
915
938
925
915
931
914
917
926
935
938
954
925
936
928
918
952
931
937
951
921
934
929
931
922
937
941
921
951
939
921
909
921
940
954
904
941
956
916
934
944
939
926
924
913
939
936
946
930
935
931
938
926
943
913
927
925
944
946
927
931
933
949
926
931
931
939
949
924
928
928
951
914
940
930
942
939
924
944
940
921
937
933
924
942
937
930
928
943
931
923
923
941
932
920
943
949
940
938
930
946
952
930
934
935
926
953
932
939
930
955
920
944
933
912
943
942
937
914
936
936
955
937
921
940
926
926
948
937
939
939
928
935
929
925
924
917
949
922
943
933
933
914
940
930
939
942
914
931
925
936
951
961
936
924
937
927
948
923
937
917
932
937
915
933
950
916
927
932
924
939
936
940
940
936
938
944
927
935
923
927
956
944
923
931
928
926
933
930
918
916
933
923
923
935
931
921
941
917
918
944
952
936
928
911
952
937
918
939
937
923
911
936
928
923
946
932
937
927
913
938
942
949
942
938
941
928
946
906
938
942
933
940
923
924
932
921
937
958
933
900
912
941
920
944
941
938
933
913
919
926
909
932
922
918
922
929
927
925
925
950
943
934
935
924
929
936
927
937
946
938
922
934
935
941
957
936
931
934
947
927
931
936
953
928
936
945
920
935
941
925
929
917
935
915
933
956
923
914
929
916
933
937
952
923
953
925
940
923
941
922
924
930
935
919
928
924
929
924
936
911
915
942
937
928
928
947
930
937
915
941
925
938
939
936
940
923
917
930
931
922
923
922
949
924
943
940
917
931
928
943
921
928
944
952
937
959
934
935
932
906
941
948
948
941
923
933
927
910
934
927
916
910
931
939
916
944
931
944
926
939
929
934
919
923
915
915
939
940
904
938
942
957
939
949
930
947
938
927
957
937
935
934
932
954
925
920
946
936
933
924
926
928
942
923
922
940
915
931
919
929
932
933
920
946
938
935
935
922
923
934
949
930
925
928
934
931
931
951
924
912
911
944
934
918
926
930
935
926
944
939
937
929
932
930
916
928
913
934
926
924
919
911
925
913
934
940
920
920
925
928
954
939
921
933
940
939
944
936
949
928
929
932
918
929
952
921
913
921
950
934
947
928
923
929
922
922
916
931
930
952
938
903
911
928
956
919
920
936
923
927
938
949
935
940
911
945
909
936
950
925
910
954
930
917
941
929
940
960
934
926
924
930
923
932
934
947
938
936
935
936
923
927
922
943
933
947
923
940
935
933
932
936
912
930
930
931
921
931
935
941
948
923
923
956
930
934
926
946
957
927
941
936
929
913
937
941
928
927
943
914
928
929
923
931
959
938
932
926
912
944
946
939
921
938
925
919
941
939
924
934
920
953
950
940
957
913
930
927
920
922
936
929
927
921
919
920
934
941
918
912
925
946
935
930
941
936
944
930
943
956
940
938
924
942
938
940
920
911
936
914
913
936
939
932
934
945
923
928
928
945
927
942
950
925
935
928
934
922
928
942
931
922
914
916
927
917
926
934
938
944
947
954
933
937
943
930
936
945
942
921
929
930
941
932
948
924
957
940
947
909
933
911
940
920
936
943
928
914
937
930
928
930
930
939
924
920
915
933
933
929
918
915
921
922
927
937
932
922
909
935
948
947
946
931
931
900
939
930
955
943
917
933
917
947
923
949
942
932
944
908
952
934
950
935
948
922
928
950
917
912
921
929
937
938
927
900
944
913
930
942
917
941
939
914
930
934
931
939
948
930
925
919
924
928
936
936
918
931
913
938
932
933
940
916
935
932
934
928
920
936
912
933
938
926
925
925
947
940
937
929
945
939
938
920
932
950
934
927
914
917
942
935
935
952
913
927
943
972
927
934
921
926
928
911
920
946
942
928
923
907
931
933
932
930
931
930
919
921
936
927
933
936
918
940
937
950
926
925
932
924
941
919
947
928
924
936
941
948
913
938
939
925
915
949
941
938
950
925
923
911
918
932
917
935
929
940
929
918
935
926
911
929
939
937
938
931
946
930
944
930
948
930
923
941
929
932
943
928
931
942
931
925
933
931
939
923
943
922
928
933
942
953
964
955
926
941
921
938
930
922
921
921
937
931
936
929
928
928
926
951
942
929
920
927
945
939
924
927
917
946
938
934
941
916
922
913
937
953
948
939
935
939
919
956
932
927
915
931
933
925
914
955
947
933
932
931
929
931
924
940
940
922
941
917
908
925
922
929
919
939
919
929
925
935
921
928
927
952
941
940
946
916
949
943
920
915
930
928
939
931
924
936
945
938
930
955
926
949
915
912
943
936
929
931
911
932
924
939
934
928
955
941
918
938
940
932
925
933
937
956
940
931
941
933
924
924
941
923
930
933
938
917
928
920
930
917
899
935
935
940
916
931
929
944
934
938
948
916
946
918
909
927
945
929
937
933
931
945
920
935
923
951
951
939
909
896
934
915
932
912
953
931
928
924
922
922
926
942
937
953
926
932
917
948
948
918
920
923
927
932
910
952
917
946
937
931
933
918
925
935
934
918
944
926
933
925
948
930
923
923
936
919
928
931
930
939
938
922
931
926
945
935
937
917
930
923
938
927
937
939
927
956
907
939
938
945
923
937
914
938
921
927
921
957
914
944
948
942
937
950
922
912
919
920
936
927
932
928
939
932
921
938
947
922
927
918
935
934
939
933
945
946
931
923
944
930
932
944
942
927
937
941
943
933
931
938
923
933
924
932
928
941
928
939
919
937
932
927
930
937
946
929
930
934
930
901
933
922
913
931
937
934
956
919
959
927
931
928
935
929
946
913
919
941
917
929
928
931
931
926
929
913
907
919
921
958
928
922
927
937
931
923
941
912
902
938
933
925
926
932
915
949
949
937
939
929
929
929
929
933
915
933
948
906
935
940
953
926
941
919
936
924
947
929
928
929
932
930
925
956
935
931
935
944
921
947
935
959
933
938
961
939
906
947
926
923
923
949
941
919
960
944
934
943
933
937
928
946
928
924
932
929
936
933
925
945
942
913
937
914
909
926
940
934
929
945
939
946
924
930
947
943
932
917
933
928
922
927
944
923
934
948
932
914
897
922
916
932
933
950
938
937
932
935
930
914
940
946
926
951
938
924
944
950
933
934
911
932
925
931
925
956
941
918
919
926
936
955
940
948
918
933
951
923
939
927
912
932
935
908
925
949
940
927
937
918
909
920
919
939
928
915
919
940
946
929
967
935
914
935
923
928
933
928
949
929
926
939
931
934
935
929
925
925
936
934
940
935
927
946
936
928
945
945
933
945
929
933
936
945
924
932
931
926
932
939
932
925
914
940
916
926
948
918
923
947
948
934
920
937
942
931
930
951
941
919
929
943
936
922
938
923
941
930
923
929
950
949
928
922
903
924
938
941
934
926
944
920
935
929
934
923
935
942
927
922
913
934
935
918
917
926
930
918
929
953
917
915
930
925
949
929
939
945
932
932
934
939
942
926
948
919
927
924
945
931
926
897
925
925
941
919
924
925
932
934
928
926
914
915
960
940
927
924
930
930
932
958
924
927
902
939
929
929
933
916
933
920
919
927
922
928
925
936
940
920
938
940
943
952
930
936
933
935
946
950
941
921
947
947
913
940
930
946
933
933
926
926
911
939
935
936
923
894
939
947
935
931
947
933
923
916
926
946
932
937
926
914
930
920
941
916
926
944
942
938
937
926
946
929
945
948
925
940
929
922
940
929
926
936
933
935
957
959
927
953
940
949
935
926
933
927
946
935
931
922
924
917
920
920
923
945
943
926
926
909
919
911
903
908
934
938
943
938
920
939
905
921
917
936
934
929
923
916
933
927
932
933
938
934
936
940
929
943
936
938
937
940
932
944
928
935
933
942
923
924
936
938
916
925
922
919
908
934
941
936
924
905
915
943
913
924
919
937
950
910
926
919
928
938
932
934
951
941
930
930
925
932
948
931
931
926
928
926
923
901
926
942
927
924
931
949
924
930
929
921
936
908
922
935
920
913
921
917
916
955
934
932
913
919
932
939
938
919
922
930
920
918
934
935
946
928
950
927
951
937
918
949
922
930
918
942
945
928
959
950
941
942
944
944
939
934
943
931
920
919
920
923
924
914
941
931
951
927
929
935
924
922
929
921
925
933
934
935
930
928
940
926
933
939
930
952
917
913
921
909
910
928
923
930
928
932
940
953
956
922
944
918
960
938
936
930
930
938
939
912
925
925
940
918
939
929
917
931
944
947
930
941
920
917
930
913
947
944
937
937
926
927
948
932
931
936
935
928
930
941
937
936
918
925
943
923
942
915
957
910
935
932
918
916
955
937
933
946
940
930
947
939
939
923
932
916
924
924
945
935
942
934
940
926
951
926
938
932
941
912
925
931
916
928
946
925
934
940
941
953
936
913
933
938
935
927
922
933
955
937
944
940
937
934
936
923
934
928
934
940
942
916
943
944
928
936
937
950
922
929
908
933
932
954
934
941
913
949
929
940
926
940
938
928
920
930
931
934
934
923
945
939
928
911
907
929
955
944
938
933
930
940
942
933
916
938
943
934
938
939
929
934
931
935
925
914
941
923
928
938
926
902
921
924
935
949
932
937
933
933
908
930
921
930
937
939
942
932
917
935
933
935
918
931
931
919
944
935
944
930
934
935
952
921
941
948
901
934
931
935
934
936
924
929
912
928
936
929
919
921
928
922
946
944
929
940
936
936
943
912
911
927
930
916
928
934
935
933
921
932
936
929
937
933
945
935
938
920
933
929
938
925
939
939
947
942
919
933
932
925
930
930
923
930
904
926
927
933
942
940
936
940
925
907
939
931
942
920
936
935
937
935
930
936
926
930
918
940
937
946
947
950
933
940
929
931
934
930
938
932
965
940
931
919
922
922
931
923
920
935
934
940
952
937
911
902
938
951
933
924
940
944
933
941
942
914
944
934
931
934
942
930
907
918
934
945
938
937
925
956
903
923
933
958
942
929
925
937
941
957
920
923
930
927
929
933
941
940
931
914
906
928
913
918
950
922
921
933
931
934
941
940
943
925
939
944
927
945
916
934
919
913
933
943
938
939
946
911
933
932
925
925
926
929
928
941
931
942
931
924
939
937
936
945
936
947
938
928
926
952
926
936
924
921
937
944
924
919
913
943
937
941
936
940
950
932
926
920
942
937
902
930
930
932
924
935
944
923
928
904
949
941
909
922
932
941
895
918
928
935
919
946
939
948
943
917
937
937
929
926
927
935
948
926
946
949
961
944
937
926
916
928
928
952
941
934
930
930
934
919
944
954
920
933
922
927
945
939
941
940
948
925
920
942
932
939
913
944
931
933
923
945
931
926
938
910
943
936
931
916
925
949
919
922
928
922
931
918
956
937
941
939
922
922
935
936
946
932
938
941
940
976
