1065
921
941
930
939
943
942
931
951
934
930
918
947
926
935
947
945
949
941
947
919
955
940
918
938
940
948
930
945
933
942
927
928
947
932
947
922
938
922
917
915
927
934
921
934
936
932
920
935
940
940
942
930
946
941
907
945
948
942
960
945
921
932
933
914
924
921
939
942
934
934
914
928
942
938
914
922
916
946
942
935
924
936
942
936
952
917
934
919
926
933
927
936
938
940
938
932
932
928
917
921
942
927
926
937
921
928
933
933
923
926
921
929
932
930
930
935
937
927
944
951
924
944
951
945
930
914
918
928
931
941
926
935
952
955
931
954
954
945
940
930
950
943
913
908
931
923
932
935
946
939
924
932
952
909
932
910
922
931
941
940
948
940
946
948
935
943
935
938
929
916
945
943
950
927
951
920
925
933
947
945
923
931
932
938
935
935
942
928
953
922
946
948
926
939
934
918
928
945
932
936
938
928
925
965
931
938
931
924
932
919
943
916
956
910
945
937
937
919
918
926
919
939
912
940
917
931
935
913
930
923
939
935
940
935
934
920
948
923
942
920
939
930
933
928
925
949
936
927
926
925
922
910
940
944
944
939
926
948
909
935
914
933
947
955
960
919
956
942
933
943
931
929
925
927
926
934
923
938
913
921
914
911
958
936
936
925
934
938
923
945
923
932
905
932
923
932
928
906
919
929
915
932
949
937
930
942
931
925
919
941
915
914
947
934
932
911
925
931
919
937
936
934
938
941
929
943
938
946
923
953
935
919
951
938
915
919
936
923
946
954
945
932
932
945
947
937
926
943
921
916
936
930
909
917
926
909
912
918
924
930
917
953
948
931
918
924
917
920
926
916
950
947
935
948
932
909
920
928
919
922
924
934
928
927
933
933
923
913
922
937
925
942
955
923
923
950
933
904
930
926
917
957
948
952
940
956
939
941
928
941
919
946
954
927
960
938
958
930
921
906
923
939
945
936
937
945
937
930
944
930
932
935
948
934
913
950
918
922
943
936
914
927
933
941
945
941
935
913
908
941
936
935
929
931
932
936
919
933
940
925
932
929
938
929
912
913
933
938
941
937
917
946
934
923
955
936
930
928
928
935
932
933
928
936
939
936
904
917
938
960
944
927
952
921
935
935
954
931
915
934
960
924
954
927
928
943
919
942
925
935
941
951
920
896
923
916
918
943
960
925
945
949
952
916
923
944
942
946
939
928
938
936
935
928
943
939
949
929
919
918
925
922
951
938
927
918
936
933
917
932
921
944
964
931
937
941
930
938
933
947
944
928
927
929
932
925
933
951
943
937
937
918
928
947
937
933
941
931
952
944
924
925
940
919
935
928
941
922
911
925
923
959
933
938
931
935
938
953
941
946
947
926
913
928
927
940
941
918
924
945
926
935
937
940
919
924
935
936
942
921
929
895
932
915
940
930
921
954
916
935
933
950
936
930
941
930
942
936
926
933
930
935
951
941
935
939
939
951
946
924
930
933
937
914
925
927
949
939
938
916
945
919
948
948
966
942
935
934
931
922
922
926
938
937
904
942
940
921
921
938
951
936
924
935
920
927
917
944
935
926
941
949
926
931
920
928
949
924
934
951
918
937
952
913
945
930
923
924
935
943
935
923
951
934
922
932
908
945
933
938
934
936
941
944
938
924
932
941
924
928
938
921
937
911
944
934
933
933
926
929
942
931
935
936
934
943
922
925
943
946
933
936
907
933
942
923
931
932
929
939
953
922
925
923
933
910
924
926
946
947
925
928
942
935
931
916
930
938
927
919
950
938
933
933
913
951
913
923
916
925
921
904
931
934
953
953
934
952
920
921
925
925
945
928
926
940
927
941
947
928
948
936
919
941
935
938
928
913
943
927
949
936
945
920
919
936
939
944
931
930
947
924
943
943
928
940
926
934
923
937
936
928
937
942
933
932
932
924
919
922
949
927
943
937
945
930
936
913
915
921
924
925
923
936
949
938
951
967
926
919
925
903
926
942
936
937
935
919
948
932
928
933
937
947
966
946
942
936
929
930
930
932
921
929
928
958
937
935
956
924
917
940
926
943
929
941
943
941
915
926
921
944
921
918
914
897
938
923
932
933
932
919
956
939
938
931
933
922
897
941
935
927
926
941
932
923
949
938
919
948
926
923
934
912
920
931
946
934
924
925
939
941
944
927
948
909
950
948
942
957
941
937
930
927
922
945
932
934
937
941
941
927
939
918
934
934
939
934
938
931
938
941
933
929
921
920
935
924
926
919
921
927
905
920
942
930
948
945
937
919
920
911
933
920
924
927
935
904
922
932
951
939
913
950
947
956
939
920
930
938
936
930
943
933
934
920
933
943
937
953
921
940
927
931
934
939
930
951
951
934
953
945
920
949
944
922
940
925
934
912
933
906
929
900
934
915
929
924
943
955
952
935
914
926
930
928
951
931
945
924
935
945
941
940
932
940
912
926
921
919
949
938
925
942
938
931
918
917
924
929
935
916
928
915
918
934
917
929
936
927
937
931
936
920
933
923
940
945
947
931
935
947
933
934
946
947
928
920
935
943
938
937
927
937
930
933
937
934
936
932
928
944
937
928
940
928
943
943
943
929
934
960
921
924
927
924
922
906
934
926
942
956
935
936
918
942
947
935
931
928
927
922
924
936
931
926
927
910
923
945
927
921
934
933
926
916
941
914
907
931
932
931
931
937
920
933
925
935
921
939
938
924
914
922
941
939
944
938
944
921
925
928
927
940
936
954
943
913
925
933
932
934
925
913
923
952
934
940
935
919
940
936
934
948
932
918
920
943
952
941
937
932
923
898
941
905
933
932
931
940
949
925
943
934
931
933
912
932
931
929
941
945
939
934
938
945
926
933
934
944
937
934
926
933
942
919
943
928
929
927
926
935
937
941
944
941
930
942
930
924
926
932
916
939
937
943
924
940
929
955
928
937
943
922
950
936
938
923
938
925
945
951
942
938
946
940
931
949
940
941
933
926
914
930
932
942
934
940
937
932
931
933
952
927
924
945
941
910
937
919
927
944
942
939
917
924
933
933
937
940
945
912
937
915
945
922
923
928
905
924
936
940
927
921
921
934
955
946
933
955
941
942
951
929
924
956
932
935
930
910
917
935
937
920
916
941
928
944
922
940
952
938
927
928
933
934
925
929
931
921
923
943
946
945
930
925
911
922
933
927
948
955
945
932
935
949
931
946
955
946
945
949
938
922
948
947
941
933
931
944
952
913
926
945
931
932
928
954
927
933
934
937
928
930
928
909
943
939
933
928
931
942
932
932
943
939
936
927
938
914
937
927
941
952
918
929
930
932
933
946
926
931
953
945
920
936
932
920
934
936
926
930
917
927
926
940
933
923
948
925
928
940
926
927
928
909
930
936
949
932
928
948
913
931
939
925
941
946
928
938
945
945
934
932
931
926
943
921
927
943
945
951
940
931
940
931
935
929
939
939
936
932
923
938
922
934
931
908
922
936
913
930
935
927
917
928
933
942
912
937
932
939
941
938
924
926
938
950
933
931
933
934
934
931
956
943
927
932
935
918
944
955
942
928
930
930
928
932
943
951
938
938
916
940
931
910
948
941
936
931
929
960
946
949
918
942
915
916
950
935
925
930
921
923
946
933
936
938
931
915
931
940
938
957
933
930
926
939
931
956
929
930
948
954
920
962
926
932
939
931
932
946
941
929
926
940
939
927
934
921
942
935
909
939
901
932
910
932
933
937
925
922
916
927
930
907
943
948
924
931
936
944
962
945
937
934
910
937
941
936
924
921
939
934
924
912
940
916
928
963
929
941
936
935
924
929
961
956
938
916
930
943
937
943
959
930
919
938
929
936
956
934
929
941
938
932
920
935
931
958
931
914
929
944
922
933
926
955
933
954
950
947
947
936
894
940
936
935
948
943
939
931
943
932
940
925
952
933
927
927
923
951
932
926
938
942
946
922
923
927
931
937
934
941
919
934
936
933
914
943
948
951
945
945
937
933
919
929
949
941
938
929
932
941
924
940
927
948
928
924
953
929
940
943
929
942
944
948
916
928
919
919
933
944
941
943
934
932
945
943
934
942
925
930
934
937
927
933
939
925
939
940
948
925
950
934
926
926
928
923
942
953
918
942
944
950
928
924
950
957
924
936
932
928
917
921
944
928
926
934
924
936
925
940
948
952
928
932
941
937
946
926
928
933
928
938
936
922
917
903
915
935
919
924
940
944
939
948
945
935
912
935
948
938
942
954
943
953
945
939
932
950
933
937
921
922
926
906
931
922
929
933
923
933
941
950
928
947
931
938
939
954
930
936
947
939
936
938
942
927
945
944
928
928
936
930
939
919
927
936
914
953
939
928
933
939
947
939
944
917
934
932
929
929
932
940
924
929
940
940
931
943
920
917
920
938
903
913
925
940
936
916
939
939
932
951
918
933
941
938
945
941
951
935
921
924
935
919
937
934
939
928
941
932
924
940
927
932
934
949
920
923
930
935
935
926
938
931
915
928
942
931
929
933
931
929
941
941
923
913
926
927
951
939
951
947
926
930
924
955
952
936
929
961
936
937
936
934
945
938
946
949
925
916
925
921
950
950
927
929
921
926
917
946
951
930
930
947
938
933
932
945
917
945
936
917
917
953
936
958
939
938
945
947
950
949
950
928
941
928
936
931
928
936
927
917
947
917
936
904
918
937
951
935
956
904
931
930
952
931
930
906
943
940
943
931
952
931
930
932
943
937
931
935
923
924
939
912
939
915
955
936
945
927
932
929
937
936
933
921
949
965
929
940
933
944
946
942
926
929
946
936
945
922
934
940
912
925
933
947
932
951
940
932
915
938
946
923
938
921
951
947
945
939
940
951
936
940
940
921
927
936
928
918
935
922
961
938
944
924
945
952
933
936
942
933
938
933
927
917
945
923
943
934
939
946
942
923
941
932
927
906
959
939
952
952
943
948
929
935
929
948
936
930
949
952
937
933
939
955
938
945
938
940
941
919
939
945
946
942
941
939
933
941
955
936
932
912
930
942
932
934
941
929
940
942
930
953
949
931
953
935
930
954
935
938
926
932
923
933
940
924
937
925
929
928
924
934
944
951
935
942
920
934
943
934
924
950
923
936
941
929
940
915
953
941
935
943
937
941
948
928
953
943
942
943
952
941
938
952
932
929
930
925
944
956
942
932
940
938
960
949
935
942
928
936
941
941
940
947
909
939
960
937
939
923
923
924
943
931
936
937
922
929
934
960
950
915
935
948
939
937
929
926
944
934
944
946
939
948
949
938
931
932
939
957
935
933
932
941
944
937
935
942
936
942
934
950
940
952
934
950
925
939
932
922
938
953
933
956
937
939
929
937
945
945
923
933
947
938
925
947
951
928
944
932
925
942
953
933
936
944
938
938
951
936
935
952
951
952
953
948
936
940
954
927
943
937
940
940
936
957
959
941
944
934
939
933
944
941
942
945
934
956
944
948
941
965
931
942
937
943
963
959
966
966
949
955
955
923
938
944
939
949
966
940
933
951
934
960
947
949
943
947
963
954
953
939
944
945
928
941
927
943
922
937
948
939
953
958
967
944
940
945
963
942
959
964
952
945
952
971
973
959
951
951
953
951
958
967
961
965
983
962
982
969
991
976
982
984
993
1006
991
973
994
1006
1004
1004
1000
1001
1007
1016
1010
1015
1017
1026
1028
1027
1030
1034
