1065
925
933
907
917
925
945
929
933
926
929
934
952
935
920
927
927
938
942
926
931
940
921
941
940
930
932
925
950
925
936
923
926
931
928
935
919
941
915
923
942
933
929
918
956
938
930
943
935
924
941
965
943
915
940
940
929
925
934
933
932
941
925
927
931
932
929
930
932
910
923
936
925
928
934
933
920
921
941
933
935
952
951
942
925
950
935
926
933
941
925
935
941
959
943
930
950
939
948
939
922
951
942
927
949
933
939
924
926
920
936
927
938
950
940
947
930
921
920
934
936
931
921
947
928
956
915
954
947
927
937
939
930
933
929
937
949
928
939
941
927
945
933
922
961
936
955
944
934
918
921
920
940
949
930
928
941
943
947
946
942
915
917
938
940
917
900
935
944
928
907
921
918
928
929
922
924
911
939
949
930
934
936
925
945
935
926
931
937
912
943
945
942
946
917
941
949
957
919
948
949
945
953
948
933
927
939
946
926
944
934
939
927
916
928
919
928
928
940
935
924
945
933
937
941
938
918
932
941
927
944
928
916
930
931
913
927
925
940
937
940
925
938
936
926
938
955
929
927
952
944
923
926
929
931
932
932
930
939
931
938
933
932
924
944
938
936
935
926
931
935
931
938
914
932
944
928
958
927
928
931
933
944
910
944
925
919
949
930
929
943
945
943
939
947
909
928
930
922
938
950
931
927
935
944
911
932
923
922
925
921
955
932
926
922
934
916
933
928
941
933
942
943
951
947
922
952
934
943
921
949
907
951
945
935
931
930
933
959
944
950
952
920
928
940
947
940
933
925
928
933
914
941
921
940
939
937
953
951
932
937
952
915
969
933
944
929
932
940
930
932
916
931
928
954
920
951
938
937
933
951
914
931
954
912
929
923
948
933
936
923
934
943
934
936
934
931
926
938
944
943
942
912
944
935
932
923
936
918
941
922
911
948
935
943
935
962
937
925
938
924
933
935
935
922
927
926
935
929
932
928
923
936
932
939
936
933
942
920
916
916
919
935
943
931
915
909
949
928
934
955
913
941
923
946
938
934
939
944
922
947
927
933
928
940
951
938
948
920
923
935
938
949
920
913
946
930
946
934
946
908
959
927
942
956
916
944
937
953
909
942
913
920
929
942
925
936
936
934
910
911
946
937
923
951
912
924
940
916
929
933
949
933
929
921
928
910
921
928
944
935
945
932
954
939
945
937
942
912
920
926
917
936
933
928
941
932
927
932
931
933
954
917
933
934
930
932
922
943
921
933
930
924
932
930
962
934
939
942
953
944
940
933
934
924
936
946
925
932
904
924
952
929
933
914
935
932
926
937
929
922
924
925
936
942
923
962
925
936
926
946
932
945
921
938
954
928
955
943
939
918
940
940
935
939
928
928
936
949
941
935
925
941
948
946
924
918
935
940
945
941
923
936
917
911
931
952
927
914
916
940
931
939
935
943
935
931
958
913
935
930
923
945
911
915
931
956
920
904
928
959
937
944
934
934
928
917
933
929
918
933
939
955
939
938
950
930
933
939
934
947
946
908
906
938
956
920
931
947
937
933
929
935
921
941
921
949
944
923
924
924
929
931
946
929
936
935
942
942
941
949
949
918
943
945
919
928
925
934
942
926
929
940
930
932
924
914
948
935
942
927
927
932
921
926
915
940
922
934
938
941
927
935
949
932
935
928
943
934
932
927
920
926
923
931
929
961
931
945
954
932
958
947
937
923
941
952
932
932
939
960
934
916
937
938
942
944
944
927
929
930
929
935
943
939
945
949
946
926
932
953
954
940
949
918
923
929
919
936
935
907
952
953
938
919
941
959
935
918
955
932
949
909
937
929
918
929
949
940
924
937
923
921
927
941
925
926
939
952
964
925
934
933
939
931
931
923
924
931
923
923
932
927
926
932
932
924
930
937
928
928
930
948
944
923
901
931
924
910
924
927
936
922
940
936
911
920
926
925
924
940
948
945
923
941
937
939
925
932
933
921
921
918
916
940
932
930
945
946
934
921
924
929
927
943
930
934
931
928
950
945
945
946
916
946
946
929
933
948
935
920
930
931
937
914
923
942
931
930
921
925
944
946
935
940
930
933
925
937
945
930
937
948
935
916
947
936
944
911
929
935
939
938
923
925
945
948
952
926
937
931
925
941
933
932
952
913
940
939
927
929
957
936
913
913
937
923
937
924
915
923
943
937
946
938
946
941
934
937
936
941
922
917
925
926
911
929
930
931
931
933
935
917
921
908
926
951
923
941
911
911
931
936
932
925
924
917
931
928
923
945
947
952
924
919
930
935
935
935
935
928
932
934
924
930
940
942
946
931
925
921
943
912
931
928
944
916
955
932
921
937
927
938
937
937
917
932
949
927
931
951
945
918
937
947
947
941
943
944
917
941
948
935
940
944
937
934
934
933
941
927
938
930
915
937
938
930
936
929
914
910
911
927
941
918
923
936
937
940
923
942
932
939
916
925
914
929
918
939
927
928
934
933
929
935
948
936
912
954
914
936
925
913
928
949
940
927
949
938
950
944
923
946
938
915
914
931
916
935
946
924
942
924
929
925
924
920
953
939
955
946
943
938
935
929
941
930
940
950
944
930
922
926
925
938
934
922
941
936
929
952
939
943
951
921
926
942
928
938
919
910
933
941
933
930
926
929
946
930
924
943
928
941
939
960
929
929
929
931
942
934
946
941
924
921
918
923
919
931
943
920
934
925
943
933
955
932
929
936
931
919
942
934
937
936
933
912
926
932
929
938
931
934
915
945
937
929
924
942
937
935
928
937
938
926
936
944
933
950
939
941
938
930
920
931
954
934
960
943
936
944
943
951
934
923
929
940
940
931
938
939
941
923
920
933
929
934
943
947
920
930
923
917
934
921
936
942
944
931
942
935
930
937
922
947
934
951
921
918
925
919
920
924
927
951
912
928
921
949
928
930
938
923
938
929
945
935
924
932
921
938
945
928
946
927
944
930
930
930
924
955
941
926
940
926
961
947
933
940
909
923
925
919
927
920
928
940
926
920
944
929
923
944
910
936
908
937
941
917
929
951
942
945
950
927
952
932
937
952
923
922
917
934
944
941
918
929
924
931
921
923
933
943
934
938
936
940
927
924
934
921
937
925
921
939
925
917
937
940
939
928
911
926
922
935
911
931
913
938
933
926
943
930
908
936
943
925
920
934
944
935
929
941
927
934
935
929
929
937
927
928
955
934
925
930
928
934
936
964
947
932
938
943
929
902
921
914
918
937
950
931
934
946
936
947
929
924
933
936
941
934
938
940
951
949
911
922
929
939
930
916
919
907
926
941
932
930
929
936
922
936
931
919
930
922
942
934
918
933
927
934
939
910
924
927
945
908
917
926
942
939
930
941
939
926
931
921
932
925
933
931
934
925
908
950
922
933
909
941
943
931
924
943
930
939
931
942
931
938
938
946
955
935
935
931
918
944
936
945
941
945
931
923
936
921
924
941
944
946
938
948
935
924
940
931
952
929
933
912
934
920
934
938
934
940
950
928
940
924
912
921
932
926
945
960
930
927
950
928
938
930
944
925
938
940
948
914
919
953
940
940
916
935
940
945
927
934
935
930
940
932
934
929
936
928
933
930
908
925
939
903
940
932
935
939
944
943
916
927
944
942
913
929
937
921
947
939
938
938
944
930
925
965
959
933
942
927
937
957
930
932
929
927
942
925
937
944
939
938
922
926
932
920
938
921
936
936
921
888
912
926
925
931
924
912
921
932
913
933
935
937
917
926
928
934
944
948
930
935
932
920
900
905
945
910
939
934
934
934
921
918
919
945
930
912
956
931
943
934
942
927
921
935
943
948
916
938
936
942
938
933
924
937
936
928
930
943
942
938
929
932
939
928
921
929
933
926
931
924
945
941
929
921
933
933
933
928
955
944
947
912
930
921
920
926
940
924
938
915
922
953
924
941
917
938
930
940
934
916
940
924
920
947
928
936
932
949
923
912
927
930
944
932
966
927
926
920
949
941
946
929
938
939
946
939
933
930
935
935
936
934
915
918
935
927
934
925
926
930
914
937
933
930
930
937
917
950
931
946
919
930
946
927
925
923
931
943
957
924
919
940
919
935
904
928
925
944
924
938
939
933
956
938
934
938
916
945
939
930
923
933
920
937
956
913
932
922
931
913
912
946
942
925
934
924
940
929
933
929
924
931
945
931
931
949
921
907
926
916
933
934
923
943
920
936
922
940
936
920
926
914
936
922
923
925
918
937
928
929
918
944
924
924
915
937
914
935
928
944
951
934
915
925
919
931
937
957
938
929
921
920
945
956
935
934
942
945
948
939
934
941
938
907
910
945
948
936
951
935
933
917
957
937
929
935
936
913
933
940
945
924
932
916
927
937
924
925
946
940
920
932
944
938
938
924
919
937
940
927
942
931
944
921
922
926
947
921
923
933
920
935
947
933
934
920
938
939
925
926
939
920
933
951
935
910
930
931
916
936
935
934
938
932
921
919
945
932
928
946
932
942
931
939
931
944
930
939
940
933
942
941
938
937
932
920
930
939
920
925
930
942
960
945
940
939
952
928
935
913
936
930
943
940
942
934
937
942
928
909
932
933
929
929
914
932
926
917
949
922
948
934
939
922
945
927
933
930
935
937
934
929
927
926
936
933
941
947
931
930
919
925
931
934
919
920
921
916
936
919
940
916
929
918
931
943
909
943
941
939
940
939
936
914
926
902
924
934
937
933
932
920
916
935
949
939
940
937
930
916
911
937
931
932
952
926
949
947
938
952
954
934
937
950
937
925
932
939
934
919
936
926
931
921
948
927
946
946
939
952
937
931
953
917
932
928
951
940
910
917
943
939
947
934
926
930
938
917
932
947
925
945
925
951
928
913
925
919
929
918
954
951
922
924
932
915
933
926
912
941
930
915
944
920
936
937
924
924
934
938
946
942
925
932
942
940
930
953
925
924
931
924
932
921
927
930
939
936
945
940
934
928
939
934
936
925
937
944
933
915
917
932
924
927
919
919
948
908
925
946
964
936
939
910
928
929
944
931
916
943
915
928
942
947
927
941
898
934
937
936
923
942
921
932
950
936
933
924
925
924
925
924
925
935
920
935
939
946
931
930
928
933
926
915
947
937
943
909
944
961
939
948
928
923
938
920
934
952
917
933
952
935
924
930
906
922
934
927
900
924
928
930
942
940
945
950
956
931
932
929
927
923
949
943
931
946
949
943
944
934
957
936
920
955
921
930
946
942
963
928
932
936
954
933
922
920
938
927
921
932
932
942
928
921
934
936
933
933
932
941
937
933
944
937
941
944
937
925
903
947
926
947
908
933
923
916
916
925
895
932
897
936
928
917
942
946
900
931
938
940
947
930
948
932
932
936
918
937
941
934
938
937
940
922
941
931
927
915
932
933
939
948
930
934
908
944
942
946
920
925
928
932
952
925
930
921
930
934
908
932
921
914
945
958
944
918
933
937
940
932
945
920
935
947
936
922
937
923
933
951
941
933
943
933
936
930
938
944
968
945
923
924
931
922
924
912
896
925
947
927
928
909
920
966
941
903
938
920
938
934
929
927
938
935
962
930
941
945
938
932
922
921
916
945
937
943
925
925
928
938
954
932
925
933
944
942
938
940
946
929
932
944
942
928
927
935
928
943
951
928
915
943
923
949
948
929
948
939
936
933
917
976
