1065
920
955
928
920
932
921
936
929
927
942
933
919
945
921
922
930
941
933
936
920
914
929
924
924
936
936
924
936
931
921
944
920
938
951
936
921
930
931
931
926
948
945
941
941
923
930
942
929
926
928
941
931
934
946
937
927
922
955
937
934
932
927
937
938
929
933
910
923
947
937
925
929
934
928
916
935
934
920
925
941
951
936
944
917
944
930
935
940
917
947
911
948
939
948
938
952
918
941
945
933
933
920
934
936
927
935
927
944
922
929
942
929
919
930
934
934
940
927
937
933
937
922
917
924
934
934
935
922
933
930
937
935
922
934
919
918
917
940
932
928
941
940
927
944
929
925
927
937
922
921
918
944
917
934
942
928
965
945
935
924
940
930
931
936
937
920
949
941
945
926
927
931
943
941
941
939
934
947
937
940
940
918
929
914
922
938
930
942
924
937
948
941
952
920
945
931
932
938
941
950
935
953
932
934
913
921
934
920
940
940
938
917
935
932
954
933
946
939
924
924
932
930
941
936
946
938
944
936
941
930
933
932
944
924
942
938
945
915
932
917
912
920
934
940
937
937
945
944
911
938
924
931
953
922
929
940
949
917
956
940
959
925
920
932
918
943
941
931
931
926
927
937
940
929
941
901
945
928
908
931
951
932
913
951
931
945
922
944
958
946
942
934
919
948
920
930
923
950
935
935
936
940
924
955
935
939
968
946
921
907
939
933
923
940
935
948
940
935
947
920
927
928
939
948
941
915
927
945
909
941
952
918
922
937
904
926
948
924
938
937
951
931
925
936
920
928
948
937
922
929
951
941
931
930
926
950
940
950
924
926
919
955
924
941
929
943
934
936
931
934
920
924
930
932
936
924
942
933
953
906
911
924
943
936
941
938
942
916
940
930
944
937
931
928
920
924
957
929
921
929
946
936
940
953
936
941
907
944
928
936
944
935
938
923
961
930
924
935
919
933
917
953
941
927
948
931
941
915
940
945
933
941
945
940
912
939
929
947
936
923
932
955
926
937
941
927
923
942
913
933
946
939
932
941
934
946
951
928
946
950
940
935
954
941
935
926
925
940
949
934
936
949
949
937
956
946
926
957
953
917
936
941
931
948
941
948
942
931
932
932
915
928
938
927
933
936
933
934
930
934
933
934
927
931
915
938
934
939
933
942
937
929
920
942
930
946
940
928
931
938
927
937
938
928
923
948
930
934
945
934
931
935
926
933
943
930
953
951
935
922
928
911
926
944
943
926
938
945
943
933
922
934
947
919
929
929
931
945
936
925
922
928
945
937
920
923
930
941
920
928
923
925
936
942
941
947
932
938
944
933
907
936
945
921
936
933
941
935
939
940
943
929
920
913
920
929
934
928
941
922
931
930
938
940
932
953
931
933
927
940
937
946
925
933
925
944
941
926
936
929
934
948
929
941
932
928
931
938
913
934
933
933
932
915
953
942
943
948
939
942
949
936
937
957
933
918
931
930
935
949
931
933
926
929
940
947
925
953
927
923
931
958
945
912
923
948
944
937
944
950
971
942
939
924
914
931
933
935
924
926
928
911
920
935
936
950
959
956
940
928
937
934
930
925
920
928
946
953
920
947
942
930
933
941
951
954
940
925
951
931
969
936
951
941
946
932
916
930
920
931
927
937
950
938
917
923
926
919
927
937
943
944
924
941
931
920
951
918
934
926
953
928
943
947
952
944
937
940
925
940
951
939
934
918
944
938
931
937
955
927
931
920
939
940
943
942
926
923
939
932
948
935
938
917
936
913
919
946
932
936
948
940
936
936
941
940
939
925
926
937
931
928
933
915
943
932
937
938
952
950
918
933
934
946
947
953
947
929
941
943
934
929
954
943
950
937
959
942
951
935
926
934
929
949
933
932
928
927
942
923
944
937
937
941
936
954
932
917
927
931
937
944
929
933
941
967
935
960
934
921
927
942
947
914
927
940
944
965
930
932
950
922
926
931
954
951
926
919
937
930
936
923
946
947
958
940
939
928
934
933
942
920
925
919
943
944
950
952
952
943
931
947
951
951
949
939
946
952
948
923
952
949
942
943
956
941
953
905
944
943
944
934
946
926
928
957
957
950
954
947
924
955
918
930
937
921
949
933
968
918
947
935
945
951
930
936
962
934
945
934
963
947
914
945
933
939
935
951
946
932
955
939
927
928
937
924
930
934
927
937
949
940
931
959
934
940
950
955
960
931
964
962
952
938
931
961
929
939
952
947
948
953
929
944
950
949
961
938
928
932
952
931
946
943
953
935
961
933
945
958
945
946
951
930
943
939
933
930
945
949
951
935
949
930
953
946
949
954
943
951
940
930
948
948
941
959
946
947
935
927
952
946
956
951
956
966
934
942
948
943
945
945
953
941
952
948
975
951
945
960
963
944
966
962
962
952
944
940
953
960
952
946
939
949
949
957
958
928
937
949
969
960
941
935
950
947
956
938
935
955
944
959
948
946
960
958
956
952
938
965
949
954
953
943
945
948
936
931
957
966
946
947
958
956
949
942
942
958
960
947
937
954
963
962
966
970
962
955
966
958
949
951
950
962
960
959
945
954
954
949
953
947
939
971
981
961
968
987
962
956
949
964
961
978
960
959
947
973
949
939
941
936
962
977
962
955
944
945
956
934
940
963
955
946
973
956
976
973
971
961
962
961
956
955
950
955
952
964
952
967
962
971
952
958
954
961
952
960
954
943
928
955
950
940
970
977
968
967
959
954
971
963
952
953
959
937
956
950
957
966
976
975
954
953
972
937
963
969
953
955
954
944
950
948
960
948
958
946
963
961
963
968
965
969
975
974
950
966
972
988
981
949
952
954
976
957
967
971
965
958
963
976
966
957
956
976
970
952
975
968
963
973
975
980
979
967
970
973
968
969
967
960
965
973
973
975
966
965
962
960
973
980
968
990
964
954
959
964
961
971
958
983
968
959
965
972
967
981
987
975
971
975
974
967
978
975
967
971
973
980
972
986
992
980
971
973
970
987
989
976
980
977
973
988
985
976
962
954
952
972
964
978
986
978
977
966
972
986
982
980
974
970
978
966
975
982
976
975
973
965
979
988
984
965
977
967
977
973
975
975
966
976
969
971
973
960
985
985
1003
974
982
984
982
966
967
967
982
987
978
961
972
985
1001
984
972
986
985
989
1003
987
994
988
996
992
1001
991
984
991
990
993
987
979
975
985
980
984
972
985
975
975
990
986
973
972
989
977
985
997
982
989
993
992
997
1014
1000
1007
988
997
988
998
992
1005
1003
1000
989
986
989
984
987
987
988
991
985
1001
1007
1000
996
993
1001
998
991
998
983
989
996
1005
1001
993
1005
994
991
982
995
1002
999
979
974
987
987
993
995
1000
984
991
1002
998
990
994
995
1003
1003
998
1002
1002
1008
999
996
997
991
998
995
992
1002
1005
1014
1004
1004
999
1006
991
990
995
995
1006
1007
988
989
1003
1008
997
1006
1005
1016
1007
1008
1003
997
997
1003
1001
1013
1014
1019
1013
1017
1018
1004
1009
1002
1008
1003
1008
1015
1013
1004
1008
1021
1021
1011
1005
1005
1008
1003
1009
1005
1002
1008
1010
998
1008
1004
1007
1020
1013
1014
1005
1009
1014
1017
1014
1012
1012
1016
1021
1022
1017
1014
1017
1018
1023
1017
1015
1007
1013
1014
1008
1001
1009
1006
1016
1019
1020
1012
1012
1012
1016
1014
1012
1012
1006
1007
1015
1024
1029
1022
1025
1023
1026
1018
1023
1022
1017
1025
1020
1017
1019
1027
1033
1028
1023
1031
1026
1027
1033
1032
1036
1036
1031
1034
1042
1038
1038
1038
1037
1031
1028
1022
1029
1031
1030
1029
1029
1033
1034
1037
1037
1037
1035
1035
1038
1036
1036
1031
1038
1036
1037
1036
1035
1041
1041
1042
1037
1036
1030
1031
1036
1035
1039
1039
1034
1035
1030
1030
1031
1033
1028
1033
1033
1033
1034
1034
1034
1032
1029
1026
1025
1028
1030
1030
1031
1028
1036
1038
1037
1036
1037
1037
1038
1045
1043
1040
1042
1042
1040
1041
1038
1041
1036
1039
1039
1037
1039
1040
1039
1036
1033
1029
1029
1026
1029
1032
1036
1037
1039
1036
1038
1039
1039
1040
1041
1040
1038
1036
1037
1035
1032
1036
1041
1044
1046
1045
1044
1043
1043
1043
1043
1043
1041
1039
1042
1043
1045
1046
1045
1044
1046
1047
1048
1048
1048
1047
1047
1047
1046
1046
1047
1048
1051
1050
1049
1046
1046
1046
1044
1041
1041
1043
1043
1047
1045
1045
1038
1041
1042
1040
1043
1043
1039
1037
1042
1043
1042
1042
1045
1043
1041
1041
1043
1043
1048
1047
1048
1048
1048
1048
1047
1046
1045
1045
1045
1044
1043
1044
1043
1044
1045
1045
1045
1047
1050
1053
1053
1053
1053
1053
1052
1053
1054
1055
1055
1056
1057
1055
1054
1054
1054
1056
1055
1055
1056
1056
1055
1050
1052
1053
1053
1053
1053
1052
1052
1052
1052
1052
1052
1052
1054
1055
1056
1055
1057
1058
1058
1059
1058
1057
1056
1056
1056
1058
1059
1059
1059
1059
1059
1057
1057
1058
1059
1059
1058
1056
1058
1058
1056
1057
1057
1057
1057
1057
1056
1056
1057
1057
1057
1058
1058
1057
1058
1058
1058
1057
1057
1058
1059
1059
1060
1061
1062
1062
1062
1063
1063
1063
1063
1063
1063
1063
1063
1063
1063
1063
1062
1062
1062
1062
1062
1062
1061
1062
1062
1060
1060
1062
1063
1063
1062
1063
1063
1064
1064
1064
1064
1064
1064
1063
1063
1062
1062
1062
1063
1063
1063
1063
1063
1063
1063
1063
1063
1063
1063
1063
1063
1063
1063
1063
1063
1063
1063
1063
1063
1063
1063
1063
1063
1063
1063
1063
1063
1063
1063
1063
1063
1063
1063
1063
1063
1063
1063
1063
1063
1063
1063
1063
1063
1063
1063
1062
1062
1062
1062
1062
1061
1061
1061
1061
1061
1061
1061
1061
1061
1062
1063
1063
1063
1063
1063
1063
1063
1063
1063
1063
1063
1063
1063
1063
1063
1063
1063
1063
1063
1063
1063
1063
1063
1063
1063
1063
1063
1063
1063
1063
1063
1063
1063
1063
1063
1063
1063
1063
1063
1063
1063
1063
1063
1063
1063
1063
1063
1063
1063
1063
1063
1063
1063
1063
1063
1063
1063
1063
1063
1063
1063
1063
1063
1063
1063
1063
1063
1063
1063
1064
1064
1064
1064
1064
1064
1064
1064
1064
1064
1064
1064
1064
1064
1064
1064
1064
1064
1064
1064
1064
1064
1064
1064
1064
1064
1064
1064
1064
1064
1064
1064
1064
1064
1064
1064
1064
1064
1064
1064
1064
1064
1064
1064
1064
1064
1064
1064
1064
1064
1064
1064
1064
1064
1064
1064
1064
1064
1064
1064
1064
1064
1064
1064
1064
1064
1064
1064
1064
1064
1064
1064
1064
1064
1064
1064
1064
1064
1064
1064
1064
1064
1064
1064
1064
1064
1064
1064
1064
1064
1064
1064
1064
1064
1064
1064
1064
1064
1064
1064
1064
1064
1064
1064
1064
1064
1064
1064
1064
1064
1064
1064
1064
1064
1064
1064
1064
1064
1064
1064
1064
1064
1064
1064
1064
1064
1064
1064
1064
1064
1064
1064
1064
1064
1064
1064
1064
1064
1064
1064
1064
1064
1064
1064
1064
1064
1064
1064
1064
1064
1064
1064
1064
1064
1064
1064
1064
1064
1064
1064
1064
1064
1064
1064
1064
1064
1064
1064
1064
1064
1064
1064
1064
1064
1064
1064
1064
1064
1064
1064
1064
1064
1064
1064
1064
1064
1064
1064
1064
1064
1064
1064
1064
1064
1064
1064
1064
1064
1064
1064
1064
1064
1064
1064
1064
1064
1064
1064
1064
1064
1064
1064
1064
1064
1064
1064
1064
1064
1064
1064
1064
1064
1064
1064
1064
1064
1064
1064
1064
1064
1064
1064
1064
1064
1064
1064
1064
1064
1064
1064
1064
1064
1064
1064
1064
1064
1064
1064
1064
1064
1064
1064
1064
1064
1064
1064
1064
1064
1064
1064
1064
1064
1064
1064
1064
1064
1064
1064
1064
1064
1064
1064
1064
1064
1064
1064
1064
1064
1064
1064
1064
1064
1064
1064
1064
1064
1064
1064
1064
1064
1064
1064
1064
1064
1064
1064
1064
1064
1064
1064
1064
1064
1064
1064
1064
1064
1064
1064
1064
1064
1064
1064
1064
1064
1064
1064
1064
1064
1064
1064
1064
1064
1064
1064
1064
1064
1064
1064
1064
1064
1064
1064
1064
1064
1064
1064
1064
1064
1064
1064
1064
1064
1064
1064
1064
1064
1064
1064
1064
1064
1064
1064
1064
1064
1064
1064
1064
1064
1064
1064
1064
1064
1064
1064
1064
1064
1064
1064
1064
1064
1064
1064
1064
1064
1064
1064
1064
1064
1064
1064
1064
1064
1064
1064
1064
1064
1064
1064
1064
1064
1064
1064
1064
1064
1064
1064
1064
1064
1064
1064
1064
1064
1064
1064
1064
1064
1064
1064
1064
1064
1064
1064
1064
1064
1064
1064
1064
1064
1064
1064
1064
1064
1064
1064
1064
1064
1064
1064
1064
1064
