1065
921
939
921
936
940
959
930
920
923
937
932
935
922
935
949
933
919
926
942
946
930
948
945
942
940
931
935
938
943
922
934
926
915
932
931
932
941
918
927
954
948
927
919
909
923
923
943
920
946
925
927
928
915
924
921
933
919
913
921
931
924
942
934
939
927
933
954
946
932
944
941
928
928
932
925
929
931
938
927
936
910
930
953
933
906
940
946
939
929
934
913
927
922
931
940
936
919
928
956
949
910
952
938
927
934
924
926
924
930
941
938
930
928
918
937
917
933
926
940
937
935
939
950
922
921
927
947
921
919
934
924
930
933
941
936
927
934
936
921
952
917
946
936
921
916
920
930
928
948
928
942
928
944
950
931
948
915
937
945
927
922
932
916
930
952
929
937
939
946
930
933
935
937
943
926
931
935
942
944
940
961
926
929
932
899
919
937
942
923
936
940
938
942
937
933
929
915
922
900
939
948
932
942
923
934
935
921
942
947
938
928
944
945
931
931
913
943
924
931
945
938
914
921
926
941
935
937
933
935
936
928
916
940
947
943
928
940
946
928
944
935
933
922
936
951
936
939
958
920
941
950
941
934
933
939
927
932
913
932
943
930
934
927
938
918
927
941
934
925
916
942
952
934
935
927
933
918
953
925
922
939
921
935
928
931
931
921
940
919
930
920
933
927
945
937
941
933
938
920
923
948
930
936
963
950
913
918
946
938
915
951
951
956
924
933
927
935
929
938
942
934
920
913
938
919
946
927
933
935
939
940
933
938
945
925
939
937
926
940
942
926
934
937
918
918
929
938
934
953
927
933
951
938
913
939
926
948
923
927
927
943
905
930
929
925
925
947
930
938
939
924
954
920
923
920
910
926
941
945
921
918
936
938
945
938
927
939
936
965
927
943
928
939
932
949
927
923
925
925
922
936
929
922
950
912
956
938
925
940
950
934
938
913
946
917
948
943
932
938
917
926
944
940
910
926
931
925
944
927
947
919
922
930
929
933
939
944
921
933
939
935
916
935
925
937
921
947
949
903
945
926
929
928
918
927
946
939
916
938
934
942
919
926
946
935
924
933
927
945
932
940
932
941
945
954
938
934
928
948
929
921
941
928
924
927
930
937
939
921
939
925
938
934
925
928
936
926
927
932
946
941
941
929
930
936
935
919
939
926
927
931
952
935
919
925
933
936
932
928
919
907
924
930
929
938
940
910
930
923
941
923
950
933
923
940
933
924
922
941
956
933
941
925
926
927
929
930
941
924
947
927
939
923
924
932
936
937
922
920
920
927
938
953
949
914
933
936
934
920
932
934
923
951
920
934
958
955
934
920
933
930
935
926
921
925
940
940
932
931
917
930
944
938
925
933
938
935
940
937
935
938
926
942
923
931
921
939
930
928
931
926
929
928
937
933
939
917
924
945
943
947
928
931
926
926
926
932
940
927
942
951
933
931
925
946
927
912
913
928
939
940
937
921
931
941
931
927
933
936
931
933
950
925
919
944
948
940
914
928
938
924
919
928
931
920
929
925
954
940
927
914
951
936
917
929
941
941
937
933
908
924
915
956
927
952
899
934
939
917
935
960
925
926
934
933
927
938
918
935
932
922
940
924
930
936
936
949
945
923
943
923
941
938
936
932
932
941
932
917
934
921
914
930
930
927
945
931
947
939
928
934
941
934
930
918
923
924
923
936
918
934
922
920
930
922
933
921
932
929
929
936
937
929
933
941
948
937
940
930
935
963
926
925
945
929
946
908
939
944
936
933
943
921
939
913
950
925
933
937
932
924
940
938
945
935
922
921
941
934
945
928
936
939
920
932
939
944
953
926
928
919
917
932
952
928
937
933
944
907
930
940
944
933
923
919
953
937
909
921
928
928
932
927
933
932
941
935
945
923
943
921
942
934
942
937
934
926
916
926
913
941
943
940
945
935
938
936
930
919
930
936
915
938
957
940
930
911
928
949
932
934
921
939
934
944
930
948
941
936
927
929
916
917
916
943
942
897
928
934
933
922
930
934
932
951
907
916
945
933
914
911
910
935
917
919
938
909
929
949
933
916
932
939
940
931
914
926
945
928
934
935
939
922
911
926
910
944
953
924
924
945
937
932
940
934
939
938
928
935
954
942
925
927
941
948
929
949
951
913
938
935
924
924
944
940
942
916
946
947
931
939
926
915
934
932
946
932
924
942
959
924
940
935
934
904
929
921
902
931
930
931
962
950
960
925
929
938
949
918
934
917
925
920
921
922
921
933
927
913
934
935
945
918
945
939
928
917
939
932
947
926
924
934
931
936
935
927
917
929
938
928
940
943
918
930
929
940
941
938
935
924
948
941
919
910
945
925
925
931
930
917
912
914
963
940
961
935
944
927
928
965
963
951
943
940
928
929
937
934
937
910
931
932
921
915
929
950
955
931
937
948
920
929
945
922
928
947
912
907
939
917
941
927
936
942
928
936
951
945
945
930
944
944
930
928
930
936
951
928
926
924
917
936
922
935
902
936
953
936
948
943
953
941
938
929
942
918
942
923
936
926
940
959
925
931
929
941
934
926
917
920
938
932
934
937
942
950
927
930
946
945
927
938
918
926
937
932
952
937
929
935
926
938
933
910
920
921
947
938
925
939
929
953
953
941
930
916
931
925
938
911
928
952
939
920
931
923
938
934
945
901
932
937
941
928
944
955
935
942
935
930
931
953
935
940
921
939
927
948
951
929
912
919
930
926
925
945
939
933
932
925
930
937
931
931
941
921
935
943
920
935
935
935
926
937
909
950
942
952
915
944
954
921
914
932
925
929
940
932
948
924
936
921
945
939
961
942
928
932
929
947
941
947
923
947
944
941
913
910
938
933
939
918
926
943
938
941
937
922
934
922
924
923
921
943
947
946
923
921
913
945
940
916
934
964
940
938
937
932
931
937
929
938
936
912
941
931
938
923
946
954
921
942
922
926
934
913
930
934
939
949
932
932
932
940
920
937
929
935
946
949
932
929
942
924
918
942
950
930
944
925
953
924
927
918
934
936
940
924
918
928
929
937
923
932
945
924
940
935
943
927
949
936
946
942
941
922
946
938
958
951
939
926
939
928
947
917
925
944
938
940
928
934
941
930
934
935
945
935
939
954
922
931
947
927
941
944
930
923
930
929
923
931
927
927
945
939
932
936
937
943
926
922
906
928
938
914
960
954
939
956
925
938
925
917
923
912
929
917
934
937
938
923
951
943
942
933
936
929
946
952
938
941
952
926
942
943
909
923
932
921
941
938
929
933
930
915
956
925
930
938
934
926
924
932
924
919
930
946
918
933
935
922
921
946
924
926
933
936
903
937
941
917
943
940
936
951
910
923
938
941
928
926
937
919
929
933
926
933
918
921
920
921
932
937
937
945
950
935
923
921
933
916
920
952
938
939
930
922
923
920
933
928
923
922
929
946
938
925
919
954
941
930
938
950
921
926
944
939
925
935
943
921
926
925
946
933
932
935
940
937
924
927
918
916
938
934
949
930
928
932
929
932
936
919
920
935
954
952
933
918
949
937
949
947
920
944
936
932
934
940
952
927
935
943
929
936
947
942
940
929
940
926
920
954
925
924
941
919
924
936
946
942
933
933
948
934
952
934
919
933
933
926
937
933
927
941
928
936
926
934
923
941
932
936
933
951
935
938
942
928
919
936
934
940
917
927
947
927
934
933
932
934
934
935
954
916
932
922
930
926
925
920
934
936
934
938
932
936
913
910
930
949
950
931
931
948
935
926
922
929
956
931
928
940
932
947
931
927
924
924
936
914
922
928
927
915
929
951
919
952
931
925
933
929
929
940
934
925
909
940
933
947
928
939
940
939
918
950
923
918
930
927
927
937
950
936
940
935
946
942
932
940
909
910
923
926
950
920
929
946
943
947
927
954
932
910
920
972
942
931
960
939
929
955
926
923
938
937
916
945
932
931
953
967
934
943
928
931
921
928
940
932
933
910
932
948
934
939
934
910
920
931
932
939
909
921
929
928
932
941
927
925
938
943
917
918
918
917
950
943
934
947
944
941
915
947
933
955
921
934
926
924
920
927
908
954
917
919
927
924
936
938
929
932
914
930
931
934
933
957
932
927
916
951
938
922
928
915
947
923
925
937
953
920
929
956
933
937
923
948
950
943
937
926
931
941
939
928
936
940
920
923
937
951
926
934
922
939
934
934
919
919
949
911
936
954
930
940
935
947
940
940
925
925
933
933
934
929
924
932
947
950
930
942
923
942
926
926
928
933
940
943
930
934
926
956
942
939
952
931
931
950
917
935
949
946
932
926
928
933
928
919
948
934
943
946
943
937
924
925
922
936
928
933
914
943
919
921
945
943
939
927
946
932
947
948
949
935
930
934
935
968
936
950
954
934
925
944
925
930
925
951
921
931
949
945
945
932
950
941
945
941
948
945
934
940
933
928
934
949
940
940
919
939
940
923
932
925
930
938
940
947
944
936
960
950
939
921
939
910
954
927
933
955
922
937
949
929
936
943
943
932
944
936
946
954
935
933
942
925
921
931
926
938
939
938
955
945
936
928
930
940
938
935
917
939
953
914
937
934
940
935
917
945
953
950
936
939
925
967
925
949
927
944
931
933
935
942
947
927
939
965
936
933
904
927
949
935
932
928
948
929
932
948
934
923
956
949
948
941
937
931
929
937
939
951
933
946
931
927
938
939
941
944
932
948
936
951
931
933
945
941
933
934
925
931
948
948
940
942
951
929
933
926
948
947
944
922
931
937
948
930
907
934
928
932
922
942
931
963
926
946
942
936
942
934
937
941
936
954
921
923
929
941
937
937
936
957
931
940
933
932
943
926
946
951
948
944
925
943
931
939
945
941
947
957
948
948
944
946
923
945
936
945
965
953
919
943
946
925
953
948
937
939
948
948
944
952
938
928
933
928
947
943
933
957
955
943
955
931
958
943
960
941
949
933
957
943
920
948
943
933
943
932
954
952
956
954
955
932
949
952
935
933
947
961
922
961
958
948
947
945
931
950
971
945
954
952
952
948
941
956
953
938
953
944
956
942
947
951
947
928
939
941
933
939
944
953
960
944
939
940
944
958
967
938
958
962
949
927
969
926
953
938
954
952
961
968
965
951
957
948
937
957
951
949
948
950
955
950
958
952
957
955
953
939
932
940
956
953
959
953
960
959
975
976
952
942
956
960
961
950
975
960
960
957
960
965
954
962
939
949
960
957
968
942
960
958
937
944
975
947
958
959
969
966
964
977
969
960
964
965
964
956
975
963
971
955
973
976
959
963
960
957
974
967
974
964
983
972
976
980
969
969
977
968
965
979
979
972
976
987
972
989
968
965
980
970
974
982
965
989
976
994
980
962
964
971
983
989
983
983
988
985
988
987
1001
1001
996
981
979
993
1003
988
1000
991
1000
1002
982
997
996
997
1001
1002
1002
1003
997
988
995
1005
1005
1014
1009
1002
1003
1003
994
1002
1006
1012
1015
1012
1021
1016
1014
1015
1014
1016
1019
1021
1025
1024
1015
1023
1020
1023
1020
1023
1021
1017
1018
1025
1023
1022
1027
1022
1027
1030
1034
1032
1035
1039
1040
1040
1040
1041
1044
1047
1046
1048
1048
1052
1052
1051
1052
1053
1053
1053
1052
1052
1052
1054
1054
1054
1054
1054
1054
1055
1055
1056
1056
1056
1056
1056
1056
1056
1056
1056
1056
1057
1057
1057
1057
1057
1057
1057
1057
1057
1057
1057
1057
1057
1057
1057
1057
1057
1057
1058
1058
1058
1058
1058
1058
1058
1058
1058
1058
1058
1058
