1065
929
935
958
948
948
938
945
934
948
925
939
942
913
945
942
942
954
930
929
958
956
948
929
942
933
935
911
952
936
935
930
924
930
922
947
923
936
923
931
913
933
924
919
948
930
941
938
939
928
901
928
911
947
933
942
910
948
916
926
920
933
912
938
922
934
930
945
943
926
935
938
935
951
930
934
930
939
941
937
928
940
924
943
923
924
942
922
933
927
939
940
923
939
938
938
927
940
938
924
933
928
949
938
929
932
934
926
929
947
912
922
930
930
952
939
935
936
929
942
935
936
942
928
938
939
940
937
937
930
912
937
908
936
924
932
935
937
939
936
943
933
950
949
934
930
941
942
929
924
937
944
939
940
937
956
927
921
928
931
928
930
945
927
925
946
940
928
940
927
949
934
925
934
922
932
938
938
936
927
947
911
935
936
922
933
924
933
924
925
924
947
930
940
930
929
931
923
948
913
929
939
923
919
923
939
949
930
929
929
934
954
938
931
946
954
926
930
959
933
922
901
908
943
938
937
932
924
956
923
906
961
922
938
923
931
936
948
935
940
945
932
941
943
913
935
915
949
935
928
912
945
922
937
932
936
932
931
947
915
947
927
913
930
928
923
925
939
932
934
926
935
953
936
940
943
934
932
933
936
943
921
921
945
937
940
923
932
934
935
914
933
923
938
943
947
943
937
943
941
926
948
933
933
909
927
940
933
939
936
946
941
948
946
901
936
937
959
926
941
951
933
936
933
937
937
931
934
921
929
939
946
938
925
926
940
946
935
940
928
944
931
952
941
951
944
935
926
933
939
921
933
927
948
950
945
919
931
931
927
929
928
925
935
953
945
945
928
921
919
945
932
940
933
935
933
914
932
944
936
935
944
942
915
946
926
945
932
924
897
928
924
937
936
938
933
924
927
929
935
911
931
926
932
924
924
935
926
932
925
932
956
951
933
924
942
929
932
922
927
941
916
908
932
927
939
955
931
940
939
946
941
945
931
919
938
928
935
943
940
939
919
944
938
921
958
928
940
908
922
947
953
940
931
923
934
929
928
937
938
943
935
942
905
926
941
931
937
945
922
913
935
930
962
949
936
937
919
934
927
934
962
948
938
934
923
936
930
933
941
951
938
948
931
936
939
927
940
921
949
956
932
946
932
938
925
935
931
935
930
934
918
924
929
948
926
910
940
938
939
930
931
929
924
928
946
938
928
940
925
909
935
927
928
946
933
933
925
924
946
938
943
924
921
915
928
930
916
941
926
934
940
931
926
923
924
930
929
915
914
936
921
939
930
931
928
939
917
921
927
917
931
931
934
936
902
937
932
946
955
945
935
915
927
951
932
931
932
943
944
925
936
938
948
934
938
929
911
939
919
941
933
934
922
946
931
931
929
929
958
938
942
910
941
920
943
916
944
921
931
937
925
918
942
925
932
925
899
919
922
921
932
905
930
939
913
917
943
937
942
945
917
920
923
935
941
937
926
949
927
959
937
947
921
948
946
928
933
921
918
940
929
933
937
931
925
932
932
937
943
948
936
923
931
922
940
932
932
922
923
914
936
951
928
938
930
922
940
924
933
956
942
956
926
914
930
937
919
917
958
935
945
943
922
927
967
932
932
924
948
939
917
945
940
928
924
943
922
944
931
930
917
920
929
927
939
936
951
925
907
942
926
946
938
953
945
940
939
950
930
936
926
933
943
909
922
930
910
931
917
944
918
924
929
942
945
941
929
931
923
931
910
953
932
940
942
935
942
925
928
928
956
936
944
924
937
932
931
917
950
943
911
942
932
957
919
921
930
917
941
946
924
940
924
913
947
943
935
919
922
915
939
940
938
937
944
939
944
942
930
924
937
928
930
918
936
935
934
944
952
919
924
934
922
954
940
950
940
940
933
942
945
943
940
936
916
960
942
938
932
941
909
935
927
940
927
922
935
935
933
937
937
930
937
940
934
939
930
935
923
934
941
935
920
909
932
923
925
928
929
931
943
958
936
954
931
930
951
928
942
920
957
920
942
943
967
958
921
920
945
910
936
937
922
948
940
940
922
931
915
924
943
943
921
923
950
931
930
951
937
931
940
927
939
958
921
933
942
948
928
928
943
916
935
923
942
942
924
928
930
952
937
933
951
926
951
930
935
906
923
936
922
930
934
938
923
921
918
940
924
931
935
938
936
952
914
923
930
934
953
937
936
933
942
931
935
929
940
935
942
936
933
942
932
928
946
939
918
920
957
932
938
941
952
921
929
919
928
922
906
939
942
926
933
947
949
941
931
919
934
932
954
942
931
953
916
920
929
936
927
950
935
928
948
935
938
936
951
961
938
939
932
943
943
940
945
939
929
946
929
932
926
925
951
909
943
921
924
927
918
932
937
936
940
945
939
933
945
947
933
943
957
956
941
925
937
944
956
942
932
928
927
928
948
938
931
939
949
935
946
942
940
931
929
921
923
925
949
940
949
950
933
910
950
934
948
929
923
929
948
941
929
939
944
945
946
938
934
932
923
957
910
936
937
927
931
933
921
938
947
933
926
947
966
932
933
938
947
937
948
936
939
937
929
924
932
950
946
935
929
937
933
937
941
932
932
917
942
934
944
941
954
915
938
927
946
944
926
953
937
926
947
937
930
940
950
961
923
938
932
934
936
912
945
920
956
955
946
942
953
931
948
930
937
934
932
920
937
951
927
942
941
927
960
958
941
930
958
914
944
953
920
928
949
946
921
947
935
925
924
926
945
936
949
936
920
937
936
949
921
934
935
934
939
929
949
936
930
949
951
941
943
915
939
929
935
946
947
938
933
948
950
950
942
926
942
954
946
923
949
940
939
944
927
939
937
934
953
938
948
936
930
946
940
959
940
937
942
952
956
947
935
936
947
945
955
960
950
937
953
944
949
940
932
940
950
944
932
948
926
928
926
928
927
953
934
948
948
950
945
941
951
940
939
938
960
931
931
932
946
949
955
938
941
952
930
937
921
924
939
951
961
938
940
931
933
943
954
949
937
935
951
932
951
942
941
942
929
957
944
939
959
962
921
973
945
931
960
936
929
960
953
947
949
946
957
936
946
919
934
943
935
945
943
931
935
956
921
925
936
940
956
936
932
940
944
936
931
926
955
946
936
943
947
937
927
931
957
932
939
942
952
918
945
937
936
943
948
942
950
955
958
934
945
930
960
939
943
926
939
962
943
932
958
941
943
943
907
955
944
930
912
949
951
959
933
945
946
937
953
946
944
963
930
934
956
953
964
939
940
936
933
935
958
954
938
943
961
950
960
955
946
941
951
942
939
950
948
940
941
942
937
937
953
942
945
937
942
938
948
961
928
942
943
938
925
949
938
931
931
939
941
953
949
924
937
950
947
946
926
928
933
947
954
949
940
938
949
920
942
936
940
935
951
958
957
949
940
944
955
935
930
940
957
948
951
937
943
940
945
947
933
932
915
937
949
947
943
949
947
927
952
947
952
937
933
950
927
952
941
945
962
964
946
970
941
945
945
953
953
929
954
960
961
945
963
950
949
936
925
936
944
956
956
958
960
950
936
940
955
945
935
956
956
952
956
938
933
929
939
954
949
958
965
955
942
963
956
944
975
942
936
954
932
944
933
950
963
944
955
957
949
950
955
947
959
942
933
942
961
947
929
947
934
958
958
961
957
949
947
955
931
937
946
946
952
943
953
940
941
949
940
943
961
947
931
943
967
958
970
955
954
955
949
953
945
958
961
946
954
954
941
957
952
947
950
958
960
929
961
935
938
949
953
944
941
950
951
947
950
956
947
948
953
941
967
949
952
953
953
951
957
942
957
958
956
950
969
959
954
951
938
964
955
955
940
949
961
949
973
948
949
965
952
949
954
960
947
939
969
955
961
969
943
937
948
957
967
962
941
952
964
952
943
959
950
947
950
942
935
959
949
952
951
972
945
950
961
945
952
955
972
956
956
937
949
961
946
943
959
961
954
952
938
936
962
933
951
949
949
957
973
957
940
961
963
958
953
957
960
958
964
967
954
969
963
949
957
943
952
965
969
945
971
954
940
945
947
928
963
966
939
959
957
957
970
949
953
955
975
949
954
959
956
957
956
957
972
958
953
971
952
947
946
960
973
961
945
954
959
955
950
962
982
946
943
958
942
975
975
989
973
953
973
959
937
954
952
946
952
946
956
961
951
962
949
953
958
950
957
959
964
972
962
980
953
946
973
957
964
969
961
962
976
949
965
969
955
958
946
960
967
954
955
955
946
969
974
952
962
957
942
953
965
954
975
979
974
962
959
972
962
977
971
968
976
951
964
976
968
958
978
956
947
936
971
971
977
964
971
954
959
948
968
956
959
979
969
968
974
962
959
968
971
969
967
954
966
958
961
962
968
980
965
941
965
961
966
970
972
982
981
966
968
979
958
964
976
947
954
960
974
971
967
965
951
965
953
960
943
958
948
964
973
969
973
979
939
951
963
969
955
968
978
963
974
987
976
973
975
975
975
971
965
960
982
952
949
950
952
968
969
971
967
947
971
959
969
968
960
954
972
969
976
960
958
976
961
967
984
965
956
979
972
967
977
969
965
951
962
975
986
970
964
953
992
976
972
961
965
979
981
962
963
953
954
971
976
981
970
972
967
963
974
963
975
984
976
966
976
970
957
938
954
969
959
969
968
973
971
970
958
982
981
964
966
958
956
959
967
967
964
958
958
978
969
972
964
984
967
976
969
950
963
963
966
982
982
971
977
967
973
974
971
960
969
979
973
986
975
978
983
972
974
959
966
981
982
974
976
984
978
981
972
994
980
978
976
983
985
962
980
964
968
981
984
977
974
965
965
964
972
973
979
970
974
975
978
967
964
964
977
979
980
983
983
986
979
975
972
974
986
990
979
978
976
990
986
999
984
993
974
982
973
966
973
976
986
973
986
971
989
991
987
981
975
985
990
983
987
977
967
975
984
991
1000
992
1000
1001
996
989
998
989
992
979
978
972
978
982
977
972
965
958
969
988
1006
997
995
975
977
979
985
977
961
974
981
989
997
966
983
975
979
978
990
982
978
986
963
975
971
969
969
972
975
977
967
967
981
963
975
980
987
988
985
1003
1011
1012
980
987
990
988
985
994
983
1004
997
1007
997
995
977
990
989
987
990
991
982
971
987
990
980
978
971
971
975
983
983
984
991
994
992
998
999
989
1004
1000
989
990
970
986
1001
986
986
982
986
973
974
970
977
982
982
988
984
1003
995
997
986
1000
991
990
989
979
983
987
987
994
989
981
986
985
994
1004
997
997
1001
997
995
996
990
992
1004
1000
993
1004
1009
987
970
992
991
1001
1005
1005
1007
995
988
986
1000
1000
992
1008
1000
992
995
1001
996
1002
1003
992
999
1000
997
989
995
994
1002
1018
1010
999
1001
1002
1001
998
983
996
982
983
997
1003
997
992
1000
1007
1001
1009
1006
992
992
985
1000
996
1002
995
990
1006
1008
1008
1009
997
1004
1012
1002
1005
1016
1009
1003
1013
1011
1007
1003
1005
1001
993
991
995
989
1005
1007
992
996
1011
1008
1011
1006
1009
1015
1008
1007
1002
1000
991
992
1004
1006
1019
1008
1013
1011
1012
1008
1001
988
1003
997
1004
1004
1004
993
1003
998
996
1012
994
994
996
997
997
997
999
994
1001
1009
999
1015
1014
1000
1005
1015
1018
1013
1014
1012
1010
1006
1005
1014
1001
1014
1010
1018
1030
1018
1013
1014
1004
1009
1012
1007
1010
1005
1011
1017
1015
1013
1014
1012
1004
1001
1018
1028
1027
1021
1010
1007
1010
1000
1007
1020
1015
1011
1009
1019
1031
