1065
921
910
928
935
917
937
930
936
929
927
945
939
932
914
901
938
933
939
953
936
937
948
924
925
951
945
899
922
941
921
949
928
959
942
932
950
927
932
910
939
930
936
923
897
934
937
920
922
937
925
929
922
933
932
912
927
925
936
938
943
928
928
921
926
938
906
916
944
938
899
918
911
931
933
925
915
919
936
944
939
945
931
928
914
933
908
940
927
927
918
922
924
927
925
926
940
940
930
932
939
934
939
939
950
937
957
952
914
918
936
933
933
918
932
927
917
945
938
918
910
930
929
914
927
932
922
921
934
927
920
937
935
934
933
943
906
935
935
914
919
944
927
937
921
934
929
942
919
928
943
929
946
930
944
934
934
928
933
939
930
933
920
920
928
930
922
919
948
937
936
927
926
943
916
945
932
929
939
936
943
934
944
950
920
933
921
924
930
918
956
934
934
930
935
929
932
929
922
914
944
910
947
920
922
940
927
932
935
924
924
928
931
935
929
920
941
937
928
933
935
931
930
913
945
948
934
943
943
924
940
945
938
941
926
905
921
948
940
939
933
945
934
927
948
935
954
924
948
931
911
925
937
932
940
902
918
922
950
935
946
939
930
906
907
935
930
913
922
935
935
945
932
953
945
931
925
942
942
933
919
920
922
923
951
929
930
937
941
921
932
948
923
943
936
935
927
927
936
925
927
911
925
914
922
929
927
917
918
932
950
931
941
939
908
933
931
927
935
929
947
949
947
947
935
926
925
935
938
949
947
915
925
920
932
925
914
920
935
943
934
927
917
923
945
936
937
916
927
950
953
929
920
938
937
929
947
912
929
934
932
952
934
959
920
933
937
944
933
940
920
940
935
943
917
929
935
949
933
932
924
939
923
915
919
935
933
899
931
949
937
933
912
926
921
941
941
940
943
934
923
935
932
925
943
942
925
926
922
919
929
940
934
902
922
930
940
926
909
931
930
933
921
945
910
934
934
917
935
920
925
936
937
944
930
943
934
929
924
907
922
928
933
934
895
934
928
929
931
901
895
926
934
946
934
928
942
927
919
921
933
946
914
935
927
914
922
932
943
928
966
926
927
928
937
920
938
948
947
934
940
943
946
936
917
918
925
927
915
930
937
921
943
951
951
942
925
934
942
912
918
911
920
921
931
933
926
930
943
935
946
940
905
923
932
930
924
945
921
910
925
944
918
939
941
926
937
926
919
921
951
925
907
923
935
928
951
935
935
942
950
926
928
930
941
928
926
929
941
932
923
938
960
932
926
929
928
936
942
937
946
932
941
926
922
932
934
910
930
926
918
933
933
930
926
928
938
928
932
933
932
933
945
952
929
948
931
941
950
929
927
942
933
937
929
930
930
924
941
925
934
949
929
915
937
934
939
938
927
927
910
923
935
926
918
926
924
930
946
952
940
943
928
960
930
942
950
939
921
939
927
932
910
917
946
924
929
923
941
919
944
947
935
929
937
929
919
934
942
923
927
951
947
915
929
953
942
930
914
920
920
941
946
933
916
939
928
927
938
912
938
966
916
938
917
922
931
934
938
928
944
936
933
934
938
936
926
944
936
941
923
936
944
939
954
931
936
931
943
919
924
921
934
925
939
934
950
943
955
919
928
930
948
935
931
940
931
915
939
920
934
924
928
925
923
956
935
930
925
929
945
935
932
935
940
928
932
948
951
927
934
926
920
932
947
945
943
943
944
943
927
918
935
933
941
923
951
923
949
939
918
941
938
917
935
940
944
948
918
924
943
931
930
932
932
923
939
938
922
912
921
914
933
930
942
927
933
933
926
943
944
943
927
934
906
929
960
926
936
924
903
916
962
928
937
920
925
927
929
931
930
941
925
928
944
924
928
920
937
929
970
920
943
929
925
938
950
924
941
942
933
933
942
939
923
913
957
941
934
927
925
920
915
945
918
923
913
931
922
925
934
928
911
921
920
952
924
917
942
938
931
938
939
912
937
928
919
965
930
913
926
909
949
944
934
904
909
911
936
936
923
907
931
948
942
933
927
918
928
942
937
930
953
965
940
926
929
927
926
920
952
912
930
935
931
929
928
929
939
944
909
932
934
942
949
922
939
938
913
930
947
923
935
923
945
904
933
932
928
951
925
944
927
950
933
956
931
940
926
932
923
943
938
927
926
940
928
942
944
937
933
955
920
921
937
939
935
925
945
946
948
940
944
943
936
929
935
939
938
939
937
931
928
932
901
964
915
937
934
933
932
948
941
917
927
932
937
932
921
927
934
933
928
923
939
909
934
949
932
914
920
928
929
921
922
929
945
922
929
927
933
940
929
948
924
922
912
920
933
932
902
939
926
937
942
925
936
932
927
936
950
946
934
941
927
933
935
932
941
953
941
928
924
941
942
935
922
933
928
930
941
935
926
928
938
957
920
959
948
944
941
925
929
929
909
955
942
943
937
924
923
942
951
942
930
944
962
941
940
929
941
944
933
950
934
942
934
930
940
938
927
928
946
939
927
930
920
943
939
928
935
948
953
929
910
933
916
930
947
931
932
931
938
952
928
913
928
912
931
925
926
927
927
909
930
945
934
948
941
945
939
943
948
944
927
942
911
936
935
943
939
927
920
925
939
943
918
932
911
938
937
934
936
934
947
933
951
934
923
937
939
942
946
959
931
953
928
953
936
925
931
948
924
933
921
930
931
934
953
927
942
919
938
924
942
945
936
939
947
920
942
937
935
926
927
941
940
921
944
935
916
935
919
938
919
926
932
921
941
929
940
926
912
927
937
922
936
932
927
932
926
941
927
941
909
939
915
939
934
929
932
930
948
931
939
929
932
931
957
940
937
929
948
902
930
905
919
932
953
945
927
929
916
925
936
900
929
910
907
953
907
921
954
930
946
960
933
932
930
932
911
935
926
916
938
950
933
942
957
933
922
922
936
929
938
944
940
936
932
936
918
941
924
923
937
929
931
943
935
941
928
928
929
911
936
925
930
935
930
951
953
933
938
920
925
909
937
947
931
920
944
928
925
916
940
938
923
919
923
937
932
933
927
942
947
935
907
927
931
934
938
924
938
926
928
926
932
932
914
935
929
929
919
935
934
960
944
926
902
929
939
942
933
925
935
918
925
935
929
918
928
930
927
934
920
935
951
949
931
944
923
917
941
927
924
934
924
934
925
941
933
937
926
954
921
926
932
931
929
924
942
929
949
944
919
920
924
945
932
926
940
933
944
929
918
959
927
925
932
945
925
928
927
921
921
936
928
932
949
929
926
933
942
938
937
937
937
947
945
948
938
927
921
915
936
947
920
940
952
946
908
940
902
921
937
943
928
932
914
941
959
923
920
929
941
927
934
923
932
950
925
934
942
918
958
934
944
919
918
945
926
939
932
931
938
922
945
928
945
935
929
934
950
931
927
949
936
938
930
949
943
946
921
944
949
923
942
931
928
946
934
928
921
957
916
921
947
931
935
934
933
930
939
919
915
943
921
944
957
947
930
935
942
932
915
926
935
949
944
942
932
912
937
924
937
954
937
933
946
925
934
921
928
946
907
932
932
931
914
954
932
912
939
941
925
947
948
936
947
935
956
939
945
952
945
937
913
935
949
946
942
921
933
938
953
923
903
932
924
926
932
935
949
936
919
937
938
929
910
934
929
926
935
943
924
929
933
946
923
937
935
928
953
911
910
919
931
926
937
922
951
943
926
945
947
930
943
920
938
945
917
952
914
942
936
929
925
928
925
932
929
937
915
935
953
950
935
945
936
926
929
952
935
934
948
929
928
934
916
917
925
937
933
925
924
932
934
948
935
937
948
939
937
944
926
920
930
942
943
940
927
923
921
958
930
940
948
942
928
925
928
932
918
935
952
958
949
913
929
925
951
917
939
941
950
941
942
929
937
930
938
937
939
935
940
933
923
938
935
920
943
916
945
933
951
927
934
932
934
953
930
936
921
933
932
933
946
930
933
939
933
934
929
959
928
951
922
915
934
919
922
934
933
933
921
940
941
913
928
936
937
943
933
916
928
943
940
954
953
938
931
906
937
944
938
950
941
939
912
934
934
936
938
962
937
936
923
942
934
943
932
941
914
930
949
952
952
926
955
921
899
921
937
954
928
927
929
917
929
927
939
911
961
933
941
940
941
942
928
903
924
934
926
943
932
930
944
931
934
925
928
940
932
929
932
919
930
946
936
944
926
934
936
937
933
935
941
937
943
927
945
930
948
959
947
924
950
924
934
938
935
943
929
922
919
941
924
928
932
930
922
933
935
918
919
938
929
939
967
944
933
939
950
938
937
922
942
935
936
950
957
951
941
940
935
928
939
934
958
957
939
939
952
954
922
959
930
935
937
955
930
934
938
941
944
938
939
927
945
920
938
931
934
934
917
943
932
943
930
936
910
945
946
937
928
924
948
939
931
930
957
932
939
942
937
937
898
936
927
930
947
955
937
944
937
928
946
962
938
941
956
952
944
942
924
926
912
928
926
942
940
929
941
940
952
933
947
940
923
920
928
935
949
934
929
931
926
920
929
913
928
936
941
937
922
962
948
942
943
945
937
934
929
936
933
949
941
951
930
921
944
930
956
929
954
938
932
921
948
938
944
931
930
932
927
941
948
941
954
947
928
922
933
948
946
924
938
933
925
927
927
958
921
938
937
931
943
939
943
926
924
939
940
950
934
915
923
918
924
937
942
929
918
936
953
939
933
944
962
951
945
938
942
942
929
927
922
930
948
957
949
927
932
947
960
944
945
949
932
943
943
956
930
935
940
958
959
942
944
960
936
938
948
954
924
936
939
944
950
947
950
944
946
948
932
943
944
948
950
944
938
937
944
959
952
954
952
948
934
943
920
938
936
940
956
943
939
948
953
939
933
940
927
941
938
933
960
964
955
939
941
936
944
920
941
942
939
927
947
928
939
950
938
951
948
970
927
941
960
926
944
939
942
956
934
949
928
958
958
947
950
949
937
945
935
958
958
952
939
930
967
942
929
927
948
958
954
960
951
973
949
954
948
949
957
950
945
940
957
941
939
948
957
946
932
946
944
955
959
936
932
942
940
938
956
959
974
954
933
940
949
949
933
940
939
936
958
969
958
958
956
950
939
939
941
935
967
946
951
956
942
954
946
950
937
949
940
955
968
944
969
948
960
955
966
952
945
949
967
971
951
944
946
954
950
949
962
964
961
945
967
957
946
955
955
943
977
952
954
948
951
955
952
964
955
962
942
966
959
962
940
953
962
953
954
964
968
960
960
971
965
975
954
972
975
958
968
973
971
977
953
969
977
977
966
980
986
966
967
969
960
946
974
974
968
960
985
977
969
966
965
963
969
970
970
980
954
969
971
970
981
988
982
994
999
989
986
979
983
972
977
987
978
975
974
992
989
994
989
978
993
1001
997
999
978
995
981
1001
1001
993
1007
995
1001
985
992
1000
1015
1013
1010
1002
1000
999
1008
999
999
1008
1013
1015
1017
1019
1014
1017
1029
1022
1018
1018
1022
1023
1017
1019
1014
1024
1021
1024
1022
1030
1030
1029
1033
1035
1035
1033
1031
1023
1022
1026
1027
1024
1032
1032
1037
1042
1041
1043
1046
1045
1048
1048
1049
1047
1048
1050
1049
1050
1052
1051
1050
1050
1049
1049
1050
1050
1054
1053
1053
1053
1053
1054
1054
1054
1054
1054
1054
1054
1056
1056
1056
1056
1056
1056
1056
1056
1056
1056
1056
1056
1056
1056
1056
1057
1057
1058
1058
1058
1058
1058
1058
1058
1058
1058
1059
1060
1060
1060
1060
1060
1060
1060
1060
1060
1061
