1065
921
940
953
934
935
954
935
935
939
924
931
954
933
934
948
939
922
896
918
932
934
925
927
933
933
939
936
956
930
939
940
932
947
939
934
928
940
937
940
957
926
921
942
945
933
947
922
925
945
937
927
935
932
933
952
924
906
938
930
919
946
938
950
928
936
933
921
945
928
924
947
950
928
939
952
942
934
930
914
911
941
943
949
927
943
916
950
916
911
938
932
929
950
916
929
941
939
935
942
940
932
930
957
930
917
927
948
943
933
939
941
943
914
941
947
935
927
911
922
929
912
931
908
918
929
926
927
941
957
912
937
930
926
940
950
923
922
938
918
943
932
934
938
945
938
948
930
940
930
920
927
936
936
938
929
929
935
942
930
917
928
926
926
933
942
946
920
943
934
930
936
931
927
942
924
931
941
958
934
942
939
925
925
937
931
927
934
933
927
923
931
934
932
942
937
935
942
934
924
924
941
937
937
961
922
944
926
941
937
925
928
936
929
918
934
935
913
927
938
935
943
930
933
927
936
947
944
929
932
912
926
948
925
927
937
938
927
935
926
910
925
924
935
929
932
944
941
932
921
930
933
928
921
931
927
930
949
933
923
946
927
939
927
926
932
928
919
918
935
905
912
919
918
945
938
930
949
915
920
919
940
945
963
920
924
920
932
910
942
940
933
904
928
951
935
942
945
908
938
947
918
951
924
942
919
925
926
918
923
926
939
914
921
932
952
927
923
919
922
941
929
916
913
930
932
926
935
922
916
938
947
923
928
930
937
903
922
932
931
926
933
939
930
927
945
940
941
914
921
916
923
925
941
914
931
939
926
959
939
940
924
943
926
929
923
931
938
931
953
942
935
938
910
926
945
922
927
929
958
925
904
917
937
933
939
937
948
924
929
947
921
939
948
936
923
944
943
938
938
950
939
946
914
912
919
922
931
913
936
918
946
956
923
943
926
941
941
935
949
934
937
949
926
933
926
931
919
941
924
913
914
942
943
925
926
940
935
933
941
931
930
954
943
933
941
932
921
955
942
913
929
925
924
935
947
932
928
918
940
945
966
932
930
926
916
948
929
955
932
925
934
932
934
931
958
929
926
919
925
947
945
949
945
941
949
953
931
961
932
935
922
947
928
942
940
942
929
950
914
944
931
946
933
944
952
939
920
943
948
952
938
924
952
933
924
932
926
931
950
921
944
920
920
917
939
950
959
931
937
925
928
949
927
928
929
930
938
913
953
942
941
940
938
928
942
943
941
939
938
941
952
931
931
920
936
926
928
941
940
938
940
933
932
923
929
930
951
935
962
928
954
926
924
970
955
941
929
957
935
925
935
934
949
943
943
945
935
952
922
920
933
933
945
959
924
939
940
948
953
914
930
936
948
932
922
935
932
944
935
947
928
912
940
929
938
951
938
940
949
934
937
947
937
928
889
928
946
924
938
920
948
922
923
938
947
941
928
933
941
938
943
937
927
921
937
929
944
942
928
935
935
936
929
928
942
940
928
932
931
927
925
939
928
942
936
930
945
951
946
943
947
933
931
932
952
931
919
928
940
926
946
943
951
936
950
945
925
954
946
939
921
939
923
924
917
946
936
934
938
952
926
937
941
934
943
918
927
948
946
926
925
936
952
936
939
931
932
923
950
937
942
942
929
920
943
947
924
939
929
940
951
925
937
935
944
953
925
945
938
934
939
945
939
934
919
938
923
937
928
925
934
931
915
941
928
931
927
934
943
951
951
938
930
947
935
957
936
950
940
959
930
938
934
935
924
921
935
943
944
936
945
911
945
954
953
931
922
937
941
931
934
957
948
948
934
945
948
946
964
948
943
941
952
940
936
928
920
953
938
927
925
924
936
942
941
937
944
951
924
924
947
958
958
944
941
941
952
940
936
935
927
937
947
940
946
937
949
932
939
952
937
962
932
944
934
935
940
944
939
942
949
936
941
935
942
939
931
929
932
949
938
930
932
944
954
935
947
933
944
941
949
944
952
946
948
954
946
951
961
951
946
955
941
927
941
944
942
951
932
939
924
936
938
947
955
944
930
951
960
940
940
927
947
941
943
949
939
953
947
946
957
946
942
944
941
937
926
946
916
950
934
949
960
921
937
950
937
953
955
937
949
934
958
923
937
952
930
951
951
947
932
932
951
957
925
920
914
931
947
939
940
961
951
955
939
929
950
924
927
955
937
930
941
953
963
940
944
925
933
942
960
959
943
940
978
950
954
935
947
946
931
932
959
955
944
951
958
956
944
947
937
937
958
939
925
941
949
956
947
947
947
940
960
949
950
943
962
939
931
962
953
951
947
951
938
942
945
961
947
957
944
931
955
939
948
955
925
941
940
949
944
936
960
946
935
950
963
942
940
942
949
926
953
946
944
952
957
941
957
950
960
936
961
957
934
955
945
932
935
938
948
953
957
961
960
958
940
968
959
955
971
955
948
951
951
953
951
939
941
941
967
949
951
955
944
955
953
946
952
969
965
946
948
968
969
952
954
950
931
944
952
958
948
954
941
943
974
957
959
943
955
947
939
950
968
981
979
956
954
950
939
958
953
942
938
948
953
948
948
959
965
948
928
960
973
944
958
946
972
966
943
946
956
946
958
958
964
961
965
975
956
955
954
957
942
949
953
936
955
959
986
967
959
959
957
951
953
972
968
960
967
948
942
940
966
964
951
965
966
951
961
956
949
959
957
963
954
943
949
950
953
970
959
951
948
940
952
950
974
956
984
971
954
951
928
949
950
944
963
969
980
975
964
947
961
962
959
960
960
956
968
961
961
954
966
949
945
950
959
964
973
962
942
959
975
962
968
962
954
983
975
965
958
955
960
961
976
981
987
976
970
960
956
970
963
961
962
951
968
968
969
973
963
962
964
963
960
965
960
960
961
962
970
971
959
980
966
960
965
968
953
969
966
960
973
988
953
961
949
963
972
962
977
980
967
960
961
962
965
969
967
956
965
990
970
963
954
965
974
977
963
965
977
975
977
966
965
972
977
954
984
978
959
967
961
972
963
972
971
969
966
988
968
970
963
986
973
983
993
985
970
970
982
983
968
973
993
987
988
987
986
983
975
983
981
974
984
969
986
990
965
974
966
971
958
967
970
984
970
981
964
984
980
986
990
975
978
974
976
970
969
973
984
972
977
990
988
991
982
981
976
985
998
992
988
977
995
983
977
989
975
982
983
985
988
993
1006
1001
986
976
1002
980
988
1001
990
998
991
1007
999
987
986
991
985
982
991
997
989
998
993
998
1008
994
984
985
996
993
991
997
989
987
981
997
1011
1000
995
980
972
994
997
997
994
989
987
1009
999
998
993
988
992
992
987
988
988
988
992
991
986
994
1001
1009
1003
996
998
988
998
1002
995
992
998
990
994
991
983
982
981
995
995
974
988
990
1006
1007
998
996
996
991
993
1004
1015
993
987
993
990
998
994
989
996
1009
1002
997
1007
1006
991
1002
1001
1004
1012
1011
1006
1004
1005
1006
998
1002
1006
1002
999
996
995
1003
1006
1003
1001
999
1000
995
986
999
1003
1003
1009
1011
1011
1007
1003
1002
1003
1010
1013
1008
1010
1005
1000
1008
1010
1016
1016
1014
1014
1015
1012
1003
1007
1008
1014
1013
1010
1013
1004
1016
1012
1011
1014
1005
1001
1016
1009
1021
1018
1016
1016
1024
1031
1021
1016
1021
1015
1004
1004
1005
1006
1001
1010
1015
1016
1006
1006
1013
1017
1014
1021
1020
1014
1014
1023
1020
1017
1023
1023
1027
1026
1028
1028
1031
1028
1027
1029
1027
1019
1021
1020
1019
1022
1019
1017
1018
1023
1021
1013
1011
1014
1009
1021
1024
1023
1025
1025
1028
1021
1022
1020
1018
1014
1013
1017
1015
1017
1020
1022
1024
1029
1027
1023
1019
1023
1029
1028
1026
1027
1031
1033
1035
1038
1043
1042
1040
1039
1039
1038
1037
1038
1037
1040
1037
1034
1041
1040
1042
1043
1043
1039
1039
1041
1040
1038
1044
1045
1042
1042
1039
1037
1040
1040
1035
1038
1037
1035
1038
1035
1035
1032
1037
1039
1038
1035
1035
1033
1034
1035
1038
1040
1038
1037
1033
1035
1032
1038
1039
1041
1040
1039
1038
1038
1038
1037
1040
1041
1041
1042
1045
1043
1042
1043
1043
1042
1043
1041
1041
1044
1044
1044
1043
1044
1044
1045
1046
1042
1042
1038
1038
1040
1040
1043
1047
1047
1047
1048
1048
1049
1048
1047
1046
1045
1045
1044
1044
1045
1044
1045
1045
1045
1044
1044
1045
1044
1044
1044
1042
1042
1041
1045
1045
1044
1048
1048
1049
1049
1048
1047
1047
1049
1049
1049
1049
1050
1049
1049
1051
1053
1052
1051
1052
1052
1053
1053
1054
1053
1050
1050
1050
1050
1051
1050
1049
1050
1050
1050
1051
1051
1050
1052
1053
1052
1055
1054
1054
1055
1055
1055
1056
1055
1054
1054
1055
1055
1054
1055
1054
1055
1055
1055
1055
1055
1057
1056
1056
1056
1056
1056
1055
1053
1054
1053
1053
1053
1054
1053
1054
1053
1051
1053
1053
1054
1055
1054
1055
1055
1055
1053
1053
1053
1053
1054
1055
1054
1055
1054
1054
1055
1055
1055
1055
1055
1056
1056
1056
1056
1055
1056
1056
1056
1057
1057
1057
1056
1056
1057
1055
1056
1057
1058
1058
1058
1058
1058
1058
1058
1058
1056
1056
1057
1058
1058
1058
1058
1058
1057
1057
1057
1056
1056
1056
1055
1055
1055
1055
1056
1057
1057
1057
1057
1057
1057
1057
1057
1057
1059
1059
1059
1058
1058
1058
1058
1058
1058
1058
1058
1058
1058
1057
1056
1057
1058
1058
1058
1058
1058
1058
1059
1059
1059
1059
1061
1061
1061
1062
1061
1062
1062
1062
1062
1062
1062
1062
1062
1062
1062
1062
1062
1062
1062
1062
1062
1062
1062
1063
1063
1063
1063
1063
1063
1063
1063
1063
1063
1063
1063
1063
1063
1063
1063
1063
1063
1063
1063
1063
1063
1063
1063
1063
1063
1063
1063
1063
1063
1063
1063
1063
1063
1063
1063
1063
1063
1063
1063
1063
1063
1063
1063
1062
1062
1062
1062
1062
1062
1062
1062
1062
1062
1062
1063
1063
1063
1063
1063
1063
1063
1063
1063
1063
1063
1063
1063
1063
1062
1062
1063
1063
1063
1063
1062
1062
1062
1062
1063
1063
1063
1063
1063
1063
1063
1063
1063
1063
1063
1063
1063
1063
1063
1063
1063
1063
1063
1063
1063
1063
1063
1063
1063
1063
1063
1063
1063
1063
1063
1063
1063
1063
1063
1063
1063
1063
1063
1063
1063
1063
1063
1063
1063
1063
1063
1063
1063
1063
1063
1063
1063
1063
1063
1063
1063
1063
1063
1063
1063
1063
1063
1063
1063
1063
1063
1063
1063
1063
1063
1063
1063
1063
1063
1063
1063
1063
1063
1063
1063
1063
1063
1063
1063
1063
1063
1063
1063
1063
1063
1063
1063
1063
1063
1063
1063
1063
1063
1063
1063
1063
1063
1063
1063
1063
1063
1063
1063
1063
1063
1063
1063
1063
1063
1063
1063
1063
1063
1063
1063
1063
1063
1063
1063
1063
1063
1063
1063
1063
1063
1063
1063
1063
1063
1063
1063
1063
1063
1063
1063
1063
1063
1063
1063
1063
1063
1063
1063
1063
1063
1063
1063
1063
1063
1063
1063
1063
1063
1063
1063
1063
1063
1063
1063
1063
1063
1063
1063
1063
1063
1063
1063
1063
1063
1063
1064
1064
1064
1064
1064
1064
1064
1064
1064
1064
1064
1064
1064
1064
1064
1064
1064
1064
1064
1064
1064
1064
1064
1064
1064
1064
1064
1064
1064
1064
1064
1064
1064
1064
1064
1064
1064
1064
1064
1064
1064
1064
1064
1064
1064
1064
1064
1064
1064
1064
1064
1064
1064
1064
1064
1064
1064
1064
1064
1064
1064
1064
1064
1064
1064
1064
1064
1064
1064
1064
1064
1064
1064
1064
1064
1064
1064
1064
1064
1064
1064
1064
1064
1064
1064
1064
1064
1064
1064
1064
1064
1064
1064
1064
1064
1064
1064
1064
1064
1064
1064
1064
1064
1064
1064
1064
1064
1064
1064
1064
1064
1064
1064
1064
1064
1064
1064
1064
1064
1064
1064
1064
1064
1064
1064
1064
1064
1064
1064
1064
1064
1064
1064
1064
1064
1064
1064
1064
1064
1064
1064
1064
1064
1064
1064
1064
1064
1064
1064
1064
1064
1064
1064
1064
1064
1064
1064
1064
1064
1064
1064
1064
1064
1064
1064
1064
1064
1064
1064
1064
1064
1064
1064
1064
1064
1064
1064
1064
1064
1064
1064
1064
1064
1064
1064
1064
1064
1064
1064
1064
1064
1064
1064
1064
1064
1064
1064
1064
1064
1064
1064
1064
1064
1064
1064
1064
1064
1064
1064
1064
1064
1064
1064
1064
1064
1064
1064
1064
1064
1064
1064
1064
1064
1064
1064
1064
1064
1064
1064
1064
1064
1064
1064
1064
1064
1064
1064
1064
1064
1064
1064
1064
1064
1064
1064
1064
1064
1064
1064
1064
1064
1064
1064
1064
1064
1064
1064
1064
1064
1064
