1065
920
933
934
942
948
935
934
948
937
933
929
939
918
932
937
923
949
928
942
927
947
915
938
939
909
932
924
938
948
940
923
927
935
926
932
918
943
928
924
933
927
936
947
933
945
951
942
925
928
921
945
952
921
926
926
927
930
952
945
912
929
928
934
938
945
924
937
952
944
929
921
933
946
936
941
927
921
925
917
938
933
923
932
950
928
943
930
945
914
936
927
958
921
933
928
926
933
938
942
932
932
943
915
924
933
931
933
939
934
943
941
938
921
938
934
942
925
932
921
937
940
932
922
935
933
930
934
919
936
951
926
942
945
927
958
929
931
941
923
928
926
921
952
932
929
953
934
927
931
916
929
925
924
927
931
939
913
921
944
927
939
938
933
933
921
935
935
930
914
938
930
938
933
947
951
912
947
939
943
943
938
933
938
938
933
923
930
932
923
928
932
935
939
927
908
932
939
913
929
947
924
945
942
926
921
929
923
953
942
932
928
901
918
920
944
923
930
925
922
913
940
918
924
944
933
910
934
936
934
939
926
922
915
920
954
928
925
906
931
941
949
933
935
943
935
947
929
923
941
945
917
944
937
937
918
931
932
925
928
938
936
950
941
897
934
937
941
927
943
936
937
926
931
925
932
929
929
947
911
917
938
937
930
934
943
945
932
926
936
947
933
929
956
955
941
925
917
940
945
923
921
902
938
941
930
928
924
928
940
936
949
943
931
925
922
939
932
926
930
930
939
931
915
919
948
923
938
936
926
935
937
942
925
900
941
936
920
925
953
956
956
916
924
953
941
930
940
915
942
922
928
934
950
930
928
937
931
921
937
923
945
931
925
949
936
932
925
933
953
932
943
918
930
936
931
925
928
941
930
926
943
931
932
936
921
920
920
935
941
932
936
940
925
935
943
946
923
932
937
933
949
925
965
919
919
943
939
942
940
940
926
928
930
940
954
926
946
945
962
933
924
950
916
947
940
926
929
943
944
924
936
936
930
930
937
934
934
932
943
937
941
935
924
930
931
929
937
922
921
927
929
930
950
927
925
936
916
938
917
938
923
927
924
938
927
943
932
941
962
949
963
925
947
928
951
944
932
924
934
934
922
938
946
935
928
933
936
942
950
943
944
937
938
940
925
949
948
935
943
929
918
912
921
959
952
919
913
941
942
939
941
935
931
928
925
931
924
925
930
939
917
911
949
920
942
949
921
947
942
924
922
931
947
932
927
954
942
926
945
941
949
921
934
923
929
926
924
944
947
936
940
926
928
955
952
941
937
944
922
949
936
920
948
945
937
932
930
927
910
910
926
943
948
935
926
921
943
942
933
933
942
939
938
931
931
930
916
942
939
933
935
942
949
943
953
921
956
949
955
936
922
937
942
942
930
924
927
966
936
934
935
959
952
939
930
952
927
951
935
935
932
940
937
946
959
944
918
935
927
945
932
941
947
944
938
927
934
919
926
940
933
934
951
952
930
938
929
916
925
943
924
933
914
938
930
956
952
930
959
947
918
927
950
934
927
927
924
938
947
947
950
940
945
946
939
922
946
947
947
952
945
919
931
923
936
942
926
959
957
939
941
937
938
929
948
958
922
929
934
933
950
965
952
948
954
963
943
950
933
950
943
964
944
927
940
944
948
941
944
953
935
932
969
938
938
944
947
950
928
945
930
926
928
939
935
945
929
923
943
937
943
933
930
942
935
948
952
948
935
939
944
926
939
953
952
936
936
951
949
939
958
951
944
941
948
949
931
932
958
938
948
941
946
942
925
921
944
937
945
927
952
945
940
932
959
930
968
943
948
953
943
943
946
940
949
954
951
946
950
956
935
945
944
940
928
927
956
957
941
962
957
939
963
947
943
956
940
950
928
932
937
943
967
951
941
949
933
931
936
954
948
945
962
947
951
941
951
953
943
941
953
918
932
966
954
947
941
949
916
944
960
931
942
953
929
942
942
944
949
948
936
957
941
951
949
954
958
946
952
958
943
931
947
953
947
942
948
947
954
957
951
935
945
947
955
959
943
956
960
959
925
938
951
950
952
955
938
938
956
967
941
939
948
941
966
968
954
954
948
938
935
952
965
974
950
928
916
953
949
945
948
946
951
944
968
942
951
950
955
968
957
958
943
940
960
956
952
958
965
953
960
939
932
955
951
939
945
948
948
966
955
962
962
955
961
945
961
938
943
948
982
952
942
955
931
957
956
950
936
964
961
965
948
958
974
955
948
951
959
961
958
963
965
970
944
954
956
960
972
939
937
968
952
953
958
949
961
968
960
942
963
966
976
959
952
954
960
962
962
941
959
962
963
969
943
963
948
963
948
959
944
958
954
956
928
970
964
965
970
971
952
949
971
964
965
948
954
956
948
945
962
964
952
960
976
965
965
953
973
963
974
951
959
954
975
974
944
979
966
971
956
960
954
959
960
947
958
975
970
948
967
958
979
969
965
965
974
974
959
986
961
954
964
964
961
964
988
973
959
971
967
961
962
955
954
970
951
965
983
967
965
974
972
970
964
971
967
977
977
973
978
971
954
979
974
963
972
982
961
967
978
973
964
972
980
984
977
973
965
968
977
987
982
958
961
978
976
972
968
960
957
964
969
979
959
974
982
970
979
981
979
982
968
986
984
970
965
966
979
982
986
989
994
991
974
972
982
985
980
976
978
987
975
961
974
983
989
980
981
991
993
983
983
996
986
980
983
983
965
972
966
977
975
988
992
968
984
983
973
990
980
983
985
978
985
995
987
985
1002
997
990
972
984
991
979
971
985
994
983
981
973
992
981
988
985
978
982
982
995
993
991
992
995
1006
999
997
995
994
982
986
1000
983
993
1003
996
995
989
975
979
999
989
995
999
991
989
991
989
997
997
1000
1005
996
984
990
975
973
988
975
988
1000
996
997
994
1002
980
990
991
1004
1006
987
998
999
1001
997
997
999
1011
1011
1002
994
997
994
998
992
993
982
987
994
1003
1001
1004
993
997
1007
1010
1012
1016
1017
1016
1009
1008
1009
1010
997
997
999
985
1002
1000
1001
1002
992
996
1005
998
1000
1002
997
994
996
1007
1008
1004
1010
1010
1009
1006
1003
1012
1012
1008
1009
1017
1016
1018
1006
1006
1005
1001
1010
1010
1009
1017
1021
1012
1006
1010
1016
1014
1006
1003
1012
1010
1015
1012
1013
1015
1016
1016
1016
1019
1023
1019
1019
1018
1019
1011
1012
1018
1015
1025
1023
1018
1005
1007
1008
1008
1007
1005
1015
1011
1008
1009
1002
1010
1019
1023
1024
1031
1031
1023
1023
1023
1019
1024
1026
1022
1026
1021
1030
1020
1029
1028
1029
1026
1028
1021
1023
1027
1031
1036
1033
1028
1027
1029
1022
1022
1029
1026
1028
1028
1037
1036
1039
1038
1028
1026
1026
1029
1036
1021
1030
1026
1029
1028
1026
1021
1024
1019
1019
1022
1023
1025
1027
1029
1027
1025
1032
1033
1029
1028
1032
1032
1032
1028
1027
1036
1041
1039
1035
1032
1031
1035
1034
1033
1036
1035
1035
1032
1031
1031
1032
1034
1036
1037
1032
1033
1036
1037
1036
1035
1033
1030
1032
1035
1035
1036
1035
1034
1033
1034
1035
1039
1043
1045
1044
1042
1043
1045
1044
1043
1036
1035
1036
1042
1039
1043
1041
1042
1041
1039
1040
1037
1039
1038
1035
1039
1041
1040
1043
1041
1039
1042
1037
1038
1042
1042
1042
1045
1044
1043
1043
1043
1043
1041
1038
1039
1041
1041
1040
1040
1041
1039
1037
1037
1039
1036
1037
1046
1048
1048
1048
1046
1047
1048
1044
1043
1045
1046
1044
1045
1045
1045
1045
1044
1044
1045
1042
1044
1043
1045
1042
1040
1040
1039
1038
1035
1037
1041
1042
1043
1046
1046
1046
1044
1044
1043
1045
1044
1046
1048
1047
1047
1047
1048
1048
1050
1050
1048
1048
1049
1049
1050
1049
1049
1049
1049
1049
1049
1048
1050
1051
1052
1052
1053
1053
1053
1054
1055
1053
1053
1052
1052
1052
1054
1052
1052
1053
1054
1053
1053
1053
1054
1055
1055
1056
1058
1058
1058
1058
1058
1057
1059
1059
1060
1060
1061
1061
1061
1061
1061
1061
1060
1060
1060
1060
1060
1061
1061
1060
1061
1061
1060
1060
1060
1061
1061
1059
1061
1061
1060
1060
1060
1060
1060
1060
1060
1060
1060
1060
1059
1059
1059
1059
1059
1059
1061
1062
1062
1062
1061
1061
1059
1059
1058
1057
1057
1058
1058
1058
1056
1056
1056
1056
1056
1056
1055
1055
1057
1058
1058
1058
1058
1058
1058
1058
1058
1059
1059
1059
1059
1059
1059
1059
1060
1060
1060
1060
1060
1060
1060
1060
1060
1059
1060
1060
1059
1059
1059
1059
1059
1059
1059
1059
1059
1059
1061
1060
1060
1061
1061
1062
1062
1062
1062
1062
1062
1062
1062
1062
1062
1061
1061
1061
1061
1061
1061
1061
1061
1061
1061
1061
1061
1062
1062
1062
1062
1062
1062
1062
1062
1062
1062
1062
1062
1062
1062
1062
1062
1062
1062
1062
1062
1062
1062
1062
1062
1062
1062
1062
1062
1062
1062
1063
1063
1063
1063
1063
1063
1063
1063
1063
1062
1062
1062
1062
1062
1062
1062
1062
1062
1062
1062
1062
1062
1062
1062
1062
1062
1062
1062
1063
1063
1063
1063
1063
1063
1063
1063
1062
1062
1062
1062
1062
1063
1063
1063
1063
1063
1063
1063
1063
1063
1063
1063
1063
1063
1063
1063
1063
1063
1063
1063
1063
1063
1063
1063
1063
1063
1063
1063
1063
1063
1063
1063
1063
1063
1063
1063
1063
1063
1063
1063
1063
1063
1063
1063
1063
1063
1063
1063
1063
1063
1063
1063
1063
1063
1063
1063
1063
1063
1063
1063
1063
1063
1063
1063
1063
1063
1063
1063
1063
1063
1063
1063
1063
1063
1063
1063
1063
1063
1063
1063
1063
1063
1063
1063
1064
1064
1064
1064
1064
1064
1064
1064
1064
1064
1064
1064
1064
1064
1064
1064
1064
1064
1064
1064
1064
1064
1064
1064
1064
1064
1064
1064
1064
1064
1064
1064
1064
1064
1064
1064
1064
1064
1064
1064
1064
1064
1064
1064
1064
1064
1064
1064
1064
1064
1064
1064
1064
1064
1064
1064
1064
1064
1064
1064
1064
1064
1064
1064
1064
1064
1064
1064
1064
1064
1064
1064
1064
1064
1064
1064
1064
1064
1064
1064
1064
1064
1064
1064
1064
1064
1064
1064
1064
1064
1064
1064
1064
1064
1064
1064
1064
1064
1064
1064
1064
1064
1064
1064
1064
1064
1064
1064
1064
1064
1064
1064
1064
1064
1064
1064
1064
1064
1064
1064
1064
1064
1064
1064
1064
1064
1064
1064
1064
1064
1064
1064
1064
1064
1064
1064
1064
1064
1064
1064
1064
1064
1064
1064
1064
1064
1064
1064
1064
1064
1064
1064
1064
1064
1064
1064
1064
1064
1064
1064
1064
1064
1064
1064
1064
1064
1064
1064
1064
1064
1064
1064
1064
1064
1064
1064
1064
1064
1064
1064
1064
1064
1064
1064
1064
1064
1064
1064
1064
1064
1064
1064
1064
1064
1064
1064
1064
1064
1064
1064
1064
1064
1064
1064
1064
1064
1064
1064
1064
1064
1064
1064
1064
1064
1064
1064
1064
1064
1064
1064
1064
1064
1064
1064
1064
1064
1064
1064
1064
1064
1064
1064
1064
1064
1064
1064
1064
1064
1064
1064
1064
1064
1064
1064
1064
1064
1064
1064
1064
1064
1064
1064
1064
1064
1064
1064
1064
1064
1064
1064
1064
1064
1064
1064
1064
1064
1064
1064
1064
1064
1064
1064
1064
1064
1064
1064
1064
1064
1064
1064
1064
1064
1064
1064
1064
1064
1064
1064
1064
1064
1064
1064
1064
1064
1064
1064
1064
1064
1064
1064
1064
1064
1064
1064
1064
1064
1064
1064
1064
1064
1064
1064
1064
1064
1064
1064
1064
1064
1064
1064
1064
1064
1064
1064
1064
1064
1064
1064
1064
1064
1064
1064
1064
1064
1064
1064
1064
1064
1064
1064
1064
1064
1064
1064
1064
1064
1064
1064
1064
1064
1064
1064
1064
1064
1064
1064
1064
1064
1064
1064
1064
1064
1064
1064
1064
1064
1064
1064
1064
1064
1064
1064
1064
1064
1064
1064
1064
1064
1064
1064
1064
1064
1064
1064
1064
1064
1064
1064
1064
1064
1064
1064
1064
1064
1064
1064
1064
1064
1064
1064
1064
1064
1064
1064
1064
1064
1064
1064
1064
1064
1064
1064
1064
1064
1064
1064
1064
1064
1064
1064
1064
1064
1064
1064
1064
1064
1064
1064
1064
1064
1064
1064
1064
1064
1064
1064
1064
1064
1064
1064
1064
1064
1064
1064
1064
1064
1064
1064
1064
1064
1064
1064
1064
1064
1064
1064
1064
1064
1064
1064
1064
1064
1064
1064
1064
1064
1064
1064
1064
1064
1064
1064
1064
1064
1064
1064
1064
1064
1064
1064
1064
1064
1064
1064
1064
1064
1064
1064
1064
1064
1064
1064
1064
1064
1064
1064
1064
1064
1064
1064
1064
1064
1064
1064
1064
1064
1064
1064
1064
1064
1064
1064
1064
1064
1064
1064
1064
1064
1064
1064
1064
1064
1064
1064
1064
1064
1064
1064
1064
1064
1064
1064
1064
1064
1064
1064
1064
1064
1064
1064
1064
1064
1064
1064
1064
1064
1064
1064
1064
1064
1064
1064
1064
1064
1064
1064
1064
1064
1064
1064
1064
1064
1064
