107
93
82
91
106
95
111
96
95
120
120
108
103
104
106
108
105
95
109
99
97
86
119
99
98
109
112
91
114
83
109
89
98
96
94
116
105
90
111
75
112
85
103
100
98
85
99
129
97
88
105
108
96
95
84
89
89
91
93
82
122
112
99
102
98
85
105
101
113
95
102
102
105
95
116
98
86
85
103
106
124
111
89
120
103
99
103
104
103
114
97
89
81
95
89
107
89
102
76
98
86
97
99
106
89
89
116
102
105
109
111
100
108
93
98
94
96
91
100
102
101
127
112
99
89
123
111
99
104
111
103
101
94
89
97
83
118
99
108
93
109
104
77
98
94
84
98
97
101
100
80
95
106
116
108
92
102
89
105
85
102
103
85
91
103
96
97
106
91
107
109
98
93
117
125
91
106
124
122
88
111
125
118
96
101
89
95
93
98
96
108
105
121
90
117
112
118
108
102
98
106
95
100
89
102
97
110
94
87
85
97
130
98
93
99
137
85
88
96
102
100
96
91
108
119
108
84
111
91
111
87
98
89
97
82
112
87
91
93
100
100
108
94
91
97
101
102
108
99
92
114
104
80
90
110
106
119
96
85
90
102
99
84
90
106
110
99
100
104
94
86
115
97
112
92
92
103
94
93
109
104
96
106
98
99
91
110
114
100
94
106
110
97
96
106
102
103
94
132
113
106
105
91
100
111
115
106
112
115
85
120
90
92
96
140
103
108
78
107
95
130
111
96
84
103
95
106
103
95
82
104
102
110
96
85
89
113
109
91
84
85
85
92
86
89
98
94
130
88
103
83
87
115
98
110
104
95
90
108
86
100
83
95
88
109
106
98
105
126
105
103
99
120
116
117
106
101
110
98
97
100
94
109
107
100
105
115
104
130
101
132
102
100
113
99
116
101
99
108
117
114
120
106
105
96
96
100
93
88
109
105
85
112
97
95
115
109
97
103
96
103
79
108
109
106
96
102
98
81
80
105
98
90
94
82
89
105
92
95
101
94
108
125
98
90
110
97
101
103
100
101
121
97
101
94
108
93
90
104
93
95
104
107
92
106
87
97
94
89
103
105
80
101
101
100
107
104
107
109
101
80
105
113
91
102
110
105
92
80
84
87
90
96
85
92
98
93
92
99
104
79
96
84
89
90
96
101
91
91
120
97
86
80
94
102
96
75
103
85
94
96
93
114
93
89
93
81
131
91
96
107
87
93
97
100
104
100
96
95
84
112
103
84
91
103
100
96
119
138
101
89
107
109
97
79
116
106
96
88
104
112
95
107
92
98
99
101
106
108
75
119
112
100
133
101
107
97
98
110
102
89
89
91
83
78
82
76
96
96
105
87
106
118
102
96
86
106
90
100
89
94
100
115
107
94
83
96
94
92
87
94
104
96
103
102
106
102
89
108
100
99
91
101
93
90
121
77
86
100
89
104
92
88
105
86
101
107
92
103
119
122
91
93
92
121
97
98
106
113
108
116
105
89
105
111
104
120
104
102
104
121
113
115
85
95
90
91
103
88
101
93
99
113
84
112
87
103
98
106
89
97
103
96
116
99
100
98
99
105
89
112
87
72
101
96
82
110
96
83
111
84
100
87
89
87
85
96
104
108
84
95
100
104
112
105
97
104
114
76
101
99
104
124
83
116
125
106
87
124
104
105
105
94
104
101
114
88
113
104
101
107
95
77
126
98
111
116
97
96
101
99
104
89
82
113
99
87
96
106
103
107
99
115
84
77
86
111
92
96
75
116
95
93
92
115
103
136
107
96
109
116
91
86
91
102
104
124
104
94
106
84
106
117
89
99
102
86
112
107
98
89
81
83
113
93
107
117
82
103
106
102
92
89
81
96
106
107
97
103
103
124
97
115
93
93
101
116
89
94
103
93
105
101
89
99
87
95
102
105
86
96
99
108
93
123
93
95
123
143
103
83
112
119
118
117
111
117
93
96
118
117
80
97
99
107
93
87
96
70
83
109
100
91
91
81
99
87
117
109
97
98
97
91
86
96
101
96
85
112
80
88
89
96
96
90
94
83
103
103
89
94
85
99
130
99
89
93
98
129
80
112
96
109
93
108
117
100
98
98
108
101
89
93
98
109
107
80
104
134
110
89
115
95
115
105
103
76
109
91
83
109
99
105
115
126
96
107
92
138
102
99
113
112
107
88
101
91
76
107
115
100
92
93
102
107
101
97
111
101
108
101
111
101
104
82
117
110
100
100
78
104
86
110
104
98
110
102
104
93
93
96
101
98
103
92
85
95
98
95
111
