430
362
382
372
381
377
377
376
361
378
373
382
384
377
377
373
369
380
381
367
378
377
365
383
393
381
370
393
373
382
372
379
374
369
376
378
375
372
377
376
388
383
382
377
368
379
367
375
369
391
385
373
378
375
372
380
380
381
382
373
368
370
388
381
379
374
393
392
384
379
373
380
376
387
379
382
378
375
378
376
365
376
384
367
381
372
385
383
380
370
379
384
373
385
382
371
382
379
375
378
374
378
379
371
365
383
381
377
381
379
374
375
374
384
371
379
386
375
371
372
378
380
376
372
362
367
379
370
384
378
380
375
377
384
372
372
378
374
374
365
382
382
368
375
366
383
374
374
380
387
379
384
372
376
373
372
385
374
377
372
386
383
387
382
366
373
381
371
377
370
369
374
377
378
360
375
374
377
380
376
375
384
380
382
388
370
381
369
379
395
382
362
380
371
373
377
372
372
375
384
386
388
383
371
386
372
381
377
382
373
382
374
367
379
378
365
364
367
375
372
381
382
385
389
382
367
368
379
385
372
376
379
368
382
372
376
390
372
371
391
370
385
371
365
381
373
384
382
372
370
389
376
379
376
387
379
384
385
377
384
372
375
385
373
377
388
373
371
367
365
387
381
388
373
371
381
381
385
380
375
386
378
373
372
371
376
371
372
386
376
386
376
378
367
383
381
378
382
377
390
384
385
368
373
368
378
393
368
382
383
380
362
374
376
383
369
389
369
370
388
374
373
379
383
368
378
380
371
372
375
365
373
383
373
372
381
374
377
377
365
377
390
375
374
381
381
372
378
367
377
380
370
377
378
366
389
387
374
377
376
390
374
375
381
379
382
374
376
378
381
385
389
370
381
383
367
384
378
373
373
378
368
369
374
391
374
384
377
382
370
375
387
371
369
388
387
375
374
385
386
388
379
385
383
381
382
384
372
377
382
372
375
376
378
383
368
373
377
380
375
379
366
378
375
384
372
379
373
377
382
384
367
373
377
387
380
375
370
376
374
381
364
365
379
374
374
378
379
383
372
372
385
385
367
385
389
368
376
379
378
372
378
375
379
378
376
371
375
383
382
381
385
380
364
370
373
370
382
376
373
356
372
375
378
383
377
376
375
373
372
374
377
363
389
386
371
369
371
382
369
379
385
369
381
381
389
360
378
379
378
375
391
377
378
380
385
381
373
374
365
357
363
383
371
366
378
370
383
374
382
381
381
371
363
380
384
374
382
386
373
386
377
384
374
374
368
377
374
368
381
381
387
382
359
381
377
382
382
370
368
378
374
369
381
382
387
370
383
388
388
368
364
370
378
370
382
381
374
373
375
378
358
371
373
372
371
367
366
377
379
376
373
368
385
377
371
385
382
365
375
383
381
368
355
372
377
379
376
379
384
376
377
362
366
372
372
379
378
368
385
385
376
380
372
376
377
374
380
363
382
379
378
381
372
369
372
364
377
382
374
364
377
389
374
373
370
379
367
367
373
388
380
371
386
367
370
372
376
369
373
371
371
367
371
367
372
373
370
382
366
380
384
375
367
386
367
371
379
377
382
382
376
377
381
378
374
372
375
377
378
372
373
372
370
376
378
380
385
377
375
382
373
371
376
376
377
375
375
372
388
379
370
375
380
389
382
381
380
370
368
376
368
367
379
387
387
384
369
370
372
374
385
382
378
382
377
374
376
382
375
385
380
379
371
374
368
387
378
378
372
376
382
383
375
377
386
374
374
372
374
378
368
373
373
374
385
371
380
383
392
376
379
372
370
368
375
370
383
378
380
360
379
362
380
392
390
371
368
379
378
381
387
375
372
367
372
394
371
384
371
382
376
379
377
373
370
360
374
372
388
387
383
386
376
376
385
383
372
385
381
372
361
375
373
384
367
376
379
378
380
371
381
384
376
372
367
383
390
373
383
378
372
378
375
380
388
381
371
374
381
377
368
371
380
374
376
385
380
370
381
376
369
368
370
376
379
373
391
385
380
375
383
377
377
359
381
378
384
373
379
369
377
367
373
365
374
378
380
374
356
378
381
381
381
377
388
385
371
372
380
379
383
378
367
384
381
387
371
372
379
382
376
387
374
387
365
374
360
376
370
373
373
378
382
383
370
375
376
385
377
386
384
399
383
385
381
376
384
377
369
388
376
375
382
389
369
379
377
378
393
376
379
372
375
382
374
378
375
376
372
389
365
369
376
368
372
382
374
377
382
376
373
373
394
372
372
382
366
384
369
387
377
369
381
387
377
379
381
388
362
372
380
382
383
384
390
387
388
371
377
383
399
386
377
387
371
383
373
377
383
380
370
380
369
365
365
374
384
369
383
360
379
356
383
376
375
384
386
373
367
360
378
382
387
389
389
374
359
372
374
371
388
369
377
379
384
375
379
370
377
368
382
381
378
385
379
378
367
369
388
385
374
372
382
394
380
373
373
365
374
356
376
375
359
387
368
375
369
387
371
380
379
382
381
371
388
388
376
378
375
372
384
373
386
378
379
374
382
384
369
369
379
386
376
379
378
381
387
380
374
384
364
370
370
362
372
385
378
386
380
384
378
373
365
383
383
371
374
376
391
384
379
361
372
387
398
369
372
370
367
376
375
366
369
387
372
367
387
367
380
384
380
375
368
386
367
375
360
390
376
376
394
388
372
374
376
379
394
379
377
373
370
377
378
380
394
381
391
369
370
380
378
369
378
368
381
370
381
377
385
387
377
374
384
380
379
387
371
378
388
380
381
382
383
367
372
389
390
383
382
373
383
376
367
374
365
377
375
374
379
370
371
376
384
366
367
356
373
379
381
376
382
373
376
376
386
381
375
366
382
372
381
383
376
366
382
372
382
382
367
380
385
374
388
380
371
378
370
377
370
369
372
376
375
372
377
380
381
374
364
381
364
386
371
385
385
384
380
366
374
387
364
381
377
377
373
369
382
373
379
369
377
374
371
372
384
379
367
369
375
374
378
376
390
387
374
380
373
379
378
370
372
375
376
366
386
366
373
369
386
386
386
384
372
373
367
360
372
371
382
373
368
379
384
381
368
384
367
371
379
385
380
371
374
389
390
371
386
381
383
383
364
363
388
389
383
373
379
372
389
380
378
360
387
385
380
365
372
381
376
379
374
374
372
386
393
384
372
377
370
383
377
383
380
384
388
374
372
364
384
386
373
378
372
386
374
372
375
370
383
381
384
378
382
372
368
379
383
373
380
376
386
386
374
373
375
379
369
371
376
377
361
378
369
367
382
368
384
378
370
389
369
374
384
386
387
374
384
363
375
373
376
375
378
384
367
372
365
369
379
372
368
374
391
393
375
381
379
378
375
371
378
374
383
378
375
373
379
384
375
375
376
377
388
372
384
378
373
373
383
368
370
374
363
378
380
375
387
390
369
374
388
378
366
367
374
367
374
383
376
377
372
372
379
377
383
374
378
378
359
374
381
387
378
380
383
381
379
371
380
384
386
369
374
368
371
382
378
387
372
371
376
368
369
378
379
375
387
383
377
379
387
370
374
381
377
384
379
369
382
386
375
370
369
375
382
378
385
381
385
389
375
391
377
377
371
379
385
382
379
390
383
382
374
370
380
369
370
367
386
382
368
372
376
374
372
372
374
374
386
376
374
375
389
379
377
380
388
380
375
381
371
373
368
377
378
382
376
377
388
388
373
380
390
377
372
387
375
369
377
383
382
372
370
369
379
383
376
387
378
387
377
375
372
374
382
377
372
366
381
373
391
377
371
380
385
375
383
379
362
378
370
375
380
379
393
382
376
362
383
379
381
375
380
376
382
371
374
377
384
381
388
374
381
377
376
383
386
381
387
391
359
374
384
371
383
367
394
378
389
386
368
373
373
370
380
372
374
389
374
377
379
382
384
382
374
387
388
386
384
386
376
383
368
377
383
376
383
386
391
376
376
391
390
374
384
385
371
369
382
376
390
384
377
376
386
383
392
362
385
378
373
377
370
368
381
380
382
376
382
381
380
370
359
383
385
378
367
374
389
382
367
379
358
380
381
383
380
370
362
372
382
391
368
366
381
377
384
375
381
373
373
367
389
379
376
355
376
379
385
381
369
374
370
374
389
384
387
368
384
372
382
383
385
384
394
385
376
379
383
379
378
390
379
388
389
385
376
382
381
379
379
382
381
377
385
369
379
377
379
381
386
383
381
367
374
373
377
364
386
384
381
373
383
393
389
383
375
380
378
377
375
387
374
377
376
385
372
375
385
384
375
366
385
389
378
377
376
363
388
379
375
378
388
380
391
380
378
388
380
368
381
382
382
383
385
372
373
383
369
377
359
378
377
386
372
382
376
377
391
385
376
384
376
380
372
382
370
380
380
376
384
375
376
384
377
376
363
372
384
387
391
365
377
383
382
387
378
378
380
366
376
362
370
387
379
383
392
389
386
365
380
374
384
384
383
377
384
360
384
377
379
375
388
387
385
386
386
379
386
369
376
376
387
379
383
372
377
375
385
386
386
384
366
379
374
389
385
379
384
370
376
379
371
380
381
381
380
374
387
382
367
383
385
363
366
375
380
376
372
376
384
377
374
377
380
382
391
382
369
380
380
377
375
363
376
372
377
380
373
374
388
372
367
382
384
373
377
379
369
381
381
373
375
379
382
371
377
382
381
383
386
386
381
372
384
381
382
378
381
384
375
389
372
367
375
383
384
373
377
385
366
360
385
375
378
366
385
387
374
375
365
368
376
369
372
369
375
376
385
370
383
376
372
380
383
379
380
387
374
373
370
374
392
361
392
379
383
385
371
387
374
388
378
386
370
368
378
367
387
386
386
372
376
373
377
377
369
368
385
372
380
379
378
380
371
382
377
385
374
390
383
382
377
375
362
388
373
381
382
388
381
389
388
389
378
381
369
376
373
386
387
379
371
368
377
368
383
379
386
368
372
379
377
384
373
371
369
388
391
394
389
381
377
382
394
381
373
383
383
388
368
377
376
381
393
368
374
370
371
384
375
397
391
388
381
378
383
379
387
389
378
379
377
374
383
374
388
378
383
378
387
379
388
379
383
380
383
377
396
379
373
372
380
371
382
378
373
386
379
377
373
381
380
382
385
393
375
382
377
381
367
376
375
378
379
381
386
380
385
368
369
387
375
391
384
366
387
381
381
389
392
388
377
377
384
374
373
375
374
386
380
389
378
384
391
376
383
377
399
384
377
371
381
383
385
374
383
378
379
388
390
384
385
389
382
378
388
384
387
378
380
386
383
386
386
392
392
387
384
376
376
379
379
382
376
376
370
374
364
394
382
376
381
376
382
383
378
386
385
374
380
381
389
385
374
383
368
388
386
380
386
376
384
378
396
377
374
378
377
381
384
379
385
386
383
371
387
388
384
380
372
378
387
384
377
395
381
390
385
397
391
376
370
366
385
371
378
376
385
382
373
378
379
388
386
391
380
382
388
373
385
385
390
375
389
391
388
392
388
383
389
391
390
378
381
391
370
384
380
382
388
377
388
390
373
378
386
388
392
379
387
397
398
395
394
384
388
392
390
394
387
384
383
385
386
382
385
390
388
386
392
390
391
383
391
396
384
387
391
383
397
396
398
396
400
388
387
390
398
394
394
397
397
402
401
400
396
403
406
402
406
402
402
402
400
406
409
408
406
405
405
404
411
411
413
414
414
411
415
422
422
423
424
424
424
424
424
424
424
425
