430
366
375
386
389
376
359
372
372
379
373
363
371
380
386
374
367
372
371
373
372
391
358
376
373
383
367
367
381
386
364
379
393
380
377
373
373
385
377
383
375
374
398
379
364
384
375
372
373
367
373
380
374
372
366
371
368
367
376
379
374
383
378
383
386
377
379
389
377
383
393
369
372
365
369
366
372
377
376
403
380
375
375
373
378
379
380
381
371
376
370
368
374
380
380
383
388
374
363
368
384
386
375
374
359
372
397
391
374
385
373
363
383
381
375
367
367
380
365
379
374
377
370
380
381
388
371
382
375
388
375
380
386
368
377
384
378
370
377
381
376
378
377
381
377
384
384
389
375
386
375
381
374
372
380
386
370
380
378
376
386
377
374
365
378
363
375
375
379
370
381
394
382
384
376
375
375
385
374
385
372
381
384
377
378
386
382
376
369
386
369
377
379
382
376
379
385
381
369
370
373
381
383
383
376
389
375
372
378
385
377
381
383
374
378
378
384
370
370
366
387
380
376
374
378
371
378
386
372
374
375
367
373
380
380
375
376
378
364
377
372
380
377
382
377
371
380
374
367
373
378
370
374
374
376
377
374
376
371
377
375
386
377
380
374
379
366
386
376
387
384
370
389
372
379
384
383
378
374
378
386
391
386
385
375
372
365
369
389
371
379
384
380
377
366
383
373
379
370
378
375
380
373
381
386
395
365
383
373
369
382
391
378
370
372
388
387
374
376
376
375
369
370
369
374
376
377
372
381
372
375
364
367
386
384
385
384
380
373
379
375
387
399
371
377
384
377
365
372
379
378
380
385
371
374
380
374
381
378
384
382
383
387
378
373
360
361
384
370
371
373
381
383
378
378
381
376
370
392
382
384
381
367
368
377
376
377
379
384
369
382
378
384
376
365
375
376
379
370
368
374
382
378
374
389
378
372
379
393
385
385
388
372
371
382
381
377
378
389
381
373
380
379
379
372
361
382
381
382
390
385
386
386
381
386
376
381
380
379
372
366
370
373
376
378
373
365
381
374
369
368
393
366
375
382
381
376
367
385
382
386
383
382
388
387
379
382
382
375
389
380
377
387
373
372
388
372
369
375
380
374
378
381
373
370
370
374
377
372
381
375
377
369
371
375
388
377
380
376
384
373
387
373
371
378
377
371
376
371
395
383
388
383
390
378
380
375
364
366
386
381
369
380
390
369
372
371
382
375
379
377
364
375
369
375
372
397
389
377
382
370
395
386
376
395
370
366
380
385
384
387
373
383
373
368
369
376
383
382
368
392
380
392
382
390
378
373
365
378
384
365
372
361
375
379
385
385
381
389
381
384
372
381
377
392
385
381
378
367
385
379
387
385
395
380
379
374
373
385
384
384
382
389
377
370
373
373
369
381
386
395
380
381
376
379
390
381
388
373
376
374
378
375
387
363
390
387
381
384
386
387
378
375
375
377
373
375
374
399
382
386
388
379
377
390
381
377
375
383
383
373
379
379
380
373
371
365
392
388
368
380
380
384
375
369
379
375
388
395
388
379
371
370
388
381
387
384
378
383
381
373
372
377
369
379
370
390
373
390
371
363
388
384
378
379
379
390
381
376
376
379
368
379
378
389
383
388
378
382
390
397
383
381
376
382
365
375
386
375
379
378
369
378
382
379
369
371
376
378
376
380
373
370
374
370
373
364
374
374
366
384
379
384
380
377
381
376
385
376
382
371
381
375
377
382
392
387
381
378
388
389
377
382
375
368
376
391
386
379
384
364
376
380
391
377
387
376
381
387
383
380
378
379
374
380
383
373
372
381
374
376
373
379
389
384
373
381
384
375
367
378
388
380
381
383
380
388
372
378
386
378
379
381
387
379
391
376
386
380
370
380
363
387
379
377
376
385
371
370
383
389
376
375
376
385
390
396
386
383
396
372
388
376
376
375
394
386
386
374
380
388
382
380
379
384
380
375
392
385
387
392
392
381
391
398
390
378
396
395
380
388
373
386
391
383
383
390
392
379
392
383
388
386
379
386
391
370
396
392
375
388
389
366
380
393
382
385
382
389
398
384
384
379
391
384
376
373
387
393
392
391
385
374
400
380
385
389
388
389
395
392
386
384
390
380
380
384
371
381
390
398
383
383
381
389
379
379
372
386
368
380
389
391
373
379
378
381
384
388
378
374
382
380
386
387
390
392
389
383
385
399
381
375
370
389
377
382
372
381
391
392
376
387
375
388
383
375
387
381
381
390
387
378
387
382
378
389
375
382
396
394
387
387
388
387
395
378
387
394
386
380
390
386
384
389
386
383
392
394
387
394
386
379
378
390
380
376
381
390
378
393
386
381
380
383
385
372
388
390
382
382
393
397
392
391
384
386
384
383
386
382
388
395
375
384
390
384
387
382
385
390
387
389
384
385
390
384
383
392
390
385
385
386
388
398
389
389
385
388
388
383
385
395
391
388
392
395
389
395
384
384
388
390
395
390
384
388
402
396
384
385
392
385
380
394
386
396
392
393
395
387
398
382
387
386
387
389
386
387
385
385
391
387
388
392
390
394
400
390
388
395
397
395
389
380
380
396
401
390
392
388
391
400
403
390
389
397
396
387
400
398
399
396
393
387
392
390
390
400
401
386
397
397
395
393
391
385
401
396
385
395
388
387
398
392
402
390
397
402
404
397
401
396
392
393
395
393
392
388
398
399
399
390
402
397
399
403
398
397
397
403
399
400
391
392
397
395
403
393
390
396
399
400
405
406
397
401
401
385
383
402
397
389
390
396
394
401
402
396
397
402
391
391
394
397
406
399
394
399
408
401
404
399
392
393
393
391
396
400
398
394
400
400
398
402
391
395
404
405
403
404
404
402
398
395
403
393
395
393
395
392
400
400
397
394
406
402
411
403
400
404
403
407
399
402
392
404
393
405
400
403
398
406
406
404
403
398
400
401
395
406
404
405
406
402
399
412
404
403
401
402
407
403
403
410
403
397
408
409
405
417
414
408
412
402
410
404
393
401
407
399
398
403
405
405
409
408
409
398
405
403
405
408
401
407
402
396
402
403
403
403
397
401
401
403
405
408
408
411
410
407
404
406
401
394
402
400
401
405
407
400
407
409
407
414
403
400
405
412
409
408
408
407
407
407
411
408
410
407
407
409
410
409
409
413
413
412
409
404
408
408
410
410
406
407
412
413
408
405
407
408
401
400
406
404
405
411
412
413
410
404
406
410
409
408
401
407
403
408
411
412
410
408
406
408
406
403
408
410
417
419
417
419
415
410
413
412
415
414
413
412
411
414
413
414
409
407
412
412
415
414
415
413
414
417
416
417
414
414
417
418
410
416
418
415
414
416
415
413
410
410
409
406
402
411
413
411
412
413
413
413
415
417
419
417
418
419
421
417
416
413
413
412
410
415
419
417
417
419
415
417
415
414
415
417
412
417
421
419
420
418
418
413
411
412
412
418
416
416
417
420
420
414
418
417
420
417
418
416
419
419
417
420
420
420
420
422
421
423
425
420
419
420
418
418
423
423
422
423
423
421
421
419
417
419
416
421
421
422
422
423
424
425
425
422
422
422
421
421
420
421
420
420
419
419
420
421
420
420
421
421
422
421
419
422
421
416
416
419
421
422
422
423
424
424
425
424
425
425
425
424
424
424
425
426
425
424
422
422
420
416
418
417
419
421
419
419
419
419
420
421
422
422
424
424
423
425
423
425
425
425
422
424
424
423
426
426
425
424
424
424
425
425
425
423
423
421
422
420
422
422
420
422
422
423
422
423
425
425
425
424
424
422
422
422
424
424
424
423
423
422
423
424
424
424
424
424
424
424
423
423
422
423
423
424
424
425
425
425
424
425
425
425
425
423
424
424
424
424
424
424
424
425
425
425
425
425
425
425
425
424
425
425
425
425
424
424
425
425
424
424
425
424
425
425
425
425
425
425
424
424
425
425
425
425
425
424
424
424
425
425
425
425
424
424
425
425
425
425
424
424
424
424
425
425
425
425
425
425
425
425
425
424
424
424
424
424
424
424
425
425
424
425
425
425
425
425
425
425
426
426
426
426
426
426
425
425
425
426
426
426
426
426
426
426
426
426
426
426
426
426
426
426
426
426
426
426
426
426
426
426
426
426
426
426
426
426
426
426
426
426
426
426
426
426
426
426
426
426
426
426
426
426
426
426
426
426
426
426
426
426
426
426
426
426
426
426
426
426
426
426
426
426
426
426
425
426
426
426
426
426
426
426
426
426
426
426
426
426
426
426
426
426
426
426
426
426
426
426
426
426
426
426
426
426
426
426
426
426
426
426
426
426
426
426
426
426
426
426
426
426
426
426
426
426
426
426
426
426
426
426
426
426
426
426
426
426
426
426
426
426
426
426
426
426
426
426
426
426
426
426
426
426
426
426
426
426
426
426
426
426
426
426
426
426
426
426
426
426
426
426
426
426
426
426
426
426
426
426
426
426
426
426
426
426
426
426
426
426
426
426
426
426
426
426
426
426
426
426
426
426
426
426
426
426
426
426
426
426
426
426
426
426
426
426
426
426
426
426
426
426
426
426
426
426
426
426
426
426
426
426
426
426
426
426
426
426
426
426
426
426
426
426
426
426
426
426
426
426
426
426
426
426
426
426
426
426
426
426
426
426
426
426
426
426
426
426
426
426
426
426
426
426
426
426
426
426
426
426
426
426
426
426
426
426
426
426
426
426
426
426
426
426
426
426
426
426
426
426
426
426
426
426
426
426
426
426
426
426
426
426
426
426
426
426
426
426
426
426
426
426
426
426
426
426
426
426
426
426
426
426
426
426
426
426
426
426
426
426
426
426
426
426
426
426
426
426
426
426
426
426
426
426
426
426
426
426
426
426
426
426
426
426
426
426
426
426
426
426
426
426
426
426
426
426
426
426
426
426
426
426
426
426
426
426
426
426
426
426
426
426
426
426
426
426
426
426
426
426
426
426
426
426
426
426
426
426
426
426
426
426
426
426
426
426
426
426
426
426
426
426
426
426
426
426
426
426
426
426
426
426
426
426
426
426
426
426
426
426
426
426
426
426
426
426
426
426
426
426
426
426
426
426
426
426
426
426
426
426
428
428
428
428
428
428
428
428
428
428
428
428
428
428
428
428
428
428
428
428
428
428
428
428
428
428
428
428
428
428
428
428
428
428
428
428
428
428
428
428
428
428
429
429
429
429
429
429
429
429
429
429
429
429
429
429
429
429
429
429
429
429
429
429
429
429
429
429
429
429
429
429
429
429
429
429
429
429
429
429
429
429
429
429
429
429
429
429
429
429
429
429
429
429
429
429
429
429
429
429
429
429
429
429
429
429
429
429
429
429
429
429
429
429
429
429
429
429
429
429
429
429
429
429
429
429
429
429
429
429
429
429
429
429
429
429
429
429
429
429
429
429
429
429
429
429
429
429
429
429
429
429
429
429
429
429
429
429
429
429
429
429
429
429
429
429
429
429
429
429
429
429
429
429
429
429
429
429
429
429
429
429
429
429
429
429
429
429
429
429
429
429
429
429
429
429
429
429
429
429
429
429
429
429
429
429
429
429
429
429
429
429
429
429
429
429
429
429
429
429
429
429
429
429
429
429
429
429
429
429
429
429
429
429
429
429
429
429
429
429
429
429
429
429
429
429
429
429
429
429
429
429
429
429
429
429
429
429
429
429
429
429
