430
367
367
381
390
379
373
380
367
377
370
376
359
380
375
373
367
378
380
373
376
391
384
383
375
370
373
384
384
374
369
375
376
378
368
389
364
371
379
373
386
366
382
373
370
391
378
373
378
385
383
383
375
376
379
373
378
393
375
374
382
371
382
372
379
378
370
373
374
373
371
364
380
376
384
371
372
371
372
371
381
385
380
370
379
385
384
385
375
381
388
387
381
374
375
376
380
366
379
379
373
384
379
385
380
376
379
379
373
379
374
375
374
371
376
398
382
378
366
379
377
377
380
372
369
375
377
369
383
370
381
378
385
380
365
369
370
377
371
381
389
377
381
391
386
377
370
381
378
386
372
376
371
388
381
370
364
370
380
371
372
372
384
372
383
369
378
378
383
377
377
373
380
385
376
379
372
386
377
372
378
374
377
371
371
371
380
367
376
376
382
371
388
389
373
373
370
381
374
369
379
375
380
372
386
368
369
364
367
372
384
369
367
378
377
375
383
382
369
388
385
380
382
367
390
370
370
380
385
378
373
382
382
376
383
377
378
377
374
374
374
378
371
374
367
391
378
364
377
380
366
374
373
379
376
382
383
386
386
387
382
379
377
373
375
382
381
388
380
382
367
367
377
389
370
385
380
381
375
373
355
380
361
369
369
385
376
373
383
382
373
390
379
368
376
379
369
367
363
387
378
383
388
376
360
371
373
379
370
366
378
378
369
378
369
376
372
374
377
375
381
380
386
375
378
382
380
384
368
376
378
379
388
375
379
379
382
377
373
387
365
371
382
373
369
373
381
389
371
378
387
383
379
376
380
384
390
371
365
374
372
379
383
372
377
376
383
383
382
383
376
383
378
387
386
371
396
376
376
369
387
381
380
388
377
375
372
379
376
369
386
373
383
381
375
387
397
385
373
379
367
383
379
377
383
370
373
376
374
380
381
382
376
369
381
376
386
390
373
379
389
377
375
377
385
375
371
380
376
379
382
378
379
381
383
373
365
374
366
382
374
383
381
387
380
377
379
390
374
377
381
373
383
376
376
379
385
377
384
386
383
387
374
374
375
374
365
367
377
376
371
388
381
371
380
381
382
360
377
377
379
369
377
380
376
375
384
378
377
387
370
369
369
368
386
380
386
384
379
385
380
376
369
374
378
370
379
380
373
380
378
369
374
377
373
371
367
376
380
370
373
379
386
386
364
378
384
374
384
383
373
378
374
386
377
380
370
375
382
383
384
374
377
394
371
383
377
377
368
381
379
377
380
387
389
390
385
381
370
377
370
368
383
385
379
359
375
374
380
384
383
377
382
363
390
370
391
371
388
378
372
370
378
375
372
385
366
377
361
378
384
373
391
383
378
382
388
373
372
382
373
371
381
359
372
381
379
359
382
374
382
391
385
384
384
376
371
384
383
376
388
379
377
376
387
375
381
378
381
382
383
378
376
382
387
377
395
376
380
380
379
378
375
370
384
376
379
384
371
372
380
372
374
391
382
382
379
378
385
380
375
384
374
377
377
380
374
378
385
381
378
369
388
385
384
382
382
392
369
387
376
369
381
379
381
375
382
384
359
386
383
380
369
367
381
384
394
388
400
384
378
388
374
375
383
375
375
372
394
367
370
377
374
382
369
378
380
387
386
379
372
365
378
377
365
375
379
375
384
375
381
365
379
379
390
378
377
385
377
378
382
384
395
384
379
375
383
381
373
380
382
370
376
377
382
377
397
387
375
380
388
383
390
377
380
370
378
379
380
380
381
368
369
379
382
383
381
381
374
370
381
382
386
379
380
386
382
376
383
373
378
379
379
376
366
381
384
379
386
377
382
385
386
384
374
378
380
365
381
387
389
388
381
385
367
378
380
392
381
374
388
393
384
385
394
385
386
386
374
378
387
386
376
374
387
377
386
388
389
383
378
378
380
380
391
380
388
387
383
383
391
379
385
387
383
392
375
369
385
390
385
388
381
379
387
375
388
371
370
375
388
386
382
392
385
383
384
380
387
371
386
382
380
388
389
364
383
377
373
387
378
387
397
384
381
369
378
394
380
380
380
392
384
383
380
379
382
371
384
383
383
374
377
381
396
383
394
387
384
379
388
387
394
387
386
375
379
384
385
389
382
386
390
367
381
390
385
386
377
382
383
393
384
385
383
386
383
385
391
386
389
380
391
397
385
386
380
386
387
377
381
379
380
394
380
396
387
390
386
386
394
392
389
381
387
374
385
389
379
381
393
389
376
382
389
380
388
376
375
387
377
386
374
384
388
396
390
392
384
373
377
394
378
381
378
380
385
383
387
381
396
385
390
383
385
386
390
384
394
386
389
386
384
391
387
383
387
384
391
387
381
381
394
399
392
392
391
383
394
394
386
383
377
394
380
398
396
394
397
384
383
391
386
392
391
387
398
402
393
386
386
394
382
397
390
385
381
386
386
381
389
397
392
391
385
393
397
400
384
387
390
393
383
398
388
390
388
396
381
382
391
381
396
394
385
384
390
391
391
387
389
390
386
389
391
391
385
387
393
388
395
387
386
383
384
394
391
383
395
397
391
396
387
377
382
391
383
386
390
391
392
397
391
387
390
391
401
391
385
403
400
390
395
388
392
386
391
388
402
399
396
399
393
397
407
395
394
397
389
403
401
404
398
397
392
395
398
402
396
388
393
402
397
392
390
388
390
390
394
395
406
390
399
398
403
400
390
394
397
396
398
397
389
391
392
400
397
392
397
403
399
398
402
395
393
397
393
398
399
399
386
395
389
392
395
398
393
399
387
395
398
396
405
396
399
391
396
393
402
394
395
398
393
400
394
394
392
399
403
393
398
402
399
390
391
394
397
394
396
391
402
389
404
397
401
407
396
401
400
400
396
393
398
406
402
402
398
400
396
398
397
407
392
395
395
403
393
387
395
397
401
400
400
398
395
410
407
408
406
402
415
407
409
409
400
405
403
396
399
400
408
395
398
401
409
403
395
402
403
412
407
398
405
409
399
404
408
404
407
404
402
399
409
402
403
407
407
401
405
402
403
392
397
398
399
402
407
403
402
395
400
397
406
404
409
412
403
404
404
410
410
408
412
416
419
412
409
401
404
409
413
406
397
403
411
411
412
411
407
406
405
405
413
414
416
414
412
411
411
409
411
414
410
401
401
404
404
405
409
411
406
406
408
404
412
412
412
418
412
412
411
407
407
411
418
413
413
412
412
419
417
419
417
398
412
413
414
415
415
411
414
416
413
413
414
415
417
416
417
407
411
412
415
415
416
414
411
410
413
410
415
410
405
411
407
411
410
415
413
418
418
415
415
417
420
421
412
411
413
416
415
421
419
420
418
416
417
412
416
418
417
408
412
413
416
418
414
414
419
418
417
417
412
409
415
416
417
418
421
416
414
414
417
413
413
417
415
414
412
414
417
416
414
410
415
418
421
420
417
419
419
418
423
421
420
421
420
419
414
416
419
419
416
415
419
415
415
413
415
412
412
415
416
419
418
416
418
417
422
424
422
423
424
423
425
425
424
424
423
423
424
422
423
421
424
425
422
423
427
428
428
426
424
424
425
426
425
422
427
426
424
423
424
420
420
419
420
419
421
420
423
421
422
422
420
423
421
423
424
427
427
426
424
425
423
423
423
425
426
426
426
425
424
425
428
428
428
428
428
427
427
425
427
427
427
426
426
427
426
427
427
427
427
427
425
426
425
425
426
426
428
428
427
427
426
427
427
427
427
428
428
428
428
428
428
428
427
425
426
426
426
426
424
423
423
423
424
425
426
425
426
426
425
426
426
427
427
428
428
428
428
428
427
426
426
428
427
427
428
428
428
428
428
428
428
428
428
427
427
426
425
427
428
428
428
427
428
428
429
429
429
429
429
429
429
429
429
429
429
429
428
428
428
429
429
429
429
429
429
429
429
428
428
428
428
428
428
428
428
429
429
429
429
429
429
429
429
429
429
429
428
428
428
428
429
429
429
429
429
429
429
429
428
427
427
427
428
428
429
429
429
429
429
429
429
429
429
429
429
429
429
429
429
429
429
429
429
429
429
429
429
429
429
429
429
429
429
429
429
429
429
429
429
429
429
429
429
429
429
429
429
429
429
429
429
429
429
429
429
429
429
429
429
429
429
429
429
429
429
429
429
429
429
429
429
429
429
429
429
428
428
429
429
429
429
429
429
429
429
429
429
429
429
429
429
429
429
429
429
429
429
429
429
429
429
429
429
429
429
429
429
429
429
429
429
429
429
429
429
429
429
429
429
429
429
429
429
429
429
429
429
429
429
429
429
429
429
429
429
429
429
429
429
429
429
429
429
429
429
429
429
429
429
429
429
429
429
429
429
429
429
429
429
429
429
429
429
429
429
429
429
429
429
429
429
429
429
429
429
429
429
429
429
429
429
429
429
429
429
429
429
429
429
429
429
429
429
429
429
429
429
429
429
429
429
429
429
429
429
429
429
429
429
429
429
429
429
429
429
429
429
429
429
429
429
429
429
429
429
429
429
429
429
429
429
429
429
429
429
429
429
429
429
429
429
429
429
429
429
429
429
429
429
429
429
429
429
429
429
429
429
429
429
429
429
429
429
429
429
429
429
429
429
429
429
429
429
429
429
429
429
429
429
429
429
429
429
429
429
429
429
429
429
429
429
429
429
429
429
429
429
429
429
429
429
429
429
429
429
429
429
429
429
429
429
429
429
429
429
429
429
429
429
429
429
429
429
429
429
429
429
429
429
429
429
429
429
429
429
429
429
429
429
429
429
429
429
429
429
429
429
429
429
429
429
429
429
429
429
429
429
429
429
429
429
429
429
429
429
429
429
429
429
429
429
429
429
429
429
429
429
429
429
429
429
429
429
429
429
429
429
429
429
429
429
429
429
429
429
429
429
429
429
429
429
429
429
429
429
429
429
429
429
429
429
429
429
429
429
429
429
429
429
429
429
429
429
429
429
429
429
429
429
429
429
429
429
429
429
429
429
429
429
429
429
429
429
429
429
429
429
429
429
429
429
429
429
429
429
429
429
429
429
429
429
429
429
429
429
429
429
429
429
429
429
429
429
429
429
429
429
429
429
429
429
429
429
429
429
429
429
429
429
429
429
429
429
429
429
429
429
429
429
429
429
429
429
429
429
429
429
429
429
429
429
429
429
429
429
429
429
429
429
429
429
429
429
429
429
429
429
429
429
429
429
429
429
429
429
429
429
429
429
429
429
429
429
429
429
429
429
429
429
429
429
429
429
429
429
429
429
429
429
429
429
429
429
429
429
429
429
429
429
429
429
429
429
429
429
429
429
429
429
429
429
429
429
429
429
429
429
429
429
429
429
429
429
429
429
429
429
429
429
429
429
429
429
429
429
429
429
429
429
429
429
429
429
429
429
429
429
429
429
429
429
429
429
429
429
429
429
429
429
429
429
429
429
429
429
429
429
429
429
429
429
429
429
429
429
429
429
429
429
429
429
429
429
429
429
429
429
429
429
429
429
429
429
429
429
429
429
429
429
429
429
429
429
429
429
429
429
429
429
429
429
429
429
429
429
429
429
429
429
429
429
429
429
429
429
429
429
429
429
429
429
429
429
429
429
429
429
429
429
429
429
429
429
429
429
429
429
429
429
429
429
429
429
429
429
429
429
429
429
429
429
429
429
429
429
429
429
429
429
429
429
429
429
429
429
429
429
