430
364
369
383
372
372
377
373
379
373
369
377
379
375
382
377
375
368
376
375
374
377
369
378
379
383
387
380
371
374
377
379
376
387
384
374
372
367
381
369
377
377
379
377
369
383
374
374
380
381
376
371
374
382
381
375
368
377
372
368
369
374
387
381
382
376
377
375
371
384
372
376
375
378
379
383
389
374
381
383
383
381
378
371
368
371
365
377
383
386
374
380
379
370
391
381
377
364
373
375
369
377
376
369
372
366
377
381
381
374
381
373
360
374
368
381
379
381
382
376
374
367
375
381
380
389
375
368
371
371
382
355
371
377
382
376
370
383
386
377
371
373
373
385
371
367
367
378
381
372
374
378
382
379
376
381
385
377
385
375
362
361
374
368
363
371
383
377
380
389
389
383
376
371
374
369
377
376
372
366
378
358
374
377
370
370
370
375
365
371
369
374
388
377
376
390
376
370
373
375
369
384
379
369
368
386
377
374
373
377
385
381
380
379
380
372
368
373
373
373
378
379
385
377
382
363
384
372
380
370
385
366
377
375
378
375
371
371
368
373
364
367
360
375
372
371
370
365
368
381
373
356
374
375
371
380
380
376
381
369
371
374
393
382
383
381
369
361
373
374
387
375
390
379
379
375
378
380
376
369
384
372
367
378
376
372
377
380
378
378
375
375
380
371
365
374
390
384
375
378
362
361
372
368
376
378
375
379
382
390
378
391
387
372
376
367
371
387
368
363
381
380
375
377
378
392
374
389
382
384
369
370
384
373
377
381
374
377
382
381
377
376
379
388
375
383
379
372
375
370
380
382
377
383
370
379
385
366
374
371
372
382
369
377
378
380
379
378
373
377
385
373
387
385
379
375
384
373
382
385
372
380
383
380
370
389
383
384
381
378
378
381
383
372
379
373
377
375
382
372
373
377
363
381
381
368
370
380
378
386
373
372
372
375
376
382
377
378
366
375
374
375
379
372
369
377
374
367
367
367
376
366
382
367
376
385
373
378
371
375
380
380
392
377
374
379
375
377
379
378
375
379
382
381
378
385
373
386
377
376
380
371
378
381
375
380
376
377
386
391
384
375
384
388
369
368
386
376
362
389
375
377
372
381
394
372
386
378
383
365
391
379
375
380
380
371
367
375
380
358
377
379
377
370
378
372
374
377
376
366
371
371
379
371
373
374
364
377
369
371
379
381
380
360
387
367
365
369
362
388
367
377
380
382
388
375
386
373
372
388
383
374
388
391
380
380
371
375
370
385
375
382
376
381
382
365
374
380
373
375
375
379
382
376
370
381
384
383
379
370
377
382
381
373
377
368
384
371
370
369
374
389
376
381
383
377
382
377
371
372
372
373
369
378
364
365
380
377
378
371
385
390
373
360
368
371
378
376
384
396
377
388
391
390
384
365
376
381
387
372
374
376
386
378
381
389
384
378
379
375
389
380
379
372
378
387
369
383
375
381
370
368
375
384
364
384
381
370
381
371
371
377
377
379
382
383
381
373
368
374
383
379
374
377
367
378
384
397
381
371
380
380
369
372
381
370
368
375
378
371
369
377
367
372
369
380
387
375
364
374
376
380
369
384
378
377
382
378
380
364
377
380
391
379
382
373
374
377
377
374
378
363
381
379
377
386
384
371
377
375
369
373
385
376
393
377
383
382
371
378
373
373
370
375
381
374
378
383
372
392
379
376
382
387
376
376
361
357
378
378
377
377
370
378
386
378
380
378
380
366
381
371
387
381
380
383
382
373
376
373
367
372
377
372
370
380
375
386
369
379
373
378
381
366
377
367
372
382
375
373
381
373
385
382
382
391
376
380
378
385
379
367
381
383
387
382
387
364
381
379
376
374
386
376
372
374
380
388
376
390
370
384
376
363
387
376
367
385
362
369
379
371
374
385
379
381
373
383
376
383
386
365
373
375
372
366
363
367
376
377
365
364
383
380
380
383
375
380
394
371
388
379
386
374
380
378
372
377
392
386
384
378
380
387
378
364
366
383
380
374
382
386
370
383
378
369
382
388
383
367
370
387
374
368
367
379
376
374
392
369
378
369
374
382
381
384
370
374
376
370
377
377
382
383
378
366
383
375
386
384
385
376
378
373
384
378
373
379
367
376
376
398
382
376
370
371
373
380
374
380
386
364
380
372
380
376
380
372
378
383
380
379
361
382
372
372
367
372
367
373
372
374
380
375
386
388
377
366
382
374
383
379
365
378
374
381
374
378
360
372
372
376
376
376
381
374
380
373
382
373
382
381
379
388
376
374
366
377
382
366
375
373
373
379
382
378
385
376
376
380
374
370
362
381
380
372
376
387
378
381
380
373
366
385
372
378
376
377
353
367
362
375
378
370
372
370
383
378
387
378
368
380
368
372
375
370
377
374
366
377
382
381
385
378
384
391
376
371
385
383
377
377
379
375
374
381
367
376
376
377
379
382
383
386
387
378
369
376
374
381
386
374
380
373
375
375
387
379
371
377
360
376
385
380
373
375
393
376
384
385
381
383
385
385
375
379
383
372
376
378
378
374
382
375
373
373
376
378
392
384
378
370
374
379
373
371
366
381
367
381
386
379
378
376
388
383
383
384
375
383
373
385
383
391
389
389
374
370
384
384
376
374
386
377
369
375
382
375
367
373
374
374
372
377
383
377
382
372
383
382
375
381
365
380
380
378
379
359
379
376
379
374
374
382
361
377
373
380
388
379
376
380
383
383
382
376
371
387
376
370
379
378
385
388
375
387
385
381
377
391
373
386
383
373
367
375
369
374
370
366
380
368
371
365
368
373
371
379
379
370
373
389
393
382
380
374
376
381
367
390
379
387
377
370
368
382
373
382
377
381
391
379
379
366
390
375
375
388
382
374
378
369
372
367
384
388
374
369
381
381
367
374
376
375
369
378
397
373
378
383
380
365
376
390
378
382
385
372
371
381
367
375
376
362
368
390
378
374
387
369
367
375
373
372
386
377
368
377
374
371
375
386
380
379
376
369
378
373
389
375
365
380
376
382
373
375
382
375
376
381
375
370
379
382
374
381
375
379
373
389
383
375
373
385
365
370
383
383
372
380
380
374
383
376
375
372
360
378
375
380
383
376
379
380
379
383
365
378
374
378
373
383
387
383
375
373
375
370
368
375
374
378
377
380
373
380
367
365
374
386
376
371
384
381
381
371
365
365
368
379
374
373
365
372
379
372
372
377
369
381
381
376
387
376
382
380
395
386
379
371
369
365
371
368
385
389
395
381
380
373
379
366
382
382
386
363
374
378
386
391
383
389
375
377
375
386
371
382
384
390
379
373
383
381
375
370
382
388
371
383
382
367
372
381
374
379
372
368
363
376
382
378
383
370
378
363
368
386
376
377
372
380
376
373
383
372
367
377
378
372
378
373
370
386
385
384
378
382
387
379
367
373
376
369
374
386
366
381
387
389
375
375
373
374
376
383
376
374
386
385
387
377
383
381
380
377
373
385
379
386
382
388
383
378
377
379
376
373
377
372
380
374
384
378
380
377
378
381
373
366
381
375
379
366
376
375
377
377
379
377
375
365
383
370
368
386
382
380
376
386
384
378
376
367
379
371
375
369
379
382
375
383
370
373
375
385
378
381
378
384
380
389
388
389
379
380
387
388
380
386
377
378
378
377
370
380
374
394
391
391
377
384
389
373
378
375
383
388
376
380
384
393
380
379
371
375
380
372
373
369
378
389
379
370
379
387
371
387
370
372
377
374
382
382
372
379
382
382
365
378
379
380
379
371
375
374
373
380
385
369
381
384
377
367
390
382
373
376
375
375
379
388
387
377
378
374
378
379
382
378
366
368
370
373
374
379
374
380
381
370
376
380
377
368
368
387
382
384
370
371
368
363
387
376
382
379
384
380
373
378
384
378
383
378
376
389
382
392
379
371
371
383
379
376
386
388
382
369
370
386
369
378
378
374
384
377
371
383
374
367
383
378
384
374
375
379
383
373
383
373
374
373
378
380
377
379
380
370
372
385
376
378
375
381
377
372
386
381
380
381
374
381
383
385
374
382
385
379
385
382
378
375
376
369
380
386
383
371
377
379
382
387
395
376
377
382
369
375
372
376
379
379
381
366
376
381
380
378
392
386
384
395
393
371
370
378
370
379
378
379
373
374
371
379
380
370
380
381
371
377
356
383
385
375
365
375
371
382
380
364
376
375
376
368
376
375
367
370
380
375
372
372
389
390
393
380
386
368
365
388
381
376
379
379
388
377
384
381
369
380
373
373
380
387
379
381
376
389
375
378
371
373
367
376
376
373
362
377
377
386
388
374
378
387
370
385
378
372
385
371
387
371
377
381
371
372
380
371
379
375
366
379
375
367
379
384
373
376
380
371
373
373
373
378
374
394
384
376
391
386
380
372
381
372
372
374
393
375
368
370
375
381
380
391
377
384
373
373
384
373
377
380
374
363
377
369
384
380
374
380
374
375
376
390
385
383
382
384
382
366
381
369
375
374
378
377
390
375
378
382
375
382
388
366
375
383
380
379
380
373
366
374
375
375
389
379
384
381
391
372
383
386
379
376
377
374
376
370
369
379
369
390
379
368
363
369
373
377
370
384
381
384
382
383
374
375
373
379
380
374
379
374
380
390
370
378
380
392
363
375
378
378
388
375
371
371
385
389
376
373
369
390
377
380
383
370
386
369
381
374
367
383
378
391
387
375
374
379
384
379
376
380
377
380
390
378
373
382
386
384
375
382
385
377
376
365
375
362
372
376
377
378
374
380
374
377
378
382
382
382
393
382
373
387
380
372
377
372
388
382
388
381
377
379
382
371
376
374
384
383
376
381
368
366
388
381
372
379
381
368
384
389
382
376
386
382
379
382
385
390
382
383
379
386
381
387
380
390
378
386
384
383
379
381
370
383
376
373
378
386
381
391
385
379
371
377
383
390
382
387
388
379
369
384
394
376
386
382
383
385
371
383
377
391
370
379
377
389
381
376
375
379
378
376
382
391
379
371
382
385
393
392
382
373
377
385
382
380
380
385
373
384
376
376
377
388
389
374
372
370
380
388
384
384
376
387
368
392
383
381
380
376
379
381
374
377
383
381
388
381
384
379
381
383
370
375
393
375
389
382
371
377
379
371
365
369
382
392
373
381
384
380
388
384
382
379
383
373
378
377
389
369
376
372
374
385
376
381
392
394
387
382
383
374
386
379
384
377
375
385
379
383
381
379
378
379
381
365
369
379
379
383
375
388
376
376
383
382
378
384
392
395
388
383
374
380
388
388
383
378
385
379
380
378
378
380
390
379
376
389
384
376
381
380
384
393
373
380
378
388
383
377
373
384
374
371
374
382
389
382
390
388
383
391
367
387
387
377
374
375
389
388
393
387
373
390
393
392
381
391
381
397
370
389
396
386
368
383
383
382
384
384
380
377
380
386
383
379
388
379
390
389
385
383
382
397
391
388
381
388
392
391
385
394
380
384
377
398
384
388
386
399
383
403
405
390
378
373
385
380
377
388
392
394
390
403
386
395
395
404
393
377
383
395
386
381
380
389
373
388
388
390
389
395
391
390
392
391
394
392
388
389
388
381
383
391
400
398
398
395
394
404
397
403
399
403
407
399
400
400
391
396
394
391
395
402
398
401
405
405
409
410
412
416
414
418
418
416
418
415
420
420
420
422
422
422
423
424
425
427
428
