430
364
366
383
368
371
383
381
379
379
382
377
379
373
370
378
367
376
376
372
376
378
363
392
367
381
379
379
380
376
380
379
367
374
373
386
374
366
379
377
370
377
383
367
372
375
372
370
382
382
385
370
374
374
374
379
370
385
387
384
388
384
378
374
383
365
379
375
383
375
371
377
372
370
377
379
376
380
384
376
388
374
362
376
378
376
368
385
370
382
389
379
375
378
380
386
377
377
375
378
371
368
379
362
377
377
375
382
381
376
383
393
388
382
372
376
381
389
385
378
380
380
378
391
386
367
381
375
370
375
379
368
377
381
373
380
382
368
376
372
369
366
379
387
372
367
383
381
368
382
380
374
382
376
377
390
373
367
373
378
371
380
360
371
388
379
369
385
374
377
382
376
374
381
370
367
372
377
381
371
395
376
388
373
379
381
381
368
371
379
375
378
378
378
380
379
376
377
382
373
386
387
381
377
379
380
385
384
385
387
371
380
376
379
388
371
372
386
374
386
377
375
383
367
370
387
378
396
384
379
381
376
370
393
369
372
364
365
379
375
376
361
375
375
371
370
365
366
379
377
376
378
378
387
382
380
373
377
382
367
390
374
384
384
379
371
372
385
367
364
385
378
382
373
379
379
369
362
378
383
379
387
378
380
374
367
359
377
383
372
373
379
384
370
373
382
368
379
362
370
374
377
372
371
379
377
373
382
376
378
382
378
372
378
383
373
374
368
368
386
375
372
375
384
379
384
381
384
374
372
372
364
379
377
373
370
374
368
369
368
385
371
381
380
384
384
377
380
368
385
372
372
368
378
374
368
388
374
374
372
378
377
361
382
368
379
372
375
378
377
373
366
385
375
371
379
374
382
382
385
368
385
369
368
361
368
371
370
381
375
381
382
380
369
373
377
378
375
388
382
377
377
378
382
366
369
382
387
385
381
359
378
381
385
381
365
377
380
359
377
368
376
375
377
375
372
380
386
382
388
381
372
371
370
379
366
377
372
366
379
382
379
385
384
381
381
377
383
371
370
375
391
368
374
372
385
375
371
368
378
369
382
382
362
370
374
370
372
380
379
384
380
369
359
372
379
377
380
382
383
376
387
371
383
387
367
390
381
370
368
367
370
373
377
380
373
383
373
380
389
380
366
374
380
377
372
363
394
381
377
379
373
371
372
378
388
381
379
379
376
375
379
380
366
376
371
378
381
369
362
376
382
375
377
388
381
377
369
381
375
387
373
393
381
388
373
366
381
388
369
382
376
378
380
373
379
382
384
376
382
374
376
374
377
377
378
382
382
381
387
379
370
378
371
366
383
375
389
371
377
371
377
371
378
382
376
382
374
385
365
378
381
377
365
382
376
372
372
380
375
373
371
378
371
370
368
369
371
375
374
386
368
374
373
379
369
377
382
391
378
384
372
391
369
373
366
383
382
382
380
366
381
380
383
364
371
369
381
373
374
376
374
378
377
374
380
375
364
384
379
372
365
376
385
375
364
390
373
370
382
375
375
376
368
376
380
375
384
378
375
381
383
379
385
381
379
375
383
378
372
372
386
392
381
371
383
372
377
373
387
390
383
377
388
374
376
385
376
379
376
366
384
370
385
381
379
379
383
385
378
381
375
378
375
379
379
368
381
386
373
374
374
375
379
382
369
381
376
372
371
382
375
364
387
382
380
377
375
373
377
377
378
369
374
372
382
385
371
369
376
386
358
369
380
376
376
381
366
376
383
382
379
381
380
387
374
381
379
379
373
377
382
372
374
383
382
384
385
373
371
384
370
387
376
374
367
368
363
380
377
366
368
374
379
378
387
382
375
366
377
368
379
372
367
388
389
365
370
374
368
375
376
379
386
380
374
373
366
376
367
373
380
368
391
370
389
385
381
374
379
381
374
375
368
397
375
370
383
383
381
375
369
369
392
387
353
370
381
378
379
376
368
370
369
384
373
381
371
376
389
380
381
376
373
385
389
380
387
382
378
376
373
364
379
366
379
381
370
382
384
383
375
378
376
371
386
374
379
378
378
390
386
380
394
384
379
374
369
370
368
375
385
379
363
370
381
382
371
368
381
375
380
366
374
379
379
381
387
371
373
377
369
377
376
381
372
379
377
385
391
373
367
379
388
371
374
378
374
379
388
378
385
368
372
384
387
374
379
389
380
374
377
376
370
371
380
392
383
385
374
375
384
364
375
384
376
374
372
364
375
375
381
379
369
383
373
372
375
375
382
381
379
382
385
380
381
385
367
377
365
366
374
386
384
384
381
388
378
374
370
381
380
369
371
385
371
377
386
361
381
377
388
383
368
384
372
380
383
374
375
371
378
372
377
382
377
374
366
381
375
374
381
374
372
366
375
391
383
380
389
374
369
377
374
386
381
361
379
373
372
383
380
382
373
378
378
384
374
368
377
379
373
372
376
375
376
384
381
382
383
373
381
361
373
377
379
385
371
374
377
368
381
377
374
361
367
370
377
381
376
373
367
382
382
370
378
382
374
375
374
375
377
370
357
381
379
373
373
382
372
390
381
375
390
374
378
378
390
375
373
372
386
386
377
382
372
376
367
390
386
361
384
380
380
378
391
379
380
366
381
378
378
372
366
384
373
377
374
359
369
375
379
371
371
369
367
374
391
376
375
379
386
378
376
389
361
372
381
366
369
386
383
382
381
378
386
385
379
358
368
378
382
367
381
372
380
384
382
383
364
366
373
365
376
380
364
370
368
376
379
374
376
377
386
382
385
375
362
379
378
386
381
389
380
379
369
385
389
375
389
371
370
384
381
388
378
381
379
371
385
372
377
374
380
366
382
379
368
377
387
382
375
379
385
369
381
392
391
377
372
365
376
374
370
382
371
392
377
373
383
380
380
381
370
377
372
381
383
366
379
375
378
376
385
380
382
377
373
387
376
377
373
387
377
386
366
372
382
374
375
368
378
369
382
375
377
364
381
373
374
380
374
374
375
375
374
373
360
373
368
367
371
374
376
371
380
380
374
384
378
386
370
369
377
366
372
380
375
380
367
370
374
367
374
374
378
380
385
382
385
372
383
373
375
375
387
385
374
368
380
365
374
379
386
389
377
376
367
379
364
377
379
361
384
377
386
376
384
368
379
384
383
378
383
363
372
377
375
369
369
376
374
382
373
374
384
379
390
376
381
364
386
375
371
375
381
379
388
371
376
373
364
386
384
386
378
380
381
383
363
371
386
361
378
372
378
377
381
379
372
375
377
376
363
370
363
371
379
384
383
385
389
376
365
384
358
366
376
367
380
376
370
377
379
374
360
382
374
384
375
369
364
383
377
386
383
375
379
377
382
370
377
375
385
360
373
382
367
375
382
370
378
364
371
380
368
382
373
369
373
379
358
387
376
373
374
385
387
370
383
379
376
382
381
377
380
385
375
373
382
391
374
374
374
369
380
363
370
383
380
370
367
374
381
377
368
385
374
375
374
362
368
383
384
374
372
375
383
394
371
384
369
383
384
386
392
376
370
379
384
375
378
370
378
370
380
377
373
379
377
373
375
374
367
365
373
364
366
370
383
382
375
385
386
367
380
382
374
380
379
375
348
369
366
371
379
373
379
381
372
377
376
372
371
372
381
377
378
370
388
369
374
374
370
371
380
376
384
370
370
380
376
375
367
375
380
379
371
378
383
371
362
372
367
374
376
382
384
375
397
373
367
374
390
370
382
379
378
388
387
378
385
389
387
374
366
376
371
367
362
372
372
382
373
376
379
370
391
380
373
372
389
370
388
382
381
370
373
386
378
361
382
376
375
373
375
378
365
382
382
372
372
388
379
379
368
370
365
383
365
374
387
382
381
376
387
369
372
377
398
372
376
381
364
368
380
382
373
370
379
377
375
379
375
378
381
386
366
376
381
375
390
389
378
376
385
386
382
378
366
376
379
377
365
381
380
381
366
373
368
372
378
388
379
389
372
380
367
371
379
376
377
357
392
365
374
374
373
373
378
374
367
382
375
380
372
369
368
378
374
378
373
379
382
375
386
385
373
376
372
372
388
390
390
383
368
381
388
372
385
382
376
375
368
371
378
387
372
372
370
366
379
379
361
374
362
374
377
384
378
377
378
373
376
372
373
380
382
363
377
384
379
369
377
370
386
364
379
380
395
377
393
375
371
378
386
373
381
375
374
383
370
379
375
389
369
376
376
384
381
378
375
377
379
370
382
368
367
378
380
379
374
379
386
374
376
381
371
376
379
375
378
382
366
378
389
383
375
377
370
372
380
379
370
381
384
380
382
384
383
378
384
370
378
383
385
365
385
387
380
371
383
385
373
379
393
377
385
378
377
383
378
371
371
378
377
375
378
377
370
378
391
371
375
368
384
394
388
366
383
369
377
379
370
379
388
380
388
381
385
381
385
370
393
378
376
388
379
390
372
383
372
364
384
388
379
377
388
381
376
389
380
382
374
370
378
375
372
373
385
379
380
364
380
380
369
380
374
380
376
375
390
379
382
377
370
370
381
380
386
380
388
377
382
375
371
376
375
370
358
389
382
379
389
377
378
371
383
377
385
385
377
386
395
387
381
396
380
378
383
372
384
386
378
385
379
387
390
385
388
381
378
370
392
382
371
375
371
377
381
376
386
375
379
367
370
369
390
374
380
369
378
374
380
389
392
387
382
387
377
379
369
381
383
371
373
381
386
370
373
388
377
382
369
369
396
379
373
382
375
380
390
382
386
379
376
377
374
369
376
367
384
380
380
368
386
373
373
387
378
380
385
377
382
378
381
380
386
377
379
386
388
389
387
387
371
380
384
376
371
373
383
389
375
372
386
382
377
379
384
367
362
384
385
380
390
383
375
391
377
376
377
384
388
374
386
362
383
372
371
372
374
370
363
381
384
384
382
384
382
382
375
374
367
368
381
384
368
382
384
381
385
388
389
387
394
380
379
370
378
382
367
382
386
378
381
376
380
373
384
388
383
372
378
390
374
384
371
370
380
385
399
378
381
372
372
378
380
377
392
377
387
382
373
384
383
382
382
382
378
393
380
378
383
387
379
384
392
380
392
382
380
379
380
388
383
383
386
381
399
379
373
376
388
388
382
387
383
383
377
385
394
387
382
374
387
373
381
390
380
387
386
388
390
385
386
379
384
387
379
382
391
369
384
394
390
386
388
375
397
387
377
370
379
385
384
396
388
376
395
379
384
381
385
368
381
399
387
390
384
388
390
400
382
383
377
381
385
386
391
387
389
392
389
397
382
378
381
394
390
385
390
385
382
377
385
389
387
394
394
386
403
385
385
378
390
393
392
386
394
392
383
382
383
392
385
384
393
388
391
391
389
387
384
381
396
398
404
402
390
405
397
409
391
397
398
401
402
398
400
405
396
403
400
407
388
396
395
400
397
408
402
404
396
392
393
398
394
399
396
399
405
400
399
400
407
399
397
403
400
395
406
406
407
405
404
409
405
406
404
404
407
406
405
406
403
409
408
412
412
419
418
417
415
416
412
413
410
412
407
411
413
416
415
419
418
418
415
418
416
419
420
420
422
423
424
421
422
422
422
422
421
422
422
422
422
423
423
423
423
422
423
423
423
424
424
423
423
423
424
424
424
426
427
427
427
427
427
427
427
427
427
427
427
427
427
427
427
427
428
428
428
428
428
428
428
428
428
428
428
428
428
428
428
428
428
428
428
428
428
428
