430
363
376
374
378
370
377
374
371
380
378
377
380
375
364
379
370
357
374
371
369
389
389
385
364
376
381
387
379
375
361
385
378
381
390
365
377
371
376
371
380
386
375
386
375
374
371
378
374
379
369
373
368
387
363
372
372
378
377
378
370
370
380
372
376
380
377
366
367
369
385
378
379
383
379
380
369
382
377
371
382
383
377
379
371
377
385
380
362
373
386
386
381
380
390
377
391
371
379
375
366
379
383
377
387
387
382
374
358
368
377
370
371
373
361
378
365
381
384
379
378
375
387
378
382
374
360
364
387
379
377
381
365
380
385
388
381
376
380
381
378
377
383
368
380
385
389
370
372
369
377
377
365
374
377
386
356
369
384
371
373
381
383
373
384
368
367
363
373
363
367
377
371
381
369
369
384
369
376
369
380
379
383
367
380
380
377
378
373
371
378
385
382
369
382
384
383
375
381
370
382
374
378
371
373
378
385
375
370
362
383
382
376
374
378
372
389
378
368
369
383
378
377
379
366
375
376
369
371
368
369
375
379
371
381
385
376
379
373
382
377
376
373
363
385
383
371
380
370
370
384
375
372
370
384
367
383
377
373
368
378
375
383
369
369
362
371
380
373
375
374
387
378
378
377
386
363
366
379
369
370
368
361
373
372
385
378
379
375
387
376
373
384
371
378
374
378
384
381
384
377
388
385
381
391
370
384
376
382
368
370
374
379
375
380
374
368
377
370
379
380
371
390
379
384
366
374
373
376
384
379
370
365
370
381
374
372
373
378
370
376
376
381
368
374
364
391
381
362
377
376
372
387
380
374
376
368
375
374
375
378
376
385
375
379
378
394
381
379
374
376
371
372
381
382
379
369
371
376
373
367
379
381
377
372
376
395
382
370
373
369
368
374
370
368
379
387
379
387
378
381
369
374
374
375
395
374
366
374
368
362
381
392
373
374
382
371
377
381
373
376
370
375
375
389
366
379
374
381
380
384
385
387
372
376
363
377
378
376
368
370
368
376
385
373
374
384
387
373
375
384
374
374
386
377
365
389
368
380
376
381
378
373
375
373
378
367
365
361
361
380
357
385
364
372
368
374
369
392
375
393
380
383
381
372
373
382
386
377
384
365
370
386
383
374
374
374
381
380
380
380
379
383
377
381
381
378
386
372
376
379
360
379
365
384
377
377
380
383
366
381
375
381
368
361
382
380
370
375
376
376
394
379
378
376
383
378
372
379
389
390
391
388
372
385
371
380
383
371
377
363
379
363
366
363
383
380
379
378
381
391
388
381
368
376
391
376
389
380
370
374
385
372
388
385
380
372
383
384
379
367
388
375
378
373
382
372
366
377
379
378
384
384
367
376
373
372
385
370
380
386
375
379
384
374
380
379
375
377
377
385
383
385
374
376
379
389
382
379
374
394
383
379
375
374
366
370
376
361
378
377
385
384
382
376
376
373
386
369
385
376
370
377
385
378
378
377
383
375
385
387
376
378
376
371
374
375
372
383
383
371
399
385
380
379
374
376
366
379
389
378
391
379
372
381
364
382
378
377
378
375
382
380
381
381
374
369
374
384
382
371
379
384
390
386
384
370
380
370
371
372
381
374
382
388
377
369
372
387
377
374
371
375
378
387
377
370
383
380
389
374
381
377
375
379
379
382
385
377
374
375
378
377
385
384
371
376
372
370
373
385
383
376
380
380
383
371
386
368
391
377
385
376
386
375
381
375
379
373
380
383
379
380
371
365
374
382
373
382
378
371
370
381
386
371
381
377
376
371
372
372
386
385
384
385
376
378
370
383
384
388
372
373
371
373
385
383
383
379
374
384
372
379
372
367
377
375
370
378
382
384
385
378
376
373
371
369
380
373
369
381
370
375
369
378
387
377
371
386
372
380
382
379
374
373
377
379
377
374
381
382
379
386
367
379
386
381
391
386
366
393
372
391
375
366
371
382
392
387
379
377
385
383
378
366
379
371
378
384
384
378
392
382
372
378
382
381
380
380
378
378
378
363
378
373
381
370
394
378
384
388
372
371
379
375
380
384
382
368
378
373
389
384
378
383
390
379
384
385
378
375
376
385
372
381
371
372
378
379
391
391
377
378
373
378
380
381
380
376
376
385
386
360
380
380
373
384
379
380
380
384
384
375
389
373
378
374
376
382
383
376
375
377
382
385
377
379
375
387
372
379
381
393
385
381
369
379
377
370
380
384
391
392
386
378
386
381
381
375
373
373
377
383
382
389
381
383
388
382
383
377
376
387
387
390
387
376
387
380
376
380
388
378
381
375
382
378
379
389
389
381
374
391
393
381
378
377
387
378
379
393
377
378
378
386
382
382
386
370
384
375
386
379
387
385
380
376
385
389
376
379
384
372
375
395
377
370
389
377
382
389
378
372
387
376
374
385
382
378
382
382
379
388
392
384
385
387
386
378
381
381
380
388
371
375
375
380
381
381
381
383
382
377
390
388
386
389
384
378
377
390
376
377
383
389
388
381
384
380
377
378
384
388
378
374
382
376
388
383
386
381
391
383
381
378
381
377
383
378
391
389
377
389
380
391
375
373
379
387
376
392
383
392
383
389
394
386
380
382
392
378
371
384
381
371
377
386
383
389
388
387
387
383
383
392
389
383
381
396
381
391
383
382
384
376
375
371
386
384
391
388
390
391
386
383
378
396
393
389
385
392
391
383
381
385
374
378
382
384
377
381
387
377
381
392
384
396
392
388
387
390
382
384
387
387
392
391
390
381
393
387
403
387
385
382
393
379
377
393
385
389
379
388
378
401
388
388
397
383
389
380
385
395
384
381
387
386
378
388
386
394
389
390
398
386
386
390
381
391
391
385
394
390
379
388
371
386
378
395
385
387
377
392
390
391
388
391
396
401
401
392
384
386
392
386
380
384
395
395
392
391
391
396
382
377
380
386
381
391
394
393
389
394
387
395
389
386
392
395
391
384
392
387
387
396
396
397
391
396
391
397
390
386
388
395
402
393
378
382
383
398
390
398
394
384
380
387
385
386
391
396
398
400
392
391
398
403
407
389
390
394
401
392
401
395
388
386
393
396
394
396
388
392
398
401
391
388
388
391
394
399
394
390
386
386
389
393
401
390
397
399
400
396
393
392
392
404
386
392
391
393
387
394
403
406
396
400
401
410
399
400
402
393
398
395
405
399
398
396
403
392
400
395
394
384
396
403
382
395
416
402
402
399
396
391
390
403
403
404
399
401
395
401
388
397
391
400
398
398
402
398
401
403
396
395
399
395
399
396
392
397
399
405
400
392
402
407
406
388
396
401
394
390
392
391
396
398
397
397
392
398
399
413
392
387
408
402
407
400
404
397
399
401
392
402
401
400
397
399
393
396
408
398
404
397
406
395
401
402
399
401
393
390
397
393
397
392
408
410
408
405
407
404
406
401
410
412
407
406
405
406
408
406
404
399
393
396
403
404
408
407
403
412
407
404
409
408
411
407
413
407
407
404
405
407
402
408
398
410
401
406
404
406
404
408
406
406
410
409
412
411
404
398
404
405
411
407
402
404
412
410
403
402
403
407
409
406
406
410
412
412
407
408
409
410
408
413
411
409
410
408
410
410
409
412
408
411
412
411
408
408
404
404
409
406
411
414
414
405
404
406
408
409
409
412
408
412
405
410
406
409
410
413
415
408
402
401
406
410
416
413
415
414
414
413
415
416
415
418
417
416
414
412
414
412
416
418
418
418
418
412
407
410
412
413
412
411
413
411
411
410
416
410
408
419
422
416
418
417
418
421
419
417
416
415
417
418
419
413
415
420
418
420
419
420
418
415
416
419
421
414
415
414
421
423
423
420
414
417
420
421
422
419
418
421
419
413
413
419
421
420
420
418
419
419
420
421
416
416
412
411
415
416
419
421
418
416
416
416
421
420
416
418
419
416
414
414
418
417
413
415
416
420
418
417
418
417
416
415
414
415
416
415
418
420
422
421
421
420
420
424
421
423
424
425
424
424
423
424
424
422
421
424
423
424
423
423
422
422
425
422
424
424
424
423
422
423
423
424
423
422
423
423
423
423
423
423
422
421
423
422
423
426
426
426
426
427
427
426
425
427
428
426
426
427
427
425
427
426
426
426
425
426
425
426
426
421
421
423
423
426
425
425
426
424
426
427
427
427
426
425
424
426
427
427
427
427
427
427
427
426
427
426
427
426
428
428
428
428
428
427
427
428
427
426
426
428
429
429
429
429
429
429
429
428
428
429
429
429
429
429
429
429
429
429
429
429
429
429
429
429
429
429
429
428
427
427
428
429
429
429
429
429
429
429
429
429
429
429
429
429
429
429
428
428
428
428
425
425
425
425
425
425
425
425
425
428
429
427
427
428
427
427
427
427
427
428
428
428
428
428
428
428
429
429
429
429
428
427
427
429
429
429
429
428
428
428
428
428
428
428
427
428
428
429
429
429
429
429
429
429
429
428
428
428
428
428
428
428
428
428
428
428
428
428
428
429
429
429
429
429
429
429
429
429
429
429
429
429
429
429
429
429
429
429
429
429
429
429
429
429
429
429
429
429
429
429
429
429
429
429
429
429
429
429
429
429
429
429
429
429
428
428
428
428
429
429
429
429
429
429
429
429
429
429
429
429
429
428
428
428
428
428
428
428
429
429
429
429
429
429
429
429
429
429
429
429
429
429
429
429
429
429
429
429
429
429
429
429
429
429
429
429
429
429
429
429
429
429
429
429
429
429
429
429
429
429
429
429
429
429
429
429
429
429
429
429
429
429
429
429
429
429
429
429
429
429
429
429
429
429
429
429
429
429
429
429
429
429
429
429
429
429
429
429
429
429
429
429
429
429
429
429
429
429
429
429
429
429
430
430
430
430
430
430
430
430
430
430
430
430
430
430
430
430
430
430
430
430
430
430
430
430
430
430
430
430
430
430
430
430
430
430
430
430
430
430
430
430
430
430
430
430
430
430
430
430
430
430
430
430
430
430
430
430
430
430
430
430
430
430
430
430
430
430
430
430
430
430
430
430
430
430
430
430
430
430
430
430
430
430
430
430
430
430
430
430
430
430
430
430
430
430
430
430
430
430
430
430
430
430
430
430
430
430
430
430
430
430
430
430
430
430
430
430
430
430
430
430
430
430
430
430
430
430
430
430
430
430
430
430
430
430
430
430
430
430
430
430
430
430
430
430
430
430
430
430
430
430
430
430
430
430
430
430
430
430
430
430
430
430
430
430
430
430
430
430
430
430
430
430
430
430
430
430
430
430
430
430
430
430
430
430
430
430
430
430
430
430
430
430
430
430
430
430
430
430
430
430
430
430
430
430
430
430
430
430
430
430
430
430
430
430
430
430
430
430
430
430
430
430
430
430
430
430
430
430
430
430
430
430
430
430
430
430
430
430
430
430
430
430
430
430
430
430
430
430
430
430
430
430
430
430
430
430
430
430
430
430
430
430
430
430
430
430
430
430
430
430
430
430
430
430
430
430
430
430
430
430
430
430
430
430
430
430
430
430
430
430
430
430
430
430
430
430
430
430
430
430
430
430
430
430
430
430
430
430
430
430
430
430
430
430
430
430
430
430
430
430
430
430
430
430
430
430
430
430
430
430
430
430
430
430
430
430
430
430
430
430
430
430
430
430
430
430
430
430
430
430
430
430
430
430
430
430
430
430
430
430
430
430
