430
365
367
369
379
368
384
371
371
378
386
375
374
382
364
377
371
381
366
370
382
376
382
378
387
372
375
377
385
382
378
388
375
367
366
371
376
366
376
377
380
390
369
366
374
390
375
362
377
385
378
373
384
368
375
376
383
373
367
374
374
366
369
380
379
376
376
369
379
380
383
371
383
381
380
380
384
374
376
365
393
388
388
383
374
367
386
378
377
377
375
385
382
375
391
383
374
370
374
384
361
373
379
381
383
371
383
382
369
376
384
367
377
380
374
383
365
378
373
394
362
375
377
383
366
370
379
380
378
376
381
385
377
369
372
381
367
381
367
373
388
381
383
380
374
384
361
377
371
387
382
383
381
367
383
380
383
383
374
375
372
371
376
386
381
373
377
375
372
380
373
386
378
367
371
375
376
382
376
380
377
389
374
381
371
374
376
378
369
375
373
380
371
373
380
382
381
373
369
372
374
358
366
371
391
368
367
382
376
382
382
375
367
381
386
381
386
377
386
373
374
379
373
373
374
361
371
370
375
377
365
387
359
368
371
381
372
380
382
371
381
378
378
385
380
379
367
369
376
379
381
385
369
380
378
378
376
385
371
381
382
383
388
379
367
381
379
369
381
374
374
376
373
379
371
377
382
391
370
378
376
379
389
368
374
375
371
380
378
377
378
360
371
368
386
380
360
373
375
369
383
379
367
378
370
365
376
387
369
372
365
364
385
367
376
376
364
376
375
371
385
386
371
377
377
385
382
390
366
378
372
384
379
365
372
385
382
373
385
382
385
385
373
385
378
378
380
378
380
379
384
378
366
371
386
385
378
372
376
376
376
372
380
378
373
374
369
376
382
366
371
387
380
370
384
365
378
375
371
375
365
368
373
381
371
379
381
376
366
370
373
374
370
365
371
385
375
375
384
376
366
370
384
385
377
376
370
374
369
391
376
373
386
385
379
384
370
370
377
387
380
376
374
379
378
378
380
386
381
383
372
369
376
392
367
386
393
372
379
387
372
380
386
368
374
362
364
377
361
373
379
378
365
384
375
380
371
369
372
382
381
384
377
373
371
382
378
377
381
375
372
370
379
372
381
376
375
385
381
363
378
376
375
387
379
376
377
375
369
379
382
364
377
377
384
377
395
385
373
375
377
385
369
366
372
368
367
364
366
369
382
380
384
373
380
390
364
374
369
366
386
384
364
377
382
381
375
380
384
380
379
380
362
380
378
382
378
368
372
363
364
384
385
376
377
386
379
382
370
375
381
369
378
364
371
378
379
377
363
380
382
377
377
386
382
368
380
377
375
372
365
384
373
384
374
373
363
378
373
384
384
366
384
354
375
370
387
390
371
375
382
378
377
378
368
378
380
388
394
375
380
366
367
364
375
368
387
386
370
375
386
376
381
381
371
388
391
390
364
381
383
369
381
383
393
380
385
377
376
365
381
389
362
378
382
377
376
368
378
378
374
373
374
388
384
379
380
377
387
366
376
373
378
392
381
374
371
385
371
382
378
380
390
378
383
385
376
385
381
378
376
385
383
378
391
373
380
375
368
374
376
369
367
370
366
384
373
379
374
381
365
379
381
376
370
378
369
380
369
375
376
378
380
385
378
379
374
367
358
383
373
383
381
379
365
375
375
385
380
378
383
381
370
377
363
371
392
376
373
385
376
371
377
375
380
383
381
383
373
375
377
380
375
375
383
365
376
370
375
374
364
373
380
382
363
378
374
373
370
376
374
368
361
358
372
386
372
370
369
374
379
375
365
355
367
375
372
379
376
369
382
384
375
375
382
375
375
374
380
376
373
381
374
374
384
374
360
365
381
376
374
362
367
368
372
368
368
365
376
372
381
380
370
368
372
386
381
377
381
369
373
380
384
371
377
384
375
384
376
368
389
384
384
378
384
377
380
368
369
370
379
375
380
382
373
385
387
374
365
383
375
388
371
386
387
374
376
369
386
392
376
376
376
380
383
372
373
371
361
370
366
372
371
375
377
371
369
379
379
384
379
370
375
371
382
383
379
359
382
385
384
371
385
370
372
368
366
360
368
375
374
372
382
368
370
366
379
379
382
383
389
380
381
369
378
373
365
378
375
377
384
375
372
380
369
380
383
365
380
370
379
365
371
377
369
369
361
376
371
378
372
364
371
383
387
375
379
392
377
388
380
366
380
369
386
386
365
372
381
365
369
387
376
387
372
378
377
375
377
364
380
384
377
368
368
379
357
373
390
374
372
377
380
369
381
369
368
377
354
380
381
383
389
377
374
363
384
364
369
370
373
365
379
367
378
378
376
386
373
376
378
366
391
387
366
379
382
375
379
373
390
381
380
388
377
379
371
373
381
364
391
381
371
387
373
376
371
382
382
380
385
370
364
372
383
375
374
374
379
370
357
376
374
388
390
377
384
370
377
365
377
371
389
370
371
384
381
373
384
380
377
377
374
372
378
371
371
380
373
371
379
382
368
375
379
380
385
368
374
364
377
372
361
371
373
379
364
373
377
380
377
375
376
380
371
381
370
384
376
380
365
374
375
374
380
376
379
378
379
375
374
372
382
380
367
373
380
382
381
386
374
385
379
385
371
367
372
375
380
367
370
370
384
385
367
371
378
373
378
375
369
373
388
381
365
379
386
379
382
374
377
380
376
372
378
378
372
374
369
386
373
374
385
375
384
371
372
378
378
384
367
383
370
376
385
383
384
384
369
372
383
390
371
378
382
390
375
378
375
373
378
369
372
368
380
378
364
372
371
378
390
366
368
376
374
375
379
375
382
381
377
368
386
378
370
372
383
383
381
382
374
383
364
377
370
393
386
374
371
384
376
379
367
380
366
377
377
369
367
379
366
384
401
409
411
416
422
423
423
423
425
425
426
426
426
426
426
426
426
426
427
427
427
428
428
428
428
428
428
428
428
428
428
428
428
428
428
428
428
428
428
428
428
428
428
428
428
428
428
428
428
428
428
428
428
428
428
429
429
429
429
429
429
429
429
429
429
429
429
429
429
429
429
429
429
429
429
429
429
429
429
429
429
429
429
429
429
429
429
429
429
429
429
429
429
429
429
429
429
429
429
429
429
429
429
429
429
429
429
429
429
429
429
429
429
429
429
429
429
429
429
429
429
429
429
429
429
429
429
429
429
429
429
429
429
429
429
429
429
429
429
429
429
429
429
429
429
429
429
429
429
429
429
429
429
429
429
429
429
429
429
429
429
429
429
429
429
429
429
429
429
429
429
429
429
429
429
429
429
429
429
429
429
429
429
429
429
429
429
429
429
429
429
429
429
429
429
429
429
429
429
429
429
429
429
429
429
429
429
429
429
429
429
429
429
429
429
429
429
429
429
429
429
429
429
429
429
429
429
429
429
429
429
429
429
429
429
429
429
429
429
429
429
429
429
429
429
429
429
429
429
429
429
429
429
429
429
429
429
429
429
429
429
429
429
429
429
429
429
429
429
429
429
429
429
429
429
429
429
429
429
429
429
429
429
429
429
429
429
429
429
429
429
429
429
429
429
429
429
429
429
429
429
429
429
429
429
429
429
429
429
429
429
429
429
429
429
429
429
429
429
429
429
429
429
429
429
429
429
429
429
429
429
429
429
429
429
429
429
429
429
429
429
429
429
429
429
429
429
429
429
429
429
429
429
429
429
429
429
429
429
429
429
429
429
429
429
429
429
429
429
429
429
429
429
429
429
429
429
429
429
429
429
429
429
429
429
429
429
429
429
429
429
429
429
429
429
429
429
429
429
429
429
429
429
429
429
429
429
429
429
429
429
429
429
429
429
429
429
429
429
429
429
429
429
429
429
429
429
429
429
429
429
429
429
429
429
429
429
429
429
429
429
429
429
429
429
429
429
429
429
429
429
429
429
429
429
429
429
429
429
429
429
429
429
429
429
429
429
429
429
429
429
429
429
429
429
429
429
429
429
429
429
429
429
429
429
429
429
429
429
429
429
429
429
429
429
429
429
429
429
429
429
429
429
429
429
429
429
429
429
429
429
429
429
429
429
429
429
429
429
429
429
429
429
429
429
429
429
429
429
429
429
429
429
429
429
429
429
429
429
429
429
429
429
429
429
429
429
429
429
429
429
429
429
429
429
429
429
429
429
429
429
429
429
429
429
429
429
429
429
429
429
429
429
429
429
429
429
429
429
429
429
429
429
429
429
429
429
429
429
429
429
429
429
429
429
429
429
429
429
429
429
429
429
429
429
429
429
429
429
429
429
429
429
429
429
429
429
429
429
429
429
429
429
429
429
429
429
429
429
429
429
429
429
429
429
429
429
429
429
429
429
429
429
429
429
429
429
429
429
429
429
429
429
429
429
429
429
429
429
429
429
429
429
429
429
429
429
429
429
429
429
429
429
429
429
429
429
429
429
429
429
429
429
429
429
429
429
429
429
429
429
429
429
429
429
429
429
429
429
429
429
429
429
429
429
429
429
429
429
429
429
429
429
429
429
429
429
429
429
429
429
429
429
429
429
429
429
429
429
429
429
429
429
429
429
429
429
429
429
429
429
429
429
429
429
429
429
429
429
429
429
429
429
429
429
429
429
429
429
429
429
429
429
429
429
429
429
429
429
429
429
429
429
429
429
429
429
429
429
429
429
429
429
429
429
429
429
429
429
429
429
429
429
429
429
429
429
429
429
429
429
429
429
429
429
429
429
429
429
429
429
429
429
429
429
429
429
429
429
429
429
429
429
429
429
429
429
429
429
429
429
429
429
429
429
429
429
429
429
429
429
429
429
429
429
429
429
429
429
429
429
429
429
429
429
429
429
429
429
429
429
429
429
429
429
429
429
429
429
429
429
429
429
429
429
429
429
429
429
429
429
429
429
429
429
429
429
429
429
429
429
429
429
429
429
429
429
429
429
429
429
429
429
429
429
429
429
429
429
429
429
429
429
429
429
429
429
429
429
429
429
429
429
429
429
429
429
429
429
429
429
429
429
429
429
429
429
429
429
429
429
429
429
429
429
429
429
429
429
429
429
429
429
429
429
429
429
429
429
429
429
429
429
429
429
429
429
429
429
429
429
429
429
429
429
429
429
429
429
429
429
429
429
429
429
429
429
429
429
429
429
429
429
429
429
429
429
429
429
429
429
429
429
429
429
429
429
429
429
429
429
429
429
429
429
429
429
429
429
429
429
429
429
429
429
429
429
429
429
429
429
429
429
429
429
429
429
429
429
429
429
429
429
429
429
429
429
429
429
429
429
429
429
429
429
429
429
429
429
429
429
429
429
429
429
429
429
429
429
429
429
429
429
429
429
429
429
429
429
429
429
429
429
429
429
429
429
429
429
429
429
429
429
429
429
429
429
429
429
429
429
429
429
429
429
429
429
429
429
429
429
429
429
429
429
429
429
429
429
429
429
429
429
429
429
429
429
429
429
429
429
429
429
429
429
429
429
429
429
429
429
429
429
429
429
429
429
429
429
429
429
429
429
429
429
429
429
429
429
429
429
429
429
429
429
429
429
429
429
429
429
429
429
429
429
429
429
429
429
429
429
429
429
429
429
429
429
429
429
429
429
429
429
429
429
429
429
429
429
429
429
429
429
429
429
429
429
429
429
429
429
429
429
429
429
429
429
429
429
429
429
429
429
429
429
429
429
429
429
429
429
429
429
429
429
429
429
429
429
429
429
429
429
429
429
429
429
429
429
