430
365
370
376
381
388
382
375
375
370
372
373
380
374
386
382
383
383
382
380
377
371
367
370
376
383
378
383
367
375
378
368
382
372
371
374
382
375
380
370
375
367
363
370
374
372
366
370
383
374
379
378
372
373
381
364
376
384
376
387
375
377
381
375
380
385
372
374
375
377
384
367
375
388
387
380
374
382
374
372
369
382
382
372
363
373
377
377
364
372
382
385
377
390
372
385
372
371
365
384
376
376
388
383
385
375
376
367
383
381
374
365
372
389
374
369
377
371
385
375
384
386
380
382
371
377
379
368
370
386
385
376
399
389
378
364
389
380
381
374
374
380
380
370
383
368
359
371
393
382
389
386
384
385
375
377
379
379
382
380
381
374
375
376
380
366
384
369
373
380
379
375
384
367
369
375
370
371
377
371
395
375
377
359
371
380
379
386
373
374
371
372
383
380
387
371
375
387
374
378
379
373
366
382
372
383
386
374
378
365
371
366
375
382
377
366
380
365
375
386
375
385
381
383
383
360
377
374
373
380
384
375
385
371
375
383
385
385
374
375
384
372
385
383
378
378
390
387
382
376
383
375
378
386
374
379
384
370
378
380
384
373
375
382
368
378
370
383
379
377
379
373
379
374
378
372
371
372
378
395
381
374
395
371
380
366
377
371
383
379
381
386
370
373
374
374
381
385
360
372
385
377
375
384
383
372
377
382
377
378
376
384
383
372
367
385
374
383
389
382
370
383
371
379
381
373
370
382
372
371
374
386
391
383
371
391
384
377
373
369
379
370
379
374
367
370
381
382
366
388
392
381
380
378
371
376
380
374
357
361
365
377
370
379
378
383
380
383
373
382
365
385
384
365
380
368
389
369
385
374
360
385
375
385
389
376
373
385
372
372
371
383
380
369
363
377
381
380
373
363
382
373
379
371
383
376
376
361
382
366
379
380
380
376
383
368
379
395
370
357
378
358
390
373
387
382
384
373
375
388
388
366
371
378
382
377
381
382
385
391
384
372
373
364
376
381
388
374
379
374
369
373
368
383
378
370
375
384
375
372
389
376
382
379
370
371
374
369
390
377
378
382
372
368
369
375
370
365
378
386
373
374
387
382
378
380
373
387
370
376
380
375
374
377
373
373
376
384
378
377
376
383
381
381
374
384
395
375
377
380
369
377
386
377
382
384
371
383
376
366
393
374
380
377
381
384
367
384
373
388
367
376
372
377
387
384
366
377
365
371
379
376
382
378
380
384
374
380
379
382
371
384
364
372
370
376
387
373
370
375
373
385
387
374
374
378
384
372
369
372
389
375
383
380
375
380
376
379
387
375
387
381
382
386
389
387
392
378
373
372
374
378
373
372
372
360
369
382
373
352
378
378
365
379
387
378
384
374
379
376
372
377
361
369
370
373
382
375
377
372
363
375
389
372
382
374
374
372
384
390
381
383
377
378
381
379
374
370
371
369
368
366
372
381
362
388
373
376
373
383
378
378
372
381
381
377
375
382
373
373
364
372
378
375
369
369
371
357
384
374
377
371
377
369
375
382
377
388
375
365
370
367
380
371
387
383
382
378
379
371
379
377
371
387
385
371
376
373
371
376
380
375
369
370
384
398
375
375
379
378
391
380
370
384
370
377
369
377
378
379
365
386
376
384
383
378
387
382
374
374
378
383
378
368
375
374
364
373
376
383
373
387
384
364
366
382
371
372
382
390
378
368
370
366
371
379
365
374
373
378
365
368
380
377
374
380
376
376
379
372
372
381
374
374
376
381
374
381
384
387
371
383
386
371
381
390
381
385
371
382
368
377
371
383
371
380
365
384
389
374
385
382
380
375
383
379
382
372
387
379
375
380
374
394
381
387
378
377
373
389
368
375
369
369
385
376
384
373
398
389
372
372
374
362
382
371
378
375
377
365
374
368
378
379
380
382
383
379
385
377
387
377
374
371
385
375
375
376
379
386
375
384
377
387
381
376
368
373
378
373
382
367
364
370
367
375
386
381
385
381
374
384
381
371
371
381
381
376
369
374
382
367
384
366
373
375
361
372
366
372
368
383
378
370
366
378
376
380
365
375
378
376
384
378
374
380
383
379
372
357
370
383
375
393
371
372
362
366
377
379
380
383
369
374
382
378
374
370
376
382
381
378
377
370
374
380
379
383
383
368
374
371
366
374
379
368
358
376
369
386
368
374
380
380
372
368
382
385
373
355
377
383
375
371
377
387
376
372
383
369
377
377
392
381
371
369
387
368
380
382
372
387
370
363
381
375
377
371
366
386
374
367
369
382
371
385
375
367
369
389
390
371
383
388
387
379
381
378
371
378
378
376
379
376
379
373
370
371
372
385
377
378
391
381
370
377
376
372
374
376
369
369
381
370
381
389
372
385
379
362
373
370
375
389
375
369
384
366
384
385
378
378
378
381
382
378
374
379
375
373
377
373
376
367
378
375
370
365
384
368
381
373
383
376
385
368
388
382
382
364
376
378
374
371
383
376
377
388
382
380
376
381
385
366
376
385
381
374
365
380
383
380
387
372
384
388
373
383
382
385
384
386
379
384
373
382
366
384
385
371
376
371
380
365
374
392
385
389
361
375
375
381
386
369
373
378
383
391
368
377
387
387
374
373
371
363
380
373
393
369
374
377
381
373
381
377
384
375
387
383
380
380
363
370
376
375
382
373
368
372
384
389
371
366
377
386
374
379
374
371
372
385
376
380
373
377
374
388
380
376
382
381
379
379
375
380
377
369
373
374
377
388
380
383
376
390
373
372
386
379
376
380
371
376
374
381
384
382
382
380
375
381
372
389
375
370
362
374
382
376
378
380
380
382
379
375
378
372
379
374
373
382
382
382
384
386
379
365
381
370
381
382
384
370
369
377
379
372
372
385
382
386
374
376
380
375
374
380
376
373
379
381
377
377
390
380
378
386
369
381
367
376
375
366
380
367
376
383
390
379
376
387
371
373
388
369
386
386
388
378
369
376
394
385
368
377
377
378
377
380
382
380
381
398
377
374
384
387
378
386
386
387
372
369
376
381
368
386
380
382
375
375
374
384
382
372
370
376
379
371
386
379
383
368
379
385
391
388
371
386
382
378
381
380
382
385
370
369
385
389
393
376
377
376
389
382
385
373
373
377
379
386
388
380
396
373
377
388
382
372
384
370
380
392
375
382
385
381
382
375
388
377
378
386
380
389
383
369
384
396
379
387
381
375
382
380
371
382
382
378
380
385
375
382
377
387
364
377
373
379
376
368
356
383
382
378
377
389
380
371
382
386
379
382
374
378
383
376
369
385
394
381
361
374
372
373
379
385
378
374
387
366
368
374
381
390
374
376
383
390
380
382
378
381
371
386
380
389
367
385
377
374
376
380
377
373
383
377
380
367
372
397
387
378
372
390
372
392
378
377
369
378
382
380
379
386
390
376
393
392
388
387
382
377
386
380
382
380
389
378
382
377
374
383
387
390
390
383
377
385
387
382
391
386
377
381
378
373
375
372
375
377
382
392
381
373
380
379
380
377
374
389
380
375
382
378
379
382
387
382
375
387
384
373
385
381
375
384
372
384
391
366
386
376
392
381
371
383
389
382
374
382
377
368
388
384
391
387
384
377
381
380
388
381
383
386
395
391
376
387
387
378
370
379
399
382
384
392
374
391
368
376
377
389
387
377
377
392
375
385
393
389
382
386
384
387
374
381
378
381
378
377
382
391
389
391
379
392
384
384
376
386
391
400
378
381
389
379
379
380
386
367
381
374
370
379
376
372
388
384
382
391
390
397
384
383
389
394
388
393
387
386
386
392
387
384
368
389
383
380
381
390
376
387
381
381
375
385
381
378
392
386
385
379
378
382
371
382
381
396
395
399
388
387
383
387
390
388
383
378
390
394
382
384
395
375
383
391
367
383
377
380
389
387
392
389
377
385
387
369
370
380
383
380
397
393
379
382
386
378
382
383
390
383
385
396
385
387
384
386
389
394
394
397
373
389
385
385
381
380
388
383
390
371
386
387
384
383
393
386
386
382
381
381
388
390
387
395
387
383
370
385
387
386
387
380
386
381
375
369
388
388
385
379
387
381
381
386
386
391
383
394
385
382
395
388
392
395
385
385
385
394
385
389
383
385
385
385
397
377
380
387
389
372
384
381
380
380
388
390
384
384
379
383
390
384
387
383
373
393
387
392
378
383
389
388
395
397
393
387
379
387
390
392
387
376
385
390
384
384
391
381
384
385
400
378
391
381
386
382
389
383
380
383
380
378
386
392
391
387
385
396
394
383
395
391
399
382
382
389
386
380
383
385
392
394
379
376
393
392
387
388
398
393
390
384
391
377
391
384
382
390
395
403
393
384
372
382
380
390
391
377
384
380
371
389
396
388
391
385
381
382
389
385
387
384
384
400
378
382
382
389
393
388
393
392
391
407
401
402
390
388
385
397
393
391
378
388
392
385
401
391
387
388
377
385
389
396
393
394
386
392
386
389
387
385
390
383
393
389
393
377
396
389
376
383
387
395
390
391
395
400
393
380
398
390
388
400
393
388
391
387
391
398
393
389
382
392
398
388
383
385
389
386
389
391
392
395
391
399
391
394
382
390
384
392
391
397
398
395
396
393
398
394
394
400
391
395
391
396
398
403
399
391
392
396
395
389
394
395
393
392
394
391
390
391
399
391
391
389
387
397
392
399
387
400
401
391
389
389
385
391
390
386
392
401
398
398
398
390
391
386
400
398
399
393
384
389
391
385
391
396
395
380
393
396
396
390
395
396
395
390
393
399
392
398
400
399
401
387
390
395
387
387
394
391
396
389
391
386
388
396
394
395
384
389
402
389
392
397
386
397
393
388
393
390
392
398
388
390
384
392
399
377
383
384
401
395
399
400
400
396
393
409
392
406
387
397
388
385
400
389
394
387
388
394
399
395
391
386
396
402
403
398
396
397
391
394
394
390
395
396
391
399
399
396
399
394
397
391
390
398
397
390
398
382
394
400
402
397
391
402
398
392
402
391
399
401
393
404
398
396
396
402
398
398
395
389
392
398
391
394
387
399
397
392
402
402
395
382
392
397
402
391
404
405
401
398
391
397
395
395
399
400
401
395
399
394
387
405
394
395
400
393
400
406
395
400
400
393
395
396
402
398
400
402
409
401
395
398
403
403
399
398
396
395
392
395
389
395
401
400
398
393
388
407
395
397
398
404
407
408
387
397
398
399
403
404
396
395
403
396
390
391
392
397
392
399
404
402
396
397
402
396
391
400
399
396
395
394
391
389
399
400
402
404
395
395
398
412
404
411
400
403
400
399
403
402
407
400
405
409
404
405
404
412
400
401
404
406
402
397
401
405
407
410
402
405
401
395
403
403
405
405
408
408
409
402
397
401
406
395
398
394
402
404
393
403
409
410
406
406
401
399
403
402
397
411
405
404
401
403
405
410
409
404
409
411
409
407
403
404
407
413
409
402
399
402
407
401
401
399
400
400
411
408
404
406
411
411
405
407
402
401
405
408
402
403
403
404
406
402
401
399
399
408
401
399
406
416
411
403
398
404
403
404
407
402
401
408
400
405
409
409
406
409
410
399
405
410
405
406
407
405
400
409
402
398
407
399
401
411
405
402
407
411
407
410
404
401
413
406
411
406
406
402
409
405
403
403
396
405
405
408
402
396
403
404
414
410
416
