430
366
385
376
371
373
370
386
377
370
375
378
374
380
378
382
377
375
362
381
376
381
381
385
376
384
380
368
370
373
379
361
388
377
379
369
381
371
383
379
379
372
377
370
374
372
386
385
382
381
382
382
388
377
378
383
380
371
377
376
371
370
381
379
360
377
376
371
371
372
375
385
365
379
371
366
368
378
371
373
380
368
369
378
369
377
383
390
389
383
372
379
372
377
371
375
377
374
382
366
370
380
380
381
367
366
373
385
379
369
376
370
375
387
391
378
373
371
383
380
385
387
380
370
373
380
372
383
367
373
382
378
368
374
374
378
383
382
377
379
377
374
380
383
376
377
383
370
377
383
379
387
374
374
369
386
381
379
383
378
375
375
373
378
381
369
372
382
371
385
374
376
381
373
379
392
377
378
367
378
381
381
378
378
377
387
380
362
378
374
369
376
378
378
373
372
360
370
374
370
378
372
366
372
375
378
379
370
382
372
379
375
383
385
378
372
381
370
381
372
384
377
376
380
371
378
376
377
370
386
371
386
380
382
376
380
381
373
361
373
373
373
375
380
379
382
380
371
377
367
366
374
377
378
384
382
381
373
358
386
376
385
375
376
375
373
374
379
373
381
381
378
374
378
387
361
381
369
376
378
384
381
375
381
373
376
383
382
385
383
363
375
375
373
382
359
367
370
385
382
382
371
379
366
373
376
380
383
372
370
375
376
371
372
383
369
368
383
370
383
370
377
386
371
377
375
387
382
383
379
387
380
377
376
376
373
380
364
381
380
377
370
382
376
386
377
368
382
376
383
381
382
395
385
387
377
368
388
379
370
371
388
386
372
379
367
372
382
381
374
364
365
383
374
374
367
375
386
366
380
375
382
382
370
372
381
370
374
372
379
383
385
387
379
380
386
370
368
367
383
385
375
374
374
387
378
375
366
365
372
385
384
386
382
366
373
385
372
380
373
382
394
382
380
384
379
375
363
386
378
369
371
368
372
374
390
384
363
374
378
378
370
375
373
370
384
374
379
374
380
374
373
369
387
375
368
373
375
380
386
371
381
385
384
385
373
377
378
375
373
380
371
370
382
383
381
382
375
382
385
370
386
370
369
372
380
370
383
376
383
381
376
372
382
372
380
386
386
367
362
379
378
371
381
393
381
376
384
378
368
373
378
373
374
375
368
391
354
368
391
383
384
370
370
383
378
370
379
373
370
386
382
376
382
380
367
375
375
380
369
380
383
377
368
374
379
370
375
381
370
378
360
382
372
369
386
385
378
366
375
381
378
388
386
379
365
371
371
387
374
380
380
368
377
371
376
363
366
372
379
376
381
381
366
375
366
381
380
379
381
384
377
379
381
386
375
387
380
383
369
376
372
362
381
372
373
375
378
377
372
384
383
367
369
373
360
381
374
380
373
365
376
375
379
379
384
373
372
364
369
372
365
382
372
373
368
378
370
383
374
379
377
381
369
376
383
392
384
374
374
374
378
371
381
366
383
362
377
375
383
382
382
384
380
375
376
370
368
383
374
371
377
375
372
372
383
375
387
394
372
369
382
385
366
370
387
371
390
370
368
379
382
368
392
378
376
376
384
375
382
373
397
382
380
371
365
376
386
387
383
382
373
365
373
377
375
379
379
386
379
379
383
380
375
390
364
383
381
378
394
367
382
372
375
385
370
367
376
384
372
377
371
389
367
386
383
370
389
373
384
367
381
385
379
388
374
372
381
375
366
389
369
385
380
377
368
386
384
364
380
379
376
370
388
378
380
380
385
385
368
379
377
364
378
379
377
363
374
376
367
374
375
359
378
379
369
387
379
386
369
376
368
389
389
371
384
379
374
378
379
382
380
372
374
383
389
378
366
384
381
376
376
383
396
386
382
390
366
374
380
375
374
375
377
368
372
377
369
366
367
380
375
385
371
373
383
382
381
374
380
378
381
375
372
375
377
368
378
378
373
373
379
369
383
384
383
397
374
371
374
371
383
381
377
378
379
382
372
363
376
375
383
380
380
381
371
375
370
376
384
371
369
378
383
380
368
381
373
374
393
370
383
386
372
371
380
374
376
371
358
378
386
378
381
381
379
375
383
377
380
370
372
382
372
373
376
384
376
371
376
377
378
384
365
365
376
370
382
363
379
368
374
371
382
375
372
385
377
381
373
378
382
381
377
366
378
371
373
362
382
380
391
385
381
380
378
372
374
380
382
383
384
381
375
369
358
377
377
383
377
375
383
379
369
377
389
379
372
383
371
381
386
379
366
378
364
381
391
374
367
373
372
355
385
376
379
379
382
392
380
363
376
376
382
380
385
380
369
385
373
376
381
379
375
375
367
358
377
381
378
381
369
381
372
373
381
371
377
362
378
384
379
368
380
365
382
392
379
372
375
372
377
377
382
377
367
376
375
366
369
372
369
370
373
372
372
379
387
373
381
373
377
382
382
375
379
372
378
376
382
383
386
374
375
389
363
398
380
371
375
383
371
383
368
380
378
389
380
375
377
366
393
378
385
371
384
367
371
384
369
359
378
385
382
375
368
388
385
372
362
386
383
372
378
376
374
377
386
374
392
377
383
383
382
378
376
381
379
373
368
382
380
382
372
379
372
385
370
374
387
374
369
379
383
388
384
385
370
376
376
390
389
383
371
365
378
377
381
386
381
368
374
387
377
376
381
374
374
375
373
376
381
389
371
373
376
374
368
379
366
370
377
375
378
363
381
375
381
374
369
387
372
380
376
383
383
381
385
378
378
378
367
374
378
380
374
378
365
383
374
377
376
378
367
384
382
379
387
374
387
372
374
384
376
376
379
383
374
372
372
393
372
378
371
373
384
378
369
379
378
373
367
374
380
372
391
365
366
383
371
366
367
371
385
377
370
371
379
378
374
382
378
371
382
382
383
382
371
368
388
383
391
383
381
380
379
379
378
374
376
381
387
367
362
390
374
370
375
379
372
383
367
382
373
379
383
370
372
379
381
383
377
367
380
378
378
379
377
381
377
363
374
377
380
376
383
369
377
376
373
378
375
374
380
374
376
376
377
369
380
385
377
370
383
374
361
378
364
368
378
370
376
390
371
385
378
388
382
388
375
377
388
380
374
387
368
380
375
378
372
374
376
382
391
378
378
370
390
352
394
379
388
377
371
375
377
367
360
374
376
366
375
375
379
382
382
379
370
380
382
383
385
365
374
383
376
380
369
377
387
383
379
373
361
386
384
375
378
378
382
373
380
380
379
386
371
379
377
388
384
377
370
375
386
375
369
366
382
375
370
386
374
385
377
382
385
377
374
382
384
375
377
374
373
372
377
377
378
376
375
379
368
378
377
368
380
384
383
381
374
386
382
367
378
375
382
369
377
372
386
377
379
381
375
380
360
373
377
381
373
377
370
387
375
373
372
383
382
369
376
376
373
378
385
370
377
380
378
380
369
373
379
385
384
377
387
371
380
376
377
378
376
369
387
387
380
369
380
376
368
379
380
376
374
387
366
362
363
376
375
381
377
372
380
381
376
367
383
385
385
385
383
369
375
366
373
381
363
362
375
377
385
390
375
372
380
382
379
371
376
385
375
363
377
370
380
369
377
377
370
380
382
384
377
376
376
385
385
373
363
380
379
379
375
386
380
384
373
371
377
376
371
371
381
378
372
378
386
381
378
372
382
383
385
374
363
370
376
378
373
375
383
374
373
384
373
361
387
374
366
384
377
380
383
369
381
381
382
372
375
365
382
374
369
379
372
381
363
383
377
377
376
379
372
374
381
365
380
377
369
369
373
371
380
382
391
372
366
360
367
377
376
374
372
370
383
368
375
374
371
388
383
379
382
370
378
381
385
365
378
381
368
377
392
371
377
384
373
383
370
378
380
380
378
383
377
367
381
376
373
374
383
372
380
386
380
387
370
369
377
365
382
374
370
383
377
375
385
368
381
374
383
382
371
389
366
368
369
373
384
374
375
380
370
376
370
371
372
372
387
380
384
378
391
377
376
365
373
378
371
381
374
385
380
384
379
372
379
387
374
377
371
378
385
383
386
381
374
377
377
379
374
377
380
375
374
373
379
382
380
387
384
383
381
381
376
383
378
373
388
378
369
379
383
368
383
372
367
365
376
386
370
379
374
374
382
385
370
375
383
385
375
364
368
379
381
391
382
376
373
372
378
370
367
376
371
384
377
379
371
378
379
368
372
374
369
365
376
379
373
392
364
370
379
375
371
371
379
371
376
369
380
365
371
384
381
379
382
370
389
379
379
375
372
384
364
386
380
375
383
380
383
380
375
369
372
363
369
376
383
367
385
384
377
379
383
373
381
380
375
380
377
382
394
379
370
365
381
371
381
375
383
373
384
390
388
381
385
370
372
372
377
369
373
380
372
377
369
370
389
383
372
368
360
386
380
373
375
378
379
383
386
382
371
373
372
376
380
366
374
372
376
367
366
370
382
377
388
378
387
368
373
378
377
375
383
382
382
360
370
385
381
379
376
379
386
368
377
378
366
388
368
379
384
375
383
372
386
390
381
369
388
382
374
385
381
374
375
379
376
385
376
377
375
373
375
380
372
382
386
373
372
376
379
365
380
377
379
363
383
375
382
377
376
378
384
371
388
382
373
374
382
361
375
382
381
377
371
359
374
380
368
371
380
381
382
377
388
377
371
369
377
381
386
382
370
371
374
376
380
377
380
387
383
373
389
374
386
383
363
370
381
373
380
369
381
382
376
378
380
380
384
367
388
377
364
384
370
377
374
382
379
369
364
373
361
392
374
380
387
387
383
367
383
372
396
383
370
372
378
374
368
371
367
380
382
371
375
371
367
365
382
380
380
381
385
374
383
382
365
381
386
375
371
372
386
379
382
382
384
364
378
379
359
375
370
378
380
372
376
382
376
383
384
380
379
376
377
374
372
391
366
387
380
363
373
376
377
365
375
373
372
371
381
376
391
388
379
365
375
376
374
377
387
383
373
380
385
386
381
397
388
375
380
370
378
373
391
390
390
373
373
386
373
389
390
373
379
383
377
381
380
379
382
374
382
376
384
385
387
376
382
376
378
380
382
388
376
392
374
382
374
369
378
381
380
380
364
384
392
381
372
375
379
378
379
383
384
373
386
372
377
389
373
382
380
383
375
371
369
374
385
372
372
371
374
381
366
375
376
374
393
372
365
378
374
375
390
391
370
378
365
381
378
376
370
380
375
388
370
380
377
369
386
380
376
384
387
387
383
370
376
389
389
392
381
385
380
386
381
375
365
371
386
378
374
377
379
388
374
383
385
379
376
391
377
368
382
387
375
395
372
373
385
383
383
385
386
377
383
382
366
380
378
372
385
386
375
387
380
380
373
371
381
374
372
376
378
372
387
380
381
389
380
381
384
388
391
374
375
374
385
377
381
385
378
381
373
387
384
381
376
380
382
369
377
384
386
383
387
380
386
364
384
372
377
381
368
385
385
385
388
375
367
372
379
376
375
391
388
365
378
378
377
383
385
374
386
373
375
379
388
374
386
369
384
386
376
369
400
383
381
391
391
384
383
383
389
380
387
368
380
372
372
375
383
386
372
379
379
393
382
388
378
386
387
379
383
392
387
386
396
393
394
395
394
382
386
387
390
384
389
393
391
395
389
388
380
393
389
395
391
388
395
408
403
410
406
402
406
399
397
401
410
407
412
416
415
420
422
422
