430
364
373
376
383
385
362
377
379
379
388
381
375
372
385
384
370
372
385
373
369
375
367
372
377
374
371
379
372
380
373
384
371
378
381
371
377
369
368
372
368
368
375
382
373
383
372
373
380
368
376
376
381
374
391
380
371
359
388
368
387
385
371
370
382
379
369
388
375
380
379
367
376
373
372
374
378
372
376
379
379
382
373
379
382
370
375
374
376
379
376
373
369
366
378
372
383
381
391
377
374
359
380
372
391
378
377
378
382
380
379
383
384
382
393
369
372
386
378
376
374
366
373
385
368
383
376
380
379
385
375
379
369
381
368
370
359
376
385
373
377
372
380
365
378
370
369
392
377
376
382
378
361
385
368
371
380
370
373
374
372
379
381
376
365
370
380
364
377
382
376
380
373
376
376
379
371
386
382
380
367
379
369
385
377
374
376
378
370
372
369
377
359
367
367
375
378
372
387
367
357
374
372
369
370
376
378
371
383
369
373
361
358
360
367
373
368
379
372
391
384
376
382
379
373
384
379
380
380
385
384
374
379
371
374
380
371
375
383
377
384
367
362
366
375
377
378
373
374
381
390
378
380
382
370
376
372
377
393
376
366
368
372
395
375
376
381
376
381
373
374
386
383
376
376
377
382
387
377
370
376
383
375
374
356
368
380
368
370
378
381
382
372
378
373
382
385
382
381
377
383
372
374
374
383
379
375
379
375
380
384
376
374
378
380
379
363
379
382
373
379
375
376
372
374
376
373
369
380
377
366
371
378
379
374
386
367
382
381
381
374
381
377
372
369
372
381
383
381
370
378
383
379
384
371
385
377
385
373
384
373
374
373
375
380
370
382
364
365
378
376
378
379
384
369
375
371
364
386
361
382
384
369
376
373
386
377
378
377
381
380
376
366
374
382
386
372
374
376
378
380
384
375
380
383
373
379
378
378
361
377
377
376
384
374
367
356
366
375
371
378
382
381
379
379
383
374
382
369
373
367
373
373
377
366
369
369
380
380
371
370
371
390
374
375
374
390
379
383
377
373
374
374
375
377
380
370
380
369
381
380
362
361
381
376
367
377
373
392
383
355
376
369
382
377
374
382
391
372
373
372
377
372
377
380
376
363
388
387
394
384
383
377
374
382
369
373
376
375
387
372
381
377
386
388
390
383
375
375
379
385
389
368
372
375
374
381
372
385
371
364
362
355
386
379
378
385
383
370
373
382
374
389
381
371
387
373
377
369
381
374
378
376
388
390
375
377
372
374
369
385
364
382
367
369
388
381
381
383
375
382
377
374
383
381
384
380
393
379
387
372
372
368
365
381
376
388
388
380
384
380
367
371
379
373
367
371
366
381
380
373
386
391
369
375
383
384
382
382
380
373
379
389
385
379
374
372
365
370
381
368
365
375
376
370
381
368
383
374
378
380
396
362
371
370
372
372
379
370
372
367
371
375
368
371
378
373
377
368
387
379
367
377
374
382
377
386
371
393
378
372
378
378
372
363
385
386
379
375
384
379
371
374
392
384
382
376
384
369
380
374
380
388
386
370
381
374
375
380
374
374
380
386
381
386
376
376
361
383
381
376
379
372
372
370
369
392
377
368
377
380
391
378
380
385
377
383
370
374
376
370
369
376
377
375
377
379
372
374
372
365
375
369
379
379
372
377
387
389
387
373
388
368
384
391
378
371
382
376
372
383
375
379
379
378
361
382
374
372
370
366
372
379
389
374
370
381
364
375
376
366
380
383
383
386
379
372
369
378
380
369
381
366
383
386
384
376
384
381
371
375
377
383
372
366
376
378
379
389
379
380
384
374
377
376
372
370
372
379
371
383
384
380
377
367
377
376
382
387
386
379
377
370
371
383
380
382
361
382
377
389
378
372
370
382
374
366
376
382
379
361
376
373
378
382
368
378
385
377
379
384
390
368
382
384
384
384
370
385
382
379
378
373
378
384
371
373
372
371
378
386
380
400
378
373
375
381
362
373
380
381
370
366
372
363
377
377
372
382
387
380
366
388
384
385
383
382
370
373
363
375
372
378
371
371
379
384
366
384
377
380
369
373
369
379
383
377
380
373
372
366
356
379
373
387
374
374
375
374
380
379
381
387
383
378
377
382
362
383
381
380
387
366
378
364
385
378
374
371
377
372
385
374
379
386
373
377
381
376
375
384
376
383
378
388
382
368
374
366
372
373
374
381
378
376
374
369
366
379
383
371
389
384
381
380
383
371
372
374
377
383
383
386
383
369
387
383
373
385
365
372
386
374
376
378
368
374
377
380
374
376
382
382
378
382
386
377
367
386
387
370
378
382
365
382
380
370
373
371
368
379
375
378
377
371
375
385
375
378
383
370
376
376
373
375
389
375
375
375
381
363
369
381
374
384
373
381
374
371
364
380
376
388
379
375
371
388
389
380
374
391
378
381
382
376
370
386
379
379
372
383
380
368
370
372
381
384
380
376
380
388
387
374
372
379
387
373
372
364
380
382
367
379
382
370
375
383
372
377
376
378
373
376
370
379
366
377
378
370
362
379
369
387
369
381
377
380
372
379
377
378
371
377
378
373
363
377
370
381
374
380
384
381
372
381
383
380
377
364
370
373
375
376
384
373
379
377
368
374
368
376
366
368
394
378
380
377
372
372
359
382
373
378
361
386
384
374
386
378
376
377
380
371
371
370
380
370
376
365
362
380
369
379
381
387
380
379
369
388
381
374
384
381
387
376
383
361
371
386
375
361
388
383
385
384
387
380
361
375
373
376
374
373
369
375
373
378
379
375
374
375
375
374
373
362
365
378
375
368
380
384
368
397
370
371
376
376
366
380
378
376
371
388
387
375
380
374
387
378
374
367
375
374
373
379
379
371
364
381
379
371
372
370
380
374
382
375
376
380
379
377
381
368
384
382
388
378
370
369
374
379
375
371
379
372
379
368
365
384
382
371
385
379
379
381
379
377
375
385
367
374
369
369
373
378
375
372
371
362
378
383
383
366
380
378
369
376
379
379
376
379
382
374
390
368
384
385
367
384
384
381
368
377
380
384
381
386
377
369
380
375
384
375
365
377
379
370
368
364
383
365
388
382
374
372
385
383
391
386
361
374
380
370
387
382
367
368
391
368
372
362
370
383
369
375
380
377
379
384
378
388
373
376
386
380
375
380
380
368
374
374
370
388
383
379
376
372
372
381
372
383
370
366
369
377
369
374
383
358
380
384
381
373
374
386
386
389
371
372
372
383
371
381
385
387
379
376
383
378
386
386
380
374
370
365
386
375
375
370
377
374
376
376
376
385
376
381
383
386
376
370
382
387
378
367
379
374
367
378
377
371
385
373
380
375
380
383
378
366
380
376
377
361
380
368
378
379
377
388
372
372
360
379
381
373
367
369
368
378
384
372
372
373
379
374
374
372
374
372
377
377
384
377
384
387
381
380
391
396
375
368
385
379
389
377
372
378
386
374
359
377
382
374
378
374
387
371
378
383
383
386
381
369
365
380
376
386
380
384
375
365
378
384
380
372
382
383
373
373
380
372
377
376
371
375
383
377
383
380
375
378
382
390
372
389
384
377
385
385
377
375
376
381
380
373
383
376
391
379
367
383
378
375
374
375
382
376
379
370
379
377
383
384
372
374
381
382
374
378
379
365
374
380
369
380
377
381
374
371
385
377
379
380
380
384
372
375
381
387
377
380
372
372
373
377
383
377
375
374
377
379
380
375
377
363
374
370
364
360
364
365
375
374
373
376
384
366
384
369
383
373
375
369
381
358
384
380
376
373
373
373
372
371
380
384
375
375
375
388
384
375
384
372
370
375
370
366
364
381
377
378
385
377
367
378
370
371
386
379
375
390
375
382
376
366
373
381
371
367
384
376
371
362
377
379
372
369
366
377
369
384
379
381
392
375
381
389
377
365
367
380
354
370
371
371
384
384
385
378
362
387
380
365
369
371
373
386
381
386
372
380
381
388
367
361
379
377
371
387
384
379
376
379
377
375
380
382
375
380
377
387
378
378
380
378
375
394
383
375
383
386
366
369
379
377
380
383
379
373
383
371
377
362
371
375
374
389
375
369
365
376
387
387
391
377
370
372
388
376
376
383
372
374
388
372
378
374
374
380
379
377
384
377
394
373
377
373
374
388
390
390
375
385
380
371
378
384
382
374
376
369
373
366
361
368
380
370
365
382
380
374
394
362
376
378
373
365
371
377
374
363
365
380
372
396
383
379
378
373
371
382
375
385
379
374
369
386
363
372
381
372
384
377
375
374
380
378
388
381
365
373
389
373
384
381
385
374
378
381
372
374
381
380
375
366
378
388
368
384
371
368
382
374
375
379
381
370
381
378
376
371
378
388
388
375
371
376
378
363
366
357
371
383
383
376
369
368
383
374
377
370
364
384
379
389
372
372
370
376
367
381
379
368
383
370
378
387
378
368
369
368
392
390
373
380
377
385
378
378
377
378
385
393
376
372
388
389
374
384
381
378
391
383
366
366
382
380
398
369
361
370
367
375
384
381
387
361
378
369
379
375
388
375
376
382
385
382
368
370
377
367
374
372
379
376
382
365
372
382
378
378
367
378
370
379
381
366
376
380
384
379
381
360
378
383
388
369
384
379
378
366
373
374
366
376
374
385
386
375
378
386
376
375
368
380
375
377
384
378
378
388
377
386
387
385
373
380
377
362
370
379
379
376
382
374
377
371
376
383
368
387
372
382
375
376
379
384
390
377
392
387
380
384
366
390
378
380
377
385
379
377
382
376
376
379
384
375
368
370
364
372
388
377
381
382
384
376
382
379
378
367
382
374
370
394
386
376
379
377
378
380
379
378
379
381
388
377
370
377
378
370
392
374
375
380
381
381
373
387
378
365
381
382
377
379
378
388
372
370
377
365
368
369
378
379
384
390
387
377
376
380
375
373
378
375
371
380
384
378
374
379
388
374
364
380
367
370
380
378
367
387
384
375
382
374
375
382
378
368
365
363
384
376
376
388
387
374
373
373
374
366
383
384
379
375
367
385
371
369
364
385
368
382
375
376
375
378
374
379
374
380
370
382
395
378
369
372
380
385
378
377
379
381
372
360
375
372
381
373
374
382
364
368
373
363
375
378
379
362
384
383
380
374
382
387
382
366
377
377
374
369
381
380
372
384
384
377
374
375
379
384
372
380
370
365
378
378
372
370
362
385
367
380
388
368
367
376
376
385
370
387
384
353
365
385
376
374
380
379
383
369
380
383
376
382
367
376
376
380
380
387
375
378
385
369
381
369
385
383
372
367
372
379
373
381
375
383
383
382
378
370
373
381
382
367
382
377
368
385
382
383
378
375
380
384
383
372
380
373
375
381
377
372
382
381
387
379
377
383
389
380
381
373
371
377
382
379
372
377
372
382
375
369
370
378
366
379
383
380
377
375
375
373
382
386
375
369
365
369
368
393
374
376
359
367
392
390
376
384
382
377
378
386
369
371
363
371
364
390
384
376
377
386
371
374
375
372
388
378
382
368
371
377
384
402
372
379
386
379
380
378
364
383
382
369
377
374
369
378
383
376
377
366
364
374
375
390
373
372
365
387
379
376
387
373
373
377
370
376
382
385
384
376
366
367
371
379
378
373
373
370
376
356
371
378
389
374
368
371
382
376
378
385
372
375
363
379
362
376
379
376
375
366
384
365
390
388
384
369
367
403
