430
366
371
379
366
375
380
386
371
383
374
378
363
376
379
376
380
376
382
381
375
382
377
363
367
382
389
374
376
371
374
380
379
364
376
378
382
381
377
383
374
381
379
386
380
375
384
368
382
387
381
379
361
373
370
373
371
390
390
391
370
375
378
368
375
373
374
368
377
383
382
380
372
378
378
358
381
378
382
377
366
373
373
376
382
383
381
379
374
371
380
380
385
372
365
381
384
380
368
372
370
366
377
375
371
367
388
384
373
383
385
370
380
388
375
374
388
376
368
377
368
371
379
384
375
374
369
377
359
370
367
380
377
373
381
373
378
374
385
365
365
379
375
372
375
378
379
374
382
379
373
387
377
383
386
390
371
389
387
380
382
376
380
385
383
384
382
385
374
371
370
383
375
369
378
371
366
380
369
376
366
375
370
369
376
372
377
370
376
374
363
373
374
378
378
380
375
381
378
385
378
374
372
377
387
379
364
380
370
375
379
375
372
381
371
385
371
382
373
393
364
375
376
384
385
379
379
379
386
374
380
384
382
373
370
367
375
377
384
378
373
371
374
368
378
361
374
384
379
373
367
374
367
369
375
374
379
391
374
375
381
370
387
379
373
374
367
382
370
376
369
372
387
371
388
385
387
389
374
369
371
376
383
383
371
372
377
376
375
384
376
380
384
385
376
382
378
375
383
373
374
379
377
376
375
371
372
377
380
388
379
391
383
372
374
380
383
376
370
374
380
378
377
377
384
377
370
376
375
375
376
369
371
372
376
374
377
377
374
379
372
371
386
379
387
369
369
373
375
383
377
373
363
373
372
376
356
382
381
380
380
381
388
377
373
386
378
379
366
377
368
377
375
377
372
389
375
376
380
376
373
367
383
374
374
380
368
377
372
379
369
377
377
362
369
378
383
372
365
372
367
383
385
386
381
380
372
375
379
384
379
379
371
382
379
379
370
374
370
376
374
373
379
371
389
369
379
385
382
366
386
371
385
379
369
388
384
374
372
360
383
373
370
374
368
376
371
387
376
385
378
371
379
381
380
385
373
375
391
374
375
393
386
389
377
382
382
384
371
374
371
369
369
364
376
370
378
384
378
372
382
380
382
368
375
383
381
369
376
378
381
365
379
372
368
384
370
373
369
387
379
380
383
370
382
381
379
365
375
382
383
382
385
379
379
384
376
385
385
381
385
380
372
380
366
375
379
376
389
379
367
381
368
383
382
378
375
374
378
376
378
360
367
377
387
377
381
367
375
381
374
369
381
375
381
373
380
379
376
380
379
376
378
363
374
373
366
384
376
379
375
383
380
364
371
382
380
390
372
371
375
382
365
374
375
378
369
382
386
377
376
379
377
366
381
381
386
376
381
373
384
380
379
368
375
370
376
369
385
390
382
376
374
380
384
383
370
386
372
384
372
368
374
386
384
387
391
389
381
378
381
373
380
373
362
381
384
354
381
367
374
373
378
374
370
374
373
379
372
376
378
386
366
374
381
374
367
369
382
368
369
378
384
368
380
363
373
378
384
383
377
383
376
363
368
376
392
374
379
393
381
376
372
369
373
374
380
375
371
376
379
384
371
378
380
370
375
372
373
384
378
392
383
375
370
365
383
373
382
382
374
373
367
392
358
376
378
383
378
381
377
375
372
375
376
373
375
380
380
380
383
372
398
387
388
376
388
376
389
379
374
361
374
368
375
381
385
385
376
374
370
372
375
370
367
381
381
369
379
376
382
384
387
367
378
376
381
375
381
383
388
377
368
383
394
386
370
376
395
385
384
383
377
391
375
373
372
379
362
370
372
370
378
377
375
377
360
366
373
375
387
379
391
380
380
376
377
365
376
384
377
381
378
369
373
372
383
379
376
360
373
381
365
375
372
370
379
370
379
371
372
370
378
389
372
363
364
369
369
374
384
378
370
385
372
384
384
381
367
379
388
364
378
389
378
372
369
366
379
364
379
377
371
368
385
370
381
373
386
376
379
377
372
378
371
388
389
382
364
381
383
376
376
388
374
376
389
387
377
379
383
372
367
379
374
372
384
375
385
369
376
372
379
373
369
384
374
379
384
374
375
379
378
369
382
370
388
384
364
371
375
364
375
380
365
386
390
375
370
379
382
367
369
379
377
372
372
378
381
376
376
378
383
384
378
379
381
375
372
379
377
380
383
375
390
380
372
367
363
376
376
376
384
369
368
382
378
373
382
382
375
379
385
377
375
376
360
376
365
384
364
385
391
368
370
378
362
367
368
380
381
376
379
375
388
369
378
370
386
381
369
380
378
368
376
382
377
375
365
387
382
379
377
375
372
372
379
382
366
372
375
374
381
379
367
379
370
384
382
379
366
381
381
374
370
363
379
390
387
382
372
370
380
378
374
387
370
371
381
384
372
373
372
381
365
367
372
379
358
367
382
364
384
392
385
384
383
380
371
381
370
370
372
371
370
366
381
376
371
382
383
375
369
377
367
385
369
379
369
376
367
387
369
371
373
375
367
375
370
366
377
385
372
372
378
380
386
363
369
375
371
381
392
370
377
385
381
381
377
374
372
392
381
374
368
381
380
371
376
376
382
381
375
367
374
379
376
362
373
390
386
376
378
376
383
374
379
374
376
371
377
381
391
368
376
374
367
361
385
379
366
363
374
365
376
366
379
369
381
379
381
374
367
365
378
375
385
382
389
375
366
385
386
375
374
371
371
373
366
378
375
370
380
384
376
370
375
382
370
378
374
367
386
392
388
370
382
377
378
371
372
358
379
381
366
374
385
390
376
380
369
377
378
375
380
381
375
370
370
383
374
386
366
376
390
372
378
370
375
376
395
375
380
370
372
372
385
366
373
380
383
379
388
380
382
350
369
381
377
385
369
380
386
373
389
378
377
389
386
364
381
373
377
387
375
374
378
395
383
370
381
374
379
368
375
379
380
378
377
374
389
380
382
387
382
371
374
375
380
379
369
371
379
377
370
380
388
372
374
382
359
370
386
375
377
380
371
376
367
373
376
375
371
387
379
373
390
374
378
370
376
378
384
375
374
370
378
386
383
378
385
377
388
373
388
386
368
381
376
376
375
374
373
373
377
378
377
375
380
365
374
371
377
372
375
388
376
383
373
371
374
380
382
375
386
388
373
378
374
383
362
379
370
379
379
370
376
376
366
379
380
373
378
371
384
374
378
370
371
384
368
369
370
387
381
384
383
364
374
376
373
383
382
377
377
380
378
378
373
383
380
375
368
378
380
370
369
380
381
380
378
375
381
371
378
363
370
372
378
377
366
371
382
376
369
370
375
377
372
366
379
379
378
385
384
378
387
377
383
372
389
365
373
374
365
372
381
377
381
377
375
382
378
371
375
379
369
378
370
372
392
377
382
382
381
380
388
379
378
372
374
375
378
391
373
384
377
368
388
386
363
380
374
377
380
376
383
369
364
378
384
379
372
378
377
376
386
383
374
374
384
382
386
364
374
379
373
376
383
382
384
368
370
370
386
377
379
377
378
378
373
371
375
374
379
381
377
385
371
377
383
369
370
383
374
381
376
375
376
382
381
387
371
373
375
369
387
385
379
382
377
368
393
383
367
377
373
384
373
371
367
382
377
365
366
363
377
389
370
380
377
380
378
381
367
375
363
371
370
385
373
369
380
379
375
378
382
376
369
373
379
389
378
385
379
368
381
378
364
381
379
376
364
372
362
371
373
368
370
374
385
375
365
373
380
380
378
380
368
383
375
389
371
378
367
376
374
378
366
379
375
376
369
370
379
386
383
380
387
368
370
379
364
372
377
377
378
382
373
381
381
385
371
373
381
369
372
385
373
385
381
387
378
373
372
380
367
379
391
376
374
377
373
373
374
376
382
371
370
373
372
375
381
376
379
370
383
368
372
385
371
377
379
380
373
372
376
382
377
378
372
368
380
372
374
377
368
380
371
373
385
388
379
379
378
376
377
384
362
381
389
387
375
377
382
373
380
371
368
377
375
379
381
365
382
374
383
375
379
378
371
373
372
376
385
379
383
371
380
387
383
375
365
375
375
389
389
379
390
376
379
378
383
384
368
376
370
378
376
381
377
377
380
377
379
374
380
379
372
369
396
375
374
379
379
375
373
372
361
369
395
381
373
372
383
384
383
372
373
371
376
382
373
374
376
368
384
381
382
378
378
382
378
377
380
376
382
383
382
371
369
375
366
376
382
379
375
377
373
381
372
377
373
372
378
383
372
373
366
368
384
380
372
378
370
372
366
378
374
377
371
384
370
377
376
368
378
388
377
387
377
369
383
379
383
375
353
378
373
386
383
372
379
383
379
363
381
366
382
383
374
370
367
378
367
388
377
380
379
374
378
372
383
384
378
375
382
380
375
380
374
367
369
373
375
379
378
382
380
382
384
381
379
393
379
373
384
365
388
383
383
375
372
370
364
369
386
376
379
390
375
384
384
379
388
370
382
377
380
392
378
390
387
379
372
368
382
384
368
370
382
376
367
382
385
371
382
389
377
385
370
375
380
376
383
374
383
367
372
378
378
377
382
385
380
380
370
388
383
386
378
373
380
376
368
381
381
374
381
372
377
375
372
376
377
374
371
369
376
375
378
378
365
385
374
391
377
360
367
375
385
384
382
388
378
378
382
385
377
379
369
390
381
383
379
369
376
372
380
390
385
381
374
374
386
387
377
383
372
382
371
378
391
377
369
376
380
367
372
377
370
384
379
389
389
366
370
370
384
373
372
370
376
366
374
375
384
377
383
377
382
377
375
371
384
388
389
382
372
378
379
376
377
375
386
375
373
370
373
378
371
372
377
360
374
367
369
381
365
372
386
372
372
381
391
382
387
380
374
378
360
371
382
372
379
372
386
372
379
383
385
381
380
385
372
376
384
365
377
384
376
388
390
383
377
375
382
376
375
372
371
389
376
375
374
372
390
379
388
375
368
368
372
382
369
379
384
380
380
368
377
364
387
387
367
377
378
374
389
381
372
378
391
378
371
385
385
371
380
375
381
387
375
367
384
378
374
386
389
378
364
382
375
394
374
377
377
374
379
373
379
375
373
381
377
372
382
377
382
372
378
371
381
378
374
375
376
374
368
379
382
388
375
371
384
370
371
371
381
371
382
374
375
367
381
383
374
379
388
376
387
384
380
384
380
373
385
366
376
389
378
373
386
365
385
386
381
372
369
378
374
382
382
387
380
382
384
391
385
381
378
377
378
384
383
382
382
382
380
365
375
388
387
380
381
373
380
385
377
383
387
385
361
377
383
385
374
385
386
382
379
377
385
372
389
385
381
382
386
379
384
374
375
376
375
380
377
383
377
374
377
382
381
384
374
378
397
370
369
364
370
395
386
381
370
383
377
384
381
382
382
382
382
367
394
384
390
389
378
392
387
374
388
375
381
373
381
384
381
377
384
375
378
391
384
384
379
377
381
388
376
385
388
387
391
391
383
392
372
379
379
377
372
380
388
382
394
394
387
374
378
370
377
390
394
391
382
381
383
377
372
380
377
381
390
383
376
385
391
394
385
384
387
379
383
379
389
383
379
375
388
382
387
373
385
379
371
381
398
390
388
387
385
386
380
386
392
388
393
379
385
393
384
380
393
389
390
368
389
391
388
396
395
391
399
393
384
388
386
391
394
398
395
403
390
393
402
403
400
403
408
411
409
405
409
413
417
419
418
418
421
