430
365
377
375
378
384
374
365
374
372
389
376
377
381
384
387
379
379
380
367
369
378
373
380
381
377
369
372
387
370
388
377
361
385
375
380
376
390
375
382
361
366
371
383
383
381
376
384
382
374
359
360
375
382
369
380
382
381
376
372
382
382
370
378
387
367
378
377
373
375
387
387
390
388
369
373
373
370
375
380
387
386
373
378
384
381
371
372
374
366
376
380
382
382
385
382
375
381
375
379
375
377
377
377
373
382
378
386
381
374
370
364
394
392
372
377
372
384
374
377
383
368
379
377
368
382
384
381
379
373
381
371
365
388
383
387
371
371
384
369
377
380
384
383
378
371
386
374
371
368
379
371
376
379
375
372
381
372
364
377
387
372
375
374
380
378
363
383
374
365
375
374
364
376
366
363
378
389
381
377
384
380
373
375
385
376
375
363
379
385
386
383
381
378
383
383
375
378
363
372
365
378
378
381
372
383
380
369
380
380
374
380
375
376
374
371
380
375
381
373
366
362
365
379
375
387
374
379
382
372
375
376
377
385
371
377
379
378
373
376
370
373
381
369
383
385
385
374
374
365
366
384
386
364
376
385
382
386
376
377
378
375
365
368
371
383
380
377
370
387
380
368
382
373
385
373
382
377
384
371
386
375
373
376
379
383
387
388
371
372
375
376
376
374
393
376
374
373
376
375
374
386
375
378
381
376
379
374
385
371
373
375
384
384
368
374
374
363
381
376
386
378
376
370
372
364
364
378
372
378
383
372
375
383
373
378
382
374
380
379
364
374
374
370
383
372
377
382
380
375
377
368
379
380
376
376
362
384
378
383
388
373
374
373
380
390
376
368
389
383
381
374
367
383
377
376
371
374
364
357
373
362
385
378
379
378
368
377
379
375
379
380
369
378
373
369
384
381
369
372
380
382
373
379
371
366
367
376
366
373
382
366
384
382
377
379
381
379
376
376
371
397
383
378
372
365
361
379
386
375
380
377
367
379
375
370
367
373
377
382
382
376
382
375
366
372
374
384
375
361
376
373
381
367
381
377
377
380
377
382
380
368
376
369
362
364
381
380
374
368
376
365
366
374
375
375
389
381
374
363
372
382
386
387
373
387
381
379
363
357
379
374
372
372
377
379
374
382
382
377
370
380
373
385
385
366
374
371
379
372
365
369
383
374
377
379
388
378
391
366
372
381
388
375
372
376
365
370
381
378
381
365
366
378
376
370
383
379
379
379
373
374
372
370
374
365
385
389
385
374
374
372
373
364
368
372
387
375
382
369
378
388
381
379
381
362
378
375
369
372
375
379
369
368
370
377
373
375
372
370
365
367
373
368
373
377
383
375
374
375
383
370
382
363
379
370
370
375
378
372
379
376
382
386
374
379
365
375
376
380
386
383
386
374
378
379
366
382
375
372
377
370
376
381
381
377
379
367
379
372
372
371
369
377
382
383
380
379
367
378
377
387
368
382
384
372
373
362
376
388
378
373
375
363
372
371
384
385
383
381
377
383
371
383
372
369
387
367
366
375
366
377
376
363
368
378
373
384
374
383
374
378
384
366
375
372
368
385
380
363
368
350
375
376
384
377
372
376
375
377
379
373
371
380
373
375
379
371
371
372
383
379
376
378
378
377
388
384
384
381
377
366
374
381
380
378
386
380
377
378
386
382
380
369
379
376
370
376
376
385
370
382
386
380
378
379
396
372
376
366
380
378
389
374
388
365
381
373
376
382
373
382
371
375
384
376
372
377
368
375
370
378
362
377
377
366
376
381
375
385
371
372
382
381
387
382
370
380
363
356
372
377
378
369
379
376
380
378
380
390
375
359
383
368
371
370
370
377
363
361
387
378
372
376
389
384
369
379
376
378
380
387
371
376
383
372
367
372
368
382
377
373
395
387
368
374
375
371
374
388
384
382
376
367
377
375
377
368
375
378
372
381
375
366
366
369
375
382
382
377
363
384
375
364
390
376
374
378
380
372
372
379
378
373
376
381
375
379
375
378
373
359
373
369
373
375
377
371
377
381
375
383
374
375
367
377
391
373
372
383
382
365
385
373
366
379
376
377
368
370
382
376
372
379
374
375
392
384
382
387
377
371
379
382
379
373
372
387
373
374
374
379
372
368
370
377
391
381
369
371
367
387
370
375
372
374
380
376
378
376
374
385
387
375
378
380
386
382
382
374
364
371
382
367
377
384
379
364
384
373
373
374
372
376
369
371
383
380
373
381
374
361
375
367
383
386
379
374
381
386
364
381
385
375
367
369
374
380
379
373
378
378
372
370
372
380
375
378
371
386
374
385
381
373
380
364
377
386
372
370
377
380
385
393
374
379
370
366
392
378
378
378
379
379
377
376
379
369
384
385
374
375
379
378
369
381
391
368
374
363
365
370
367
365
367
389
371
374
376
373
369
367
382
376
381
389
390
388
374
377
390
376
381
382
378
380
383
384
391
381
381
385
388
373
380
384
390
386
370
380
382
388
374
378
392
374
380
375
373
380
365
373
378
377
381
371
388
365
382
376
384
369
377
366
370
381
379
363
382
389
399
375
387
377
376
368
382
382
365
375
388
373
378
372
384
372
372
385
378
389
379
380
376
384
373
376
380
379
381
383
386
374
367
387
375
366
373
376
392
388
387
378
389
376
368
370
382
385
377
375
370
374
374
359
380
368
381
365
360
374
377
380
377
373
387
387
392
375
387
387
373
393
366
374
378
375
365
390
379
381
375
381
376
384
376
377
375
379
382
393
382
388
378
386
397
377
371
378
379
373
378
368
382
379
379
386
374
376
382
374
382
366
379
379
380
372
374
369
373
372
384
367
379
373
379
364
369
368
382
373
386
384
403
412
414
416
420
420
420
421
422
422
422
424
424
424
424
424
424
424
424
424
424
424
424
424
424
424
424
424
424
424
424
424
425
425
426
426
426
426
426
426
426
426
426
426
426
426
426
426
426
426
426
426
426
426
426
426
426
426
426
426
426
426
426
426
426
426
426
426
426
426
426
426
426
426
426
426
426
426
426
426
426
426
426
426
426
426
426
426
426
426
426
426
426
426
427
427
427
427
427
427
427
427
427
427
427
427
427
427
427
427
427
427
427
427
427
427
427
427
427
427
427
427
427
427
427
427
427
427
427
427
427
427
427
427
427
427
427
427
427
427
427
427
427
427
427
427
427
427
427
427
427
427
427
427
427
427
427
427
427
427
427
427
427
427
427
427
427
427
427
427
427
427
427
427
427
427
427
427
427
427
427
427
427
427
427
427
427
427
427
427
427
427
427
427
427
427
427
427
427
427
427
427
427
427
427
427
427
427
427
427
427
427
427
427
427
427
427
427
427
427
427
427
427
427
427
427
427
427
427
427
427
427
427
427
427
427
427
427
427
427
427
427
427
427
427
427
427
427
427
427
427
427
427
427
427
427
427
427
427
427
427
427
427
427
427
427
427
427
427
427
427
427
427
427
427
427
427
427
427
427
427
427
427
427
427
427
427
427
427
427
427
427
427
427
427
427
427
427
427
427
427
427
427
427
427
427
427
427
427
427
427
427
427
427
427
427
427
427
427
427
427
427
427
427
427
427
427
427
427
427
427
427
427
427
427
427
427
427
427
427
427
427
427
427
427
427
427
427
427
427
427
427
427
427
427
427
427
427
427
427
427
427
427
427
427
427
427
427
427
427
427
427
427
427
427
427
427
427
427
427
427
427
427
427
427
427
427
427
427
427
427
427
427
427
427
427
427
427
427
427
427
427
427
427
427
427
427
427
427
427
427
427
427
427
427
427
427
427
427
427
427
427
427
427
427
427
427
427
427
427
427
427
427
427
427
427
427
427
427
427
427
427
427
427
427
427
427
427
427
427
427
427
427
427
427
427
427
427
427
427
427
427
427
427
427
427
427
427
427
427
427
427
427
427
427
427
427
427
427
427
427
427
427
427
427
427
427
427
427
427
427
427
427
427
427
427
427
427
427
427
427
427
427
427
427
427
427
427
427
427
427
427
427
427
427
427
427
427
427
427
427
427
427
427
427
427
427
427
427
427
427
427
427
427
427
427
427
427
427
427
427
427
427
427
427
427
427
427
427
427
427
427
427
427
427
427
427
427
427
427
427
427
427
427
427
427
427
427
427
427
427
427
427
427
427
427
427
427
427
427
427
427
427
427
427
427
427
427
427
427
427
427
427
427
427
427
427
427
427
427
427
427
427
427
427
427
427
427
427
427
427
427
427
427
427
427
427
427
427
427
427
427
427
427
427
427
427
427
427
427
427
427
427
427
427
427
427
427
427
427
427
427
427
427
427
427
427
427
427
427
427
427
427
427
427
427
427
427
427
427
427
427
427
427
427
427
427
427
427
427
427
427
427
427
427
427
427
427
427
427
427
427
427
427
427
427
427
427
427
427
427
427
427
427
427
427
427
427
427
427
427
427
427
427
427
427
427
427
427
427
427
427
427
427
427
427
427
427
427
427
427
427
427
427
427
427
427
427
427
427
427
427
427
427
427
427
427
427
427
427
427
427
427
427
427
427
427
427
427
427
427
427
427
427
427
427
427
427
427
427
427
427
427
427
427
427
427
427
427
427
427
427
427
427
427
427
427
427
427
427
427
427
427
427
427
427
427
427
427
427
427
427
427
427
427
427
427
427
427
427
427
427
427
427
427
427
427
427
427
427
427
427
427
427
427
427
427
427
427
427
427
427
427
427
427
427
427
427
427
427
427
427
427
427
427
427
427
427
427
427
427
427
427
427
427
427
427
427
427
427
427
427
427
427
427
427
427
427
427
427
427
427
427
427
427
427
427
427
427
427
427
427
427
427
427
427
427
427
427
427
427
427
427
427
427
427
427
427
427
427
427
427
427
427
427
427
427
427
427
427
427
427
427
427
427
427
427
427
427
427
427
427
427
427
427
427
427
427
427
427
427
427
427
427
427
427
427
427
427
427
427
427
427
427
427
427
427
427
427
427
427
427
427
427
427
427
427
427
427
427
427
427
427
427
427
427
427
427
427
427
427
427
427
427
427
427
427
427
427
427
427
427
427
427
427
427
427
427
427
427
427
427
427
427
427
427
427
427
427
427
427
427
427
427
427
427
427
427
427
427
427
427
427
427
427
427
427
427
427
427
427
427
427
427
427
427
427
427
427
427
427
427
427
427
427
427
427
427
427
427
427
427
427
427
427
427
427
427
427
427
427
427
427
427
427
427
427
427
427
427
427
427
427
427
427
427
427
427
427
427
427
427
427
427
427
427
427
427
427
427
427
427
427
427
427
427
427
427
427
427
427
427
427
427
427
427
427
427
427
427
427
427
427
427
427
427
427
427
427
427
427
427
427
427
427
427
427
427
427
427
427
427
427
427
427
427
427
427
427
427
427
427
427
427
427
427
427
427
427
427
427
427
427
427
427
427
427
427
427
427
427
427
427
427
427
427
427
427
427
427
427
427
427
427
427
427
427
427
427
427
427
427
427
427
427
427
427
427
427
427
427
427
427
427
427
427
427
427
427
427
427
427
427
427
427
427
427
427
427
427
427
427
427
427
427
427
427
427
427
427
427
427
427
427
427
427
427
427
427
427
427
427
427
427
427
427
427
427
427
427
427
427
427
427
427
427
427
427
427
427
427
427
427
427
427
427
427
427
427
427
427
427
427
427
427
427
427
427
427
