430
367
367
380
376
363
392
380
373
383
375
383
370
371
378
377
376
390
388
391
375
372
375
378
378
378
385
389
384
371
377
373
382
365
381
389
366
375
378
380
373
386
375
375
386
375
376
382
364
365
386
386
385
376
377
372
385
374
384
396
375
370
371
377
384
382
382
372
380
384
380
375
379
372
364
372
369
385
378
374
366
380
375
379
380
372
372
363
367
383
376
378
368
375
388
387
381
382
380
370
373
385
372
371
381
365
387
368
366
374
374
382
383
366
382
376
371
379
373
384
378
380
368
359
392
376
370
384
386
369
371
378
370
382
389
377
384
365
370
370
386
382
372
372
384
392
377
384
375
379
380
378
378
365
379
377
387
362
378
381
380
377
383
382
382
379
375
378
371
375
382
368
366
376
379
375
384
367
366
364
379
373
372
383
377
386
373
370
386
376
387
377
388
377
371
370
376
367
384
378
375
374
377
369
383
381
381
392
386
382
379
380
366
377
372
379
377
368
380
391
371
375
379
369
400
382
368
379
380
386
382
372
380
374
377
369
363
385
368
384
370
367
381
373
370
374
380
369
368
357
371
371
368
379
391
375
375
376
371
372
380
378
359
370
382
387
385
377
386
385
375
374
373
382
379
377
369
375
373
374
376
368
384
366
369
368
374
377
375
381
371
386
363
361
382
380
395
387
374
379
371
381
372
368
380
379
379
381
367
375
380
389
391
370
368
363
375
372
381
366
386
375
391
375
373
377
383
382
383
380
376
378
380
379
387
392
375
378
363
370
374
377
374
391
372
386
366
367
366
378
379
371
376
382
381
384
377
366
373
370
379
373
370
368
387
388
386
365
359
363
387
383
377
381
381
375
388
379
371
377
382
374
382
377
374
381
377
389
373
381
386
370
384
363
384
385
370
380
368
368
374
384
380
364
373
379
374
376
386
371
373
379
372
378
376
373
364
373
377
386
370
383
385
380
372
387
376
365
388
379
369
386
381
383
366
371
376
378
373
372
377
390
382
367
370
385
382
375
369
369
369
375
375
374
374
383
380
375
378
380
380
362
371
383
373
378
385
381
371
370
377
381
378
376
379
370
374
376
386
366
385
372
373
369
381
372
372
378
368
371
375
365
376
372
375
381
381
387
370
370
385
363
379
389
381
376
374
371
380
384
392
369
381
381
365
372
377
384
375
384
390
379
387
369
383
368
377
392
381
368
367
370
373
377
378
384
385
378
375
370
378
360
378
375
379
372
380
369
379
375
383
383
376
381
380
381
372
383
374
381
387
370
368
368
389
375
372
376
383
372
388
381
382
376
386
376
372
380
371
386
368
381
377
387
373
378
374
371
373
359
383
368
381
386
369
373
377
367
374
376
377
379
388
378
366
384
391
375
374
383
374
371
373
370
368
364
384
362
385
380
374
375
385
380
378
379
378
381
387
372
371
384
384
372
372
372
371
382
380
376
364
386
376
380
367
379
375
375
380
379
382
385
382
381
381
382
375
377
379
385
379
377
377
377
380
367
376
371
378
374
377
383
369
383
381
366
374
375
373
377
378
376
390
381
379
386
375
384
386
370
377
381
368
368
380
375
387
373
383
381
389
387
382
384
381
376
385
380
378
391
378
372
374
365
372
378
384
384
378
388
366
373
382
378
382
366
368
368
363
384
385
370
375
384
375
385
364
367
375
372
374
375
372
380
377
381
373
374
373
361
381
371
376
372
381
377
380
378
371
361
369
376
366
358
379
379
382
385
380
382
384
365
384
381
380
371
374
377
384
376
367
374
374
384
374
369
377
374
376
381
368
371
375
376
374
381
372
380
374
368
384
376
383
370
383
388
367
372
375
381
372
394
368
377
380
386
379
373
378
375
381
373
369
374
382
394
387
380
381
364
369
378
384
374
378
376
368
369
374
380
379
388
369
375
370
367
376
375
382
387
359
381
374
377
383
380
380
388
387
372
380
378
385
375
372
382
377
377
378
381
377
368
373
375
380
378
384
382
372
383
368
366
373
378
360
375
376
367
379
380
383
380
372
383
372
391
380
374
371
383
376
371
380
382
375
375
375
377
377
372
387
373
373
378
384
384
383
380
373
372
364
375
369
371
369
378
372
374
371
366
374
368
365
371
379
378
381
379
375
374
377
373
372
373
396
369
386
376
376
373
377
362
379
377
376
377
375
376
380
375
380
379
370
380
374
375
393
376
375
370
370
385
373
384
384
377
375
387
381
378
380
378
372
381
390
382
366
376
383
388
392
384
366
375
380
368
370
369
367
375
378
385
383
385
385
382
374
365
382
387
385
366
384
377
385
375
379
386
370
377
376
382
376
361
378
372
385
386
382
377
382
377
374
373
370
375
385
371
389
375
379
374
373
377
386
364
389
383
376
382
367
379
377
381
378
371
386
389
389
385
381
370
389
380
388
380
388
379
373
379
371
383
376
385
377
374
390
363
381
359
376
381
380
364
380
379
393
387
375
387
373
369
381
375
382
373
376
369
377
376
364
376
378
377
373
379
380
374
377
371
366
391
381
373
371
377
379
381
379
373
387
376
374
383
369
384
384
374
373
378
370
381
382
378
380
379
355
378
385
378
382
371
367
373
372
371
384
386
376
372
375
379
383
381
382
373
366
378
371
377
367
375
383
382
375
370
372
381
382
370
384
374
377
372
385
379
388
384
375
375
365
377
374
373
384
379
374
378
372
379
367
376
373
379
386
374
377
380
375
378
367
358
367
386
365
389
379
383
372
376
389
362
382
391
384
387
382
385
385
379
378
371
388
381
362
383
386
370
370
377
379
374
376
372
378
374
382
377
374
373
371
364
377
375
371
377
382
379
376
381
379
386
367
377
372
373
371
384
379
368
382
384
376
374
390
386
380
371
378
381
375
379
384
375
369
370
375
364
379
364
374
370
372
373
381
381
381
378
387
373
385
374
379
374
364
379
385
390
386
372
365
378
383
382
366
368
369
372
374
376
374
376
371
373
371
372
383
377
382
370
383
367
378
379
369
376
374
385
378
362
367
374
357
383
376
378
382
380
382
367
376
377
367
381
378
381
384
392
384
369
372
381
374
384
384
385
376
377
381
386
374
384
379
377
391
377
372
374
376
375
365
375
379
382
376
372
361
379
368
376
378
374
376
378
374
391
369
370
379
375
368
379
380
376
385
383
374
379
367
374
373
373
384
375
370
382
371
373
372
367
380
374
373
365
384
371
379
385
375
388
369
381
379
378
385
373
376
384
365
370
371
381
381
380
390
368
372
380
374
371
376
381
387
374
367
382
371
378
375
368
375
379
371
377
380
384
372
377
380
376
372
371
373
369
384
381
378
389
365
375
373
366
375
376
375
378
373
368
365
370
381
373
367
388
376
385
383
376
377
376
386
378
387
384
380
381
375
371
376
367
382
367
376
384
370
381
377
374
390
362
378
378
379
386
370
375
373
382
379
373
369
371
385
383
370
370
364
364
380
390
369
386
370
378
394
390
366
375
374
375
385
385
367
380
378
364
365
384
367
391
369
380
379
378
369
391
373
380
376
374
370
376
375
380
372
386
379
379
399
383
365
379
387
380
382
379
381
377
373
368
373
378
379
381
366
379
363
373
373
374
366
375
376
378
358
378
369
367
385
385
381
367
376
384
386
380
389
381
377
385
379
371
378
377
362
382
382
372
381
382
375
374
385
382
379
387
376
372
386
372
369
378
376
374
367
365
389
386
370
376
366
375
382
368
359
387
362
369
380
375
380
362
371
359
375
380
367
381
379
375
372
383
376
381
365
369
373
376
380
372
377
377
377
378
394
384
384
374
378
372
385
380
371
377
376
379
377
385
367
370
377
377
372
374
385
385
380
369
378
368
377
378
371
370
381
392
381
378
377
377
376
378
373
375
366
381
370
374
394
377
386
380
378
384
374
369
385
356
372
376
359
375
377
380
378
383
369
387
382
373
371
378
364
379
372
382
383
385
366
375
371
387
376
362
377
377
380
373
377
384
368
366
371
378
379
367
380
378
369
375
386
384
382
355
377
368
370
375
375
368
373
381
379
371
381
373
383
384
389
380
383
380
367
381
370
381
368
375
373
373
367
377
376
384
374
368
369
378
377
379
377
377
376
381
378
366
382
380
384
373
376
380
378
378
389
385
388
389
379
367
374
383
375
367
383
377
383
368
377
377
378
381
367
374
390
373
375
378
368
389
368
378
371
373
368
377
378
377
374
376
372
377
372
380
376
386
382
377
383
376
381
382
390
375
381
375
380
382
372
387
373
382
370
382
380
377
391
373
379
382
368
385
385
374
377
383
382
378
367
371
378
363
379
365
382
383
380
373
399
383
396
382
378
375
383
382
363
376
380
386
384
381
378
378
382
375
386
388
387
383
386
382
382
380
379
383
377
370
377
378
389
380
363
379
384
389
384
371
375
382
372
374
385
372
374
377
377
379
378
376
376
372
372
374
382
384
378
383
381
384
385
376
382
385
383
394
398
380
381
380
377
378
380
375
381
375
373
379
377
378
379
379
375
378
376
383
382
378
378
379
382
379
380
384
379
379
375
371
382
380
383
371
377
382
376
383
382
378
375
380
376
385
385
378
386
383
375
374
367
381
372
374
380
370
367
375
375
384
379
386
377
389
374
395
374
382
387
369
375
377
397
376
381
373
368
377
382
383
383
366
384
383
381
383
383
380
371
388
391
378
379
373
379
379
385
384
375
367
385
378
388
379
377
386
371
377
375
384
381
377
379
389
377
386
372
379
378
381
384
381
380
390
374
379
384
383
381
377
380
371
373
385
379
379
390
373
379
383
368
376
367
377
379
381
386
379
382
381
373
380
370
383
387
379
387
388
377
381
376
391
387
389
374
378
392
379
387
375
366
388
379
380
387
398
379
391
382
392
382
378
366
387
384
389
390
379
376
381
386
369
371
386
381
377
392
384
381
385
384
371
379
377
382
381
377
378
387
380
374
380
378
365
385
371
374
381
382
386
381
375
395
387
377
377
374
381
382
384
380
387
380
387
376
382
377
374
375
369
380
391
371
378
382
388
380
385
373
385
381
383
376
380
381
375
380
389
383
383
393
383
381
387
386
386
386
382
376
400
379
381
393
386
389
378
375
386
378
390
378
374
386
392
381
400
389
390
384
380
382
381
387
386
383
390
387
381
388
386
385
378
390
393
393
383
371
377
382
398
384
383
388
390
391
377
381
395
381
385
383
389
391
390
382
387
388
394
387
393
387
392
380
391
396
382
387
381
384
384
388
389
398
384
391
398
403
391
389
382
390
392
383
384
387
381
397
402
394
388
389
388
399
398
396
395
388
392
397
400
397
390
393
404
404
391
398
396
390
398
392
400
401
403
400
404
391
398
398
392
391
393
407
401
404
393
394
397
393
407
405
404
400
397
409
401
402
407
403
406
408
403
407
405
402
409
409
409
405
407
413
407
408
404
401
406
399
407
410
405
409
414
413
411
409
410
414
413
414
415
417
414
413
418
419
419
421
421
419
415
415
416
416
420
420
420
420
418
419
419
418
420
419
422
422
424
425
424
424
424
424
423
424
423
423
423
424
425
426
426
427
427
427
427
427
427
427
427
427
427
427
427
427
427
427
427
427
427
427
427
427
427
427
427
427
427
427
427
427
427
427
427
427
427
427
427
427
427
427
427
427
427
427
