430
363
374
385
376
370
365
372
374
375
371
369
378
387
378
371
381
368
376
378
372
368
377
375
385
379
365
375
368
372
373
374
376
381
379
373
377
371
375
379
371
385
382
370
364
381
379
374
379
374
365
385
373
383
370
374
372
373
384
379
387
382
390
373
387
382
373
373
373
389
391
372
384
369
372
370
377
385
384
377
380
371
359
369
371
378
384
389
367
386
368
374
370
370
361
372
369
378
368
376
375
374
374
374
364
378
378
361
370
383
388
382
381
369
374
378
371
380
379
368
389
383
385
365
390
378
373
384
382
375
379
379
380
382
380
370
381
372
372
385
384
374
378
379
378
375
387
368
365
373
378
383
376
378
372
386
374
389
380
384
380
389
379
375
379
384
374
374
381
372
377
374
373
375
380
380
388
379
379
372
382
377
374
368
376
374
367
389
371
381
378
369
388
384
381
387
378
372
378
373
371
374
369
377
375
385
388
381
373
367
390
384
398
361
389
370
369
361
381
366
386
380
379
390
390
372
381
378
378
371
380
369
378
367
380
371
372
375
383
381
374
378
381
364
384
372
377
387
362
377
376
370
379
380
378
373
356
382
375
382
375
355
384
383
383
384
368
368
380
380
375
378
378
383
375
383
361
370
371
385
369
379
374
376
369
380
380
370
390
381
381
377
386
387
379
377
378
374
374
384
381
373
373
377
370
380
369
365
362
370
369
373
381
380
372
377
374
387
380
382
372
372
386
373
380
380
382
369
376
375
377
382
385
377
370
371
374
373
395
381
373
384
384
382
385
374
379
378
382
374
378
378
378
381
386
386
389
387
381
378
367
380
380
375
380
379
384
381
373
376
378
378
378
375
364
373
389
384
375
367
383
385
373
390
384
376
374
383
382
368
377
375
376
389
388
387
373
377
380
376
363
370
364
373
388
399
380
382
371
358
376
382
391
384
372
372
383
390
388
366
383
373
375
371
384
378
381
373
379
379
378
376
389
372
372
373
376
364
377
371
379
369
375
370
378
375
376
374
373
377
379
379
375
374
389
365
364
368
377
373
388
384
386
384
379
373
376
391
382
372
383
360
368
373
386
384
378
379
364
368
380
379
382
378
374
381
375
384
377
370
375
378
374
378
379
363
375
372
381
376
384
384
382
377
375
375
364
389
376
374
389
383
378
378
369
382
372
380
363
377
374
374
372
366
369
375
375
373
378
370
379
384
378
378
385
387
382
377
375
372
372
371
382
366
364
377
378
378
371
381
383
382
383
388
374
373
385
384
368
382
383
369
385
378
367
376
371
386
379
370
366
364
379
375
384
370
378
381
385
385
377
379
379
385
368
384
388
389
383
367
375
384
374
370
375
369
378
368
366
380
375
388
374
381
371
365
372
384
374
385
377
368
378
367
384
376
382
369
370
376
386
370
370
390
377
380
370
387
385
385
383
380
368
372
384
377
375
381
381
391
376
372
371
377
377
367
379
381
376
374
373
383
378
384
370
382
370
376
384
370
380
369
374
390
381
373
375
377
377
373
373
383
387
380
364
391
383
378
388
386
374
376
371
381
371
364
386
386
374
371
383
371
376
375
366
382
386
378
378
388
368
382
382
383
377
378
379
370
367
378
362
374
375
365
386
380
381
392
382
387
387
374
376
381
368
383
376
381
378
368
380
391
378
377
385
378
369
380
387
382
385
382
375
377
371
381
372
373
377
372
370
393
384
387
374
362
382
392
385
373
388
380
386
380
369
370
374
378
382
379
376
391
378
382
384
380
383
377
387
375
371
371
375
379
366
380
384
378
367
375
384
382
369
379
370
370
376
375
382
373
376
392
367
389
386
378
364
388
384
376
380
383
391
377
367
359
372
384
381
372
369
381
377
380
373
371
375
375
377
364
378
373
389
381
387
376
378
379
369
383
375
385
382
368
371
375
379
382
386
375
374
381
379
389
377
370
381
379
378
390
376
368
376
378
378
366
378
384
373
387
378
367
372
382
380
372
383
371
377
369
377
386
383
364
379
379
379
387
380
371
370
375
373
360
374
383
386
377
380
392
378
371
389
374
379
385
386
386
365
376
374
388
389
380
381
386
377
390
368
378
372
382
377
375
375
379
370
384
368
378
388
373
384
380
378
380
372
383
368
374
380
379
381
372
380
375
398
381
364
380
382
381
383
380
390
382
376
370
375
386
379
380
377
376
380
376
372
361
379
385
386
379
375
382
384
388
378
369
376
381
374
374
366
386
368
392
383
370
380
388
383
383
374
383
378
374
379
380
374
386
373
388
377
378
365
386
374
380
371
384
382
387
374
377
384
383
390
380
377
380
383
376
360
379
386
377
369
371
383
380
390
383
381
388
383
385
385
373
385
387
375
374
370
379
378
375
384
385
368
379
377
376
364
377
379
380
371
368
379
366
388
377
379
394
364
379
385
382
383
376
376
380
380
385
369
374
386
383
383
385
376
377
382
372
378
389
388
366
362
380
381
378
378
375
385
380
375
381
377
368
377
371
373
381
377
370
378
389
375
371
377
381
376
381
374
363
390
382
375
380
371
370
379
386
386
389
376
381
374
371
380
385
377
382
368
371
381
375
372
382
385
379
377
378
376
374
366
375
371
386
379
381
376
383
391
382
375
370
385
385
382
393
379
379
392
387
375
375
379
376
373
388
362
381
369
375
381
382
386
372
366
376
392
385
384
378
374
379
390
388
380
383
389
381
377
377
379
376
384
377
367
377
372
365
368
385
372
380
382
376
379
377
381
368
374
377
372
385
379
371
376
374
374
378
383
376
378
386
378
369
383
389
372
384
384
371
371
380
370
379
373
385
380
372
368
383
385
384
384
375
373
382
386
384
388
373
380
373
378
376
379
394
379
368
378
393
381
394
369
379
382
370
376
373
377
383
387
391
387
381
387
374
379
377
384
390
385
381
368
383
378
382
371
363
373
372
377
390
377
376
375
378
376
385
358
371
370
383
374
370
393
381
379
375
373
369
372
372
376
382
379
377
374
367
383
383
384
382
373
393
378
376
371
374
379
376
381
377
370
389
387
382
386
372
377
381
380
380
371
369
379
388
371
383
392
382
384
378
378
382
371
376
386
391
380
382
391
387
389
386
391
385
385
398
385
367
385
382
389
376
386
384
390
384
375
388
375
380
384
380
378
372
374
378
385
391
390
385
387
383
354
378
388
378
373
387
380
381
388
383
387
390
370
383
391
371
379
376
376
383
384
386
383
385
376
383
378
378
386
391
392
384
399
383
378
389
367
386
384
389
375
373
381
378
375
388
367
379
383
380
381
381
378
381
380
378
384
379
379
384
377
370
382
376
378
386
383
384
373
379
379
379
379
393
388
380
381
385
389
379
375
379
373
377
377
372
378
378
390
380
373
382
382
383
377
377
388
377
388
381
377
389
377
380
396
390
379
383
380
380
388
394
389
384
383
382
382
384
379
389
391
386
380
388
391
388
379
374
383
372
387
388
386
379
388
380
388
384
377
388
396
385
383
396
370
382
393
384
387
374
383
380
391
375
388
388
377
383
384
378
386
389
377
382
382
377
385
370
387
385
391
374
385
381
381
390
375
390
379
401
384
377
392
384
388
392
381
382
382
382
374
374
388
383
391
379
385
393
395
391
380
380
385
374
374
382
392
383
377
377
390
383
379
386
379
390
376
377
379
382
385
376
379
384
377
392
382
376
386
382
388
381
394
379
399
386
381
373
388
369
376
386
379
389
398
383
376
380
373
384
386
385
378
380
390
385
385
376
395
390
372
386
375
385
384
383
377
381
387
386
370
377
383
378
383
381
377
377
380
374
388
384
396
390
378
372
380
377
386
382
384
376
379
387
384
373
379
394
385
376
392
373
384
392
389
371
383
381
376
382
386
382
379
380
386
387
385
392
389
388
380
381
385
381
386
368
387
388
390
382
369
389
387
387
377
380
393
389
379
386
392
382
370
393
379
391
388
388
375
383
387
382
379
374
380
385
381
385
387
387
391
391
374
391
379
386
383
381
385
383
392
386
390
381
381
386
382
380
378
380
383
384
377
389
384
390
385
387
386
386
390
386
392
385
387
379
391
379
394
375
380
382
384
373
385
385
395
376
381
372
379
386
392
396
390
388
386
391
396
386
388
397
389
389
371
377
373
396
379
386
387
385
383
384
382
380
384
383
387
392
382
385
403
383
383
376
387
377
377
375
385
384
377
383
387
390
399
388
384
393
390
382
386
389
389
393
388
379
381
390
381
382
385
377
395
388
392
387
387
395
387
392
377
388
387
389
400
391
387
391
388
392
379
385
391
391
385
398
390
383
388
385
376
384
391
386
389
374
385
385
390
386
397
387
392
387
395
390
388
374
386
389
389
371
384
386
382
395
390
391
399
392
393
393
390
394
396
394
385
381
397
389
384
381
389
385
387
380
387
389
397
393
394
381
385
384
390
389
375
397
398
382
374
386
390
387
383
391
391
382
381
381
392
384
383
380
388
382
395
396
391
397
389
393
389
394
390
388
389
390
396
392
393
390
384
403
385
393
400
386
378
395
397
389
387
381
387
386
390
393
401
394
383
387
390
398
395
387
385
385
400
386
392
392
392
389
385
392
393
389
382
383
383
379
395
388
396
396
392
397
399
380
392
389
394
394
395
395
396
396
391
391
391
390
399
392
388
390
390
387
390
390
390
391
388
391
398
397
392
401
387
395
397
390
390
395
385
391
398
383
391
394
398
385
392
389
402
402
400
386
395
394
388
394
396
399
393
391
385
393
399
400
392
390
388
388
398
391
393
389
399
400
388
390
390
403
387
387
391
392
392
396
390
407
414
395
398
387
393
399
395
395
390
388
394
396
391
394
382
387
396
399
392
395
395
395
397
397
390
395
397
383
395
393
390
393
391
395
397
393
397
392
393
397
400
399
402
387
391
390
400
399
399
395
391
403
399
404
400
394
391
394
394
402
405
394
394
392
392
399
401
386
401
393
398
391
395
395
397
402
403
397
402
394
399
393
395
397
402
392
403
392
386
393
391
387
392
391
389
392
406
403
391
402
398
391
397
393
404
392
392
391
385
405
402
406
400
386
391
398
403
400
399
393
390
397
403
400
393
406
400
392
393
400
395
395
395
394
396
403
400
408
397
396
389
401
398
404
397
403
395
405
402
404
401
399
404
393
397
396
399
402
398
396
389
393
394
399
395
392
400
403
401
403
404
404
409
402
399
401
402
394
393
405
404
411
390
400
394
393
391
396
405
400
394
394
399
405
404
401
402
392
402
402
403
403
397
394
403
398
396
396
395
395
394
394
395
399
406
402
402
404
405
398
404
393
403
401
397
395
397
403
407
405
398
406
406
400
398
396
407
404
409
402
406
405
399
401
405
410
410
400
396
395
403
405
398
403
408
412
405
399
393
394
398
395
403
407
400
397
397
405
397
406
408
395
402
401
401
402
400
402
410
405
410
409
404
411
410
400
397
396
402
401
405
400
403
399
400
397
397
402
405
404
407
409
413
413
406
403
403
405
412
408
409
410
403
405
399
411
410
409
401
407
399
402
401
410
396
396
402
413
402
399
398
403
403
410
401
401
399
409
402
403
408
411
413
411
409
407
413
411
409
404
404
404
402
401
405
409
408
415
412
411
411
408
410
410
408
408
405
410
406
405
413
410
410
407
406
412
418
