430
365
384
395
381
376
381
382
373
369
372
384
376
380
376
379
380
381
377
368
378
384
380
381
372
382
372
378
376
386
379
383
376
375
381
373
384
385
384
382
379
383
381
383
365
374
370
371
382
391
366
383
378
382
383
378
386
373
377
370
367
371
376
382
373
374
379
376
377
366
379
374
376
375
370
376
367
373
383
379
382
374
376
373
374
382
375
375
367
372
371
383
364
378
379
374
369
365
371
365
375
387
377
385
374
381
374
383
386
380
389
381
365
375
371
379
369
374
379
376
386
375
385
374
366
376
381
376
379
386
371
391
388
390
373
377
366
374
386
378
379
377
368
379
381
385
371
380
378
375
379
382
388
372
376
372
371
371
376
374
378
377
377
381
380
383
366
372
369
376
376
378
368
371
383
373
366
387
375
378
381
373
372
380
371
380
389
375
375
382
373
372
369
371
371
368
374
374
374
366
376
382
387
372
385
360
372
380
383
373
367
368
376
375
377
362
374
373
384
379
368
375
381
369
357
384
382
370
379
364
364
372
383
369
379
367
378
381
368
382
378
390
368
375
375
372
389
378
377
387
381
372
379
380
384
368
373
368
375
376
391
387
384
373
377
376
378
379
374
379
367
356
364
371
373
373
371
387
373
367
375
380
380
373
374
382
390
385
385
375
381
371
366
376
379
380
377
374
383
370
367
366
372
384
380
379
384
371
372
363
366
362
375
380
378
379
368
376
383
367
378
381
384
381
372
379
373
367
366
365
383
396
383
363
370
381
377
384
382
376
383
381
384
376
374
377
376
381
388
377
370
371
375
381
389
380
372
372
374
383
376
376
381
370
371
367
368
387
383
382
383
379
372
387
383
366
373
376
389
372
374
377
378
375
379
385
381
384
384
389
377
362
371
379
383
367
373
376
372
378
378
377
374
379
368
377
383
368
382
374
374
368
366
376
371
373
383
369
360
377
384
375
380
372
383
375
365
367
374
382
376
371
372
368
373
385
367
369
389
375
371
377
371
370
378
378
375
365
380
377
373
383
383
375
375
376
380
382
371
381
363
367
374
373
375
376
381
381
364
375
392
379
369
369
366
381
370
365
391
384
361
369
387
380
366
383
378
366
374
380
374
377
375
376
386
375
368
361
369
386
376
373
379
370
367
381
378
379
362
374
373
379
375
375
376
376
383
368
369
369
378
372
387
390
382
380
374
374
379
372
377
375
391
367
361
376
367
381
368
380
375
367
375
366
375
359
365
374
370
375
376
383
373
378
384
375
372
372
377
380
377
390
381
371
378
374
375
379
381
382
383
382
371
370
351
381
384
387
380
364
376
369
385
378
380
378
377
370
376
374
372
387
380
372
372
379
386
373
379
380
370
382
379
378
373
386
381
388
381
384
374
380
376
379
371
378
384
382
381
369
365
372
373
389
374
378
379
377
384
378
374
369
377
375
371
387
386
392
383
375
372
361
375
373
377
361
368
380
377
372
374
381
376
382
364
358
363
378
379
381
390
371
381
379
376
384
378
374
374
372
381
379
378
382
382
380
387
372
380
369
375
374
384
379
379
378
378
377
378
372
370
381
374
378
382
372
374
366
368
378
371
379
386
363
378
376
369
380
380
388
378
379
374
375
379
371
379
364
387
368
369
368
374
380
373
369
376
383
380
377
377
381
378
380
380
387
385
372
380
380
383
375
378
367
383
380
373
385
374
375
382
373
364
376
387
381
387
370
371
377
377
389
371
369
368
391
377
378
374
357
367
371
378
382
370
378
367
385
373
382
362
375
372
380
378
375
372
363
365
385
371
379
380
371
370
388
376
376
373
371
386
371
374
363
377
381
382
371
378
382
369
373
376
377
390
384
380
392
384
382
379
382
381
378
374
374
373
363
361
367
390
380
372
383
380
365
370
385
375
370
375
379
373
379
382
370
382
354
388
378
379
371
373
379
384
388
374
374
382
382
378
381
381
384
375
381
369
369
380
371
374
372
391
385
377
371
373
379
375
382
388
376
379
377
370
368
374
378
358
358
376
368
362
379
379
376
379
368
377
376
377
364
383
372
362
374
384
380
376
374
377
389
375
375
378
386
379
382
373
378
382
367
390
375
383
366
375
385
384
360
378
372
372
389
380
379
374
381
371
368
378
386
383
373
374
373
368
370
372
381
367
377
375
376
387
393
373
381
367
367
370
377
372
379
365
368
385
378
375
376
367
378
384
366
378
379
374
373
381
366
377
374
376
377
384
387
368
380
364
365
375
384
379
384
378
379
386
366
375
386
373
372
390
377
374
377
356
375
382
375
379
369
374
377
372
376
375
373
375
386
374
375
374
387
385
375
369
387
375
380
378
375
373
370
368
378
388
383
370
391
386
378
387
378
368
379
384
378
379
372
377
372
372
361
380
372
377
373
385
367
381
368
381
371
371
383
373
380
387
380
371
375
384
394
390
376
371
377
380
383
379
385
382
367
382
381
372
366
372
386
377
376
363
381
387
370
385
379
385
390
373
389
378
378
378
384
375
384
366
363
378
375
367
379
380
368
381
382
377
365
366
371
378
366
383
382
375
368
378
378
382
380
379
372
374
371
366
382
372
373
373
367
388
372
376
381
382
375
375
363
377
381
376
385
384
368
378
368
379
382
380
372
385
384
381
384
373
371
384
384
384
379
384
370
375
386
375
381
373
371
362
385
378
376
380
371
363
366
374
387
373
388
375
388
383
379
379
371
380
375
370
378
378
379
375
373
376
373
383
382
377
385
372
385
378
375
376
366
389
369
371
371
381
376
373
376
377
374
364
368
387
383
355
375
381
383
373
375
386
380
380
361
372
365
383
377
376
367
366
387
384
378
373
363
364
364
378
363
370
380
374
376
369
379
382
374
383
373
380
380
374
372
366
373
374
382
382
387
371
368
380
374
372
373
371
377
379
374
386
386
372
371
385
373
386
373
377
358
384
378
368
383
376
385
378
379
378
372
370
372
373
381
378
375
370
390
376
378
381
376
375
377
373
381
371
371
381
372
377
383
379
376
364
372
376
372
385
393
376
373
375
369
368
371
382
374
379
371
375
376
382
378
373
382
377
382
371
373
379
371
380
382
372
380
370
380
383
372
380
377
362
375
385
383
375
380
373
376
382
374
371
379
390
378
372
380
369
374
377
379
378
382
384
385
367
376
371
371
378
377
376
371
377
377
368
375
369
389
375
368
367
380
378
363
376
371
381
380
370
371
385
373
369
377
367
383
376
378
367
381
371
377
377
372
390
378
379
374
383
381
381
376
372
376
378
371
367
370
372
384
375
380
371
379
381
383
380
378
363
375
386
387
378
379
379
365
374
391
381
373
383
379
384
377
381
374
383
387
384
385
385
371
376
380
367
373
376
371
382
374
381
379
372
385
384
379
378
366
383
376
385
373
380
379
377
376
375
368
383
373
382
384
378
372
379
387
382
385
373
378
362
361
368
372
369
382
382
381
391
377
378
371
381
379
372
387
373
375
377
382
379
379
363
377
390
375
378
371
374
390
377
375
376
377
372
375
386
370
380
375
386
376
383
385
384
366
377
374
378
380
377
372
372
387
378
377
381
382
386
378
382
373
368
372
381
368
381
380
386
353
377
384
373
378
392
371
376
381
385
367
380
366
375
372
380
379
374
381
379
378
380
375
367
387
390
373
371
374
371
376
385
387
362
381
378
379
375
383
378
380
377
366
384
378
371
383
375
382
385
365
377
380
376
377
376
378
380
371
377
393
378
374
377
385
375
381
378
374
377
374
370
374
374
380
386
374
383
366
377
381
379
387
376
367
370
376
387
397
378
376
370
391
361
371
370
378
373
375
381
375
378
390
379
355
361
360
373
376
384
384
383
369
373
384
368
381
391
378
374
384
373
378
368
379
378
374
387
376
391
388
380
385
386
379
381
375
376
378
369
368
384
393
382
386
379
378
378
373
383
377
374
369
382
377
386
385
379
380
374
376
382
376
368
379
371
381
385
372
367
371
386
377
383
387
377
384
382
376
386
380
370
376
367
376
380
375
377
387
377
380
371
375
382
375
388
377
372
373
377
383
371
380
377
384
382
393
370
373
372
365
380
392
396
372
385
376
389
381
374
376
380
369
376
375
379
373
385
382
379
377
372
381
372
371
376
376
383
381
380
382
368
374
380
377
386
393
382
366
371
385
376
374
387
375
367
387
388
365
386
362
386
376
379
381
378
381
367
385
379
385
382
389
367
382
392
391
375
372
374
375
369
380
369
385
394
374
384
386
379
362
382
370
382
377
380
380
378
380
375
378
385
370
373
382
369
387
380
375
372
377
379
390
373
371
385
388
383
383
376
377
384
385
364
374
384
365
375
389
382
367
389
373
383
371
372
371
370
374
382
382
365
366
374
377
378
372
379
365
373
384
369
365
378
385
383
372
378
373
384
372
375
372
370
386
389
396
377
392
385
388
374
382
382
363
383
381
383
374
378
370
375
378
384
381
367
378
380
367
375
379
378
389
377
386
365
384
392
383
385
370
378
375
387
383
378
380
368
381
375
376
379
385
368
376
372
370
376
378
376
372
376
387
376
382
375
369
374
382
376
364
375
374
389
382
368
378
380
392
378
379
363
387
364
377
374
388
384
374
376
386
386
374
385
380
380
380
383
385
390
382
383
371
387
374
370
387
387
378
375
377
388
387
379
384
384
386
380
376
380
376
374
384
370
387
380
371
369
377
368
371
375
379
364
360
362
388
373
387
384
376
383
388
375
379
385
386
386
374
364
369
376
372
384
388
372
375
368
373
382
386
382
380
379
393
372
376
384
392
385
374
379
391
379
377
393
381
387
384
381
371
376
383
376
382
388
382
378
367
374
367
368
385
380
372
382
377
389
384
378
380
374
374
387
381
385
387
378
385
390
388
386
369
385
389
377
367
376
373
381
382
383
390
377
392
380
385
367
382
375
373
381
384
385
382
389
375
373
384
377
371
376
384
378
377
378
370
381
375
385
388
380
381
377
376
385
375
374
372
397
376
384
374
378
376
380
380
385
374
377
380
382
381
375
382
388
380
382
382
383
379
382
390
375
375
383
380
390
380
375
385
388
381
374
380
389
395
380
390
377
382
381
379
391
378
373
389
381
378
377
383
377
387
379
381
370
378
388
386
385
384
383
378
387
382
391
375
380
383
388
385
389
383
388
373
378
385
395
386
394
383
390
383
398
384
392
386
393
396
379
384
392
389
375
391
385
386
377
390
393
391
381
393
396
397
390
385
381
382
388
385
379
397
399
406
387
407
388
395
397
383
392
383
385
380
391
386
386
393
389
396
395
382
400
392
395
393
383
395
405
394
393
391
400
396
392
396
389
392
393
397
388
404
396
391
396
388
393
396
403
397
399
402
393
396
405
403
396
398
402
405
411
407
408
402
402
410
404
402
402
399
398
404
400
405
405
402
411
402
403
407
407
405
409
406
417
415
418
420
417
412
414
410
404
406
408
415
410
405
411
410
413
411
412
414
415
418
416
414
416
420
419
417
415
417
421
420
420
419
419
417
418
419
420
420
420
421
421
422
422
422
422
423
424
423
424
424
424
424
424
424
424
424
424
424
423
424
424
424
425
425
425
425
425
425
425
425
425
425
425
425
425
425
425
425
425
425
425
425
425
425
425
425
425
425
426
426
426
426
426
426
426
