430
368
372
379
370
365
387
391
369
376
370
390
380
371
387
378
380
389
376
375
376
380
385
374
375
387
374
365
377
375
372
378
382
379
369
366
384
372
374
373
376
361
381
383
388
375
383
389
386
386
373
384
373
370
376
381
371
374
370
377
376
386
374
384
384
370
380
372
370
373
388
376
363
372
365
383
376
381
379
377
374
386
367
370
372
381
369
380
374
385
371
368
378
384
379
373
381
383
378
370
373
380
365
384
378
386
383
378
379
383
387
374
372
385
371
383
382
382
368
378
360
376
383
360
381
383
376
362
364
379
379
373
369
369
371
382
374
355
385
377
374
385
378
378
377
374
371
377
379
376
371
373
373
370
378
370
389
373
364
382
376
384
374
379
384
382
371
379
357
382
385
373
387
383
368
380
375
383
378
378
374
382
373
382
372
365
381
376
374
371
383
372
375
377
376
365
381
381
371
373
363
375
379
382
388
377
368
372
375
379
378
376
368
381
381
375
381
379
394
380
376
374
375
381
385
378
367
376
378
384
372
366
380
385
376
383
371
383
375
378
376
372
377
379
382
369
369
369
374
379
379
389
375
359
385
372
365
377
378
385
382
370
380
382
367
371
371
364
373
385
383
369
384
380
386
372
391
375
376
389
378
375
379
370
383
367
375
376
384
377
372
378
364
383
384
378
383
383
372
375
383
378
362
376
377
370
372
371
391
384
379
385
394
382
377
371
374
379
361
370
382
372
381
372
380
378
381
379
373
379
383
365
373
370
392
379
372
371
391
379
376
371
373
366
371
376
382
391
380
383
379
380
387
375
382
361
378
376
356
370
376
380
378
368
376
377
390
365
375
380
375
381
378
378
377
369
385
383
376
372
371
370
374
377
377
369
356
363
382
376
374
373
378
377
372
383
381
379
378
362
365
380
375
387
382
374
374
367
388
374
374
375
385
382
386
381
381
374
367
379
390
368
379
374
384
389
377
375
360
388
364
356
381
381
374
374
382
377
378
373
384
362
377
385
371
372
372
380
367
383
386
369
383
380
384
376
368
377
362
383
372
369
367
368
366
379
373
375
368
377
373
373
368
370
386
364
374
382
376
370
376
380
379
381
377
383
381
380
387
382
385
388
374
376
386
376
365
376
372
363
371
377
372
375
373
379
374
371
380
376
384
379
380
383
387
383
386
375
380
375
365
373
370
380
376
371
368
376
385
362
389
379
387
369
382
386
381
375
376
387
377
376
374
378
373
377
369
372
379
375
376
385
375
374
387
369
366
382
373
376
380
376
382
376
383
374
369
366
386
362
376
372
383
377
383
374
382
371
372
388
369
390
375
372
359
377
374
369
373
382
374
381
375
377
377
368
378
362
374
390
373
376
377
376
385
368
383
378
390
376
384
369
376
370
377
382
373
365
366
372
370
376
370
370
371
379
371
383
376
371
379
384
374
374
379
377
379
390
380
373
378
369
382
376
371
369
368
383
370
375
379
372
377
384
385
374
381
383
373
365
377
374
365
386
377
384
379
381
374
375
378
376
372
378
381
387
371
385
372
375
374
379
371
380
392
363
373
372
379
363
383
384
388
384
386
366
366
374
366
375
373
373
382
376
382
386
377
391
379
376
377
384
381
378
387
385
375
362
377
371
378
376
374
376
371
390
380
368
386
386
377
372
385
376
382
387
364
371
368
387
393
383
374
387
391
379
374
370
380
373
379
386
385
375
378
375
369
387
380
378
382
385
387
366
371
379
376
372
376
382
371
367
384
380
378
375
373
381
383
390
379
363
377
379
372
365
367
383
371
378
379
374
373
381
371
371
371
375
378
380
392
374
375
390
374
374
367
385
371
366
377
384
372
386
384
388
377
370
368
383
377
381
385
380
375
373
380
371
384
375
357
383
375
389
382
376
380
370
376
369
381
371
381
375
372
375
378
377
382
378
371
376
378
390
371
372
372
373
366
386
380
380
372
371
390
383
374
385
392
386
375
369
383
386
386
377
377
380
377
368
375
375
379
375
387
379
377
378
370
380
373
374
383
380
379
393
370
365
378
379
376
368
368
379
370
378
377
369
383
383
384
383
362
374
374
377
382
384
366
374
383
366
378
373
371
363
387
373
375
391
382
387
373
385
380
365
374
384
376
376
392
377
374
369
373
377
377
363
381
376
374
365
375
383
389
379
382
376
384
379
378
373
370
369
375
372
380
376
381
378
373
374
375
375
372
363
368
386
375
365
374
376
379
367
378
386
366
380
374
372
380
374
383
387
371
373
369
379
378
375
377
379
379
380
380
377
371
367
386
375
382
383
376
385
387
379
371
369
377
385
383
382
376
387
376
377
373
377
373
381
364
372
376
374
379
364
377
369
373
375
375
379
383
382
376
373
369
377
389
387
359
381
376
368
373
364
377
380
381
380
366
382
385
379
379
380
380
390
383
376
385
388
378
384
393
384
363
381
376
377
370
372
376
368
377
382
382
387
373
377
375
371
370
386
385
378
386
374
383
369
379
382
369
380
392
387
377
384
387
385
377
372
380
379
374
377
382
369
373
383
372
380
389
379
381
377
378
373
386
373
359
365
359
377
387
377
366
380
380
383
382
377
379
373
389
375
371
372
372
375
367
382
378
380
373
378
365
380
388
387
371
380
373
382
391
373
377
366
382
375
373
376
383
378
379
369
382
384
388
369
377
379
374
388
376
374
375
373
387
389
378
389
373
391
378
372
375
378
366
369
390
387
374
375
377
371
375
377
377
376
375
376
377
369
378
378
368
377
381
388
367
384
371
370
378
378
374
385
380
389
379
361
377
372
374
387
382
368
394
384
377
370
381
380
373
380
384
383
375
379
384
377
377
367
371
383
374
366
381
375
377
377
375
380
382
374
379
383
377
377
371
370
376
364
372
381
379
381
381
380
374
370
373
378
372
357
376
377
379
374
385
372
381
369
380
378
372
373
379
371
375
376
380
391
376
379
377
384
384
379
376
373
381
377
373
378
387
383
371
373
393
383
372
388
365
379
380
376
369
372
373
386
390
381
383
369
387
378
375
375
363
366
379
382
372
379
367
372
386
384
382
366
374
362
375
379
386
374
374
381
366
365
381
386
389
375
372
373
386
384
382
377
366
379
356
375
382
379
371
383
372
377
382
385
384
376
376
382
380
386
374
382
383
378
368
383
381
380
379
386
379
378
378
385
374
381
379
391
369
370
372
380
377
371
381
370
382
386
370
370
370
366
383
375
386
373
372
387
370
371
382
380
365
367
364
373
376
386
376
373
372
370
373
383
362
381
374
374
367
375
372
382
390
378
367
375
376
364
377
380
366
367
360
378
378
383
381
375
380
379
372
376
381
378
375
378
387
377
386
376
381
382
368
370
381
375
383
385
377
372
385
380
381
389
371
374
378
379
377
385
389
375
380
374
382
366
378
360
378
365
365
375
380
371
377
388
374
371
371
372
375
378
375
368
382
376
385
377
384
382
371
388
384
376
375
364
371
380
386
372
388
377
382
389
371
367
374
363
381
373
383
370
378
376
375
367
383
375
367
377
377
382
378
380
375
386
381
377
375
375
371
375
379
389
387
370
366
388
375
373
373
379
373
377
381
376
381
377
373
380
388
378
379
374
376
386
382
386
378
373
382
381
377
378
382
380
377
383
375
369
377
378
372
378
373
371
372
376
372
381
378
369
390
379
389
380
369
377
381
378
380
386
364
369
385
384
370
370
379
378
381
383
371
368
383
373
373
376
386
393
379
391
384
382
390
365
376
390
381
392
370
375
370
375
386
378
375
388
375
373
379
403
393
384
378
365
378
381
388
376
370
374
378
367
375
374
372
370
385
379
370
365
367
382
380
380
375
375
376
375
380
376
381
373
385
391
376
386
393
379
363
386
372
382
392
386
369
384
376
376
379
371
380
369
382
379
380
378
378
381
381
380
372
376
366
384
369
374
381
377
383
373
372
382
383
379
376
379
378
384
379
378
376
375
383
378
376
375
388
370
371
381
375
371
374
376
385
372
368
366
372
375
379
381
381
379
371
373
388
371
361
390
375
364
375
369
372
382
374
379
376
376
373
366
376
370
381
371
378
383
388
387
379
378
373
382
361
373
386
387
378
379
392
385
384
374
375
378
381
381
371
372
367
377
367
382
383
385
382
382
365
371
378
378
381
371
387
383
387
387
380
384
382
369
373
386
369
376
375
384
372
368
377
374
374
382
374
375
381
376
383
374
380
378
383
384
362
385
373
384
367
380
379
376
374
373
379
378
384
373
365
373
389
366
375
379
371
374
379
369
371
371
359
379
376
385
377
386
374
373
386
374
382
372
381
377
373
374
375
371
375
379
367
377
376
370
372
382
373
369
383
391
375
387
387
389
375
376
373
373
373
390
367
379
388
383
391
385
391
370
386
383
389
367
369
381
381
376
373
390
384
379
366
383
386
366
379
384
376
372
377
375
373
378
382
382
371
370
372
385
365
381
376
375
371
375
385
363
355
384
371
382
367
373
387
379
372
372
376
384
386
374
376
377
370
384
375
380
367
382
373
394
382
377
383
382
373
376
371
379
369
386
376
380
383
385
377
381
378
379
375
383
378
380
374
374
378
376
385
389
379
376
372
379
376
381
381
363
378
388
376
379
383
383
386
382
382
372
379
379
382
388
379
377
382
381
384
378
383
378
377
389
366
375
385
392
390
370
376
385
372
388
385
385
379
383
370
374
380
380
383
382
375
372
393
372
376
374
383
371
373
366
383
369
371
372
374
377
379
385
382
386
383
377
385
376
376
386
378
395
381
390
377
386
380
394
380
364
368
372
378
385
387
373
382
387
381
383
380
378
386
373
383
375
384
376
380
385
389
389
365
371
381
376
373
367
376
371
384
381
385
381
384
384
371
380
386
375
375
376
378
373
374
390
383
373
389
384
387
389
382
387
386
376
377
377
379
370
379
388
378
385
381
397
388
378
376
385
373
383
386
381
376
380
367
371
377
379
380
385
381
387
389
373
373
382
381
383
378
382
376
385
376
377
378
384
376
391
386
392
384
380
380
378
368
375
376
379
384
376
382
386
393
383
381
387
380
379
383
383
387
380
384
383
393
381
387
378
390
390
393
383
379
383
387
387
388
375
380
381
387
379
370
380
384
384
381
372
387
392
371
383
394
377
393
381
383
378
380
390
385
380
389
389
392
388
378
384
393
394
392
389
375
383
382
383
391
392
388
390
387
386
377
376
389
392
385
389
394
390
400
382
389
400
393
381
394
399
392
382
390
393
388
384
386
387
395
390
386
393
389
395
390
386
388
388
394
386
385
395
390
392
385
395
389
399
393
390
393
398
392
378
385
381
378
386
392
385
394
400
397
396
401
388
390
385
400
393
393
401
392
399
396
407
404
394
396
395
394
396
395
396
402
403
395
403
403
413
406
404
408
411
407
409
394
403
401
402
398
402
403
405
402
400
408
404
402
410
408
411
404
404
409
402
402
408
412
416
412
415
415
414
416
418
418
412
415
414
417
415
420
417
419
420
417
418
418
420
418
421
423
424
425
426
424
424
427
426
426
426
426
424
425
426
425
426
426
426
426
425
425
425
425
425
425
426
426
426
426
426
426
426
426
426
426
426
426
426
426
426
426
426
426
426
426
426
427
427
427
427
427
427
427
428
428
428
429
429
429
429
429
