430
366
376
377
371
387
378
389
376
381
378
366
378
377
372
375
363
378
380
374
376
383
392
373
387
368
389
384
375
374
379
375
374
381
371
360
371
383
374
374
384
373
382
388
383
384
370
372
378
366
366
376
382
364
377
366
380
366
370
386
377
370
364
370
391
387
378
373
374
381
384
383
376
388
391
376
377
380
382
385
384
378
370
377
374
374
360
368
377
366
371
381
371
372
367
375
372
375
378
376
370
378
373
386
385
371
390
377
364
379
377
377
374
368
375
386
368
374
382
371
370
353
375
391
383
377
370
371
379
378
364
377
378
374
386
381
373
374
382
376
370
367
383
387
373
372
372
388
386
389
382
360
374
382
377
357
378
384
378
380
383
377
384
371
384
380
377
380
379
372
376
370
371
375
359
380
376
370
375
373
381
380
371
380
378
370
376
380
386
371
363
383
377
377
376
375
380
376
378
372
390
381
379
368
372
373
381
373
377
372
384
374
374
371
377
375
372
364
383
381
375
380
368
371
364
370
381
369
363
373
384
379
388
373
376
366
375
385
388
384
392
385
369
370
389
379
385
370
375
373
374
368
381
376
370
387
385
373
380
379
381
376
385
380
380
382
384
383
374
381
369
376
375
369
386
379
385
379
371
373
371
371
382
381
366
379
382
378
387
378
384
388
374
370
375
367
367
376
376
387
376
387
383
374
373
381
388
381
363
373
368
368
380
369
373
389
383
381
387
371
381
377
379
369
371
385
376
375
368
375
374
385
375
373
370
372
379
380
377
384
390
370
378
373
373
376
371
376
375
379
386
374
373
379
378
359
368
373
372
374
381
375
381
380
378
371
383
385
375
374
366
377
361
380
382
372
379
378
380
366
375
369
379
367
393
385
378
387
383
369
373
371
375
372
369
363
374
375
375
386
386
376
376
380
390
373
377
366
380
375
375
359
383
376
374
381
373
377
369
378
376
382
376
360
360
369
373
381
380
379
386
369
367
366
374
377
376
373
386
379
369
375
373
372
383
376
372
383
380
382
372
377
389
375
360
377
368
371
388
379
377
385
376
385
380
376
377
365
388
375
375
377
371
375
379
379
365
385
376
375
364
365
382
371
376
379
382
379
369
380
378
378
365
389
387
385
382
374
384
385
381
376
375
381
379
375
383
371
377
376
377
369
374
373
377
387
385
370
389
366
373
369
373
377
374
379
376
379
376
369
381
377
378
377
371
373
369
383
375
382
389
385
380
375
363
377
393
387
382
379
380
373
383
389
373
371
374
381
383
374
373
378
370
385
374
375
381
373
386
369
372
366
363
370
367
377
381
387
371
380
369
376
367
381
382
378
381
380
380
371
373
380
381
373
377
387
367
387
382
373
382
370
370
372
368
383
386
371
386
385
385
383
375
376
366
379
383
383
380
388
375
386
396
362
384
382
368
374
378
379
365
372
388
378
392
396
373
377
380
370
373
386
380
378
375
373
362
378
374
375
382
382
373
368
362
378
368
372
373
366
379
374
386
376
371
370
377
377
384
381
369
383
375
382
380
372
373
379
367
374
372
379
395
373
390
384
379
383
382
377
377
381
370
375
371
385
384
374
378
367
368
379
377
368
387
376
382
388
377
382
369
388
382
370
380
382
380
382
385
379
374
373
382
377
375
380
384
361
380
375
367
368
376
379
377
369
374
385
379
365
373
384
390
385
379
388
373
377
382
388
373
384
394
380
376
385
375
386
366
377
376
380
382
385
385
378
384
374
381
385
389
379
378
385
386
380
383
379
372
384
383
373
371
384
389
379
381
383
379
378
366
381
385
377
380
377
381
381
385
372
373
385
380
377
377
381
376
381
380
363
370
372
377
382
384
384
383
377
382
393
378
380
383
384
380
384
372
382
362
385
382
384
380
375
386
385
370
390
376
369
378
373
370
381
377
385
375
385
376
380
372
380
391
384
377
385
383
378
384
386
382
380
384
377
378
376
385
391
379
377
374
373
366
375
382
374
388
378
374
377
370
376
383
380
372
374
372
385
376
381
380
379
382
357
380
378
385
378
388
391
378
370
381
379
383
386
386
377
384
385
377
391
376
382
370
377
380
374
383
385
370
382
380
383
370
387
384
372
378
382
369
372
383
368
386
376
377
372
386
380
384
380
390
368
386
378
389
385
380
384
384
384
378
384
386
392
386
386
370
383
386
392
387
375
375
384
377
378
366
380
385
393
381
386
378
387
377
367
369
375
384
374
361
386
383
389
379
383
378
383
387
367
380
381
378
371
386
377
379
389
381
378
386
375
380
389
391
382
382
379
374
380
389
395
381
391
381
381
382
384
392
389
384
379
395
386
384
387
381
389
382
389
378
379
381
376
374
385
385
387
382
386
384
381
383
374
379
365
374
374
375
360
382
395
384
392
375
373
375
372
385
389
377
388
382
393
372
379
383
380
376
378
386
386
379
380
384
379
383
382
383
391
375
374
386
390
383
379
395
392
390
383
389
390
397
385
389
376
368
375
386
382
385
381
383
389
383
385
384
383
388
389
396
388
393
381
386
381
387
386
394
379
385
394
395
386
392
379
384
387
389
383
376
382
375
385
383
383
385
383
390
389
381
396
385
395
385
392
387
393
384
382
391
384
393
389
380
395
376
389
382
385
390
377
373
381
389
389
367
383
386
380
380
386
394
383
391
381
378
382
385
383
390
398
385
393
389
376
385
390
379
387
389
389
385
384
384
380
393
392
383
382
378
377
382
388
378
387
388
395
377
382
379
383
387
382
387
382
387
388
390
390
383
385
388
390
391
384
389
400
384
389
375
386
389
377
384
387
383
386
380
380
386
385
380
383
388
392
382
393
390
388
385
397
384
380
391
397
386
382
391
385
387
388
384
391
385
391
393
399
382
389
398
392
385
390
389
390
383
393
389
399
387
391
396
399
393
394
396
388
399
395
397
395
397
402
399
389
384
388
399
390
385
382
380
396
393
396
389
386
396
391
383
394
403
404
393
396
394
394
396
393
392
395
405
405
391
392
389
391
391
390
390
393
399
395
382
393
390
397
395
403
393
394
395
401
385
395
395
377
391
392
393
394
392
390
398
392
382
393
394
400
400
400
404
400
377
390
397
391
384
393
395
390
398
397
394
401
390
398
392
397
398
399
403
395
400
405
398
399
394
393
394
401
405
400
397
389
392
398
398
397
388
393
400
395
400
405
395
406
398
409
404
399
403
398
404
399
403
402
407
403
397
404
392
400
399
394
392
389
400
390
394
404
392
398
401
400
387
391
393
401
397
396
395
397
399
393
391
399
405
401
404
398
402
400
405
393
402
406
409
399
398
398
407
392
402
400
404
403
411
403
402
400
401
392
399
405
399
399
402
391
401
403
402
399
403
401
407
406
400
401
406
401
403
403
409
413
411
410
400
412
408
403
399
402
404
406
406
406
405
411
406
408
412
405
404
396
392
408
403
402
404
403
407
403
408
405
406
404
409
404
404
406
409
409
406
403
406
408
407
407
417
408
408
403
400
410
403
403
399
405
410
409
413
402
405
400
406
401
403
404
404
406
411
412
405
407
415
414
409
407
408
408
409
405
408
404
407
409
408
416
414
411
412
412
404
411
412
410
409
410
413
411
405
410
407
406
407
409
412
410
410
413
410
414
408
407
406
407
399
404
406
407
413
417
415
412
414
415
415
413
418
417
419
417
416
416
419
413
416
412
416
414
412
410
414
417
417
414
411
412
409
412
411
412
413
416
418
418
411
410
413
406
409
416
411
413
417
414
414
415
415
409
410
411
410
413
411
411
410
413
408
418
415
415
418
415
415
415
413
416
416
412
416
415
420
419
417
415
412
416
418
413
417
415
418
420
422
420
420
418
421
421
420
416
420
418
415
415
417
412
419
419
419
421
418
418
420
418
417
415
416
418
417
421
419
420
422
424
425
426
426
423
424
425
423
425
425
420
416
417
418
417
416
419
418
419
421
420
419
421
422
422
417
418
419
417
418
422
422
422
422
420
423
422
423
424
424
422
424
426
426
425
425
423
425
425
422
419
423
424
425
426
424
423
423
421
423
423
425
424
425
424
426
426
425
424
423
423
424
424
424
423
422
421
422
422
422
425
424
424
427
426
426
427
428
428
428
426
426
424
424
424
423
425
425
424
423
424
424
424
425
426
426
424
425
424
424
422
423
423
424
424
425
423
425
426
426
425
424
425
426
427
427
427
427
427
428
428
428
428
428
428
428
426
425
428
428
427
426
427
427
426
427
427
428
429
429
428
427
428
428
428
427
427
428
428
428
427
427
426
427
427
428
428
425
426
429
429
429
428
428
429
429
429
429
429
429
429
429
429
429
429
428
428
429
429
429
429
429
429
429
429
429
429
428
429
429
428
428
429
428
429
429
429
429
429
429
429
429
428
429
429
429
429
429
428
428
429
429
429
429
428
428
428
429
429
428
428
428
428
429
429
429
429
429
429
429
429
429
429
429
429
429
429
429
429
428
428
429
429
429
429
429
429
429
429
429
429
429
429
429
429
429
429
429
429
429
429
429
429
429
429
429
429
429
429
429
429
429
429
429
429
429
429
428
428
428
428
428
427
427
427
427
428
428
428
428
428
428
428
428
428
428
428
428
428
428
428
428
429
429
429
429
429
429
429
429
429
429
429
429
429
429
429
429
429
429
429
429
429
429
429
429
429
429
429
429
429
429
429
429
429
429
429
429
429
429
429
429
429
429
429
429
429
429
429
429
429
429
429
429
429
429
429
429
429
429
429
429
429
429
429
429
429
429
429
429
429
429
429
429
429
429
429
429
429
429
429
429
429
429
429
429
429
429
429
429
429
429
429
429
429
429
429
429
429
429
429
429
429
429
429
429
429
429
429
429
429
429
429
429
429
429
429
429
429
429
429
429
429
429
429
429
429
429
429
429
429
429
429
429
429
429
429
429
429
429
429
429
429
429
429
429
429
429
429
429
429
429
429
429
429
429
429
429
429
429
429
429
429
429
429
429
429
429
429
429
429
429
429
429
429
429
429
429
429
429
429
429
429
429
429
429
429
429
429
429
429
429
429
429
429
429
429
429
429
429
429
429
429
429
429
429
429
429
429
429
429
429
429
429
429
429
429
429
429
429
429
429
429
429
429
429
429
429
429
429
429
429
429
429
429
429
429
429
429
429
429
429
429
429
429
429
429
429
429
429
429
429
429
429
429
429
429
429
429
429
429
429
429
429
429
429
429
429
429
429
429
429
429
429
429
429
429
429
429
429
429
429
429
429
429
429
429
429
429
429
429
429
429
429
429
429
429
429
429
429
429
429
429
429
429
429
429
429
429
429
429
429
429
429
429
429
429
429
429
429
429
429
429
429
429
429
429
429
429
429
429
429
429
429
429
429
429
429
429
429
429
429
429
429
429
429
429
429
429
429
429
429
429
429
429
429
429
429
429
429
429
429
429
429
429
429
429
429
429
429
429
429
429
429
429
429
429
429
429
429
429
429
429
429
429
429
429
429
429
429
429
429
429
429
429
429
429
429
429
429
429
429
429
429
429
429
429
429
429
429
429
429
429
429
429
429
429
429
429
429
429
429
429
429
429
429
429
429
429
429
429
429
429
429
429
429
429
429
429
429
429
429
429
429
429
429
429
429
429
429
429
429
429
429
429
429
429
429
429
429
429
429
