430
365
387
379
376
389
367
381
373
377
382
384
371
378
384
363
363
371
375
373
385
374
377
377
365
384
383
371
371
382
377
368
381
375
380
377
382
384
395
383
373
391
383
378
360
372
384
380
376
369
390
380
367
373
382
376
380
380
375
385
375
368
383
371
377
381
367
391
367
369
373
373
379
375
371
361
374
375
377
373
379
380
365
373
383
374
378
379
365
372
379
382
381
380
393
379
384
377
383
375
370
391
377
374
380
380
370
388
362
367
375
373
388
374
369
381
364
398
386
389
380
372
367
381
373
370
381
387
368
373
379
369
374
379
383
387
394
378
369
375
388
378
379
368
374
376
375
377
373
376
354
369
387
371
383
376
371
374
368
371
358
371
372
364
374
388
371
365
380
374
378
375
366
373
389
369
369
378
374
377
373
369
370
357
368
369
385
383
369
371
374
372
374
378
372
370
376
363
383
381
377
361
378
387
381
378
372
366
366
368
371
377
379
385
378
382
374
373
383
379
383
385
376
380
375
376
387
378
380
391
376
386
388
379
378
382
378
372
363
377
375
370
394
383
390
382
375
388
366
370
369
376
376
376
375
372
380
382
379
374
383
377
382
377
373
375
373
367
374
365
381
377
383
374
380
362
385
377
371
380
383
370
372
362
374
380
370
376
377
374
359
380
366
361
371
376
364
375
383
363
378
371
376
359
371
380
377
381
391
388
386
382
373
388
361
377
385
376
386
379
380
387
375
369
380
368
374
377
375
382
372
376
366
376
392
375
359
389
374
363
380
379
376
383
372
383
377
379
372
368
378
374
381
381
375
360
367
374
376
374
375
371
381
387
369
377
379
370
384
376
371
389
383
387
376
362
373
376
384
378
385
375
365
379
376
370
387
387
382
391
375
378
369
374
381
375
380
377
367
367
375
372
366
369
377
379
366
366
375
371
363
364
379
376
389
371
377
388
378
362
372
370
374
373
384
377
373
380
361
391
376
375
369
372
378
374
382
370
371
370
370
373
386
372
381
385
374
376
378
374
381
372
382
377
372
371
373
369
380
386
372
376
380
370
384
372
392
380
377
376
383
372
383
377
370
383
367
382
375
382
387
374
386
381
374
371
367
365
386
371
375
379
364
386
378
365
377
376
379
380
393
366
375
372
373
397
364
365
379
377
381
383
380
377
373
383
379
384
367
379
376
381
377
371
386
378
385
379
374
364
374
388
386
382
378
367
370
378
385
376
386
383
387
375
373
381
367
388
372
376
372
381
358
375
386
370
376
382
377
386
379
381
383
381
385
382
384
380
381
382
368
382
377
383
380
373
376
370
383
384
381
385
385
388
393
371
381
380
383
374
376
382
374
372
373
370
376
379
388
379
370
373
389
376
376
380
378
361
371
374
377
383
376
377
369
378
378
367
374
367
369
387
376
378
374
378
371
388
383
382
381
378
368
380
378
380
370
373
375
377
377
375
380
381
386
373
380
383
371
377
378
367
368
365
383
364
377
379
384
373
372
377
375
378
374
386
390
376
379
382
369
379
370
381
381
383
374
359
377
375
379
378
380
380
374
382
384
385
366
368
363
378
372
371
385
385
384
379
371
369
382
386
375
366
380
372
378
384
384
387
384
376
385
374
382
374
373
389
382
374
379
383
375
379
372
379
379
384
384
370
370
380
379
374
365
386
378
381
375
379
385
361
366
385
375
374
387
386
373
383
373
383
383
389
383
379
381
373
365
377
375
384
383
383
376
366
366
380
385
378
382
374
393
385
380
369
383
373
373
377
395
373
379
371
385
369
366
382
370
369
370
373
380
374
377
380
375
375
385
385
387
372
372
371
374
375
381
372
370
374
379
382
374
385
376
380
378
379
375
380
383
391
375
376
383
374
382
373
376
376
368
381
371
362
380
363
378
384
369
369
367
377
387
382
372
379
376
379
379
389
382
371
367
371
369
379
386
382
386
379
389
386
376
383
379
378
375
379
387
380
377
384
379
389
376
373
392
391
391
383
374
380
387
393
378
373
368
364
372
380
375
373
390
383
390
377
383
381
369
370
382
359
367
373
370
372
375
378
394
375
392
371
389
383
384
377
381
383
377
378
384
365
385
385
374
385
371
383
368
385
383
378
375
384
380
375
373
379
380
377
384
372
388
375
385
379
380
382
379
395
394
383
389
369
378
389
384
380
379
379
380
382
399
378
374
380
381
384
375
367
370
372
377
382
371
382
370
381
374
391
383
383
379
390
386
387
390
390
381
389
375
379
387
377
385
380
380
366
381
380
378
391
364
374
389
380
389
378
387
375
377
376
374
381
374
376
379
378
369
379
385
389
363
374
385
381
389
396
382
395
371
370
370
379
377
388
375
394
375
371
373
380
390
385
393
384
383
367
378
387
386
380
383
383
377
382
389
385
382
385
382
388
372
385
367
380
378
377
381
385
386
381
387
378
384
387
371
387
384
382
376
376
392
389
380
374
379
377
373
370
380
378
375
388
376
378
380
368
382
392
381
391
380
383
381
369
386
385
368
372
378
368
378
388
385
386
386
390
393
372
389
384
389
387
385
374
387
387
384
384
395
388
387
388
388
384
388
380
382
384
383
387
383
382
385
378
368
387
379
383
381
384
377
382
387
390
390
385
384
375
386
389
392
383
386
384
390
380
378
384
387
391
393
380
378
388
389
387
392
399
391
397
391
381
391
387
386
368
387
393
384
390
385
388
382
382
386
364
383
386
390
379
391
397
382
382
389
392
385
392
388
391
377
381
377
393
377
386
388
381
382
392
379
386
389
382
381
389
387
392
383
381
382
394
390
385
387
383
384
388
378
396
384
390
401
393
384
392
375
388
388
391
386
386
393
394
403
386
385
385
384
400
389
381
383
382
384
384
397
390
398
382
393
395
382
391
392
391
396
394
388
402
398
390
382
390
390
395
397
393
393
394
387
389
382
390
391
395
400
402
394
390
387
388
392
396
381
395
391
391
379
385
390
392
389
393
401
397
386
393
397
402
401
394
389
392
391
390
382
391
391
402
393
399
403
391
381
387
390
391
396
393
393
390
390
384
396
399
396
394
387
389
382
381
396
392
398
388
390
391
400
397
390
395
383
387
398
398
400
393
391
396
399
404
403
397
390
390
400
395
398
402
400
405
399
398
397
401
395
394
400
400
399
400
396
397
406
402
393
392
400
396
410
403
412
398
393
402
399
395
394
387
391
390
390
385
388
394
397
397
408
405
408
395
403
398
409
398
398
402
394
396
392
400
400
398
398
406
392
394
409
396
406
398
401
403
402
391
404
403
399
410
409
404
402
399
398
402
400
404
399
404
406
408
406
400
397
406
403
403
404
399
401
394
401
397
398
398
401
398
397
394
409
406
404
407
408
411
403
405
402
395
402
402
403
401
401
407
409
400
400
404
406
399
408
400
406
402
406
403
401
406
404
412
401
407
401
396
398
402
401
410
411
405
408
401
399
398
404
409
404
406
406
404
405
413
409
402
405
402
402
410
404
411
402
405
409
407
407
410
413
406
408
411
405
401
413
402
400
407
405
408
409
404
406
403
404
410
404
408
408
405
405
404
408
411
413
413
415
413
404
409
410
414
416
417
413
408
411
413
407
411
405
403
405
408
409
409
411
410
416
415
413
409
408
409
405
407
412
409
410
411
409
409
411
415
414
413
415
411
410
408
411
408
408
404
409
414
412
408
411
412
416
416
415
415
414
414
414
408
408
409
416
416
408
410
409
411
408
407
413
417
418
419
415
414
415
415
415
411
411
412
411
410
410
413
418
422
417
419
416
416
411
417
419
418
413
417
417
416
417
418
419
421
421
416
417
416
419
421
419
420
419
417
415
414
415
421
421
416
418
419
416
415
415
420
422
423
422
421
421
423
422
422
422
423
420
421
421
421
422
418
421
419
420
420
421
419
417
419
420
421
420
421
419
421
420
419
419
418
418
421
422
419
419
422
423
423
424
424
423
423
423
422
418
418
418
421
421
424
424
425
424
424
423
424
422
423
422
423
421
424
423
422
422
424
422
422
424
423
424
424
422
422
425
424
426
426
423
421
422
423
424
424
426
427
427
424
423
424
425
427
427
427
427
427
427
425
425
425
426
426
427
428
427
426
424
426
426
425
425
424
421
424
425
425
427
426
426
424
423
424
424
426
426
426
426
424
423
423
423
425
424
423
424
427
427
427
425
426
424
424
426
426
425
428
428
428
428
427
426
426
426
426
427
427
427
425
427
428
428
428
427
426
426
425
426
426
424
425
425
425
426
425
427
426
428
428
427
427
427
427
427
426
427
427
427
426
426
427
427
427
427
427
427
426
426
426
426
426
426
426
425
426
426
425
427
427
427
427
427
427
427
427
427
427
427
427
427
426
427
427
427
427
427
427
427
426
426
426
426
426
427
427
428
428
428
428
428
428
428
428
428
428
428
428
429
429
429
429
428
428
428
429
429
428
428
429
429
429
429
429
429
428
428
428
428
429
429
429
429
429
429
429
429
429
429
428
428
429
429
428
429
429
429
429
429
429
429
429
429
429
429
429
429
429
429
429
429
429
429
429
429
429
429
429
429
429
429
429
429
429
429
429
429
429
429
429
429
429
429
429
429
429
429
429
429
429
429
429
429
429
429
429
429
429
429
429
429
429
429
429
429
429
429
429
429
429
429
429
429
429
429
429
429
429
429
429
429
429
429
429
429
429
429
429
429
429
429
429
429
429
429
429
429
429
429
429
429
429
429
429
429
429
429
429
429
429
429
429
429
429
429
429
429
429
429
429
429
429
429
429
429
429
429
429
429
429
429
429
429
429
429
429
429
429
429
429
429
429
429
429
429
429
429
429
429
429
429
429
429
429
429
429
429
429
429
429
429
429
429
429
429
429
429
429
429
429
429
429
429
429
429
429
429
429
429
429
429
429
429
429
429
429
429
429
429
429
429
429
429
429
429
429
429
429
429
429
429
429
429
429
429
429
429
429
429
429
429
429
429
429
429
429
429
429
429
429
429
429
429
429
429
429
429
429
429
429
429
429
429
429
429
429
429
429
429
429
429
429
429
429
429
429
429
429
429
429
429
429
429
429
429
429
429
429
429
429
429
429
429
429
429
429
429
429
429
429
429
429
429
429
429
429
429
429
429
429
429
429
429
429
429
429
429
429
429
429
429
429
429
429
429
429
429
429
429
429
429
429
429
429
429
429
429
429
429
429
429
429
429
429
429
429
429
429
429
429
429
429
429
429
429
429
429
429
429
429
429
429
429
429
429
429
429
429
429
429
429
429
429
429
429
429
429
429
429
429
429
429
429
429
429
429
429
429
429
429
429
429
429
429
429
429
429
429
429
429
429
429
429
429
429
429
429
429
429
429
429
429
429
429
429
429
429
429
429
429
429
429
429
429
429
429
429
429
429
429
429
429
429
429
429
429
429
429
429
429
429
429
429
429
429
429
429
429
429
429
429
429
429
429
429
429
429
429
429
429
429
429
429
429
429
429
429
429
429
429
429
429
429
429
429
429
429
429
429
429
429
429
429
429
429
429
429
429
429
429
429
429
429
429
429
429
429
429
429
429
429
429
429
429
429
429
429
429
429
429
429
429
429
429
429
429
429
429
429
429
429
429
429
429
429
429
429
429
429
429
429
429
429
429
429
429
429
429
429
429
429
429
429
