430
368
376
380
392
381
363
374
368
382
377
389
370
375
386
373
378
374
373
368
382
368
383
373
379
389
369
389
382
363
372
374
362
371
385
377
383
363
379
373
367
371
379
361
381
365
376
376
379
385
379
371
387
379
382
368
378
387
386
364
383
386
366
363
378
389
374
370
379
371
373
373
376
372
363
380
365
374
378
389
379
369
372
380
378
376
375
372
374
361
371
377
370
377
377
375
381
373
382
365
367
379
367
379
366
371
380
372
372
375
382
381
377
364
368
377
390
377
373
379
378
374
362
383
379
381
371
384
372
381
386
369
369
382
378
371
380
383
366
385
385
381
381
382
372
374
385
389
367
375
369
371
374
363
374
382
393
376
375
380
376
381
373
377
377
354
383
371
381
378
374
380
373
376
374
373
363
385
381
384
382
376
375
370
373
370
370
375
377
382
376
375
369
372
371
390
369
382
361
376
379
380
385
381
373
369
366
377
373
379
371
391
388
372
369
379
374
387
389
382
383
374
371
385
376
373
388
377
378
380
384
374
376
374
373
388
382
376
370
374
368
379
384
378
381
371
378
373
371
362
368
368
363
381
383
387
378
388
385
384
377
380
372
378
371
375
364
374
372
373
366
376
377
377
379
386
388
379
381
367
381
366
375
376
376
381
378
359
382
374
388
374
374
381
373
364
374
381
387
363
364
383
379
375
379
384
379
377
365
382
377
376
394
364
372
382
371
377
382
377
386
365
374
383
378
371
380
372
378
381
383
370
385
394
369
379
368
389
380
372
385
380
383
371
366
388
394
376
372
384
373
367
376
374
381
374
383
380
368
370
379
370
370
366
387
380
370
388
367
370
373
387
376
377
378
379
386
379
376
383
383
376
376
383
388
382
376
379
376
382
371
382
375
370
380
377
374
389
374
379
385
381
376
372
373
385
380
375
373
378
378
371
381
375
375
378
382
374
385
373
376
374
369
378
378
368
392
384
374
377
384
375
373
386
377
380
377
379
383
369
389
380
378
376
381
383
377
367
381
379
378
384
371
376
375
370
369
374
374
387
374
377
366
368
374
378
374
367
361
370
381
390
364
377
374
386
377
386
376
382
381
370
378
381
372
377
383
372
375
387
379
378
371
384
375
382
382
376
379
382
374
373
368
377
379
374
383
387
382
374
368
378
374
379
377
374
372
360
384
376
376
377
378
381
377
372
368
374
389
378
377
388
397
374
375
370
386
378
378
379
382
359
362
372
384
379
368
369
367
372
383
387
365
368
381
375
382
379
359
379
383
375
382
374
368
382
372
382
376
377
370
380
376
390
384
373
389
377
381
387
384
372
384
383
382
370
372
379
393
369
373
377
374
376
382
376
375
376
388
383
384
385
377
380
380
371
375
380
377
377
382
367
370
377
376
388
375
365
370
383
373
378
372
381
373
361
372
391
380
362
366
387
374
390
380
383
372
390
378
378
377
376
380
379
392
377
383
379
377
390
368
382
367
374
368
369
371
380
364
367
378
379
373
383
377
379
381
390
366
372
366
383
377
381
382
382
383
374
382
375
371
375
376
386
371
375
377
376
376
377
379
378
379
387
378
379
379
379
364
368
380
372
371
378
369
370
382
377
384
375
383
366
371
377
375
365
379
372
381
378
385
376
374
382
367
368
375
372
376
389
382
382
373
370
370
378
376
385
371
383
376
381
379
385
385
378
370
370
373
372
379
366
370
381
369
383
379
383
387
372
375
373
386
369
364
389
388
376
382
373
382
380
386
379
378
393
373
381
382
384
379
379
387
387
377
382
386
378
387
383
383
378
374
376
380
373
390
372
375
379
372
379
381
387
387
368
375
375
377
376
386
391
371
382
367
376
384
373
376
382
368
379
372
379
373
381
370
388
369
367
370
383
369
380
377
372
362
374
372
386
381
376
377
378
377
382
373
383
370
386
384
373
387
378
369
383
382
384
375
378
387
377
383
372
375
385
371
381
378
372
385
379
381
367
372
380
369
376
366
372
368
390
358
379
376
389
376
376
379
377
380
375
388
371
386
378
370
373
373
382
384
388
367
370
385
382
373
376
379
375
366
378
370
368
384
376
383
393
384
375
374
370
377
383
380
376
375
367
378
378
366
363
375
384
391
374
385
368
383
380
386
379
366
377
378
370
376
383
382
369
386
376
371
376
376
379
386
376
378
387
385
370
381
375
390
365
382
393
375
394
381
374
371
379
380
376
366
380
382
366
378
375
355
382
365
377
387
373
377
373
367
358
381
377
377
377
378
381
369
369
383
378
369
381
378
376
361
377
374
379
365
380
377
376
368
378
378
376
372
380
374
370
376
364
380
372
391
389
381
367
386
382
383
385
373
382
378
380
375
378
369
386
372
370
372
374
375
381
378
374
381
378
367
375
386
369
380
377
373
381
372
368
372
385
372
375
386
374
376
369
370
368
363
378
372
376
374
377
370
372
369
375
368
377
378
384
381
374
385
373
371
378
377
389
382
382
382
375
380
375
386
389
364
379
382
372
372
377
373
381
378
365
385
365
382
370
376
386
375
372
380
381
383
379
378
379
374
368
368
380
369
373
381
390
376
378
389
368
371
384
378
387
387
378
378
381
382
369
379
388
382
372
383
375
385
374
370
382
368
379
368
366
374
370
368
368
363
371
373
377
375
365
374
378
385
373
381
387
368
372
378
379
373
381
377
374
365
369
373
367
380
375
388
386
381
381
390
390
374
381
384
359
373
389
380
384
381
386
389
368
376
384
369
382
386
381
378
360
360
361
372
350
364
376
383
388
389
376
375
382
374
374
379
374
375
378
380
394
371
382
366
379
377
376
379
378
378
386
380
384
380
381
387
371
382
374
380
387
381
387
390
368
372
372
379
376
372
375
373
382
374
377
372
372
380
371
386
379
365
362
356
380
377
369
373
376
383
378
382
375
370
362
379
380
387
376
381
382
378
368
387
382
390
382
375
379
367
370
387
390
386
368
387
373
366
378
373
363
379
374
381
373
377
383
377
385
379
383
388
376
387
378
369
374
380
379
379
381
387
378
380
376
378
372
380
371
370
374
375
370
366
377
374
372
360
372
374
370
377
376
373
373
377
387
385
378
378
373
382
368
369
376
367
374
367
385
381
381
375
381
375
378
384
371
362
371
376
389
377
379
379
384
388
378
368
389
374
372
381
376
385
365
370
374
373
372
379
382
384
378
388
382
370
378
373
379
374
373
384
389
386
374
365
373
372
380
382
380
373
383
377
378
366
386
359
385
387
372
377
377
386
370
366
370
366
391
387
377
388
375
374
376
377
376
374
385
397
384
374
378
370
367
380
384
378
378
387
381
389
388
368
380
383
372
380
374
387
377
378
377
371
372
374
382
380
379
378
375
376
378
381
371
378
379
375
381
378
384
384
376
380
374
381
378
384
370
367
372
364
382
381
373
379
381
367
381
376
379
385
379
370
368
372
370
387
385
370
377
375
382
385
391
379
372
388
392
386
382
381
381
380
381
382
379
374
373
366
384
388
380
384
381
372
369
379
383
375
381
390
380
376
379
383
379
376
379
382
376
370
375
378
372
390
384
379
366
365
382
376
384
365
385
377
382
384
372
375
371
376
375
381
373
370
380
380
377
376
382
369
371
371
371
389
379
365
391
370
384
393
380
380
374
376
382
388
377
378
379
377
386
372
392
378
383
386
385
374
394
382
377
377
378
382
382
386
383
377
374
377
380
383
385
380
371
380
377
380
386
377
373
382
373
380
384
377
375
370
374
372
368
379
378
381
375
388
372
376
373
373
374
375
364
379
374
365
380
391
381
382
375
385
362
376
387
382
379
377
380
379
376
373
385
380
382
381
376
377
371
384
379
369
376
377
379
385
373
382
378
391
376
377
374
375
377
378
387
377
369
375
379
373
374
375
381
369
385
376
385
380
379
384
365
385
377
374
367
381
376
378
391
378
379
366
376
374
373
376
389
363
374
383
382
387
377
375
386
368
381
387
374
395
378
371
379
374
370
370
374
376
382
374
376
360
371
375
375
382
383
384
360
376
366
381
374
380
373
368
379
377
373
382
369
370
365
379
369
368
375
383
371
375
381
358
379
375
377
384
379
386
371
372
377
373
374
383
381
379
373
368
379
375
377
375
387
382
385
390
379
376
387
382
383
368
373
383
378
385
385
363
381
388
376
381
375
372
363
365
374
378
374
383
375
383
374
381
383
364
364
366
380
377
372
375
383
379
393
376
387
382
384
381
382
385
377
375
378
367
379
373
380
370
374
369
379
377
375
378
378
384
372
378
389
370
382
389
376
385
376
385
376
372
383
379
366
366
380
376
380
374
374
365
363
383
383
379
370
370
366
377
381
393
379
372
380
380
378
367
385
368
371
383
372
385
373
383
381
372
374
371
373
388
378
386
381
375
376
380
391
383
379
377
368
369
363
379
376
370
382
360
372
392
392
384
370
381
381
381
373
368
361
366
383
376
380
382
370
365
381
381
395
389
382
376
368
374
378
384
382
378
372
363
374
386
384
381
386
373
376
380
378
370
368
372
368
378
368
374
371
383
372
386
379
376
370
374
386
385
375
384
378
381
383
388
374
380
377
375
382
368
375
365
386
381
370
374
385
378
387
382
378
386
371
374
372
382
375
368
379
381
376
378
383
376
382
380
384
380
372
373
377
393
389
375
391
378
372
378
371
380
374
380
383
368
393
391
380
386
376
383
378
375
379
377
375
390
370
384
373
383
367
374
392
374
385
381
388
386
378
377
377
376
371
364
365
372
383
366
371
384
384
395
378
385
375
378
379
387
380
381
380
373
370
380
381
384
384
381
366
382
381
388
384
371
375
376
373
377
368
383
371
380
373
381
381
373
391
380
384
384
376
389
395
392
385
393
382
380
381
380
388
386
379
386
383
385
374
381
384
375
380
380
385
388
381
378
366
388
386
385
389
383
376
385
382
389
390
385
380
381
381
384
378
378
386
383
381
383
376
383
384
374
388
381
381
373
374
381
359
384
372
373
382
381
382
379
389
387
382
377
383
373
380
385
380
381
383
390
366
373
382
378
392
384
379
393
381
380
381
380
380
388
373
387
393
388
395
395
385
381
383
390
380
381
381
392
387
389
384
384
394
378
392
390
388
388
377
390
389
377
387
396
380
384
380
392
393
388
386
387
394
387
384
393
383
387
390
388
380
384
388
396
385
388
389
388
390
384
393
387
383
377
383
371
381
385
383
392
383
389
389
382
385
379
386
384
391
390
388
384
398
389
405
397
397
391
393
381
395
394
396
384
385
389
392
386
398
380
388
398
394
400
392
391
397
392
387
392
384
392
383
394
394
402
393
399
402
389
392
383
400
406
408
402
398
401
405
392
403
397
401
406
394
394
395
397
404
408
407
404
400
408
401
399
404
402
398
402
397
404
406
411
405
399
398
402
403
403
406
403
412
401
408
397
409
405
411
403
395
406
407
408
413
415
412
410
407
411
411
419
411
411
414
416
415
420
417
417
418
419
419
420
421
418
418
418
419
421
423
422
422
421
422
422
422
423
420
422
424
426
426
426
426
425
424
425
425
425
425
425
425
425
425
425
425
425
425
425
426
426
426
426
426
426
426
426
426
426
426
426
426
426
426
426
426
426
426
426
426
426
426
426
426
426
426
426
426
426
426
426
426
426
