430
368
375
377
377
371
381
390
373
374
367
376
370
377
385
389
370
385
388
382
371
377
374
383
384
375
390
380
371
389
379
373
372
364
373
359
377
369
371
384
371
376
366
383
381
387
376
377
382
384
374
382
374
376
368
385
374
377
374
378
375
382
372
385
369
381
360
377
363
379
377
383
373
377
367
362
376
376
378
377
374
381
358
378
388
390
383
388
382
378
380
373
386
365
376
378
371
373
381
371
372
377
381
376
365
371
386
376
390
374
380
368
376
378
384
360
383
384
379
377
374
365
377
374
384
375
379
367
368
372
376
362
377
368
378
367
381
368
373
378
376
376
375
382
382
377
381
380
375
385
380
371
376
381
380
385
379
382
372
370
369
376
369
371
383
370
379
379
376
381
379
384
392
367
380
368
372
389
378
371
379
387
371
375
378
376
376
378
368
375
367
362
380
379
375
371
368
374
379
385
373
379
367
376
368
378
374
377
379
388
376
380
372
361
381
384
377
375
381
378
375
379
367
378
376
374
373
385
377
375
373
369
385
369
387
368
376
378
372
377
385
376
373
379
372
380
379
374
381
370
374
367
384
376
379
383
385
378
384
377
377
382
378
376
383
371
377
370
387
356
378
379
379
377
377
379
383
371
382
378
380
361
363
374
380
388
379
383
372
380
368
372
373
375
374
374
380
364
389
385
383
389
376
385
378
383
384
377
378
388
362
384
376
373
373
381
381
371
381
377
380
369
372
370
368
387
392
359
372
375
384
377
374
368
372
388
385
387
377
378
360
376
371
386
379
378
377
380
367
375
378
369
378
375
366
374
379
372
380
370
380
383
368
377
379
355
371
375
367
380
374
383
370
375
377
363
383
382
383
385
374
382
373
381
376
382
369
374
385
379
370
378
387
384
375
378
373
356
374
377
368
376
389
371
368
373
372
386
385
374
376
377
381
376
375
387
388
371
373
367
375
388
383
393
375
382
377
381
379
378
372
366
376
376
368
374
370
377
380
378
375
374
382
375
374
375
375
370
378
383
376
383
387
382
366
375
377
369
384
373
388
378
387
379
374
380
369
379
371
386
371
362
379
382
376
387
387
377
384
370
374
373
380
376
383
384
383
373
374
382
375
379
379
377
376
375
378
379
376
378
383
382
378
379
375
389
374
372
372
374
373
380
388
374
366
377
379
382
373
369
374
367
361
372
368
377
366
372
385
381
383
369
384
376
377
381
375
387
381
361
375
389
375
380
382
372
388
375
371
379
381
376
371
372
390
374
381
372
382
386
368
382
370
381
370
377
371
381
374
380
364
374
375
370
374
361
378
374
381
362
364
374
373
378
378
386
384
387
378
384
376
376
369
374
390
373
379
364
373
370
378
385
374
381
383
379
376
371
365
382
371
375
391
380
387
377
376
376
367
381
376
377
375
374
387
377
365
367
382
382
364
384
375
382
362
370
379
377
375
367
384
377
376
379
379
379
378
374
377
382
379
370
376
381
380
395
375
374
382
375
369
376
384
377
374
385
385
372
390
374
378
377
375
374
391
374
375
378
378
386
378
384
382
387
372
372
381
384
383
379
379
381
380
384
387
381
366
378
377
379
391
385
373
360
367
382
378
371
378
389
367
379
379
372
386
378
373
390
366
387
380
385
374
378
392
384
383
375
375
384
370
367
391
367
383
383
379
381
374
383
375
374
386
376
376
388
376
378
383
375
371
377
382
381
378
377
383
380
389
385
373
371
392
380
369
377
375
373
369
381
383
390
388
372
381
359
380
378
382
377
388
370
372
372
376
376
370
371
379
379
375
367
382
382
378
384
382
384
369
369
367
373
389
381
382
377
378
376
381
391
370
376
372
374
378
375
374
371
375
366
378
376
372
381
375
378
374
372
385
389
386
373
372
381
386
385
376
380
380
384
375
375
386
373
380
375
373
371
380
380
385
384
384
378
387
377
373
382
379
377
368
384
376
377
380
367
377
379
386
372
371
380
383
380
374
382
385
375
389
374
383
389
378
384
376
366
374
384
383
381
378
382
379
376
373
375
372
385
389
368
389
375
371
380
374
368
380
377
374
376
374
379
382
366
381
371
388
378
372
380
375
378
373
377
381
374
373
371
381
382
373
379
377
380
384
383
380
375
373
376
384
380
383
388
381
381
377
371
374
381
379
370
378
371
381
392
391
385
379
381
381
370
368
383
380
386
375
381
383
390
379
386
377
369
373
363
387
389
372
378
385
380
376
392
386
383
396
384
381
371
369
392
382
386
376
389
379
376
381
379
385
378
378
381
375
377
381
387
377
364
389
388
383
387
388
382
390
385
388
387
370
380
376
376
387
388
370
371
385
371
375
369
381
383
379
393
372
384
381
374
378
388
370
382
375
383
381
378
394
390
390
384
369
372
377
372
384
377
396
387
394
374
371
388
383
386
387
381
379
378
390
389
399
398
384
380
381
386
392
387
383
383
383
390
388
376
389
387
397
376
383
375
385
379
375
380
389
395
373
390
384
393
379
383
384
377
374
383
386
384
373
392
376
388
388
383
381
385
394
398
385
392
384
379
383
389
361
377
384
396
376
381
381
378
375
386
385
376
390
386
388
384
375
390
388
382
384
389
386
385
389
383
396
389
384
381
396
397
396
395
389
378
387
377
379
384
387
383
379
393
390
374
383
393
395
390
397
388
389
386
395
392
382
374
389
388
395
383
387
383
389
400
393
385
392
383
388
404
382
382
380
382
384
379
384
384
384
396
393
389
377
379
387
382
385
389
386
382
377
386
389
386
386
391
385
378
376
383
385
391
387
383
369
380
393
388
386
392
380
394
386
390
391
393
382
393
390
390
406
385
389
383
382
372
382
393
389
386
391
397
388
378
382
387
394
385
385
388
397
387
390
397
385
397
380
390
394
389
384
378
387
382
399
393
398
395
382
378
389
382
394
390
386
398
392
394
375
381
382
397
392
398
400
387
389
392
389
387
400
389
384
389
392
393
393
392
389
389
392
393
402
385
384
391
386
394
384
391
387
388
381
396
394
390
391
398
403
389
387
393
383
393
398
388
389
393
384
397
392
400
396
397
395
391
394
392
395
402
389
398
397
396
397
398
391
397
395
396
396
392
393
390
385
393
394
399
401
392
381
390
392
395
399
396
389
385
388
399
395
401
399
402
396
400
397
398
399
399
401
399
398
395
394
400
399
400
396
387
395
397
391
398
393
397
402
407
404
398
406
397
403
395
389
399
400
402
393
399
404
403
399
392
386
397
398
397
397
406
410
396
400
398
406
385
394
402
401
401
405
405
404
392
393
405
404
402
407
408
401
398
402
405
396
398
400
401
406
408
404
408
411
407
398
402
398
396
403
401
406
397
399
398
410
406
404
409
408
407
409
414
408
398
392
403
397
406
407
401
405
404
403
416
409
407
402
395
402
404
406
404
396
400
397
398
407
405
408
406
409
409
403
411
407
411
407
403
406
405
405
411
399
393
404
404
404
403
401
402
397
403
397
406
407
410
409
406
399
406
395
410
407
410
405
398
409
408
410
404
400
399
398
396
405
408
406
399
401
405
404
400
408
411
412
411
415
412
415
405
404
409
411
408
413
416
408
407
410
407
407
412
410
404
407
412
410
413
408
408
410
404
413
412
411
404
403
407
410
412
405
409
404
405
411
411
414
411
408
410
413
412
417
417
412
418
414
408
412
408
411
407
408
409
413
407
411
413
407
409
403
413
411
411
415
414
413
414
409
411
411
414
412
417
412
419
413
418
420
420
419
423
424
424
422
419
419
422
418
418
418
416
415
414
413
416
414
415
422
423
419
418
416
418
421
421
419
418
419
417
421
418
417
419
417
419
413
417
414
421
423
421
421
420
424
421
419
418
424
423
424
426
426
423
425
424
422
424
420
419
417
417
414
418
417
419
419
420
419
420
418
421
421
420
420
419
415
420
420
420
418
417
418
419
419
419
416
416
417
419
420
420
421
423
422
422
422
423
421
420
420
419
419
417
420
420
422
422
422
421
421
421
421
420
420
419
420
421
422
423
422
424
421
422
419
419
422
422
423
422
421
423
420
420
420
418
419
422
420
422
421
422
423
423
423
422
422
420
424
423
423
422
422
423
424
424
423
423
425
425
426
425
425
424
423
425
424
424
423
424
423
423
425
426
426
425
424
425
425
424
424
424
424
424
424
426
426
426
426
425
424
423
425
426
426
426
426
424
424
426
426
425
426
426
426
427
426
427
427
428
428
428
428
428
428
428
428
428
428
428
428
428
426
428
428
428
428
428
427
427
427
427
426
426
427
427
427
428
427
427
427
426
427
427
428
428
428
428
427
427
427
426
427
427
427
427
428
428
428
428
428
428
428
428
427
427
427
426
427
427
425
425
426
426
426
424
425
427
427
426
426
426
426
424
424
424
426
426
427
426
427
427
427
427
427
427
427
427
426
426
426
426
427
427
427
427
427
427
427
427
427
427
427
427
427
427
427
427
427
427
427
428
428
428
428
428
428
428
428
428
428
428
428
428
428
428
428
428
428
428
428
428
428
428
428
428
428
428
428
428
428
428
428
428
427
427
427
427
427
427
427
428
428
428
428
428
428
428
428
428
428
428
428
428
428
428
428
428
428
428
428
428
428
428
428
428
428
428
428
428
428
428
428
428
428
428
428
428
428
428
428
428
428
428
428
428
428
428
428
428
428
428
428
428
428
428
428
428
428
428
428
428
428
428
428
428
428
428
428
428
428
428
428
428
428
428
428
428
428
428
428
428
428
428
428
428
428
428
428
428
428
428
428
428
428
428
428
428
428
428
428
428
428
428
428
428
428
428
428
428
428
428
428
428
428
428
428
428
428
428
428
428
428
428
428
428
428
428
428
428
428
428
428
428
428
428
428
428
428
428
428
428
428
428
428
428
428
428
428
428
428
428
428
428
428
428
428
428
428
428
428
428
428
428
428
428
428
428
428
428
428
428
428
428
428
428
428
428
428
428
428
428
428
428
428
428
428
428
428
428
428
428
428
428
428
428
428
428
428
428
428
428
428
428
428
428
428
428
428
428
428
428
428
428
428
428
428
428
428
428
428
428
428
428
428
428
428
428
428
428
428
428
428
428
428
428
428
428
428
428
428
428
428
428
428
428
428
428
428
428
428
428
428
428
428
428
428
428
428
428
428
428
428
428
428
428
428
428
428
428
428
428
428
428
428
428
428
428
428
428
428
428
428
428
428
428
428
428
428
428
428
428
428
428
428
428
428
428
428
428
428
428
428
428
428
428
428
428
428
428
428
428
428
428
428
428
428
428
428
428
428
428
428
428
428
428
428
428
428
428
428
428
428
428
428
428
428
428
428
428
428
428
428
428
428
428
428
428
428
428
428
428
428
428
428
428
428
428
428
428
428
428
428
428
428
428
428
428
428
428
428
428
428
428
428
428
428
428
428
428
428
428
428
428
428
428
428
428
428
428
428
428
428
428
428
428
428
428
428
428
428
428
428
428
428
428
428
428
428
428
428
428
428
428
428
428
428
428
428
428
428
428
428
428
428
428
428
428
428
428
428
428
428
428
428
428
428
428
428
428
428
428
428
428
428
428
428
428
428
428
428
428
428
428
428
428
428
428
428
428
428
428
428
428
428
428
428
428
428
428
428
428
428
428
428
428
428
428
428
428
428
428
428
