430
366
384
383
378
369
371
375
385
376
382
381
379
376
374
374
383
374
370
381
379
371
386
379
373
380
365
385
377
374
379
374
378
373
382
384
381
371
376
377
364
365
380
389
384
378
376
381
362
382
374
375
379
383
374
378
367
378
371
383
392
378
381
385
381
379
376
376
382
379
375
387
386
383
388
378
369
367
378
371
376
374
374
370
382
364
371
364
375
380
375
372
379
373
373
374
377
374
382
383
382
365
378
376
369
366
370
369
379
378
374
393
383
363
379
370
378
369
376
374
377
384
379
380
382
371
375
372
366
373
371
377
357
373
366
378
379
382
380
380
382
374
382
367
364
377
376
368
377
378
367
372
372
377
385
384
363
371
366
377
372
373
372
373
382
372
385
366
376
364
372
384
383
377
374
385
372
380
383
381
384
381
372
378
380
377
366
374
372
372
379
382
383
381
377
377
379
380
376
360
362
376
378
375
379
391
378
375
382
375
377
370
373
375
367
377
376
378
383
387
391
384
379
364
375
384
387
370
372
379
375
373
385
382
365
389
377
379
381
375
363
369
374
380
384
371
366
377
376
376
376
371
368
375
385
360
374
383
384
370
367
368
375
381
359
371
377
386
367
382
383
380
376
377
377
370
385
367
366
372
374
383
367
378
376
381
371
372
367
371
375
382
380
376
386
382
379
381
381
385
371
385
383
377
383
381
373
387
367
381
384
374
366
377
370
375
380
377
365
360
384
377
380
384
380
374
380
378
384
366
386
379
369
372
379
375
371
377
377
382
370
366
380
377
378
359
369
378
365
375
367
372
385
367
383
386
386
376
372
373
376
379
387
382
384
377
370
381
374
378
387
381
381
364
379
382
381
373
386
384
382
374
379
384
379
378
385
371
385
373
369
383
379
388
380
389
388
369
374
379
384
380
358
386
369
380
387
377
388
370
368
382
388
367
369
366
369
374
390
375
384
365
383
379
371
376
378
380
378
379
379
371
361
390
373
375
378
377
369
384
377
377
385
375
381
373
378
382
389
381
371
376
379
364
374
364
379
387
379
380
377
373
366
380
373
369
379
381
378
389
367
377
374
380
374
378
369
388
379
372
375
370
383
385
381
384
385
373
376
371
376
381
384
375
378
379
378
389
368
374
369
374
378
368
380
374
375
364
383
377
384
383
380
380
380
373
379
376
383
372
361
374
377
388
377
369
374
376
358
379
380
371
371
374
391
380
386
371
377
386
387
372
356
381
364
379
378
378
377
370
375
380
371
381
376
382
367
378
372
385
380
378
379
367
372
371
393
379
380
384
384
384
380
376
387
398
379
373
370
362
370
363
383
373
380
377
384
370
380
380
376
374
390
367
368
371
379
370
378
368
377
364
373
378
375
379
371
383
360
378
376
365
378
380
382
377
367
368
374
375
381
389
378
372
384
385
385
380
383
373
387
378
375
381
370
378
372
374
369
375
368
379
378
376
370
377
371
375
372
377
368
376
382
375
375
378
374
385
378
375
386
372
376
381
386
367
369
372
375
369
376
375
369
381
389
382
375
380
381
383
375
377
373
386
381
378
384
380
373
373
374
365
381
371
373
372
373
369
363
375
387
388
381
385
374
368
359
388
369
366
371
374
378
381
370
385
384
376
375
381
391
383
387
375
388
385
367
372
376
381
366
376
382
375
378
375
385
380
376
379
385
377
370
373
374
380
390
375
383
384
375
382
372
380
381
386
367
377
373
370
375
374
363
378
372
383
364
385
379
373
384
377
381
376
380
369
375
389
378
382
379
367
368
384
381
387
368
369
373
369
369
376
378
372
378
368
381
378
387
373
383
380
381
383
372
367
375
376
374
380
359
375
380
391
381
381
375
372
372
369
386
378
383
384
381
373
373
371
387
381
376
392
373
384
387
368
376
377
386
379
375
366
384
381
362
381
377
375
367
381
380
384
389
384
370
385
381
378
372
375
387
373
382
373
362
379
367
367
380
375
378
379
380
374
376
381
383
376
368
382
373
374
370
379
383
371
373
376
370
384
389
377
372
367
376
382
372
369
367
364
382
380
382
378
372
373
383
375
372
380
371
375
375
384
373
381
359
368
359
381
368
377
374
369
373
370
376
379
382
378
387
381
380
385
384
390
388
383
380
359
373
372
364
362
364
372
370
388
371
363
367
374
390
382
374
379
388
374
379
372
375
372
385
377
379
375
374
376
384
382
376
374
382
370
374
359
378
376
386
368
377
379
381
370
391
378
387
389
373
378
382
385
367
382
366
382
375
375
381
389
377
391
378
374
384
367
387
376
375
377
381
381
376
377
368
373
362
376
369
372
380
375
368
375
365
381
369
393
369
375
384
384
385
379
368
389
375
394
374
373
385
382
381
394
392
369
375
368
368
373
377
384
375
368
382
379
370
375
370
366
388
385
368
389
372
371
370
379
375
374
385
378
373
376
371
377
381
372
380
375
375
378
377
365
367
380
386
385
381
371
367
356
370
382
400
376
384
379
374
377
372
375
376
374
386
381
371
368
371
374
381
384
378
364
384
379
381
369
375
384
374
384
389
372
392
376
370
377
381
382
376
381
377
372
378
376
377
372
378
383
373
368
377
377
377
359
382
381
380
378
376
380
384
392
380
370
369
371
371
370
377
388
391
365
371
373
377
370
381
374
368
370
378
378
384
377
381
374
384
381
386
380
376
372
375
376
380
381
367
393
384
381
387
374
385
374
380
386
382
369
378
378
374
375
381
369
375
379
380
369
370
374
361
369
376
377
382
381
387
366
366
385
380
374
383
374
381
383
374
374
367
375
385
370
387
368
382
380
365
371
377
365
365
369
373
368
362
378
380
384
380
378
399
409
417
417
419
420
420
420
420
422
422
423
423
423
423
423
423
424
425
425
425
425
425
425
425
425
425
425
425
425
425
426
426
426
426
426
426
426
426
426
426
426
426
426
426
426
426
426
426
426
426
426
426
426
426
426
426
426
426
426
426
426
426
426
426
426
426
426
426
426
426
426
426
426
426
426
426
426
426
426
426
426
426
426
426
426
426
426
426
426
426
426
426
426
426
426
426
426
426
426
426
426
426
426
426
426
426
426
426
426
426
426
426
426
426
426
426
426
426
426
426
426
426
426
426
426
426
426
426
426
426
426
426
426
426
426
426
426
426
426
426
426
426
426
426
426
426
426
426
426
426
426
426
426
426
426
426
426
426
426
426
426
426
426
426
426
426
426
426
426
426
426
426
426
426
426
426
426
426
426
426
426
426
426
426
426
426
426
426
426
426
426
426
426
426
426
426
426
426
426
426
426
426
426
426
426
426
426
426
426
426
426
426
426
426
426
426
426
426
426
426
426
426
426
426
426
426
426
426
426
426
426
426
426
426
426
426
426
426
426
426
426
426
426
426
426
426
426
426
426
426
426
426
426
426
426
426
426
426
426
426
426
426
426
426
426
426
426
426
426
426
426
426
426
426
426
426
426
426
426
426
426
426
426
426
426
426
426
426
426
426
426
426
426
426
426
426
426
426
426
426
426
426
426
426
426
426
426
426
426
426
426
426
426
426
426
426
426
426
426
426
426
426
426
426
426
426
426
426
426
426
426
426
426
426
426
426
426
426
426
426
426
426
426
426
426
426
426
426
426
426
426
426
426
426
426
426
426
426
426
426
426
426
426
426
426
426
426
426
426
426
426
426
426
426
426
426
426
426
426
426
426
426
426
426
426
426
426
426
426
426
427
428
428
428
429
429
429
429
429
429
429
429
429
429
429
429
429
429
429
429
429
429
429
429
429
429
429
429
429
429
429
429
429
429
429
429
429
429
429
429
429
429
429
429
429
429
429
429
429
429
429
429
429
429
429
429
429
429
429
429
429
429
429
429
429
429
429
429
429
429
429
429
429
429
429
429
429
429
429
429
429
429
429
429
429
429
429
429
429
429
429
429
429
429
429
429
429
429
429
429
429
429
429
429
429
429
429
429
429
429
429
429
429
429
429
429
429
429
429
429
429
429
429
429
429
429
429
429
429
429
429
429
429
429
429
429
429
429
429
429
429
429
429
429
429
429
429
429
429
429
429
429
429
429
429
429
429
429
429
429
429
429
429
429
429
429
429
429
429
429
429
429
429
429
429
429
429
429
429
429
429
429
429
429
429
429
429
429
429
429
429
429
429
429
429
429
429
429
429
429
429
429
429
429
429
429
429
429
429
429
429
429
429
429
430
430
430
430
430
430
430
430
430
430
430
430
430
430
430
430
430
430
430
430
430
430
430
430
430
430
430
430
430
430
430
430
430
430
430
430
430
430
430
430
430
430
430
430
430
430
430
430
430
430
430
430
430
430
430
430
430
430
430
430
430
430
430
430
430
430
430
430
430
430
430
430
430
430
430
430
430
430
430
430
430
430
430
430
430
430
430
430
430
430
430
430
430
430
430
430
430
430
430
430
430
430
430
430
430
430
430
430
430
430
430
430
430
430
430
430
430
430
430
430
430
430
430
430
430
430
430
430
430
430
430
430
430
430
430
430
430
430
430
430
430
430
430
430
430
430
430
430
430
430
430
430
430
430
430
430
430
430
430
430
430
430
430
430
430
430
430
430
430
430
430
430
430
430
430
430
430
430
430
430
430
430
430
430
430
430
430
430
430
430
430
430
430
430
430
430
430
430
430
430
430
430
430
430
430
430
430
430
430
430
430
430
430
430
430
430
430
430
430
430
430
430
430
430
430
430
430
430
430
430
430
430
430
430
430
430
430
430
430
430
430
430
430
430
430
430
430
430
430
430
430
430
430
430
430
430
430
430
430
430
430
430
430
430
430
430
430
430
430
430
430
430
430
430
430
430
430
430
430
430
430
430
430
430
430
430
430
430
430
430
430
430
430
430
430
430
430
430
430
430
430
430
430
430
430
430
430
430
430
430
430
430
430
430
430
430
430
430
430
430
430
430
430
430
430
430
430
430
430
430
430
430
430
430
430
430
430
430
430
430
430
430
430
430
430
430
430
430
430
430
430
430
430
430
430
430
430
430
430
430
430
430
430
430
430
430
430
430
430
430
430
430
430
430
430
430
430
430
430
430
430
430
430
430
430
430
430
430
430
430
430
430
430
430
430
430
430
430
430
430
430
430
430
430
430
430
430
430
430
430
430
430
430
430
430
430
430
430
430
430
430
430
430
430
430
430
430
430
430
430
430
430
430
430
430
430
430
430
430
430
430
430
430
430
430
430
430
430
430
430
430
430
430
430
430
430
430
430
430
430
430
430
430
430
430
430
430
430
430
430
430
430
430
430
430
430
430
430
430
430
430
430
430
430
430
430
430
430
430
430
430
430
430
430
430
430
430
430
430
430
430
430
430
430
430
430
430
430
430
430
430
430
430
430
430
430
430
430
430
430
430
430
430
430
430
430
430
430
430
430
430
430
430
430
430
430
430
430
430
430
430
430
430
430
430
430
430
430
430
430
430
430
430
430
430
430
430
430
430
430
430
430
430
430
430
430
430
430
430
430
430
430
430
430
430
430
430
430
430
430
430
430
430
430
430
430
430
430
430
430
430
430
430
430
430
430
430
430
430
430
430
430
430
430
430
430
430
430
430
430
430
430
430
430
430
430
430
430
430
430
430
430
430
430
430
430
430
430
430
430
430
430
430
430
430
430
430
430
430
430
430
430
430
430
