430
365
374
378
372
379
385
378
366
387
378
379
366
374
371
381
379
374
374
366
374
376
378
373
376
376
373
376
387
367
383
376
381
380
371
376
395
383
369
386
387
381
368
381
373
378
375
373
365
374
392
371
380
381
366
377
374
366
371
371
368
388
366
374
359
373
384
373
376
379
373
373
366
392
377
377
377
381
372
392
380
361
382
373
388
371
373
379
376
378
379
381
364
374
374
370
371
386
375
372
380
377
379
383
379
377
384
366
371
370
365
383
377
371
369
381
379
364
366
372
363
363
372
373
380
389
382
379
379
373
376
382
369
371
374
381
372
379
386
385
381
368
375
370
375
371
377
387
385
376
376
383
370
371
374
375
379
382
380
384
380
385
379
369
382
379
376
382
383
376
367
377
363
384
381
369
376
388
385
376
376
374
373
381
389
387
386
380
374
370
378
374
376
376
382
367
384
377
386
376
380
378
375
376
376
374
382
372
379
361
361
370
372
376
372
368
371
372
374
381
374
371
383
384
375
376
372
381
378
369
372
378
380
369
377
364
385
377
388
381
375
385
380
380
379
373
366
368
376
383
384
368
372
361
383
376
377
362
366
378
385
379
385
376
373
372
378
379
359
364
377
378
380
379
382
359
381
359
377
374
370
374
380
372
385
388
389
379
394
366
369
378
379
377
372
388
383
375
369
379
370
385
381
362
364
371
373
360
385
381
370
381
374
387
375
373
381
374
370
378
371
367
368
373
383
390
377
378
366
371
375
383
379
371
374
370
374
371
366
375
370
368
378
381
375
380
374
377
375
381
377
386
385
373
382
395
375
374
369
374
373
375
367
367
384
375
374
379
362
371
378
384
366
378
376
372
379
380
378
361
382
364
380
380
373
381
376
373
376
385
382
372
373
383
378
377
380
378
374
374
375
371
380
368
378
378
385
376
389
392
380
368
381
386
375
388
370
369
367
386
378
370
370
371
372
369
364
382
368
375
383
378
376
380
374
370
373
378
384
375
377
384
382
373
385
375
386
379
364
371
381
371
390
376
370
379
374
391
370
375
375
375
374
374
381
371
364
386
372
381
386
376
381
388
376
370
384
389
379
371
370
385
372
368
379
373
372
369
369
372
374
375
376
372
386
375
376
378
383
379
378
371
377
373
385
373
385
375
388
375
374
391
389
371
369
381
370
362
380
375
369
382
373
370
369
387
380
376
370
369
376
382
367
371
384
370
372
388
379
381
385
379
376
369
375
374
368
382
372
376
364
384
366
378
382
381
380
377
382
360
373
382
375
377
385
371
379
381
373
362
372
376
380
383
389
363
383
381
367
385
379
371
375
376
378
376
376
384
382
382
384
384
375
380
381
379
375
370
384
363
372
377
388
384
369
367
389
368
374
369
373
367
368
384
366
374
379
380
377
384
384
379
374
368
380
378
386
375
367
380
376
372
363
374
372
383
376
376
383
378
381
365
371
377
377
377
381
370
381
367
383
384
377
364
389
382
388
379
386
382
366
375
375
376
367
379
381
367
374
375
368
374
380
379
381
375
366
377
386
379
381
375
372
384
377
367
369
375
384
367
383
381
383
368
374
387
380
384
369
384
377
382
380
384
374
370
378
377
381
376
373
377
358
378
369
381
379
384
385
376
379
381
383
367
382
372
384
382
371
373
378
384
371
372
371
383
370
366
373
374
378
379
369
378
377
373
362
367
384
380
391
382
370
368
376
389
383
375
373
370
366
384
384
374
377
387
386
370
368
376
378
379
385
361
379
376
365
377
362
380
388
378
362
374
377
382
380
371
370
371
385
376
369
376
385
376
376
387
380
357
376
384
369
369
374
376
372
368
384
381
385
362
376
373
377
379
363
379
378
372
375
383
384
381
380
376
373
381
377
380
373
378
382
372
369
361
373
385
376
385
371
375
365
373
376
374
376
381
385
387
362
374
381
383
379
375
376
371
380
382
376
377
370
386
380
380
372
369
368
385
369
382
385
377
371
379
372
372
378
375
376
367
380
372
381
378
377
374
371
384
367
367
372
370
390
378
368
372
375
377
372
383
380
364
374
366
370
378
376
379
369
375
387
381
373
367
374
373
384
374
373
376
364
378
380
380
375
380
389
372
376
379
383
372
370
379
386
389
365
381
366
372
387
369
372
382
386
375
371
373
379
372
370
380
372
374
384
380
368
377
379
382
372
365
386
379
369
380
387
380
373
363
370
370
383
372
374
376
377
370
385
382
371
367
377
386
376
374
368
376
374
364
373
373
374
375
377
390
373
375
381
377
365
379
376
372
377
378
387
372
364
377
375
373
377
373
385
385
381
370
391
379
377
372
382
376
371
377
387
374
382
379
381
381
373
386
374
365
376
380
383
387
382
368
383
371
377
380
374
390
378
373
377
367
368
372
368
384
373
380
379
358
369
372
373
373
381
382
375
393
381
370
366
383
375
380
382
372
373
389
387
373
373
375
373
386
380
388
371
370
368
378
391
370
385
379
371
381
375
388
379
369
379
375
366
384
376
374
386
377
384
364
384
374
375
369
364
380
378
376
384
382
376
376
387
369
377
391
371
365
370
373
363
381
383
375
381
378
375
383
385
369
379
382
384
373
375
375
392
380
378
378
375
387
373
372
377
377
384
374
378
383
376
380
377
380
389
380
365
388
365
379
375
378
373
376
369
381
382
378
379
386
382
372
378
379
372
382
380
377
383
384
372
373
369
374
371
371
378
381
378
363
375
379
383
375
382
377
377
381
374
371
371
378
387
383
368
385
380
379
393
384
377
375
363
378
377
393
384
382
382
381
375
381
381
394
375
376
371
386
363
382
369
373
384
382
367
380
381
382
372
364
374
375
382
368
375
368
381
380
377
388
379
379
366
368
380
367
376
370
382
385
367
383
370
368
375
371
377
372
371
387
373
389
370
372
371
380
371
374
377
374
378
370
380
383
372
382
386
373
379
370
377
383
375
378
364
374
379
381
378
373
381
383
378
388
366
376
373
372
376
368
377
381
377
371
382
370
378
380
368
373
376
380
379
380
377
368
382
376
379
378
373
378
368
378
378
375
381
389
380
385
371
382
381
377
375
377
372
382
386
381
375
364
372
377
380
378
376
373
369
371
375
376
370
377
374
380
376
372
384
381
385
387
382
372
374
381
383
375
378
375
378
379
366
380
374
372
374
382
377
381
377
382
369
376
394
371
373
380
369
384
386
388
379
378
373
385
379
378
376
373
373
377
381
386
375
386
381
389
380
378
381
372
381
368
370
380
381
358
376
375
368
366
378
376
378
370
384
382
375
380
380
376
380
373
388
384
377
374
374
379
372
372
380
360
366
385
366
388
364
386
371
373
378
377
379
382
383
379
370
372
377
375
371
380
365
383
370
372
378
369
378
386
376
382
369
376
364
374
384
384
374
378
382
373
382
383
381
388
385
379
370
381
368
390
394
371
382
384
371
377
379
380
380
369
362
377
382
373
375
370
371
377
381
384
389
378
379
386
369
378
371
372
374
364
383
375
380
380
377
373
376
375
371
380
376
371
368
378
377
376
375
374
376
371
379
368
387
369
371
381
385
368
379
388
366
373
377
367
377
390
374
383
374
382
382
380
374
379
368
371
382
374
359
377
376
382
380
382
385
385
377
386
378
376
384
384
381
373
389
377
366
367
378
375
371
373
379
369
362
374
368
372
390
384
377
375
388
375
376
376
378
373
381
371
382
371
379
375
367
386
370
381
371
365
373
377
366
377
368
377
385
378
379
379
383
383
386
380
389
379
389
371
376
384
367
374
377
391
380
368
373
384
368
371
384
381
370
373
383
377
388
377
373
370
388
385
378
388
363
375
381
380
381
375
387
381
382
377
370
369
382
379
386
386
379
369
380
373
378
384
377
380
378
386
381
384
384
371
374
367
367
385
374
387
378
378
380
376
375
369
378
384
367
380
384
390
374
376
385
382
385
371
369
379
375
385
376
383
383
381
379
373
387
382
384
369
384
373
377
375
384
387
384
385
382
379
373
377
380
372
388
376
386
369
380
385
389
377
381
369
380
371
367
371
366
378
368
386
378
383
394
381
388
382
388
374
371
378
372
371
388
378
374
372
381
381
388
378
384
378
365
368
372
375
369
372
385
379
384
370
374
379
387
383
380
389
369
376
385
375
378
372
391
385
375
375
389
374
375
378
384
382
380
371
376
383
379
387
377
379
369
373
380
371
378
384
382
387
386
373
372
378
375
373
381
372
385
367
379
376
381
374
375
367
381
385
374
369
375
371
363
379
378
370
381
365
377
373
388
376
384
377
380
385
376
374
381
374
385
387
379
383
385
377
378
389
382
375
384
371
374
364
378
370
382
381
369
386
376
376
384
372
383
364
381
372
385
370
370
366
370
383
375
384
381
384
379
382
373
377
382
380
377
375
387
380
376
392
380
392
379
379
382
386
381
381
371
384
373
378
384
379
380
377
388
386
376
380
380
387
373
377
363
386
382
379
374
360
366
383
377
376
387
379
378
371
365
377
374
384
384
378
385
378
382
375
386
373
382
377
377
381
376
384
376
389
386
370
390
382
382
372
376
379
387
371
385
387
373
367
371
376
373
378
385
367
374
388
368
383
384
376
379
369
384
378
374
388
389
383
372
387
380
372
377
375
374
383
386
384
383
377
389
381
373
360
382
387
379
382
370
376
383
370
391
384
378
373
380
378
390
382
381
390
379
377
381
389
385
381
382
376
385
374
379
384
366
379
378
377
375
377
378
387
381
374
374
366
369
368
386
389
378
372
373
375
382
387
383
388
376
382
379
389
377
379
380
382
383
374
382
378
382
381
386
386
380
391
386
373
383
379
387
385
384
398
391
371
365
378
373
379
362
381
378
384
371
372
389
384
373
376
384
383
378
385
389
370
384
382
387
394
379
385
371
382
378
385
388
378
381
378
382
372
374
390
385
377
381
386
372
379
386
375
384
378
384
374
364
377
379
379
378
379
377
380
371
375
379
372
384
375
375
380
378
373
376
376
378
369
392
392
374
389
393
378
355
381
382
379
378
376
364
383
370
385
380
377
387
376
386
380
378
369
379
378
372
385
391
385
386
387
387
376
377
378
373
390
379
386
390
385
377
384
378
387
377
380
381
375
382
377
374
382
378
381
381
372
371
377
381
386
381
386
379
383
382
373
373
384
386
385
386
389
384
370
382
378
379
386
379
376
385
386
379
369
383
387
389
377
383
380
371
380
381
385
385
381
385
373
392
383
394
390
376
385
375
383
388
381
387
391
384
382
378
381
385
373
381
381
372
373
384
387
382
391
378
376
395
376
371
389
383
385
384
379
382
392
387
389
375
386
379
379
370
371
373
377
390
380
371
373
385
383
398
376
381
385
378
375
388
367
390
385
373
375
388
389
373
397
378
371
374
397
381
377
395
390
378
390
377
393
393
381
390
389
385
389
381
383
379
366
381
391
390
371
392
390
389
392
374
377
396
382
388
383
379
389
394
400
400
390
390
391
383
378
391
400
388
390
386
381
384
394
398
389
391
389
389
385
388
392
397
393
390
391
393
392
389
395
386
393
382
392
400
395
396
398
406
402
404
409
396
401
402
407
405
401
402
410
409
403
404
401
404
408
405
398
406
405
407
413
409
416
414
413
415
414
416
417
418
419
419
418
421
423
424
425
427
