430
370
382
375
375
383
363
367
366
382
370
387
366
386
371
387
385
376
372
380
378
374
367
371
374
378
380
375
386
377
383
376
382
376
369
380
374
375
373
372
388
381
380
378
367
374
380
370
378
377
379
376
385
380
382
383
371
374
384
374
382
379
368
383
373
377
376
386
382
382
377
380
377
387
383
375
372
372
377
380
374
372
379
380
374
384
377
367
380
376
380
372
368
364
375
366
370
377
366
386
376
372
382
380
376
372
373
369
383
381
378
375
384
379
373
374
378
368
375
359
381
381
383
382
373
381
369
384
383
382
385
373
371
371
365
374
377
383
378
373
387
377
371
371
373
380
371
365
384
384
375
372
371
377
378
379
373
373
368
388
386
369
379
378
380
380
374
380
365
370
387
378
377
372
372
382
366
377
376
384
381
380
382
378
371
390
376
379
394
387
362
367
362
378
379
365
365
375
369
378
378
374
373
385
378
384
372
384
373
370
373
374
373
383
383
375
367
375
372
383
381
378
373
382
368
372
372
373
369
369
372
377
381
370
374
363
387
378
375
380
367
382
387
379
383
368
385
377
386
369
381
372
358
378
384
384
385
378
384
376
377
379
374
377
370
365
380
376
375
379
378
388
384
385
382
389
382
380
383
374
387
377
378
381
376
372
379
368
372
388
365
368
373
378
369
366
372
385
374
365
372
367
387
382
382
371
357
377
391
367
372
390
377
378
375
378
371
379
378
382
381
372
383
386
383
377
376
377
390
377
384
365
381
375
387
380
380
386
382
363
376
376
377
367
382
376
383
389
389
377
374
378
379
384
383
374
367
374
380
376
378
385
368
381
382
381
372
381
377
378
364
370
377
379
369
376
380
381
376
387
372
387
375
379
379
375
381
375
375
371
380
375
389
372
381
389
387
377
387
375
386
369
377
387
383
385
368
381
379
377
381
382
386
374
376
376
372
377
385
374
368
381
373
369
368
375
372
365
381
379
376
366
384
389
381
378
376
390
376
369
373
392
373
379
374
384
380
370
391
383
367
384
388
384
383
382
377
381
379
384
367
386
373
375
373
371
361
378
383
394
384
376
387
379
385
380
373
369
381
365
373
364
383
373
370
378
360
373
389
373
376
386
371
387
384
370
368
370
375
384
376
395
381
365
383
382
378
382
368
373
370
365
378
359
372
377
374
366
384
376
381
386
374
379
372
374
373
381
381
369
379
377
370
380
377
385
373
372
378
388
387
378
388
373
380
378
381
377
378
383
378
380
390
377
374
377
375
377
376
374
376
383
375
375
383
380
380
379
378
379
383
388
368
374
371
382
378
393
370
379
375
370
374
383
379
380
383
378
373
382
385
384
374
372
381
375
376
373
387
377
385
372
387
370
380
379
380
373
369
392
384
386
389
378
374
384
382
383
387
371
375
374
376
383
374
379
384
376
383
397
370
378
374
376
365
382
382
375
373
375
369
387
388
375
377
379
385
377
373
369
359
367
377
382
374
373
363
379
359
390
374
372
369
374
381
375
375
367
378
377
386
376
372
378
387
377
372
389
381
383
386
380
390
377
394
389
389
383
364
378
371
374
388
388
372
386
376
379
378
383
388
383
385
377
392
377
379
383
368
381
370
382
373
383
380
391
379
377
377
392
396
390
385
380
368
387
379
383
374
374
372
371
382
381
386
391
383
395
389
379
375
376
382
382
375
384
378
378
382
372
378
378
381
375
377
385
384
380
384
386
383
376
387
392
369
364
382
388
377
378
354
376
382
385
378
374
370
374
384
376
379
370
374
385
391
389
381
379
381
387
386
382
372
385
384
386
381
387
385
373
376
376
386
381
381
381
373
383
377
384
380
386
379
396
389
378
389
371
380
393
377
386
386
380
383
382
386
383
388
374
376
386
380
388
374
384
387
387
392
393
387
389
383
401
375
384
381
374
380
380
367
364
385
383
384
386
388
381
378
383
373
381
382
364
372
384
374
375
380
384
388
384
372
379
383
390
395
390
390
380
384
391
388
382
386
380
388
384
375
382
386
382
392
373
394
388
383
385
382
389
379
376
382
383
381
376
376
388
388
387
389
386
390
374
393
389
393
386
389
380
381
389
376
377
383
387
391
383
391
370
394
393
384
377
379
389
385
387
382
382
380
385
392
381
385
377
382
372
385
392
391
397
383
389
383
387
383
379
364
390
377
366
388
389
374
376
380
380
383
388
390
388
393
383
387
387
386
377
400
389
388
383
387
388
384
390
383
374
396
385
395
396
396
381
384
386
392
388
385
383
389
384
398
388
394
390
386
382
387
393
378
386
394
395
391
392
389
394
386
382
383
369
385
376
383
393
394
393
394
389
388
388
396
395
385
386
386
395
396
384
392
387
389
386
388
398
388
394
389
384
384
386
397
398
390
397
393
383
383
393
387
385
394
389
384
400
395
398
386
382
384
383
388
396
400
390
397
388
395
389
394
385
393
395
386
391
406
387
398
395
378
391
386
391
390
391
389
386
394
384
389
391
385
392
392
388
391
384
381
383
385
390
400
398
389
395
394
390
379
375
395
393
389
389
394
389
398
398
395
383
392
398
397
393
386
394
393
384
386
396
387
390
396
395
398
394
387
390
390
397
401
391
391
379
391
397
401
409
384
391
394
386
385
400
396
384
390
392
398
390
394
397
385
385
398
386
394
392
381
400
390
391
401
395
384
393
391
386
387
386
393
396
390
383
392
396
406
405
387
385
404
394
391
390
395
391
397
393
399
398
395
390
392
390
396
392
390
383
393
388
391
389
398
398
397
402
397
402
399
396
393
402
401
399
402
402
401
387
394
393
397
400
399
400
395
401
402
402
404
394
403
411
406
406
405
404
402
397
396
393
402
398
404
397
404
400
403
402
399
401
396
401
396
386
398
400
403
402
404
405
405
404
396
399
400
388
398
393
393
401
397
399
399
394
404
398
395
393
400
395
394
404
400
402
405
407
411
402
402
406
399
399
404
412
408
404
402
404
406
404
411
405
408
401
406
404
405
398
409
405
407
402
403
410
409
407
409
404
403
397
401
405
411
403
404
405
404
407
412
413
413
404
408
406
417
406
415
408
414
406
405
408
406
406
406
409
410
410
407
407
408
406
409
408
406
403
410
411
408
409
406
404
406
408
404
407
403
399
409
408
408
401
404
410
406
405
402
402
407
408
410
409
411
408
412
412
410
411
409
408
408
411
414
414
416
415
415
413
412
413
417
411
412
412
410
411
409
411
411
407
411
413
408
411
411
405
403
405
411
412
409
408
409
407
415
413
414
412
411
414
416
415
417
418
419
414
411
416
412
412
408
411
409
415
412
411
409
416
415
416
413
414
416
415
421
416
416
414
417
420
415
415
418
422
420
417
419
423
419
420
416
418
414
419
418
417
416
417
419
417
420
418
418
417
417
414
418
417
424
425
423
422
422
423
423
423
421
421
422
419
423
423
420
418
416
415
418
420
423
424
425
422
420
425
425
425
422
423
421
419
420
419
414
418
420
421
420
419
420
419
419
421
421
422
418
418
420
421
424
423
425
425
427
424
426
426
426
426
427
425
425
426
425
425
426
424
423
423
423
425
425
425
426
426
426
427
424
424
422
424
427
427
427
425
426
425
426
426
425
428
428
429
427
429
429
429
428
429
428
428
426
424
425
426
427
426
425
428
428
428
429
429
429
428
428
429
429
428
427
426
425
425
427
426
427
427
427
427
427
427
427
426
425
425
425
427
427
429
428
428
428
427
427
427
427
426
427
427
425
427
427
427
427
426
425
426
425
425
426
426
426
426
428
428
428
425
424
425
426
427
427
427
427
427
427
427
427
427
427
427
427
426
428
428
427
428
428
428
428
426
426
426
426
426
426
426
426
426
427
427
427
427
427
428
428
427
426
427
428
427
428
428
428
428
428
427
427
427
427
427
427
427
427
427
426
426
426
427
427
427
426
427
427
427
427
427
428
428
428
428
427
427
427
427
427
428
428
428
428
428
428
428
428
428
428
428
428
428
428
428
428
428
428
428
428
428
428
428
428
428
427
427
428
428
428
428
428
428
428
428
428
428
428
428
428
428
428
428
428
428
428
428
428
428
428
428
428
428
428
428
428
428
428
428
428
428
428
428
428
428
428
428
428
428
428
428
428
428
428
428
428
428
428
428
428
428
428
428
428
428
428
428
428
428
428
428
428
428
428
428
428
428
428
428
428
428
428
428
428
428
428
428
428
428
428
428
428
428
428
428
428
428
428
428
428
428
428
428
428
428
428
428
428
428
428
428
428
428
428
428
428
428
428
428
428
428
428
428
428
428
428
428
428
428
428
428
428
428
428
428
428
428
428
428
428
428
428
428
428
428
428
428
428
428
428
428
428
428
428
428
428
428
428
428
428
428
428
428
428
428
428
428
428
428
428
428
428
428
428
428
428
428
428
428
428
428
428
428
428
428
428
428
428
428
428
428
428
428
428
428
428
428
428
428
428
428
428
428
428
428
428
428
428
428
428
428
428
428
428
428
428
428
428
428
428
428
428
428
428
428
428
428
428
428
428
428
428
428
428
428
428
428
428
428
428
428
428
428
428
428
428
428
428
428
428
428
428
428
428
428
428
428
428
428
428
428
428
428
428
428
428
428
428
428
428
428
428
428
428
428
428
428
428
428
428
428
428
428
428
428
428
428
428
428
428
428
428
428
428
428
428
428
428
428
428
428
428
428
428
428
428
428
428
428
428
428
428
428
428
428
428
428
428
428
428
428
428
428
428
428
428
428
428
428
428
428
428
428
428
428
428
428
428
428
428
428
428
428
428
428
428
428
428
428
428
428
428
428
428
428
428
428
428
428
428
428
428
428
428
428
428
428
428
428
428
428
428
428
428
428
428
428
428
428
428
428
428
428
428
428
428
428
428
428
428
428
428
428
428
428
428
428
428
428
428
428
428
428
428
428
428
428
428
428
428
428
428
428
428
428
428
428
428
428
428
428
428
428
428
428
428
428
428
428
428
428
428
428
428
428
428
428
428
428
428
428
428
428
428
428
428
428
428
428
428
428
428
428
428
428
428
428
428
428
428
428
428
428
428
428
428
428
428
428
428
428
428
428
428
428
428
428
428
428
428
428
428
428
428
428
428
428
428
428
428
428
428
428
428
428
428
428
428
428
428
428
428
428
428
428
428
428
428
428
428
428
428
428
428
428
428
428
428
428
428
428
428
428
428
428
428
428
428
428
428
428
428
428
428
428
428
428
428
428
428
428
428
428
428
428
428
428
428
428
428
428
428
428
428
428
428
428
428
428
428
428
428
428
428
428
428
428
428
428
428
428
428
428
428
428
428
428
428
428
428
428
428
428
428
428
428
428
428
428
428
428
428
428
428
428
428
428
428
428
428
428
428
428
428
428
428
428
428
428
428
428
428
428
428
428
428
428
428
428
428
428
428
428
428
428
428
428
428
428
428
428
428
428
428
428
428
428
428
428
428
428
428
428
428
428
428
428
428
428
428
428
428
428
428
428
428
428
428
428
428
428
428
428
428
428
428
428
428
428
428
428
428
428
428
428
428
428
428
428
428
428
428
428
428
428
428
428
428
428
428
428
428
428
428
428
428
428
428
428
428
428
428
428
428
428
428
428
428
428
428
428
428
428
428
428
428
428
428
428
428
428
428
428
428
428
429
