430
365
366
384
371
362
365
383
385
379
382
377
385
367
368
378
383
368
375
363
370
383
381
369
380
370
376
365
368
373
368
382
376
378
383
378
379
379
381
372
373
384
378
367
381
379
380
378
374
384
386
379
375
367
384
378
370
370
367
387
380
375
381
365
382
372
375
382
376
361
374
377
374
373
362
372
385
379
374
381
378
368
361
377
382
373
364
378
376
376
375
376
377
375
370
381
378
368
373
378
375
384
393
387
387
368
380
380
386
381
375
381
378
379
374
369
375
379
384
370
360
376
373
374
371
367
380
379
365
376
367
369
378
355
383
377
375
381
374
378
378
378
369
381
374
366
377
374
383
383
367
368
373
383
376
382
381
379
376
372
385
367
374
384
376
377
382
377
373
389
376
375
391
381
371
372
381
377
381
369
382
387
366
380
386
377
366
380
378
371
392
379
368
376
375
368
386
380
377
384
387
382
384
370
364
381
376
387
373
382
375
371
374
379
373
373
372
386
382
377
371
372
369
377
364
372
370
370
377
384
383
374
373
386
374
378
381
380
385
384
380
374
372
378
379
387
384
379
384
387
387
384
365
373
380
373
382
380
380
370
372
376
375
387
382
386
369
371
369
372
365
386
371
381
384
385
382
367
375
371
368
368
374
371
373
375
378
380
373
373
384
378
369
374
384
380
379
373
372
382
358
381
376
395
384
367
380
380
374
381
369
379
384
382
373
383
392
386
391
374
375
362
364
373
379
374
364
378
380
386
380
375
374
372
378
381
381
368
382
372
377
365
373
376
379
379
377
379
381
388
378
373
386
382
364
383
371
383
377
372
376
379
376
372
376
370
370
370
377
357
379
379
371
374
378
374
385
386
370
369
375
367
367
378
394
382
388
374
376
382
380
372
369
385
383
381
375
382
380
380
370
377
381
372
374
370
386
380
385
368
377
370
377
372
383
376
377
381
380
376
373
374
380
370
385
370
382
372
380
372
378
364
381
379
386
377
372
367
372
381
374
383
380
380
374
376
375
381
374
367
378
376
374
381
376
379
378
386
380
383
378
380
367
371
385
381
382
374
372
378
385
370
371
381
363
383
383
379
378
382
372
384
380
383
378
383
390
374
375
374
383
374
373
376
365
388
368
370
376
377
391
383
374
374
383
379
381
382
376
363
379
371
373
381
371
370
373
396
376
380
383
380
381
371
384
373
373
376
384
371
374
366
389
379
385
382
374
379
373
365
379
385
375
376
371
365
378
387
378
376
384
380
379
373
371
371
385
365
375
380
387
365
362
377
378
382
371
382
366
376
377
373
379
378
372
368
364
377
375
375
385
377
378
381
378
367
375
375
381
377
382
382
378
370
368
370
377
379
375
378
384
382
363
379
379
384
381
380
387
379
377
374
375
378
377
375
380
381
364
371
388
388
387
384
362
383
373
383
364
377
385
382
379
391
384
367
376
367
382
372
372
378
374
372
376
386
382
375
377
356
367
382
382
369
380
371
379
376
391
362
376
376
372
383
357
372
371
373
366
381
379
384
368
384
391
375
362
377
379
371
374
373
374
383
381
379
379
375
376
368
376
380
387
379
379
385
375
387
378
370
370
376
369
368
380
361
374
380
375
385
366
372
387
373
371
375
372
367
377
379
376
376
376
375
374
370
384
374
370
380
374
371
383
367
375
381
371
384
375
368
372
383
371
381
361
377
376
380
378
384
361
381
360
383
378
363
383
378
386
376
370
356
371
363
360
361
375
378
385
368
379
382
376
390
371
373
379
370
372
382
377
382
364
363
359
371
381
362
378
370
370
370
371
368
378
382
376
370
372
376
377
359
381
382
381
371
381
380
375
379
383
379
386
373
366
384
365
370
379
378
382
376
379
380
378
381
374
375
365
372
370
369
372
380
379
371
375
357
372
365
376
372
387
387
373
369
379
371
378
382
377
370
366
373
371
377
368
362
364
386
382
375
382
380
376
381
372
379
378
375
369
376
374
368
381
363
385
369
374
386
385
378
375
382
381
382
376
384
373
394
382
378
389
372
379
383
374
386
370
379
378
383
376
374
384
383
373
369
393
382
369
371
383
371
369
361
378
367
375
379
382
381
388
379
372
368
375
365
375
377
378
374
370
388
382
361
369
379
381
362
364
385
371
373
373
375
373
390
389
377
383
372
379
377
376
376
376
380
366
375
381
373
377
384
378
373
370
371
375
365
376
388
376
381
392
377
380
379
386
378
366
382
370
380
378
383
385
375
374
375
383
374
378
374
372
375
382
375
370
376
369
389
380
385
386
374
375
378
385
368
367
361
366
378
372
380
377
383
380
372
380
391
377
380
366
387
373
383
391
380
370
378
385
375
363
376
378
371
388
378
376
380
371
378
370
389
382
372
371
376
365
366
375
376
370
382
377
358
372
372
381
382
385
369
366
364
389
372
387
383
367
376
374
381
385
380
384
381
373
371
366
376
367
370
377
371
381
388
377
376
379
381
385
387
385
378
378
374
376
380
378
375
376
379
386
370
379
377
375
384
353
369
377
363
377
369
370
381
373
370
373
379
380
381
383
371
373
371
374
375
381
389
389
373
369
368
379
379
379
377
381
382
377
377
374
380
377
382
380
375
383
380
386
375
371
366
380
378
380
380
366
373
370
375
392
381
388
380
366
382
372
379
388
384
396
383
367
377
376
367
386
376
370
371
367
382
370
365
377
380
378
375
383
374
383
374
354
372
370
373
380
378
381
373
375
383
378
376
375
371
386
372
367
376
362
370
376
376
377
383
380
370
371
375
377
388
382
377
379
371
377
378
386
379
366
370
372
377
379
380
384
379
375
383
383
385
363
385
382
371
379
381
378
381
374
374
383
378
379
378
375
382
372
380
377
380
374
384
380
375
369
377
366
365
386
384
385
374
373
370
379
372
378
376
383
372
380
379
378
374
379
389
378
378
383
383
378
386
373
376
380
375
385
385
379
381
372
383
380
377
375
373
376
373
384
381
367
368
358
374
379
370
381
385
381
371
371
369
382
367
371
380
369
386
379
373
387
382
382
372
367
377
382
374
380
390
371
387
367
363
369
374
381
386
375
378
372
377
381
373
380
367
377
383
387
367
374
374
372
377
378
375
376
384
377
387
385
374
377
369
381
382
382
375
363
378
383
366
377
367
383
375
376
370
383
373
374
377
371
375
376
371
357
381
388
373
369
372
376
370
384
376
361
373
376
373
373
369
355
385
370
372
371
387
373
368
382
374
380
368
360
376
380
376
378
376
372
390
379
382
379
376
367
382
374
386
383
388
373
387
379
374
388
376
382
380
367
374
382
389
384
382
380
379
375
370
379
379
386
371
370
374
382
377
385
378
367
390
379
376
376
375
363
380
372
371
377
381
387
362
373
372
382
377
374
384
377
381
380
387
375
376
385
391
385
368
371
375
377
382
383
380
361
384
383
376
367
374
364
378
381
386
367
372
359
379
375
381
392
383
381
380
382
374
387
369
373
368
377
385
367
387
375
381
370
367
372
375
368
369
368
361
372
382
375
375
380
376
379
368
370
376
388
371
381
382
379
384
377
379
376
378
386
379
374
388
386
389
378
368
382
372
368
364
368
381
370
382
383
381
386
384
377
379
380
376
382
387
374
385
364
388
388
375
373
375
382
365
383
372
361
381
372
359
383
383
379
385
383
382
383
381
384
378
363
381
379
379
376
384
384
373
376
385
364
374
364
368
377
375
373
368
376
381
368
387
385
377
386
384
387
382
369
388
381
378
380
379
368
379
366
377
385
381
371
384
386
380
373
369
381
383
374
370
390
386
377
389
368
375
376
380
385
376
375
382
384
365
371
362
364
370
380
354
381
367
361
358
376
372
385
385
377
382
373
377
373
385
373
385
382
382
381
383
382
369
372
388
372
370
373
382
376
374
382
368
379
375
366
377
374
372
366
381
390
380
375
380
379
387
379
377
379
368
372
368
379
376
375
384
377
369
387
366
387
369
368
371
380
374
366
370
370
369
379
390
369
373
380
390
372
375
382
381
375
380
379
374
380
365
381
376
396
365
378
379
378
393
372
384
383
379
368
380
373
380
368
371
368
367
370
372
382
377
378
371
381
370
385
376
379
372
376
372
384
387
381
373
356
374
391
381
377
387
388
370
391
383
379
383
371
377
374
373
366
377
369
370
369
376
377
378
361
373
382
362
380
367
373
371
371
369
385
380
373
378
375
385
376
373
385
384
367
367
369
367
365
381
357
365
366
373
375
384
380
379
365
368
370
378
372
374
377
383
369
383
378
373
387
376
389
381
381
387
384
384
379
376
383
379
385
385
367
371
383
375
374
382
386
378
385
376
375
384
367
377
371
386
372
376
385
380
378
384
379
378
374
376
381
384
375
382
376
380
376
374
367
374
384
377
376
375
376
374
376
384
379
371
377
386
389
386
381
371
377
380
369
386
367
378
373
376
380
357
373
373
372
376
389
373
383
381
365
375
377
381
379
385
370
374
368
367
368
368
380
376
378
369
365
387
378
378
380
372
378
374
363
381
374
377
366
377
383
383
375
372
383
375
366
382
373
364
376
383
375
380
382
377
373
378
385
377
381
373
379
379
381
372
377
368
385
378
386
376
366
381
363
379
382
382
371
379
378
372
373
373
374
377
376
386
381
377
379
376
378
379
363
375
378
370
376
376
374
378
383
376
370
371
369
371
376
369
364
381
384
380
378
372
377
375
383
375
362
389
390
381
374
372
374
378
382
380
385
376
372
375
382
376
368
372
376
369
380
372
374
380
378
374
372
387
374
381
383
371
368
382
384
387
376
371
376
370
382
393
379
374
373
376
387
384
373
374
368
380
364
376
373
382
381
375
368
377
372
374
370
374
390
380
380
372
374
386
372
378
367
379
385
374
378
378
389
382
375
381
370
384
377
377
384
377
378
380
389
387
373
381
372
394
390
369
379
385
386
384
385
378
376
378
381
378
371
381
374
380
367
368
374
379
380
379
382
384
382
386
374
369
388
389
373
379
379
369
377
373
377
380
379
373
382
370
369
379
381
379
385
374
374
394
387
366
380
385
377
377
372
370
376
382
376
379
372
370
376
374
376
379
375
390
379
381
387
382
388
379
377
377
370
384
382
383
384
381
371
375
382
370
385
388
388
378
370
390
377
377
382
378
384
374
364
381
386
387
375
375
382
372
383
376
375
375
374
385
385
382
388
377
384
386
378
371
385
380
376
370
382
388
389
380
374
380
383
375
381
380
387
391
382
379
374
366
376
379
384
368
379
378
376
389
386
382
373
375
379
377
381
370
384
382
375
376
383
382
391
379
379
371
388
389
381
388
380
377
376
376
372
370
376
377
377
374
375
392
369
386
370
376
384
382
390
385
384
390
383
382
386
373
377
367
392
379
370
384
386
370
384
377
376
372
385
380
374
384
378
377
372
385
382
380
374
391
379
392
381
376
376
392
369
377
374
366
379
374
368
378
369
391
380
387
382
377
386
387
375
385
390
384
383
385
394
371
379
380
372
387
389
386
381
388
376
378
381
386
402
383
376
376
385
391
383
387
391
380
381
379
386
384
390
389
380
374
392
382
390
393
393
391
384
389
386
393
388
397
399
397
390
388
394
389
402
390
393
397
393
398
396
399
411
401
403
407
401
400
410
410
418
418
420
421
422
422
425
