430
365
381
381
371
380
386
387
380
388
388
373
379
375
373
378
361
389
371
369
373
381
377
375
383
389
377
378
382
377
382
377
374
386
366
389
378
371
369
363
369
386
387
380
371
373
368
376
370
377
379
383
388
378
378
382
382
377
379
373
375
365
372
386
377
379
378
381
370
378
388
373
380
371
387
380
379
373
391
391
366
388
381
374
374
368
373
382
386
365
379
377
368
381
376
372
376
373
384
366
372
387
369
367
365
373
388
375
375
377
392
381
382
374
374
373
378
384
371
382
379
379
372
379
374
373
370
369
369
372
374
375
372
378
384
380
385
375
372
371
374
384
371
381
377
387
373
373
385
367
370
373
374
370
373
368
377
370
383
378
379
370
375
389
379
378
374
366
375
383
373
377
380
373
371
387
384
365
375
388
388
374
377
373
381
377
378
383
375
373
381
364
375
377
378
373
367
368
384
381
373
376
367
369
362
391
372
373
382
379
383
377
373
374
377
372
380
369
379
377
376
371
387
383
366
378
388
385
387
376
369
383
392
382
364
372
377
369
384
377
367
379
385
378
379
378
385
374
375
384
369
379
368
372
372
370
369
369
377
371
386
383
371
369
371
381
376
383
384
380
369
397
376
370
378
361
372
370
373
377
359
370
378
377
382
372
368
383
376
371
379
370
370
370
373
376
373
384
372
386
383
382
376
375
387
366
364
377
375
380
390
385
378
378
379
389
375
379
381
375
366
368
380
379
366
382
385
372
362
376
385
369
377
385
382
380
380
375
373
375
387
363
394
389
379
382
375
386
378
379
368
380
389
364
377
377
386
373
381
378
366
381
385
378
376
374
382
386
373
375
365
380
377
372
375
374
373
362
371
373
381
366
367
370
368
377
374
370
379
385
379
381
383
372
362
371
375
379
372
369
372
371
364
379
386
377
371
371
380
381
359
373
379
381
364
385
377
383
380
392
375
378
373
376
377
384
383
382
382
375
359
375
374
384
388
383
372
385
373
377
388
386
371
372
376
385
368
387
374
380
375
381
377
373
379
384
377
379
384
381
372
381
382
384
386
384
377
372
369
371
366
381
380
376
372
375
375
369
385
375
369
385
386
367
385
373
375
379
386
368
386
377
371
369
363
375
385
381
378
378
380
364
380
387
380
396
371
378
373
371
371
379
362
373
382
383
380
386
383
369
379
377
366
390
373
374
376
384
388
373
375
364
375
380
379
368
379
383
376
375
382
373
377
376
372
365
366
365
378
376
380
370
378
390
384
377
385
385
385
373
375
387
384
383
387
373
385
372
370
368
371
375
374
368
375
370
380
387
368
380
373
378
376
376
376
367
371
379
396
380
375
383
372
373
374
380
379
375
361
380
383
378
385
374
391
376
372
371
382
383
370
380
370
372
376
378
377
381
377
381
388
388
376
375
374
364
376
379
364
373
384
372
374
368
376
369
372
377
380
376
383
378
382
375
386
383
389
380
374
372
384
373
377
385
366
388
387
372
366
379
367
378
379
389
369
380
376
375
374
370
379
372
366
376
384
376
387
387
378
387
392
385
372
370
384
377
386
378
387
367
376
385
372
382
375
372
395
380
382
389
384
382
369
369
381
362
373
370
370
394
378
384
392
384
382
375
376
377
366
371
380
377
390
381
386
380
377
382
379
387
376
375
378
381
385
386
382
376
382
394
389
379
370
384
379
382
376
387
383
379
364
379
374
370
385
375
370
377
380
377
380
380
384
376
385
375
368
385
378
370
372
373
382
380
382
387
370
356
385
380
377
382
368
380
379
377
380
392
381
374
375
369
386
371
362
372
360
367
387
377
376
370
360
372
385
385
375
383
361
380
375
377
380
374
370
379
374
371
374
389
386
380
380
377
378
379
387
379
384
379
365
373
375
389
374
384
369
378
378
393
379
370
376
380
368
377
379
387
388
383
376
363
381
375
378
381
372
378
381
379
380
388
369
377
381
379
369
379
375
380
388
376
379
381
383
364
373
387
380
380
374
381
378
383
373
377
365
382
375
383
376
377
370
374
372
375
378
380
372
378
380
375
387
371
366
379
377
378
371
378
372
380
380
381
379
375
376
379
369
373
389
381
372
379
377
377
385
385
378
368
385
378
382
373
388
389
389
382
377
373
386
378
376
368
359
366
373
385
378
386
382
377
385
372
389
384
376
385
373
369
389
371
379
388
374
390
385
378
386
396
376
387
374
395
377
371
372
379
375
386
376
378
379
378
390
375
379
376
373
372
378
377
374
382
381
377
363
373
385
386
379
384
368
375
388
385
376
376
365
380
381
380
374
373
378
362
377
374
374
370
387
376
366
378
384
373
379
374
384
378
381
371
379
376
375
381
375
367
387
374
373
379
372
378
386
387
382
375
383
384
382
383
373
386
382
374
380
377
382
388
373
376
375
383
382
378
382
373
387
375
373
371
375
380
384
379
369
386
383
383
389
375
373
383
379
378
378
375
379
386
376
382
366
374
379
377
378
369
378
385
375
371
384
392
379
373
375
383
380
380
381
374
380
374
375
381
374
368
375
385
374
382
382
380
384
383
388
373
375
368
373
373
375
375
374
377
391
379
379
379
381
392
388
380
376
378
386
379
384
383
375
372
383
382
374
379
390
373
370
376
384
364
383
381
366
378
382
382
379
378
371
382
390
377
376
377
377
368
380
369
386
387
385
384
387
388
388
377
382
383
369
366
389
381
373
385
372
385
380
380
381
384
367
387
374
385
383
388
384
381
379
381
380
367
371
379
370
383
381
384
376
386
379
372
378
383
389
381
390
365
373
378
380
378
373
393
376
369
372
374
372
367
374
378
383
380
370
386
376
374
378
386
383
381
384
380
377
370
383
377
386
381
382
383
372
376
371
376
381
385
400
373
375
384
379
382
382
384
380
389
373
385
384
382
375
379
384
383
374
385
377
373
374
388
364
375
381
380
377
379
385
381
376
364
379
380
389
379
374
376
384
392
380
382
383
371
373
370
380
391
378
394
381
389
372
373
387
373
383
386
370
386
375
376
380
379
388
385
372
379
384
385
380
385
381
382
392
378
368
381
372
378
369
364
380
377
387
386
388
381
376
381
382
386
377
386
361
372
381
375
387
393
386
381
380
384
385
387
388
387
379
376
373
378
388
372
383
379
392
385
375
373
378
381
381
380
388
382
381
388
382
385
370
383
388
387
389
386
371
386
375
368
377
384
370
382
387
379
379
383
387
373
376
383
375
386
381
372
374
386
381
391
392
388
378
388
378
381
379
378
386
374
370
386
377
379
382
379
393
385
376
368
386
372
383
383
375
375
379
376
381
381
386
390
381
385
389
387
387
383
379
370
379
381
378
380
386
378
378
387
381
389
390
380
388
379
378
379
381
378
396
389
385
389
382
380
380
384
380
388
375
379
380
376
377
383
383
384
375
386
371
384
375
379
376
389
377
380
376
381
383
384
375
379
387
380
381
382
381
383
373
391
384
379
386
372
378
378
360
386
383
386
383
380
383
373
382
385
384
381
379
379
374
392
372
391
380
383
382
396
379
379
373
378
374
376
402
377
378
377
381
381
382
381
389
383
388
383
375
385
386
389
368
370
385
380
377
371
378
394
391
382
382
394
391
377
385
390
387
382
381
385
387
392
377
385
377
384
387
391
396
386
368
375
380
375
386
389
374
389
387
387
385
372
394
391
382
383
388
383
383
383
383
373
383
383
388
385
381
382
386
381
374
384
374
383
382
381
375
390
385
386
386
378
385
381
376
388
382
388
386
390
387
383
381
379
379
386
379
382
376
378
384
396
389
393
380
380
387
389
381
387
388
380
392
386
388
390
387
383
373
384
388
388
393
384
381
389
380
388
378
387
384
378
374
387
377
387
379
378
383
388
387
389
390
372
380
378
385
387
384
388
387
381
382
370
383
389
386
396
386
386
380
376
382
394
391
384
379
394
387
389
375
386
386
389
391
383
373
375
382
380
390
378
380
383
381
376
373
386
381
375
394
382
379
388
393
388
399
387
375
386
372
389
377
388
384
384
387
382
390
378
387
389
387
379
388
379
386
389
389
390
380
385
382
389
383
380
386
389
398
387
381
382
381
400
386
393
387
392
381
383
393
393
399
386
377
388
377
377
387
389
385
383
383
372
383
386
392
385
385
381
388
385
401
386
388
386
393
400
388
379
385
387
391
393
377
393
393
386
393
387
384
380
373
383
382
390
385
398
390
390
388
399
379
396
381
378
391
381
386
384
387
390
397
385
394
383
389
385
394
391
377
392
391
389
382
379
379
371
378
391
389
388
387
370
386
382
378
388
382
383
379
386
390
388
383
392
392
403
391
394
388
382
386
395
383
389
396
385
388
384
377
384
369
392
389
389
390
395
394
391
397
392
380
402
390
376
390
387
383
391
402
387
379
391
389
382
394
400
386
382
394
395
397
394
395
377
384
405
405
380
390
383
391
392
389
388
391
389
394
383
403
380
387
383
397
391
396
380
398
396
394
384
397
386
390
394
388
375
384
392
386
385
392
392
385
391
378
390
387
392
395
384
384
384
395
393
380
385
390
389
397
398
396
391
392
381
391
380
381
386
394
387
390
396
390
387
396
391
397
388
398
398
383
398
392
388
389
392
375
375
389
383
400
392
397
393
402
393
400
390
397
404
392
391
381
391
379
386
389
381
394
395
400
399
401
392
385
396
385
386
386
389
394
392
391
396
391
397
397
395
398
386
393
395
393
389
386
392
387
386
391
390
394
393
396
393
393
388
397
388
393
393
395
395
392
396
395
385
382
379
386
381
391
393
387
387
392
388
387
385
391
385
392
387
390
391
388
387
380
389
387
389
382
390
393
403
391
404
397
395
387
389
397
400
393
389
386
393
403
396
388
398
397
393
395
391
388
398
394
389
396
391
398
395
400
403
391
386
387
397
391
371
391
399
391
389
386
405
398
397
406
397
401
395
394
403
390
403
403
402
388
395
390
399
388
399
388
388
394
397
399
391
389
399
396
399
394
398
381
392
398
399
397
399
394
399
396
396
395
391
393
393
392
398
396
398
398
403
409
401
400
399
397
394
382
393
394
402
407
403
392
394
394
404
400
397
384
385
394
404
401
401
401
402
403
398
400
402
407
404
391
391
389
399
391
400
403
399
398
396
399
399
399
399
394
403
397
391
397
387
379
392
405
404
397
400
396
402
409
392
402
392
394
400
405
404
412
410
399
405
402
392
399
400
397
398
390
399
397
392
397
399
396
405
400
403
400
405
396
400
397
397
400
396
399
399
392
395
400
403
403
402
402
397
399
391
394
401
398
406
400
403
396
396
395
394
391
394
402
407
401
398
406
402
407
391
395
399
403
406
404
392
402
403
402
400
401
400
409
401
392
401
399
405
399
404
397
396
402
399
395
408
402
399
396
403
405
398
397
401
396
406
404
399
401
403
411
400
405
403
406
411
407
409
404
404
412
405
410
405
407
407
409
416
407
406
399
393
394
404
398
406
408
405
409
410
407
403
401
408
407
408
408
408
403
405
400
405
407
408
403
403
409
407
407
401
404
406
414
414
417
410
406
405
397
406
402
402
404
403
412
405
405
414
410
412
402
399
405
403
394
402
408
407
404
411
414
409
407
409
401
408
404
404
407
414
416
411
409
406
405
399
403
406
403
407
403
403
418
