430
365
372
376
376
382
368
367
383
374
385
374
379
373
372
392
375
380
388
379
383
379
376
364
382
373
379
367
372
363
373
385
397
376
369
374
383
376
379
382
375
379
383
380
384
383
381
371
372
375
368
376
376
387
375
369
381
378
386
381
390
382
374
379
368
381
384
378
379
383
380
366
375
378
372
375
372
374
371
365
371
370
358
383
377
374
370
387
374
378
390
388
389
383
373
387
378
366
390
377
373
387
355
375
375
368
379
366
385
376
378
369
364
369
373
382
379
376
380
379
383
384
374
374
390
374
379
381
382
379
374
366
382
388
382
371
365
370
381
388
371
373
387
379
381
379
370
374
375
380
376
372
377
370
382
378
372
383
371
365
380
377
380
370
372
380
381
379
380
368
380
373
377
376
373
360
363
370
369
382
378
369
372
375
379
377
386
385
382
374
375
376
373
388
381
375
366
378
375
385
378
391
375
374
370
383
378
376
387
382
384
385
377
375
370
372
372
378
384
372
378
383
379
381
375
377
368
380
381
376
376
380
389
384
372
366
383
369
388
384
371
378
390
374
375
380
368
379
372
371
365
387
380
376
379
381
381
383
376
374
373
373
379
379
373
366
365
384
375
378
369
394
373
373
377
377
377
382
377
372
374
381
372
376
377
379
375
368
370
375
371
366
381
384
381
376
374
380
388
381
383
387
365
377
380
372
376
392
385
384
374
377
376
389
379
371
383
389
376
380
370
369
370
369
379
375
369
388
375
381
369
374
379
379
368
379
387
378
378
371
374
372
371
381
379
377
373
377
377
371
370
379
378
377
387
387
380
364
366
372
376
382
380
370
373
376
378
380
384
368
374
378
367
377
376
376
380
393
377
383
377
379
386
375
366
382
369
362
379
380
363
372
374
381
386
382
386
381
387
379
368
387
378
383
384
370
372
377
375
366
374
371
382
373
381
378
379
379
360
373
373
379
379
386
378
380
372
378
382
376
390
377
378
371
376
383
368
375
376
376
369
384
374
374
371
380
380
376
383
384
375
380
381
382
374
371
369
383
382
383
372
379
362
389
387
369
370
381
378
370
374
386
371
372
373
372
369
375
371
379
371
373
367
381
370
378
375
387
373
372
377
387
382
360
381
377
381
367
370
380
378
380
376
376
379
372
368
364
379
379
377
378
373
376
369
386
376
365
379
382
372
381
365
375
359
378
370
380
370
375
373
383
381
388
366
380
387
375
374
374
381
382
371
360
378
385
373
380
375
382
371
381
364
375
380
378
376
378
373
377
381
374
376
373
378
387
376
389
371
385
379
380
371
379
373
379
379
384
375
370
384
376
365
366
371
378
376
376
379
379
389
382
378
381
373
380
384
370
385
379
367
383
380
386
392
380
372
373
372
368
379
377
370
371
370
369
380
381
377
377
377
379
375
368
377
370
394
375
375
379
382
386
379
383
363
368
371
373
360
383
375
387
365
373
377
379
372
368
371
379
369
373
375
380
376
372
378
376
387
374
386
377
372
386
373
377
374
375
386
380
363
371
385
383
381
378
372
373
379
372
382
374
379
376
375
383
371
383
364
368
383
381
374
373
373
373
377
374
376
382
376
373
376
376
380
381
372
374
385
378
376
384
375
379
378
382
366
381
371
378
382
373
373
376
389
390
385
381
384
387
382
376
372
373
382
384
377
363
372
365
369
386
385
371
368
388
371
371
392
384
379
382
375
384
379
380
385
372
383
379
382
375
371
377
378
390
390
383
380
367
363
369
373
367
375
384
381
375
379
380
378
373
375
369
378
376
382
375
378
376
368
382
387
373
384
374
366
376
375
375
373
371
379
381
383
372
376
372
377
379
383
386
378
369
376
378
387
375
378
384
382
389
363
364
382
386
372
371
369
369
376
381
372
374
377
371
370
375
377
385
382
367
379
370
382
385
362
377
379
366
384
378
391
383
382
379
381
371
385
377
362
363
383
380
384
382
365
382
379
378
372
373
380
373
374
375
384
357
373
381
377
388
383
385
386
365
364
378
370
369
372
383
384
372
379
377
372
383
373
370
379
373
379
379
372
376
366
387
380
376
379
374
386
381
377
364
378
388
383
370
386
381
367
379
365
376
384
380
370
369
381
381
380
382
385
379
383
366
382
364
381
379
371
371
376
368
365
384
374
372
381
376
379
373
372
372
377
384
365
379
374
374
396
379
377
374
377
371
369
379
360
378
373
392
380
383
382
385
380
363
383
372
378
375
369
375
388
365
364
382
379
378
367
376
378
385
373
370
359
391
388
388
383
374
372
373
377
370
384
381
369
376
374
377
361
373
384
377
382
373
382
385
375
378
380
385
382
371
367
371
374
370
372
372
385
371
378
376
374
373
365
381
379
379
378
373
369
376
383
375
360
374
385
379
367
391
383
386
386
370
382
391
381
377
381
375
377
372
382
379
365
375
377
376
376
379
370
377
377
388
378
371
371
383
385
366
388
375
368
374
366
374
374
391
377
385
370
371
375
373
374
381
377
390
377
366
379
365
383
382
384
369
382
378
373
363
380
372
373
374
381
380
378
373
375
380
377
385
378
383
381
377
380
371
379
385
375
380
377
372
375
379
377
370
380
371
377
376
380
372
374
365
384
372
375
388
382
391
389
372
378
366
374
378
382
377
381
387
374
387
375
381
376
368
375
383
366
364
370
380
368
380
379
376
367
379
365
372
362
367
384
367
374
378
378
385
389
382
375
379
352
380
373
370
370
366
373
387
382
367
375
385
369
379
376
371
370
383
385
385
373
376
375
379
381
362
381
380
376
376
379
385
382
372
373
381
377
373
368
368
371
362
386
371
373
364
369
371
382
376
373
369
394
407
416
420
423
423
423
423
423
423
423
424
424
424
424
424
424
424
424
424
424
424
424
424
424
424
424
425
425
425
425
425
425
425
425
425
425
425
425
425
425
425
425
425
425
425
425
425
425
425
425
425
425
425
425
425
425
425
425
425
425
425
425
425
425
425
425
425
425
425
425
425
425
425
425
425
426
426
426
426
426
426
426
426
427
427
427
427
427
427
427
427
427
427
427
427
427
427
427
427
427
427
427
427
427
427
427
427
427
427
427
427
427
427
427
427
427
427
427
427
427
427
427
427
427
427
427
427
427
427
427
427
427
427
427
427
427
427
427
427
427
427
427
427
427
427
427
427
427
427
427
427
427
427
427
427
427
427
427
427
427
427
427
427
427
427
427
427
427
427
427
427
427
427
427
427
427
427
427
427
427
427
427
427
427
427
427
427
427
427
427
427
427
427
427
427
427
427
427
427
427
427
427
427
427
427
427
427
427
427
427
427
427
427
427
427
427
427
427
427
427
427
427
427
427
427
427
427
427
427
427
427
427
427
427
427
427
427
427
427
427
427
427
427
427
427
427
427
427
427
427
427
427
427
427
427
427
427
427
427
427
427
427
427
427
427
427
427
427
427
427
427
427
427
427
427
427
427
427
427
427
427
427
427
427
427
427
427
427
427
427
427
427
427
427
427
427
427
427
427
427
427
427
427
427
427
427
427
427
427
427
427
427
427
427
427
427
427
427
427
427
427
427
427
427
427
427
427
427
427
427
427
427
427
427
427
427
427
427
427
427
427
427
427
427
427
427
427
427
427
427
427
427
427
427
427
427
427
427
427
427
427
427
427
427
427
427
427
427
427
427
427
427
427
427
427
427
427
427
427
427
427
427
427
427
427
427
427
427
427
427
427
427
427
427
427
427
427
427
427
427
427
427
427
427
427
427
427
427
427
427
427
427
427
427
427
427
427
427
427
427
427
427
427
427
427
427
427
427
427
427
427
427
427
427
427
427
427
427
427
427
427
427
427
427
427
427
427
427
427
427
427
427
427
427
427
427
427
427
427
427
427
427
427
427
427
427
427
427
427
427
427
427
427
427
427
427
427
427
427
427
427
427
427
427
427
427
427
427
427
427
427
427
427
427
427
427
427
427
427
427
427
427
427
427
427
427
427
427
427
427
427
427
427
427
427
427
427
427
427
427
427
427
427
427
427
427
427
427
427
427
427
427
427
427
427
427
427
427
427
427
427
427
427
427
427
427
427
427
427
427
427
427
427
427
427
427
427
427
427
427
427
427
427
427
427
427
427
427
427
427
427
427
427
427
427
427
427
427
427
427
427
427
427
427
427
427
427
427
427
427
427
427
427
427
427
427
427
427
427
427
427
427
427
427
427
427
427
427
427
427
427
427
427
427
427
427
427
427
427
427
427
427
427
427
427
427
427
427
427
427
427
427
427
427
427
427
427
427
427
427
427
427
427
427
427
427
427
427
427
427
427
427
427
427
427
427
427
427
427
427
427
427
427
427
427
427
427
427
427
427
427
427
427
427
427
427
427
427
427
427
427
427
427
427
427
427
427
427
427
427
427
427
427
427
427
427
427
427
427
427
427
427
427
427
427
427
427
427
427
427
427
427
427
427
427
427
427
427
427
427
427
427
427
427
427
427
427
427
427
427
427
427
427
427
427
427
427
427
427
427
427
427
427
427
427
427
427
427
427
427
427
427
427
427
427
427
427
427
427
427
427
427
427
427
427
427
427
427
427
427
427
427
427
427
427
427
427
427
427
427
427
427
427
427
427
427
427
427
427
427
427
427
427
427
427
427
427
427
427
427
427
427
427
427
427
427
427
427
427
427
427
427
427
427
427
427
427
427
427
427
427
427
427
427
427
427
427
427
427
427
427
427
427
427
427
427
427
427
427
427
427
427
427
427
427
427
427
427
427
427
427
427
427
427
427
427
427
427
427
427
427
427
427
427
427
427
427
427
427
427
427
427
427
427
427
427
427
427
427
427
427
427
427
427
427
427
427
427
427
427
427
427
427
427
427
427
427
427
427
427
427
427
427
427
427
427
427
427
427
427
427
427
427
427
427
427
427
427
427
427
427
427
427
427
427
427
427
427
427
427
427
427
427
427
427
427
427
427
427
427
427
427
427
427
427
427
427
427
427
427
427
427
427
427
427
427
427
427
427
427
427
427
427
427
427
427
427
427
427
427
427
427
427
427
427
427
427
427
427
427
427
427
427
427
427
427
427
427
427
427
427
427
427
427
427
427
427
427
427
427
427
427
427
427
427
427
427
427
427
427
427
427
427
427
427
427
427
427
427
427
427
427
427
427
427
427
427
427
427
427
427
427
427
427
427
427
427
427
427
427
427
427
427
427
427
427
427
427
427
427
427
427
427
427
427
427
427
427
427
427
427
427
427
427
427
427
427
427
427
427
427
427
427
427
427
427
427
427
427
427
427
427
427
427
427
427
427
427
427
427
427
427
427
427
427
427
427
427
427
427
427
427
427
427
427
427
427
427
427
427
427
427
427
427
427
427
427
427
427
427
427
427
427
427
427
427
427
427
427
427
427
427
427
427
427
427
427
427
427
427
427
427
427
427
427
427
427
427
427
427
427
427
427
427
427
427
427
427
427
427
427
427
427
427
427
427
427
427
427
427
427
427
427
427
427
427
427
427
427
427
427
427
427
427
427
427
427
427
427
427
427
427
427
427
427
427
427
427
427
427
427
427
427
427
427
427
427
427
427
427
427
427
427
427
427
427
427
427
427
427
427
427
427
427
427
427
427
427
427
427
427
427
427
427
427
427
427
427
427
427
427
427
427
427
427
427
427
427
