430
365
374
373
381
385
378
387
384
383
373
382
375
373
370
384
378
370
378
381
366
379
388
385
363
366
368
373
371
378
380
378
376
381
380
377
370
381
378
381
367
373
380
378
369
363
369
374
368
373
384
374
382
368
372
375
374
382
381
381
373
372
379
386
366
368
377
372
365
369
374
378
377
386
377
371
373
377
376
381
374
381
378
379
374
376
368
376
378
376
367
380
374
375
371
378
368
380
386
384
375
376
374
383
380
375
370
381
375
375
384
375
380
367
389
378
380
382
369
378
372
374
396
382
371
379
376
379
372
366
368
366
378
381
387
369
380
376
372
373
378
370
375
377
375
380
373
383
381
382
382
382
377
365
368
390
380
378
382
391
392
374
376
376
375
390
382
385
387
363
378
374
375
378
373
360
381
378
381
373
371
382
376
369
385
365
384
386
387
374
376
365
369
371
369
369
361
377
385
379
371
378
385
367
375
374
373
376
388
394
367
372
373
387
375
386
367
375
376
383
364
375
386
378
366
370
380
363
373
371
384
373
374
386
374
375
367
383
372
385
380
370
374
374
382
385
372
376
386
363
380
373
374
390
384
371
376
365
370
376
373
358
366
373
374
382
388
372
380
376
377
382
367
374
365
386
385
379
379
368
376
364
374
386
376
381
379
376
381
385
382
383
377
377
366
375
379
378
378
386
365
368
381
374
372
379
374
378
374
394
378
378
388
370
373
379
381
389
379
366
377
377
373
373
364
382
374
379
367
374
368
381
388
364
369
377
365
381
381
378
392
368
382
381
383
382
376
380
367
385
384
381
385
374
374
374
389
374
369
373
387
375
380
380
380
380
364
367
371
374
377
375
377
371
369
380
387
377
378
380
379
396
371
378
373
365
367
374
370
383
375
367
386
382
359
382
378
371
372
381
372
370
377
368
375
366
386
374
386
374
390
364
389
385
373
388
385
383
377
378
377
374
396
373
385
385
371
383
378
377
372
366
383
385
392
374
395
376
372
377
369
372
377
391
383
375
370
375
379
378
365
371
375
376
373
367
366
370
377
378
371
368
374
381
370
384
379
381
388
368
381
383
372
370
383
370
380
373
370
380
381
396
372
368
388
377
372
383
369
362
373
371
368
379
380
386
387
374
379
380
384
374
373
372
377
380
381
369
379
382
381
389
371
378
380
381
364
370
380
371
389
373
389
377
359
363
365
393
402
387
364
376
385
378
373
370
376
375
386
373
366
372
373
382
375
378
374
365
369
389
368
368
378
369
368
367
381
376
372
378
368
381
383
382
386
384
381
371
377
388
384
376
390
379
378
376
370
367
387
372
382
374
384
379
377
373
378
367
376
361
376
387
371
374
383
381
362
376
382
389
394
381
384
381
367
366
379
390
377
370
365
377
373
378
375
380
378
377
374
362
387
378
377
384
373
378
372
374
374
379
376
370
373
379
370
374
367
386
372
369
373
375
369
372
375
367
385
379
373
377
375
374
376
374
378
373
378
384
376
376
377
374
386
380
391
383
384
369
375
372
380
390
387
373
371
379
378
382
378
375
379
376
364
385
383
391
375
383
381
385
374
370
375
379
375
385
379
377
375
380
377
372
379
375
376
378
384
360
371
380
374
380
373
383
376
377
387
368
379
371
371
364
375
386
377
384
377
365
374
378
378
376
383
390
384
393
386
380
382
369
372
379
385
368
384
378
387
380
375
378
372
370
375
384
376
368
387
386
386
379
376
386
379
373
371
375
377
381
375
382
378
376
374
371
372
381
380
369
384
364
374
382
381
385
384
375
382
384
384
383
368
372
382
384
381
366
386
369
369
389
383
391
384
384
392
379
388
377
372
383
373
381
383
392
381
379
390
371
375
373
368
382
379
384
381
384
380
383
377
382
380
372
380
366
372
382
381
383
378
373
374
384
368
377
377
381
378
387
373
373
370
386
369
378
370
383
376
377
378
373
365
366
389
376
374
384
387
385
379
378
371
369
373
385
371
386
384
385
376
376
376
376
381
379
378
383
384
389
384
385
375
382
379
386
373
386
386
381
381
381
369
374
370
371
377
385
375
378
389
381
384
384
380
384
384
377
379
372
385
381
386
386
379
387
376
368
379
379
384
368
385
371
386
386
381
376
389
379
383
377
365
379
381
386
381
384
369
375
377
390
378
375
386
372
375
368
386
386
388
378
377
374
373
380
371
383
380
379
362
386
379
383
392
381
379
385
370
383
389
383
386
369
386
384
376
376
388
380
392
379
385
371
382
383
388
386
387
363
396
387
383
369
369
388
386
381
391
383
388
383
385
391
366
386
388
381
381
373
384
372
375
373
382
386
375
374
379
373
374
389
381
373
380
380
380
388
380
393
388
375
381
387
389
393
376
392
386
392
383
376
376
388
379
390
397
386
379
388
374
377
375
394
380
382
378
392
385
391
381
382
374
379
383
387
388
372
387
381
398
388
387
389
385
391
388
379
378
388
377
383
389
374
394
393
388
382
383
381
385
383
396
380
380
388
385
394
388
376
365
383
382
380
387
380
377
392
391
375
382
385
382
385
380
392
393
386
384
383
386
391
385
393
371
392
387
385
386
380
382
385
385
382
388
389
394
379
399
385
397
375
386
381
386
387
377
379
378
386
395
370
378
384
389
377
384
384
381
392
394
393
398
391
391
389
399
389
384
380
384
390
390
386
374
374
383
397
376
392
382
394
371
388
388
388
378
393
386
393
396
384
389
386
395
390
386
381
385
391
386
386
388
383
390
385
384
388
388
388
382
381
398
385
382
387
392
381
383
392
389
388
384
397
390
389
386
394
382
388
384
382
385
392
388
404
399
383
390
391
391
383
389
388
385
372
381
376
388
385
384
392
391
391
389
380
390
383
391
389
379
385
394
392
382
395
394
396
385
396
383
376
393
392
397
401
400
392
402
393
392
390
382
389
376
390
385
388
387
378
391
390
387
391
395
390
388
388
395
384
384
393
391
401
389
395
397
396
393
395
393
400
389
388
381
393
394
391
388
400
395
389
382
392
386
391
386
380
387
390
391
394
393
393
403
398
395
405
403
391
394
396
399
402
388
400
389
385
390
400
401
397
390
397
398
398
402
393
387
382
391
394
396
402
388
390
395
397
401
403
391
400
404
401
393
384
393
396
394
398
397
400
407
405
396
402
403
396
398
395
398
393
395
390
395
396
387
388
397
393
394
394
401
397
396
394
407
402
398
401
395
396
399
397
394
399
395
395
390
387
398
401
402
407
400
394
397
401
398
392
391
398
401
401
385
389
396
403
406
403
404
399
401
401
408
400
405
396
404
401
404
403
393
407
407
401
395
403
406
404
397
403
402
406
409
411
406
408
408
404
405
398
397
402
392
395
404
395
404
400
402
399
401
400
392
397
396
404
397
400
399
407
406
405
405
402
405
402
398
406
406
402
405
401
404
404
402
402
415
409
407
410
411
412
413
408
412
404
410
412
407
408
411
398
407
407
397
405
406
396
402
401
405
400
410
411
400
394
405
412
406
403
406
407
406
410
406
398
407
411
412
416
413
412
410
402
411
409
407
403
406
407
407
409
416
417
407
411
409
406
404
412
413
413
410
409
414
412
414
414
414
415
412
412
412
412
408
406
404
410
416
413
412
411
413
411
412
413
414
416
416
413
413
411
411
411
416
415
416
419
416
413
414
414
415
418
415
414
412
414
411
413
414
412
412
411
401
412
419
418
419
413
414
414
412
415
413
412
413
414
411
411
412
412
413
412
413
416
414
414
416
414
419
416
416
415
419
418
418
422
422
417
417
422
424
421
421
418
420
419
418
418
418
419
415
414
416
417
418
419
421
416
419
417
413
413
417
420
419
418
419
419
421
419
421
421
419
415
413
411
414
415
414
415
414
415
414
416
416
417
420
416
417
414
417
417
419
420
419
417
418
419
423
422
421
419
418
422
422
421
421
421
421
425
427
426
426
427
424
424
425
425
425
418
419
421
422
423
421
423
422
422
421
420
423
424
423
422
421
424
424
421
423
422
423
424
421
423
424
424
423
425
423
423
426
425
426
426
424
424
425
424
424
424
427
427
427
426
424
423
424
423
426
426
425
423
424
424
424
425
425
424
423
420
420
421
422
422
424
424
426
425
425
425
428
428
429
429
429
429
429
428
428
427
428
427
427
426
426
426
426
426
424
424
425
425
425
424
425
425
425
425
425
424
424
427
427
427
427
427
428
427
427
427
427
427
427
428
427
427
426
426
427
427
428
428
428
428
427
427
427
427
428
428
428
428
428
428
429
429
429
428
428
428
428
428
428
427
427
427
427
427
427
427
428
428
428
428
428
428
427
426
426
427
427
428
428
428
427
427
426
426
426
427
428
428
428
428
428
427
427
427
428
428
429
429
430
430
430
430
430
430
430
429
429
429
429
428
428
428
428
429
429
429
429
429
428
429
429
429
429
429
429
429
429
429
429
428
428
428
428
429
429
429
429
429
429
428
429
429
429
429
429
429
429
429
429
429
429
429
429
429
429
429
429
429
429
429
429
429
429
429
429
429
429
429
429
429
429
429
429
429
429
429
429
429
429
429
429
429
429
429
429
429
429
429
429
429
429
429
429
429
429
429
429
429
429
429
429
428
428
428
428
429
429
429
429
429
429
429
429
429
429
429
429
430
430
430
430
430
430
430
430
430
430
430
430
430
430
430
430
430
430
430
430
430
430
430
430
430
430
430
430
430
430
430
430
430
430
430
430
430
430
430
430
430
430
430
430
430
430
430
430
430
430
430
430
430
430
430
430
430
430
430
430
430
430
430
430
430
430
430
430
430
430
430
430
430
430
430
430
430
430
430
430
430
430
430
430
430
430
430
430
430
430
430
430
430
430
430
430
430
430
430
430
430
430
430
430
430
430
430
430
430
430
430
430
430
430
430
430
430
430
430
430
430
430
430
430
430
430
430
430
430
430
430
430
430
430
430
430
430
430
430
430
430
430
430
430
430
430
430
430
430
430
430
430
430
430
430
430
430
430
430
430
430
430
430
430
430
430
430
430
430
430
430
430
430
430
430
430
430
430
430
430
430
430
430
430
430
430
430
430
430
430
430
430
430
430
430
430
430
430
430
430
430
430
430
430
430
430
430
430
430
430
430
430
430
430
430
430
430
430
430
430
430
430
430
430
430
430
430
430
430
430
430
430
430
430
430
430
430
430
430
430
430
430
430
430
430
430
430
430
430
430
430
430
430
430
430
430
430
430
430
430
430
430
430
430
430
430
430
430
430
430
430
430
430
430
430
430
430
430
430
430
430
430
430
430
430
430
430
430
430
430
430
430
430
430
430
430
430
430
430
430
430
430
430
430
430
430
430
430
430
430
430
430
430
430
430
430
430
430
430
430
430
430
430
430
430
430
430
430
430
430
430
430
430
430
430
430
430
430
430
430
430
430
430
430
430
430
430
430
430
430
430
430
430
430
430
430
430
430
430
430
430
430
430
430
430
430
430
430
430
430
430
430
430
430
430
430
430
430
430
430
430
430
430
430
430
430
430
430
430
430
430
430
430
430
430
430
430
430
430
430
430
430
430
430
430
430
430
430
430
430
430
430
430
430
430
430
430
430
430
430
430
430
430
430
430
430
430
430
430
430
430
430
430
430
430
430
430
430
430
430
430
430
430
430
430
430
430
430
