430
366
381
365
377
371
374
378
369
378
373
378
375
367
378
367
369
371
371
368
373
375
381
371
370
377
382
371
372
383
375
378
385
373
373
362
371
385
380
380
383
376
390
365
372
371
375
386
382
378
369
380
375
375
371
382
383
383
377
379
374
381
381
360
376
373
365
369
379
386
377
372
390
378
374
385
386
369
370
379
385
371
374
381
384
379
389
370
386
369
369
376
379
378
386
366
382
382
369
372
386
386
374
384
372
377
363
386
381
384
373
375
375
370
376
371
369
385
370
369
370
370
380
386
374
375
367
379
383
381
379
376
383
377
380
372
369
378
393
384
379
375
374
382
373
378
364
374
375
371
382
377
380
371
366
384
380
378
367
390
388
378
369
368
364
377
384
368
378
383
384
380
368
371
379
387
366
374
376
380
370
376
370
382
379
372
369
376
378
382
369
379
389
375
376
379
382
372
389
377
375
372
384
375
367
376
381
390
381
375
377
388
368
363
370
381
387
368
385
390
366
377
375
371
375
386
381
385
375
385
378
373
376
374
377
378
379
376
373
377
373
381
380
377
391
370
371
368
384
371
377
380
376
363
379
378
375
373
372
378
368
391
372
386
375
378
386
375
392
371
370
374
379
387
382
370
386
374
373
372
368
367
375
383
385
375
381
365
375
379
372
379
370
383
374
366
375
392
372
367
377
380
375
378
373
366
384
376
370
386
385
376
368
378
370
373
388
384
372
369
374
374
376
388
385
382
372
387
382
378
377
378
379
389
372
376
377
369
368
384
390
381
374
372
374
379
381
383
377
383
382
371
382
370
371
372
371
373
393
385
373
371
376
377
368
382
368
371
368
385
377
384
392
388
383
384
383
376
371
384
384
384
371
376
383
385
384
371
385
386
371
374
377
387
380
365
379
384
376
385
384
377
370
388
375
373
382
370
374
387
378
391
372
385
372
378
383
367
375
376
363
370
386
374
381
366
382
367
373
373
378
374
374
380
382
366
367
369
379
381
370
369
376
374
374
378
377
368
375
383
377
382
380
365
382
382
377
376
384
388
383
377
382
362
378
377
394
390
384
372
378
388
382
380
384
384
379
377
384
372
369
386
391
375
374
378
382
372
359
376
371
382
389
381
389
371
370
385
387
385
381
378
381
395
387
376
377
365
378
379
383
376
381
372
369
366
377
371
385
363
384
374
382
380
393
386
375
373
379
374
387
380
372
388
380
380
385
363
371
383
384
382
386
383
378
375
380
374
380
382
377
376
378
380
381
385
382
375
386
385
377
378
370
385
391
379
375
380
372
371
373
378
378
374
376
385
375
376
377
381
361
378
387
377
390
378
378
366
369
380
379
383
379
380
373
382
387
373
391
385
381
387
384
381
377
373
378
375
383
377
380
374
377
379
374
368
372
369
382
381
375
383
374
376
381
383
377
383
376
378
381
382
365
374
380
384
381
379
381
385
366
376
383
372
387
372
381
377
373
375
366
378
370
381
379
387
367
377
376
384
388
386
385
382
384
396
388
382
380
382
377
371
391
378
376
393
376
381
378
374
372
382
377
369
377
379
376
379
374
383
373
368
383
381
373
373
378
375
379
389
377
376
386
382
383
377
381
379
378
381
380
369
382
369
375
377
387
386
376
376
387
384
386
387
382
388
385
389
388
399
386
375
387
384
384
388
390
379
383
380
384
384
380
392
373
380
385
390
375
372
380
379
372
371
373
383
379
381
382
372
381
387
382
379
385
368
382
387
371
385
385
388
368
379
371
378
379
375
381
376
366
371
386
383
384
385
377
369
386
378
381
378
380
384
381
372
383
375
374
384
380
395
382
374
380
391
368
382
369
385
384
373
379
378
384
382
383
385
388
378
385
373
376
382
382
392
375
377
376
378
377
387
379
377
382
377
381
379
387
375
381
372
386
378
376
384
377
376
372
385
394
382
361
382
382
381
382
389
384
382
380
387
379
391
387
384
386
386
382
376
379
391
380
370
386
390
381
377
386
374
380
392
379
383
394
369
374
376
384
391
389
391
370
384
373
379
379
387
384
385
394
385
374
381
378
381
390
387
385
389
375
376
389
387
393
388
382
372
370
379
394
389
385
378
391
388
379
374
368
373
391
375
377
389
384
393
376
386
379
371
383
383
379
384
375
393
380
393
383
388
391
374
384
383
379
383
381
376
385
380
375
383
380
387
383
378
368
378
395
385
390
393
394
385
395
379
390
392
388
389
383
392
383
384
390
372
394
396
394
378
380
386
383
375
377
378
394
377
388
396
390
382
382
367
382
384
380
380
378
393
388
393
394
384
375
388
385
390
398
394
390
380
382
395
389
383
380
389
390
394
388
389
383
380
390
399
384
382
388
386
385
392
395
383
383
378
391
398
386
386
390
388
383
391
393
387
390
384
377
392
390
378
390
391
388
392
389
387
393
396
385
390
387
391
390
383
384
398
399
376
393
394
388
391
389
394
380
387
387
383
398
386
390
395
388
395
377
387
394
389
386
393
401
394
393
390
395
387
394
394
395
396
388
386
389
386
392
397
396
393
386
383
388
385
391
380
390
388
397
400
403
386
394
393
388
391
398
403
391
397
396
395
395
391
386
398
388
388
386
386
389
402
397
403
401
399
393
398
401
389
384
394
390
391
398
385
393
390
397
383
399
398
396
395
391
393
381
389
401
397
394
389
392
391
392
407
398
406
403
398
393
392
389
397
395
387
390
397
392
396
404
404
391
395
395
400
400
393
388
400
399
394
391
390
396
397
403
404
406
392
392
390
395
397
399
402
405
394
388
394
398
395
394
401
393
407
393
401
399
395
393
393
396
406
404
404
402
405
395
392
402
398
401
386
394
394
395
389
394
398
402
399
401
392
396
399
399
398
402
398
404
397
404
400
400
404
396
402
391
404
387
397
404
398
406
406
411
406
400
400
393
403
400
406
404
412
408
401
399
400
399
408
406
406
410
411
395
400
393
399
396
408
407
402
402
408
410
404
403
397
401
403
404
400
398
405
399
403
402
392
407
392
402
404
411
413
407
406
406
397
397
398
406
404
405
404
408
411
407
402
403
405
408
410
416
414
412
403
396
406
407
405
408
411
410
408
408
405
408
409
405
413
413
410
404
409
413
406
411
415
414
410
406
411
408
415
413
408
415
416
416
414
414
414
411
411
406
417
417
415
414
412
417
417
416
414
417
412
411
409
416
416
413
411
409
413
408
409
410
410
409
408
410
413
417
411
408
408
408
409
416
412
417
413
416
418
413
413
413
415
413
404
404
407
411
408
403
406
408
409
410
403
410
414
413
419
419
419
423
421
420
423
422
421
421
419
417
415
417
415
416
418
420
414
411
418
418
417
418
415
418
422
421
420
419
420
419
420
420
419
417
412
417
418
421
420
421
423
424
423
418
418
423
423
423
424
420
421
420
417
417
412
417
418
420
417
415
417
417
415
416
417
419
418
418
415
416
417
419
420
421
420
417
417
416
419
423
418
421
418
420
421
421
422
423
423
423
420
419
420
418
419
421
425
425
422
419
420
421
421
422
423
423
424
424
422
421
424
422
425
424
422
421
423
423
424
423
418
417
418
419
420
421
420
415
416
418
419
417
418
418
418
420
422
421
420
420
420
423
423
423
424
425
424
425
425
425
425
426
426
427
428
427
427
425
426
426
426
426
426
427
427
426
426
428
428
427
427
426
427
428
427
427
427
426
427
427
425
425
425
425
425
426
424
424
425
425
426
426
425
427
427
427
427
427
427
427
427
425
424
423
426
428
428
428
427
427
427
428
428
427
426
426
426
425
423
426
427
427
427
428
427
427
427
428
428
428
428
427
427
428
428
428
428
428
428
428
428
427
428
428
428
428
427
427
428
428
426
425
427
427
427
428
428
428
428
428
425
427
427
427
427
428
427
427
427
428
428
427
427
427
427
428
428
429
429
429
429
429
429
429
429
429
429
429
429
429
429
429
429
428
428
428
428
428
428
428
428
428
427
427
427
428
428
429
429
429
429
428
429
429
429
429
429
429
429
429
429
429
429
429
428
428
427
428
428
428
428
428
428
428
428
428
428
428
428
428
428
428
428
428
428
428
428
428
428
428
428
428
428
428
428
428
428
429
429
429
429
428
427
427
428
428
428
428
428
428
429
429
429
429
429
429
429
429
429
429
429
429
429
429
429
429
429
429
429
429
428
428
428
429
429
429
429
429
429
429
429
429
429
429
429
429
429
429
429
429
429
429
429
429
429
429
429
429
429
429
429
429
429
429
429
429
429
429
429
429
429
429
429
429
429
429
429
429
429
429
429
429
429
429
429
429
429
429
429
429
429
429
429
429
429
429
429
429
429
429
429
429
429
429
429
429
429
429
429
429
429
429
429
429
429
429
429
429
429
429
429
429
429
429
429
429
429
429
429
429
429
429
429
429
429
429
429
429
429
429
429
429
429
429
429
429
429
429
429
429
429
429
429
429
429
429
429
429
429
429
429
429
429
429
429
429
429
429
429
429
429
429
429
429
429
429
429
429
429
429
429
429
429
429
429
429
429
429
429
429
429
429
429
429
429
429
429
429
429
429
429
429
429
429
429
429
429
429
429
429
429
429
429
429
429
429
429
429
429
429
429
429
429
429
429
429
429
429
429
429
429
429
429
429
429
429
429
429
429
429
429
429
429
429
429
429
429
429
429
429
429
429
429
429
429
429
429
429
429
429
429
429
429
429
429
429
429
429
429
429
429
429
429
429
429
429
429
429
429
429
429
429
429
429
429
429
429
429
429
429
429
429
429
429
429
429
429
429
429
429
429
429
429
429
429
429
429
429
429
429
429
429
429
429
429
429
429
429
429
429
429
429
429
429
429
429
429
429
429
429
429
429
429
429
429
429
429
429
429
429
429
429
429
429
429
429
429
429
429
429
429
429
429
429
429
429
429
429
429
429
429
429
429
429
429
429
429
429
429
429
429
429
429
429
429
429
429
429
429
429
429
429
429
429
429
429
429
429
429
429
429
429
429
429
429
429
429
429
429
429
429
429
429
429
429
429
429
429
429
429
429
429
429
429
429
429
429
429
429
429
429
429
429
429
429
429
429
429
429
429
429
429
429
429
429
429
429
429
429
429
429
429
429
429
429
429
429
429
429
429
429
429
429
429
429
429
429
429
429
429
429
429
429
429
429
429
429
429
429
429
429
429
429
429
429
429
429
429
429
429
429
429
429
429
429
429
429
429
429
429
429
429
429
429
429
429
429
429
429
429
429
429
429
429
429
429
429
429
429
429
429
429
429
429
429
429
429
429
429
429
429
429
429
429
429
429
429
429
429
429
429
429
429
429
429
429
429
429
429
429
429
429
429
429
429
429
429
429
429
429
429
429
429
429
429
429
429
429
429
429
429
429
429
429
429
429
429
429
429
429
429
429
429
429
429
429
429
429
429
429
429
429
429
429
429
429
429
429
429
429
429
429
429
429
429
429
429
429
429
429
429
429
429
429
429
429
429
429
429
429
429
429
429
429
429
429
429
429
429
429
429
429
429
429
429
429
429
429
429
429
429
429
429
429
429
429
429
429
429
429
429
429
429
429
429
429
429
429
429
429
429
429
429
429
429
429
429
429
429
429
429
429
429
429
429
429
429
429
429
429
429
429
429
429
429
429
429
429
429
429
429
429
429
429
