430
365
369
375
373
384
371
367
375
363
380
381
368
385
377
379
375
376
372
384
364
385
387
374
382
387
375
374
386
383
387
371
375
376
383
370
376
373
369
373
384
375
384
374
372
385
372
367
378
379
376
365
379
377
377
374
369
379
372
382
375
379
378
382
382
389
364
380
384
369
370
377
375
374
394
380
369
366
383
391
389
382
375
381
373
382
360
377
379
381
376
378
367
377
379
383
375
370
376
376
391
379
386
378
380
375
368
368
378
372
377
366
379
369
359
364
382
380
377
376
381
375
374
388
371
370
367
375
377
380
377
382
370
370
371
385
374
370
383
382
388
377
386
384
384
374
373
391
376
370
360
371
393
373
378
380
372
369
376
376
371
364
373
369
380
385
378
367
383
376
388
379
380
389
373
380
377
383
366
359
372
378
378
376
384
383
383
381
370
374
369
365
386
369
382
372
391
376
371
376
387
386
371
374
365
381
385
375
371
369
368
385
366
376
360
377
375
379
387
379
366
366
373
372
378
369
375
374
371
386
382
375
375
365
372
367
381
369
377
385
366
376
380
387
371
375
386
370
379
379
388
374
373
385
380
368
379
374
382
383
380
370
374
374
381
371
371
364
379
369
383
381
373
381
375
387
378
378
373
376
378
377
381
377
372
378
384
366
376
373
373
377
384
384
372
385
383
383
368
380
373
383
381
376
369
373
366
381
382
384
371
369
376
378
370
378
390
379
360
373
369
378
373
360
385
387
384
381
378
373
368
387
382
372
368
377
373
373
369
373
377
376
381
378
379
375
388
363
379
369
386
380
367
390
386
384
381
384
382
369
383
379
372
369
383
381
379
381
380
367
376
373
374
382
380
370
389
376
375
380
381
391
369
382
376
393
376
379
375
368
387
386
372
383
389
377
372
384
378
376
371
387
368
387
373
390
383
381
385
385
383
392
379
373
376
377
367
374
380
377
367
375
391
376
377
368
384
386
373
379
381
370
377
381
371
383
373
387
380
384
370
376
367
383
377
373
381
384
376
383
384
387
376
373
382
367
373
378
373
372
393
381
378
376
377
377
370
379
367
381
371
372
373
376
380
389
361
381
377
366
374
376
365
372
378
375
371
390
377
366
373
387
384
383
367
382
383
372
386
384
383
384
373
372
373
386
375
367
366
384
385
373
377
378
379
393
377
385
368
378
367
376
374
383
371
374
376
383
393
375
379
378
363
384
378
375
371
366
373
382
379
378
384
378
382
375
383
383
390
368
362
368
383
381
370
371
381
383
373
373
373
376
387
385
378
376
360
381
371
368
371
384
378
375
378
374
383
377
390
365
371
374
379
381
376
381
377
372
382
379
379
359
388
383
382
381
374
386
374
381
386
382
379
391
371
365
378
379
378
385
377
373
367
369
372
377
378
373
380
381
371
386
378
385
393
368
380
381
364
374
363
377
379
380
385
365
380
370
373
379
380
364
367
383
371
383
366
378
387
384
365
384
390
388
384
377
368
372
388
374
377
372
376
381
371
377
377
377
387
373
370
374
385
380
378
377
377
375
372
372
378
372
370
372
371
376
381
368
377
369
370
377
377
384
379
396
379
392
387
367
387
372
371
378
375
378
377
373
379
371
383
372
374
372
369
378
362
386
375
361
378
379
366
372
379
379
377
368
374
380
375
371
385
382
378
369
382
382
372
382
379
384
387
359
372
375
386
378
371
364
375
375
375
387
375
374
388
377
384
384
366
389
379
358
374
383
380
363
372
383
382
372
370
385
378
384
374
379
388
373
386
377
375
365
371
367
373
366
371
364
376
378
391
371
376
374
379
375
369
369
370
372
374
380
378
367
379
387
383
385
380
380
374
360
376
382
374
368
367
375
363
369
372
379
371
379
382
386
377
376
380
374
373
381
376
385
384
375
367
374
389
373
376
381
379
376
371
377
376
382
372
370
373
379
369
380
368
372
366
389
378
382
382
388
367
379
376
375
373
377
376
376
376
380
365
376
370
367
386
375
383
381
367
371
382
377
373
381
381
364
374
378
379
379
389
378
374
387
377
388
383
375
385
364
370
368
378
380
372
375
384
372
362
375
382
381
371
373
383
373
387
382
380
385
390
373
380
375
367
378
383
376
381
375
377
372
378
377
377
373
382
378
386
378
392
379
366
381
381
381
383
369
380
380
375
391
385
382
379
381
371
391
372
373
385
372
375
376
365
389
377
383
375
388
378
367
373
386
372
388
381
377
373
385
367
376
387
370
380
369
376
371
366
371
378
383
379
369
379
373
379
370
378
376
377
370
370
375
372
384
375
383
371
374
382
375
383
375
366
378
384
376
381
390
383
367
382
375
372
383
378
383
374
374
367
380
388
375
382
374
388
378
368
373
370
385
386
381
383
382
390
371
371
364
376
371
373
383
381
388
375
376
382
380
375
378
373
379
375
379
388
377
385
375
378
386
381
372
369
373
382
377
381
367
371
366
374
375
375
381
380
367
384
379
375
378
387
388
386
370
375
386
387
377
375
378
382
388
381
374
386
382
371
370
382
387
372
371
381
368
383
368
367
376
368
368
376
367
387
394
390
373
374
377
379
367
374
376
371
367
369
388
380
375
362
372
381
372
378
375
382
385
387
378
367
384
382
380
373
372
369
369
378
371
369
390
377
375
363
367
384
376
375
389
375
375
376
382
372
361
379
389
388
377
378
379
374
372
380
382
376
382
376
387
374
378
379
374
379
384
377
385
363
370
379
369
374
391
368
376
372
382
368
368
380
369
381
385
379
387
380
389
372
378
384
376
378
394
384
380
383
388
372
388
359
372
390
375
376
376
374
366
377
370
377
383
370
376
374
378
375
373
376
379
373
384
379
381
384
379
357
377
373
385
380
387
375
372
377
382
376
373
380
374
385
381
378
370
390
373
372
371
378
371
366
372
377
368
361
371
365
377
389
374
369
388
380
380
374
381
374
391
374
379
368
373
376
367
373
372
380
379
378
376
371
369
371
371
370
373
379
372
382
390
382
372
387
385
389
386
380
378
376
379
377
383
368
369
368
362
378
363
378
378
380
374
369
381
376
381
381
386
385
379
371
384
382
377
369
384
373
380
383
374
374
368
389
380
381
375
382
374
366
372
368
385
379
378
382
367
366
376
381
372
371
374
384
379
374
374
372
372
371
388
378
367
374
370
378
375
377
384
375
373
369
387
377
381
366
372
376
365
366
368
384
368
378
384
382
383
376
375
364
375
373
363
376
373
381
371
371
382
375
387
367
375
384
379
378
363
363
378
369
365
380
366
379
389
368
385
380
371
377
378
368
377
377
380
379
371
373
374
368
384
376
378
382
378
381
378
375
366
381
373
377
381
367
371
372
383
382
398
372
369
369
369
380
378
374
379
372
389
386
380
381
379
382
374
368
376
382
373
365
382
384
370
381
366
376
378
369
375
369
385
369
369
365
376
377
370
374
377
385
375
369
374
371
365
372
382
369
369
372
383
375
384
369
381
380
376
386
370
376
380
371
378
379
385
373
369
379
366
380
384
373
375
368
383
386
384
383
370
375
379
364
373
375
372
380
374
381
388
374
373
374
374
376
387
362
383
371
373
374
373
381
367
385
372
387
370
394
380
374
379
381
369
387
380
373
379
377
371
382
375
387
380
388
376
378
364
375
380
379
374
384
378
375
382
381
371
383
391
376
384
377
378
372
373
367
378
385
380
374
373
383
380
378
386
369
375
384
368
392
368
384
376
383
375
374
377
374
388
378
379
378
379
376
384
367
374
368
378
380
378
378
385
382
373
382
386
370
371
368
385
370
385
364
383
379
372
384
378
379
378
370
359
370
386
363
374
369
365
383
375
369
365
381
375
370
372
372
365
377
373
381
377
389
370
378
378
378
384
375
368
371
369
379
378
375
372
380
376
384
372
378
383
371
381
393
379
378
364
375
379
378
375
373
373
377
378
379
388
374
380
371
383
377
386
374
373
372
388
378
376
377
386
382
385
372
374
378
385
376
392
385
381
375
368
377
363
371
385
381
386
381
361
368
383
374
381
376
372
378
367
372
365
374
382
378
374
383
383
387
381
380
380
383
376
370
387
379
367
381
371
380
389
380
383
373
378
380
376
374
376
381
368
374
366
383
378
371
381
377
373
379
372
372
383
376
372
372
376
376
385
378
378
382
379
370
372
366
373
379
372
377
379
372
378
377
377
361
376
367
367
380
384
386
386
385
380
386
366
383
381
369
377
386
394
377
382
369
388
370
368
384
378
366
361
372
392
372
368
380
393
371
377
383
380
389
376
381
378
381
378
378
364
360
379
385
381
373
384
384
380
378
378
377
390
387
386
387
373
367
377
378
370
383
372
374
378
371
376
372
374
376
362
365
375
375
365
364
385
377
363
385
386
381
363
378
376
368
361
388
371
367
384
378
361
383
386
375
373
367
373
373
364
370
382
379
367
366
381
375
375
386
380
381
382
375
372
382
379
380
373
387
380
381
374
385
382
360
380
375
377
379
370
389
381
376
370
386
384
382
384
377
380
376
381
388
383
376
371
388
374
384
368
370
380
376
381
391
376
385
374
366
365
374
374
379
384
382
384
369
369
378
368
372
376
369
368
376
383
364
382
372
374
373
383
384
379
384
374
389
391
387
379
393
380
372
370
388
389
373
380
382
371
375
382
368
370
386
373
377
373
384
379
387
380
386
377
370
375
380
389
365
382
358
370
375
381
377
378
385
384
377
373
372
387
383
379
381
382
380
381
382
387
375
386
376
380
374
384
385
385
391
375
380
371
386
378
381
380
389
383
386
377
367
380
386
368
369
374
379
387
371
391
369
372
372
389
383
383
374
370
382
382
385
375
376
377
387
386
381
371
373
373
366
379
365
378
380
371
379
379
375
385
384
378
372
376
368
382
369
378
373
376
370
373
372
371
377
369
382
383
389
390
366
386
374
389
376
386
381
374
376
376
385
379
382
388
370
374
376
375
380
368
382
374
381
382
373
365
380
379
380
372
380
378
374
385
384
378
384
379
372
370
381
373
374
372
378
383
377
371
373
378
372
383
375
366
385
377
384
390
388
375
378
372
391
372
374
371
376
386
368
382
371
385
381
380
364
385
385
385
374
374
372
380
377
377
368
384
387
372
373
378
375
377
374
372
380
376
392
379
373
371
381
371
376
384
378
380
383
381
371
370
368
361
370
394
383
372
374
379
376
373
375
368
384
381
365
375
375
366
381
372
373
384
375
381
391
383
388
375
376
368
378
376
371
381
377
377
377
379
378
391
372
388
376
377
368
373
371
375
384
377
373
384
385
375
387
368
375
381
375
378
365
375
365
380
374
371
385
377
393
382
377
384
384
376
376
381
377
377
378
377
397
377
385
376
372
381
385
377
375
367
379
383
360
384
382
384
386
366
381
374
372
387
387
379
382
376
386
379
382
373
375
376
376
376
376
380
387
373
378
386
371
374
385
395
377
389
373
387
389
374
386
375
386
380
386
375
376
390
366
384
384
389
379
377
388
386
377
394
385
392
379
389
400
390
374
391
377
389
392
383
384
381
391
385
380
380
388
382
381
379
388
387
382
383
392
375
380
388
382
384
389
393
393
388
393
382
395
394
384
389
392
393
385
400
396
392
394
387
399
392
399
394
396
397
411
405
404
409
417
416
417
414
413
417
418
