430
365
370
379
374
385
383
374
372
382
376
373
383
374
367
374
387
382
382
388
380
386
371
368
381
378
350
366
378
371
376
383
385
365
375
367
375
395
379
386
375
386
386
377
375
369
382
381
383
376
370
370
374
378
380
372
374
374
368
384
371
369
375
377
370
376
376
372
372
381
374
374
377
380
375
380
365
375
382
387
375
383
370
361
374
384
372
377
376
387
375
372
373
382
377
390
375
389
379
381
387
372
385
371
376
379
365
384
382
382
364
368
368
375
382
374
374
369
372
371
374
368
380
381
381
388
379
356
369
390
374
376
394
368
356
381
371
380
375
383
374
381
376
381
372
374
378
374
375
392
364
382
364
375
385
385
378
380
370
370
378
371
382
365
380
374
373
388
380
373
367
372
378
376
376
374
368
372
378
379
371
369
369
371
368
373
376
388
380
377
373
366
376
380
374
371
374
374
389
368
376
380
376
365
376
376
380
370
374
382
377
382
381
380
387
369
375
367
384
390
380
369
375
368
383
379
379
376
373
376
372
373
374
372
376
374
381
383
372
376
372
367
371
384
387
372
382
378
361
362
379
363
378
365
381
385
381
385
369
376
364
372
373
378
378
363
373
387
380
379
376
383
397
378
368
376
376
370
375
365
380
377
378
380
390
373
379
373
374
370
373
381
387
374
386
385
375
370
377
369
382
383
383
369
384
376
365
373
367
376
378
383
369
360
386
378
365
373
369
389
372
371
389
375
371
377
379
373
379
389
376
368
364
369
379
385
370
373
370
369
369
364
389
378
374
384
378
375
378
384
372
378
371
368
376
371
370
371
378
379
375
376
384
383
377
367
369
377
379
377
386
377
382
370
386
377
368
371
367
366
384
382
383
378
374
378
389
385
376
379
380
369
374
391
379
387
369
371
379
379
380
383
378
383
379
378
365
377
376
376
386
379
376
382
375
369
380
380
377
373
377
374
371
386
373
363
369
382
380
392
381
378
390
373
385
381
373
374
390
368
370
394
383
394
377
391
365
365
379
375
381
385
372
380
385
392
378
368
386
381
378
379
377
373
379
380
384
375
369
367
377
388
377
388
376
365
380
380
380
371
373
369
381
378
389
367
376
389
361
377
367
381
375
378
380
371
382
377
375
376
369
374
373
365
373
377
382
372
375
377
390
379
366
373
382
375
377
369
385
383
381
386
381
389
372
378
375
391
379
385
373
379
375
388
383
373
386
372
382
362
365
381
385
383
384
370
374
374
367
379
372
365
377
371
374
384
387
378
380
379
380
376
376
391
387
389
383
384
375
379
378
380
362
373
373
381
389
364
370
380
386
386
379
385
386
370
385
392
380
366
386
384
375
388
372
380
371
378
382
376
369
382
388
381
379
392
388
376
382
378
377
368
384
375
371
374
371
386
373
382
367
378
380
373
369
377
375
379
387
379
380
366
383
374
387
388
373
387
388
383
383
382
379
367
373
371
377
388
383
383
377
381
371
388
386
386
377
376
377
369
383
374
381
365
375
376
375
382
385
386
374
377
368
374
368
377
384
375
380
363
382
373
372
378
379
364
363
360
368
377
373
374
373
385
374
389
380
370
382
384
386
387
367
381
383
373
383
386
386
391
384
390
376
382
378
390
372
380
392
381
378
384
386
381
380
387
373
368
368
371
384
379
373
371
382
373
382
383
379
389
383
386
375
377
374
376
378
368
384
381
375
386
378
383
379
387
381
374
377
382
386
374
385
378
378
380
380
393
371
383
376
381
369
377
378
397
373
378
376
378
389
384
379
377
373
377
392
379
382
392
384
399
389
387
386
370
377
388
370
378
387
385
388
369
380
388
380
373
381
375
384
373
385
378
373
376
382
383
387
373
379
386
392
384
380
379
384
378
373
386
382
389
383
387
392
373
383
383
391
394
378
389
383
395
375
373
378
381
377
384
388
381
383
386
393
382
376
382
387
377
391
375
376
384
390
377
374
388
382
389
373
395
378
385
392
391
386
380
381
370
378
372
377
374
372
383
379
383
384
374
369
389
386
391
373
377
394
380
379
388
381
376
376
380
387
384
385
377
384
379
376
376
385
374
395
382
378
389
379
386
379
391
388
391
393
374
382
391
380
385
384
384
394
382
381
379
391
393
383
395
387
391
387
388
383
383
389
388
388
372
374
385
389
381
392
381
378
389
382
379
393
388
383
383
386
381
384
384
391
390
393
386
389
394
380
392
388
378
381
381
377
392
387
391
382
397
389
373
365
395
382
385
378
379
386
377
387
384
387
393
389
383
379
388
398
385
385
398
390
384
391
385
390
386
391
385
385
389
384
384
394
378
381
395
389
386
389
392
390
381
386
393
388
394
379
388
392
386
379
382
389
384
384
381
387
391
387
380
392
391
384
381
385
393
380
379
382
388
380
370
367
389
388
402
396
396
382
388
388
395
386
386
378
386
388
382
393
393
388
383
375
386
384
378
379
378
390
385
390
391
401
393
402
396
395
388
385
385
395
380
391
390
394
393
390
389
391
389
400
400
398
393
398
393
392
395
394
396
394
401
400
390
392
389
384
392
391
390
390
400
397
394
394
394
400
380
395
391
385
380
394
381
385
380
392
395
400
396
399
396
394
388
392
400
390
383
397
384
395
391
397
396
392
401
399
396
388
392
399
394
396
392
388
392
393
398
403
403
393
396
388
392
386
393
385
398
397
404
387
393
392
397
398
407
408
401
404
391
397
402
397
400
395
389
387
397
394
398
396
397
399
404
403
396
385
387
395
390
397
397
400
392
399
391
401
409
404
396
395
394
400
395
401
394
401
394
400
401
402
409
404
402
411
404
405
390
401
399
406
409
401
391
401
396
397
403
395
396
409
404
403
400
404
405
407
404
400
408
402
400
408
406
394
393
401
400
408
403
397
396
397
409
401
402
401
404
400
405
410
404
403
400
398
403
397
402
403
403
403
397
396
403
401
399
403
403
399
407
403
399
404
406
400
402
402
402
402
401
400
405
398
398
402
405
407
408
411
408
406
402
408
412
406
408
404
397
405
404
405
406
407
406
406
408
404
412
401
410
402
401
399
398
402
395
396
399
399
395
401
407
400
396
406
409
409
407
407
403
411
410
414
410
408
407
407
407
414
410
410
406
415
412
405
412
416
413
412
413
414
414
409
414
406
403
401
403
409
407
403
403
411
404
403
407
409
412
406
409
412
413
410
412
405
408
408
411
413
414
416
419
417
413
411
406
407
410
410
408
416
413
411
413
413
411
411
405
410
414
415
412
409
406
409
414
412
411
410
406
412
410
414
413
408
413
419
422
422
415
421
418
416
417
418
420
420
419
422
422
416
414
411
409
418
419
421
415
418
415
417
415
418
421
416
420
421
421
423
421
421
421
422
419
416
418
418
419
419
415
412
413
413
414
411
416
414
420
419
415
419
421
420
421
420
423
424
425
426
426
423
423
424
425
423
419
421
418
422
423
421
425
424
415
419
420
422
424
423
421
425
424
422
424
424
424
424
421
418
418
415
421
420
419
421
421
421
419
423
424
423
422
421
422
421
421
422
423
424
424
426
427
425
425
426
424
422
420
422
424
424
423
421
418
421
420
422
423
422
423
422
423
423
424
424
423
424
423
427
425
424
424
425
425
425
425
423
424
424
424
425
423
423
422
423
423
424
426
426
425
427
427
427
428
428
427
427
426
426
427
426
428
428
426
426
426
427
426
427
427
427
425
423
425
425
426
426
426
427
428
426
427
427
427
426
426
426
425
425
426
427
426
427
426
426
427
425
426
426
427
427
427
427
427
427
427
426
426
425
424
426
427
427
427
427
427
428
428
427
427
427
427
427
427
427
428
428
427
428
428
427
426
426
426
427
427
427
427
427
427
428
428
428
427
428
428
427
427
427
426
426
427
427
427
427
427
427
427
427
427
427
427
428
428
428
427
427
427
427
428
428
428
428
428
427
427
427
427
427
428
427
427
427
427
427
427
427
427
427
428
428
428
428
428
428
428
428
428
427
428
428
428
428
428
428
428
429
429
429
429
429
429
428
428
428
428
428
428
428
428
428
428
428
428
428
428
428
428
428
428
428
428
428
429
429
429
429
429
429
429
429
429
429
429
429
429
429
429
429
429
429
429
429
429
429
429
429
429
429
429
429
429
428
428
428
428
428
428
428
428
428
428
428
428
428
428
428
428
428
428
428
428
428
428
428
428
428
428
428
428
428
428
428
428
428
428
428
428
428
428
428
428
429
429
429
429
429
429
429
429
429
429
429
429
429
429
429
429
429
429
429
429
429
429
429
429
429
429
429
429
429
429
429
429
429
429
429
429
429
429
429
429
429
429
429
429
429
429
429
429
429
429
429
429
429
429
429
429
429
429
429
429
429
429
430
430
430
430
430
430
430
430
430
430
430
430
430
430
430
430
430
430
430
430
430
430
430
430
430
430
430
430
430
430
430
430
430
430
430
430
430
430
430
430
430
430
430
430
430
430
430
430
430
430
430
430
430
430
430
430
430
430
430
430
430
430
430
430
430
430
430
430
430
430
430
430
430
430
430
430
430
430
430
430
430
430
430
430
430
430
430
430
430
430
430
430
430
430
430
430
430
430
430
430
430
430
430
430
430
430
430
430
430
430
430
430
430
430
430
430
430
430
430
430
430
430
430
430
430
430
430
430
430
430
430
430
430
430
430
430
430
430
430
430
430
430
430
430
430
430
430
430
430
430
430
430
430
430
430
430
430
430
430
430
430
430
430
430
430
430
430
430
430
430
430
430
430
430
430
430
430
430
430
430
430
430
430
430
430
430
430
430
430
430
430
430
430
430
430
430
430
430
430
430
430
430
430
430
430
430
430
430
430
430
430
430
430
430
430
430
430
430
430
430
430
430
430
430
430
430
430
430
430
430
430
430
430
430
430
430
430
430
430
430
430
430
430
430
430
430
430
430
430
430
430
430
430
430
430
430
430
430
430
430
430
430
430
430
430
430
430
430
430
430
430
430
430
430
430
430
430
430
430
430
430
430
430
430
430
430
430
430
430
430
430
430
430
430
430
430
430
430
430
430
430
430
430
430
430
430
430
430
430
430
430
430
430
430
430
430
430
430
430
430
430
430
430
430
430
430
430
430
430
430
430
430
430
430
430
430
430
430
430
430
430
430
430
430
430
430
430
430
430
430
430
430
430
430
430
430
430
430
430
430
430
430
430
430
430
430
430
430
430
430
430
430
430
430
430
430
430
430
430
430
430
430
430
430
430
430
430
430
430
430
430
430
430
430
430
430
430
430
430
430
430
430
430
430
430
430
430
430
430
430
430
430
430
430
430
430
430
430
430
430
430
430
430
430
430
430
430
430
430
430
430
430
430
430
430
430
430
430
430
430
430
430
430
430
430
430
430
430
430
430
430
430
430
430
430
430
430
430
430
430
430
430
430
430
430
430
430
430
430
430
430
430
430
430
430
430
430
430
430
430
430
430
430
430
430
430
430
430
430
430
430
430
430
430
430
430
430
430
430
430
430
430
430
430
430
430
430
430
430
430
430
430
430
430
430
430
430
430
430
430
430
430
430
430
430
430
430
430
430
430
430
430
430
430
430
430
430
430
430
430
430
430
430
430
430
430
430
430
430
430
430
430
430
430
430
430
430
430
430
430
430
430
430
430
430
430
430
430
430
