430
365
379
374
380
378
375
371
384
381
383
384
367
374
370
393
379
395
382
386
381
385
382
373
374
383
385
379
375
366
370
374
378
385
375
384
381
383
375
377
375
381
370
377
384
379
392
374
385
375
373
376
386
378
389
380
376
374
373
383
378
382
383
385
387
355
353
366
376
377
379
374
381
386
379
383
378
371
368
376
378
369
379
386
384
377
386
374
377
380
375
378
378
371
379
378
367
367
371
370
381
385
368
384
370
364
374
382
376
374
382
366
372
372
386
363
387
382
376
380
377
386
368
366
380
378
375
377
379
383
371
374
380
380
376
386
391
380
378
389
378
377
369
380
363
371
363
373
391
379
375
370
389
375
373
370
392
375
379
373
379
377
372
375
368
387
374
369
375
367
372
375
367
365
375
373
372
372
377
375
385
373
364
374
380
371
368
384
395
387
369
372
378
374
372
369
383
378
385
382
379
371
379
366
371
378
372
376
375
370
380
385
369
373
382
375
369
370
366
381
372
377
369
374
378
371
364
373
378
380
375
391
391
382
373
363
373
364
384
371
373
378
369
379
381
381
383
390
371
371
382
387
378
374
371
371
391
374
385
372
386
376
375
380
374
376
379
369
376
388
375
383
378
371
367
372
373
383
369
371
373
391
388
373
377
368
379
382
374
381
371
369
374
373
380
381
370
387
385
384
385
382
379
386
373
379
371
374
373
376
374
371
381
377
388
374
380
375
373
377
366
362
393
373
370
375
376
375
367
372
374
382
374
372
378
382
371
373
374
373
372
380
379
369
363
366
374
378
391
375
368
378
386
383
375
364
374
373
382
381
371
371
374
367
368
384
377
380
375
376
373
369
387
375
370
379
380
389
382
379
379
367
370
382
379
385
378
364
377
373
370
380
384
373
378
376
379
385
378
367
370
364
382
386
383
385
388
362
381
375
379
378
381
385
384
377
383
380
383
375
384
382
379
372
376
389
384
370
364
378
385
367
372
372
375
380
386
379
372
370
373
369
376
386
371
369
382
380
373
384
378
376
379
367
376
376
368
373
383
362
391
371
384
372
377
377
375
379
373
375
371
386
372
379
371
384
376
376
377
390
380
379
373
379
374
385
380
377
374
377
389
376
375
371
385
374
385
375
369
362
377
376
355
383
382
378
379
380
373
385
376
375
370
377
374
383
375
381
384
376
381
382
372
376
383
380
383
379
377
388
383
379
372
373
371
386
369
372
372
365
377
380
386
368
374
386
380
382
368
369
375
365
371
372
373
385
384
376
378
367
374
378
376
386
380
365
385
381
364
382
371
385
378
375
375
382
381
376
379
377
375
374
377
383
374
386
369
369
393
378
379
387
394
382
383
380
377
382
371
380
380
383
376
392
379
365
379
377
381
370
363
391
377
374
375
383
374
381
374
373
378
379
385
386
368
361
368
375
371
387
382
379
373
387
372
381
389
381
379
374
371
373
383
385
374
383
372
387
377
383
375
372
370
372
378
372
372
375
380
369
375
379
370
376
375
386
372
379
376
362
370
375
382
373
386
386
381
376
385
390
380
377
377
370
384
373
367
368
372
376
369
383
374
374
372
383
379
382
369
377
391
381
381
380
381
383
364
380
359
377
375
382
377
375
383
378
371
371
377
382
375
382
373
374
375
372
380
377
373
368
369
373
367
383
399
376
378
376
374
379
376
382
377
374
367
380
365
369
381
380
373
379
375
376
393
382
378
369
380
381
370
379
358
374
382
388
385
381
369
380
372
376
373
377
381
373
369
368
371
370
374
376
376
394
380
382
377
374
375
372
383
382
379
377
398
368
368
369
375
372
377
373
371
376
372
380
375
378
364
369
366
364
367
372
389
375
382
382
379
378
385
380
379
381
371
383
360
367
377
377
379
381
380
381
385
390
377
373
388
372
384
382
378
380
384
378
369
376
374
376
375
368
378
374
368
380
369
365
378
384
384
373
365
386
374
375
369
377
385
380
380
384
383
377
382
374
365
378
386
374
392
385
375
379
377
375
375
381
383
374
386
383
375
373
364
379
363
382
386
387
380
373
372
386
379
372
380
381
382
369
369
383
360
381
384
376
378
381
375
386
378
379
379
364
378
384
389
380
387
368
374
380
377
377
385
364
387
384
370
379
373
382
379
376
383
371
362
374
375
372
382
377
376
373
379
377
371
381
383
387
377
373
386
369
378
374
391
382
377
380
379
378
375
374
387
372
387
379
378
378
376
378
374
371
376
388
372
372
388
377
382
364
364
378
381
383
381
376
379
371
374
372
379
378
378
372
367
379
385
376
378
379
377
373
377
379
376
381
371
378
381
378
374
366
378
376
378
366
377
384
376
372
378
384
372
380
373
363
374
378
374
385
371
367
368
367
377
373
370
375
382
375
384
376
374
384
378
390
384
385
384
381
376
380
392
368
373
384
368
368
372
384
373
373
363
374
367
379
369
376
378
372
374
373
376
377
378
372
369
372
375
377
370
385
382
378
385
386
374
392
377
377
373
371
370
379
376
385
372
359
372
379
384
366
379
371
392
372
374
378
382
385
382
369
373
388
367
379
382
374
375
382
390
371
380
376
367
377
378
376
376
368
385
381
377
377
377
384
380
380
360
371
370
370
386
374
387
391
377
373
381
390
373
362
373
370
388
368
379
387
387
389
377
384
381
377
373
371
373
379
371
381
374
373
390
373
375
371
375
380
379
368
391
368
386
381
374
385
365
367
390
376
375
366
370
385
379
371
378
371
381
375
374
386
370
376
371
375
372
382
377
378
372
381
377
381
364
360
364
380
375
359
374
383
381
387
377
381
377
383
378
377
375
384
378
373
378
368
365
369
374
378
350
369
376
372
368
382
395
372
384
380
365
377
372
376
382
369
372
376
378
379
373
380
395
383
372
379
384
379
384
378
375
385
380
361
371
373
370
379
381
372
363
372
373
381
383
376
382
377
368
373
372
372
380
369
374
380
384
380
381
376
370
377
383
372
372
379
381
373
376
369
388
392
370
373
384
383
384
373
368
363
378
379
379
376
378
370
372
379
376
359
372
378
367
382
368
378
363
376
369
364
379
366
372
381
377
382
376
371
382
378
388
377
378
377
374
368
392
373
373
373
376
387
373
370
378
381
389
390
369
385
384
374
385
367
385
380
382
385
378
384
381
367
380
378
381
364
374
379
377
375
386
376
381
375
377
380
376
390
371
388
382
375
366
377
388
368
383
375
366
378
373
380
379
381
374
374
374
380
389
380
377
375
373
372
373
367
380
381
380
378
385
370
388
362
365
373
368
374
385
378
374
374
377
384
386
365
382
368
374
380
378
378
370
375
380
389
377
380
379
370
384
381
367
386
379
377
377
375
375
376
381
372
380
376
379
366
389
366
374
378
381
374
363
368
376
374
374
374
386
374
381
380
376
367
384
374
367
363
373
368
370
376
384
380
380
376
374
379
376
367
394
365
385
390
375
379
371
372
380
376
384
377
376
374
357
375
389
385
375
366
387
373
379
377
384
373
380
375
379
373
385
381
385
382
367
380
380
390
378
380
384
382
379
393
387
384
386
379
369
376
377
368
374
380
389
379
379
367
373
365
380
369
378
383
375
372
381
366
374
367
384
376
371
384
382
384
377
375
392
378
374
389
377
366
377
371
391
370
373
375
385
384
383
379
378
362
370
365
371
371
375
380
374
377
372
375
390
384
381
375
380
377
380
374
378
374
378
375
373
369
372
374
381
375
380
371
385
380
384
377
358
373
376
361
387
389
383
377
394
382
376
379
373
362
370
376
377
373
384
379
368
385
375
371
365
373
370
381
387
380
385
387
376
376
369
374
379
376
382
380
376
376
375
376
377
380
385
385
383
383
379
366
379
376
377
388
370
377
382
384
376
384
369
372
380
365
373
382
379
372
378
373
382
375
376
377
377
377
377
388
392
390
373
372
378
378
375
372
381
373
378
383
371
365
388
376
367
388
385
374
378
373
389
389
368
370
372
380
384
379
375
384
372
376
370
363
371
373
383
378
378
378
380
378
378
374
373
382
378
389
387
363
387
371
373
375
375
366
379
383
375
360
372
362
365
380
388
366
377
372
375
372
385
386
389
368
377
371
379
381
375
387
385
381
381
378
374
378
382
382
378
387
372
375
374
387
376
387
373
378
391
382
377
372
379
387
370
374
382
383
384
375
367
382
367
372
380
383
369
380
369
384
376
386
386
374
370
382
382
371
375
391
380
375
369
383
376
381
383
384
374
379
387
379
381
379
387
376
382
369
393
373
372
376
384
383
374
375
383
382
370
380
372
375
383
368
385
377
390
383
378
374
379
381
376
375
374
369
371
372
376
371
378
382
382
383
381
370
375
376
381
373
381
384
383
375
378
381
371
373
364
380
376
375
374
369
381
368
379
383
375
370
363
368
374
381
372
390
370
367
379
380
379
380
381
386
388
381
378
386
376
385
382
380
396
383
371
383
379
384
386
364
386
372
373
374
373
388
378
380
364
374
390
377
381
378
378
377
384
380
373
384
372
372
389
381
380
375
379
373
370
376
383
380
381
377
378
388
376
368
384
355
374
378
361
375
384
378
376
382
382
381
386
380
369
388
388
373
367
377
389
381
380
376
368
374
374
384
381
382
375
373
375
379
370
366
376
386
381
382
375
376
361
394
372
379
389
390
384
366
367
379
379
376
376
377
392
387
364
371
366
379
382
386
386
373
380
385
385
377
379
365
383
366
379
375
375
377
379
375
369
382
375
373
379
383
375
370
384
379
385
378
367
379
371
377
381
376
373
382
376
373
372
375
380
375
378
374
374
387
378
388
364
370
383
359
371
380
391
375
376
384
375
388
379
382
370
379
370
367
362
375
377
382
379
381
381
381
385
363
385
378
382
370
381
380
388
371
386
373
366
378
385
377
384
386
376
374
373
381
374
377
390
372
376
385
385
378
389
378
384
380
379
364
370
382
382
377
378
395
381
386
375
363
385
367
382
367
374
362
366
371
380
375
368
383
382
368
364
370
372
371
380
369
379
370
371
375
381
376
373
376
381
373
387
372
385
368
371
381
372
369
385
378
378
377
375
371
383
381
371
381
376
380
373
377
382
362
379
381
380
371
381
384
376
385
382
386
382
368
387
375
381
382
377
383
364
390
379
381
368
364
369
380
375
380
389
379
387
375
367
379
380
384
377
378
373
387
373
381
375
373
383
390
373
381
378
372
372
386
369
388
385
380
383
392
381
371
379
371
369
375
385
367
384
374
387
385
373
370
376
378
377
369
374
381
383
386
381
388
367
369
378
370
380
384
386
383
380
385
379
381
365
387
382
383
377
377
378
361
369
377
373
380
386
383
381
379
384
385
380
366
388
392
375
387
382
385
384
365
377
373
379
392
379
381
377
368
385
379
385
388
375
378
367
371
374
377
371
381
368
388
379
379
379
380
392
377
383
392
378
376
384
383
385
376
365
382
371
378
371
391
383
387
394
385
374
382
373
382
390
376
390
377
381
380
368
384
386
383
387
379
386
389
381
389
384
384
395
392
390
380
391
388
382
389
396
391
376
392
392
383
378
396
376
376
381
379
384
383
389
388
396
397
398
395
393
389
385
395
397
398
397
389
389
391
387
391
402
391
392
391
390
399
406
397
398
395
404
409
408
414
415
417
416
418
417
419
419
