430
365
366
382
373
375
376
381
377
375
375
377
378
371
378
371
374
384
372
364
372
386
382
369
373
373
376
383
371
384
371
371
367
380
383
375
376
379
385
374
375
376
380
371
374
369
379
365
379
372
386
379
375
375
386
374
373
368
386
383
393
383
388
372
377
385
373
375
368
377
372
376
377
368
377
385
385
374
373
377
382
367
375
358
379
378
382
383
380
366
353
379
366
383
373
392
386
376
380
375
382
381
366
386
381
365
362
379
373
382
363
369
370
379
379
378
387
370
367
379
369
380
383
379
377
375
379
377
379
378
371
376
384
370
380
379
368
381
376
373
381
379
382
372
386
378
370
365
387
386
379
383
382
386
381
370
377
376
366
376
385
378
391
382
370
370
376
372
380
380
374
385
363
380
383
379
386
381
378
385
383
371
371
377
379
368
373
379
371
378
376
383
362
372
383
384
376
374
362
377
375
377
375
382
376
365
380
373
388
381
361
381
372
381
374
376
389
383
378
382
377
376
387
373
377
379
382
398
379
378
368
374
371
377
359
375
380
374
381
371
384
384
364
384
386
374
374
382
374
380
380
365
370
368
371
385
365
371
376
384
385
371
382
378
366
388
377
374
372
367
379
376
382
368
397
378
372
370
369
382
370
368
384
377
371
366
372
359
389
372
391
372
376
366
386
376
376
378
382
363
381
376
381
371
375
379
385
368
368
378
383
381
373
380
376
371
376
384
373
371
386
376
382
370
376
386
386
372
378
385
379
385
375
374
384
385
382
374
376
382
382
376
383
379
390
381
358
368
380
382
380
382
375
369
378
374
372
372
385
378
384
363
375
367
374
367
361
372
379
380
375
377
385
374
380
373
379
379
383
366
372
386
373
372
366
360
372
381
384
384
383
372
380
372
390
382
366
374
384
381
380
380
374
384
377
387
370
383
370
380
385
388
364
375
373
381
376
383
386
375
383
368
377
376
383
378
389
376
377
361
371
376
384
367
368
383
381
369
387
374
385
375
376
370
371
377
361
374
386
376
380
375
365
374
371
375
368
370
382
371
385
379
365
372
372
378
377
367
381
379
378
379
381
374
383
384
384
378
366
388
372
370
364
373
368
383
376
374
365
384
378
373
381
377
379
366
378
380
385
380
382
389
374
386
365
389
387
379
375
375
382
374
369
366
364
361
381
369
385
381
366
382
381
382
386
374
378
376
360
369
384
379
371
385
369
386
372
377
379
370
375
381
381
382
377
369
372
379
373
385
384
380
377
380
377
377
373
370
374
376
374
386
370
382
379
381
377
371
371
369
374
382
380
378
370
377
381
387
372
381
364
375
377
382
366
369
378
389
390
385
372
379
390
377
377
369
378
370
378
372
371
374
386
383
384
384
389
384
377
372
384
380
384
386
381
385
370
372
377
376
369
378
375
370
370
377
377
378
377
379
381
360
377
368
378
378
394
393
375
377
382
373
378
370
372
377
376
367
369
382
373
381
382
366
361
365
373
380
361
385
378
387
384
383
377
376
378
372
376
370
380
379
378
375
390
366
373
385
379
391
383
375
384
381
383
376
381
376
377
384
378
364
377
382
383
381
378
381
388
382
368
374
369
376
371
354
375
377
386
369
378
383
390
374
390
384
385
377
368
370
362
385
374
379
377
383
369
385
376
369
365
382
374
387
376
380
371
365
387
386
362
365
385
380
370
374
369
382
379
375
378
385
376
383
388
380
371
373
381
372
374
377
380
382
381
366
380
372
378
375
374
375
377
377
381
360
361
380
379
369
366
378
371
369
380
366
384
378
379
376
374
390
377
383
379
374
383
378
371
364
370
374
377
378
383
383
377
389
382
379
389
371
385
372
374
381
386
380
378
373
370
385
379
377
376
377
389
384
375
383
373
382
382
371
371
377
383
367
369
377
379
380
378
373
380
372
382
381
376
362
380
384
376
374
380
377
377
380
382
364
386
373
381
371
378
382
376
383
381
375
377
382
385
379
368
376
383
371
376
391
371
366
369
382
388
367
374
381
379
376
370
374
378
377
370
382
374
381
377
363
376
360
379
371
365
377
378
370
378
372
388
375
375
380
393
373
376
380
380
379
371
379
375
373
369
374
378
379
380
379
365
378
380
381
382
361
374
380
375
362
377
385
378
377
372
373
386
377
385
366
384
381
379
379
374
383
380
377
376
379
379
389
384
378
359
371
379
367
369
387
385
367
370
383
381
383
376
382
377
372
373
381
377
380
375
377
370
377
371
376
378
386
390
372
372
372
392
380
371
384
374
381
383
379
369
379
379
377
368
379
391
374
385
377
379
375
385
366
362
383
370
372
355
387
384
381
383
374
380
380
370
368
381
377
372
376
387
373
378
371
379
373
367
367
381
380
372
382
384
375
373
372
379
372
373
365
386
371
373
373
377
378
375
389
379
375
372
378
369
374
374
384
377
384
377
377
372
374
365
371
374
382
374
380
368
383
376
378
392
387
391
369
367
369
383
379
374
375
378
365
377
381
379
380
373
379
385
373
373
376
377
382
372
385
383
369
375
369
373
381
374
383
377
383
375
373
380
366
378
372
373
377
370
386
371
380
379
373
377
380
365
376
373
383
369
371
380
383
379
379
382
371
368
361
377
378
371
388
370
364
368
368
370
372
370
376
380
374
390
382
381
373
369
379
380
393
374
374
378
381
379
383
369
380
394
378
377
366
372
379
373
377
379
387
366
386
375
378
371
384
384
384
384
379
384
376
374
372
370
375
377
377
370
374
376
380
366
366
368
371
375
383
381
372
372
371
368
378
375
374
366
375
384
372
385
376
369
380
374
370
381
361
370
380
369
370
376
383
375
386
379
375
380
386
380
381
378
383
376
375
376
380
383
376
383
386
387
377
377
375
383
389
382
380
385
383
380
374
382
380
385
374
380
380
382
385
388
377
374
382
379
362
370
368
377
385
372
365
376
388
375
370
375
384
375
371
384
372
379
373
373
384
379
373
369
378
380
390
378
374
387
377
375
374
374
372
389
387
384
367
378
374
378
373
375
364
368
377
379
376
367
372
374
375
388
379
383
369
386
382
375
379
384
366
380
391
365
374
383
375
373
379
375
388
363
379
376
369
378
385
387
377
383
377
370
378
382
384
378
381
376
387
382
381
378
377
379
388
368
373
379
372
365
384
385
375
389
374
378
377
375
376
386
385
383
371
378
385
370
377
370
372
375
380
368
370
367
377
381
375
370
374
358
370
375
376
373
373
371
384
382
380
382
384
372
368
372
372
362
383
384
373
376
394
380
384
367
377
396
378
382
369
378
367
374
392
389
380
382
375
378
375
376
382
376
379
376
370
370
379
372
380
373
372
368
369
382
378
368
388
378
380
380
382
379
364
375
376
370
388
375
372
371
374
378
364
373
368
392
389
385
379
382
376
371
386
376
384
375
368
376
386
382
381
376
369
380
372
382
372
374
380
393
382
381
370
362
382
373
381
383
371
381
386
379
371
377
379
378
373
380
364
367
372
378
375
380
370
380
384
372
373
374
376
376
374
378
378
376
375
381
384
383
372
378
366
358
378
378
383
368
374
377
368
377
385
381
379
373
377
373
381
373
378
379
387
367
382
372
378
380
374
376
380
378
382
382
393
377
371
382
376
371
371
371
383
383
386
380
375
379
369
378
376
369
376
370
385
372
381
391
377
387
382
370
384
384
377
374
381
381
383
367
377
383
385
375
373
372
381
385
368
379
390
381
383
371
386
370
381
371
380
370
378
372
379
373
384
382
370
366
372
379
380
388
370
378
374
384
373
371
375
372
386
389
376
376
373
370
377
370
377
378
378
378
380
372
361
378
386
382
388
378
369
384
377
381
375
364
372
364
375
388
377
371
375
385
381
375
378
375
382
380
381
366
373
386
379
379
381
386
378
391
377
376
385
379
375
375
381
376
385
368
368
377
384
383
369
370
384
382
380
382
381
384
388
389
371
382
373
385
386
364
377
385
386
391
384
365
376
382
386
380
364
386
380
380
384
381
380
388
380
371
388
363
374
367
383
389
369
376
382
382
373
377
374
386
374
377
372
386
375
372
365
373
377
361
375
376
381
371
371
380
378
380
383
366
372
376
373
380
357
376
386
381
376
371
383
380
375
385
378
367
380
374
379
372
369
377
378
383
377
366
370
382
376
384
383
359
362
376
381
378
372
382
390
378
373
365
383
360
375
370
382
362
384
389
383
378
376
385
374
365
374
390
379
364
376
379
377
379
371
383
381
383
373
372
384
366
378
376
369
378
379
391
369
366
383
369
371
381
381
380
373
371
377
380
373
375
380
383
371
368
374
381
387
389
379
376
378
379
371
367
384
377
378
378
373
395
364
381
383
362
367
379
369
364
373
367
377
381
368
369
379
389
370
373
374
380
377
378
378
373
383
379
378
387
388
374
373
371
374
380
375
382
375
366
373
373
378
368
380
390
378
376
387
361
376
387
368
365
378
393
388
389
384
373
372
384
382
383
368
369
387
382
388
390
390
371
378
387
383
378
378
375
364
377
380
387
383
383
378
381
390
379
373
380
392
383
387
377
373
372
368
384
379
371
387
388
366
372
380
377
374
375
376
386
376
384
383
385
378
383
387
378
383
372
377
379
372
372
372
378
376
368
381
362
375
371
370
380
375
369
384
384
387
385
370
375
393
370
390
380
375
378
377
384
378
372
375
380
382
376
383
374
381
377
367
390
381
376
381
384
378
383
383
382
374
384
373
384
377
385
381
370
388
393
375
375
382
379
379
378
364
371
390
379
392
376
376
368
373
386
376
387
382
374
376
380
394
389
369
384
380
385
371
387
385
383
379
374
371
375
381
376
364
373
380
368
380
391
373
380
385
379
381
378
378
386
381
379
374
390
383
362
384
379
378
381
384
376
383
376
382
380
377
376
364
370
382
381
373
371
381
386
387
385
382
392
389
368
386
385
379
376
390
382
381
391
381
378
385
379
374
380
380
370
379
374
389
378
382
386
380
387
373
384
387
386
372
379
386
384
387
385
373
375
379
390
383
384
391
384
385
376
377
389
386
368
387
376
382
385
378
387
370
377
386
380
383
385
376
375
388
393
389
385
386
394
392
391
393
387
385
383
390
389
381
374
364
377
380
383
388
391
373
376
394
390
385
384
374
377
382
381
392
385
382
390
389
385
386
384
401
387
390
391
399
371
365
386
387
369
373
370
383
386
390
380
383
394
393
384
390
389
400
390
383
391
381
386
379
387
391
392
392
391
376
374
379
392
385
399
385
381
382
385
390
395
393
390
395
397
398
394
387
391
394
388
386
382
387
401
397
394
395
398
389
381
394
389
392
389
386
383
396
398
395
394
401
401
392
394
391
397
397
399
392
404
398
403
396
393
405
392
396
390
394
391
396
401
397
395
406
413
409
401
403
412
412
403
410
402
396
396
403
408
404
407
417
412
416
411
407
412
410
409
411
413
410
408
412
412
413
419
414
414
416
417
415
414
413
411
414
413
412
414
413
414
419
420
417
421
419
422
422
422
421
422
423
423
423
422
423
422
422
424
424
424
424
424
424
424
424
424
424
424
424
424
425
425
425
425
425
425
425
425
425
425
425
425
425
425
425
425
425
425
425
425
425
425
425
425
425
425
425
425
425
425
425
425
425
425
425
425
425
425
425
425
425
425
