430
364
392
385
363
374
361
390
387
371
384
391
373
378
377
380
378
388
367
368
375
369
373
389
377
375
382
377
374
368
375
380
370
369
370
372
375
389
366
374
379
386
384
376
382
389
383
376
377
371
364
376
375
373
382
382
366
383
373
386
376
379
385
374
372
376
378
382
374
382
376
367
380
380
371
370
371
380
384
378
370
381
372
383
380
377
378
379
372
369
379
363
384
383
375
387
360
362
368
381
378
371
378
374
375
378
369
375
382
365
372
378
380
378
367
378
385
393
396
373
375
377
384
376
377
373
368
373
380
377
377
375
381
375
379
378
380
370
377
376
369
379
373
373
384
371
373
381
375
365
382
387
391
364
373
379
373
378
376
374
382
368
376
366
374
371
374
378
377
374
378
376
376
382
376
377
377
378
372
375
383
377
383
376
371
372
387
387
384
372
376
368
368
385
386
388
373
382
386
363
383
388
373
379
381
376
366
387
370
378
386
381
375
364
381
369
381
374
382
368
378
382
375
378
379
376
376
383
379
382
385
374
372
375
377
384
382
371
377
381
383
368
376
367
371
369
366
372
382
376
388
378
382
382
373
366
383
375
377
383
384
364
384
371
366
383
376
375
373
372
392
384
381
372
373
380
380
385
381
379
372
372
375
370
383
370
381
381
376
368
376
376
383
371
387
374
369
373
379
382
379
373
375
385
375
374
378
377
380
379
382
384
384
371
377
382
368
379
366
377
376
387
378
379
380
372
373
382
379
381
366
365
388
376
378
376
368
382
384
367
382
377
359
389
383
365
371
383
381
371
380
374
378
373
381
385
368
378
375
385
375
375
373
380
370
364
376
363
366
375
364
375
376
379
369
388
366
380
374
377
376
374
390
372
372
388
373
375
364
360
368
375
369
388
375
389
369
375
389
390
386
375
374
383
368
373
374
373
384
381
381
370
383
379
376
380
380
370
388
368
385
377
379
377
399
376
387
377
371
382
371
371
374
374
395
370
378
386
379
377
371
366
372
375
368
382
384
372
376
370
371
378
381
382
382
378
371
374
389
382
370
370
381
378
380
371
363
372
378
380
379
382
384
387
381
376
366
387
385
379
380
375
379
378
379
373
378
364
376
372
385
387
381
372
386
361
373
376
378
385
382
387
373
375
371
382
386
377
377
376
383
378
384
388
372
381
364
369
371
391
375
390
376
374
375
375
380
378
371
374
375
370
379
366
371
371
371
370
377
385
364
369
370
376
369
376
381
376
369
381
375
376
378
376
390
390
369
382
384
378
374
377
382
375
377
377
371
366
386
378
370
370
384
364
385
376
372
387
381
364
384
382
381
379
381
396
382
376
375
374
380
373
382
380
391
379
380
370
382
375
370
382
378
383
363
372
393
380
393
373
380
376
366
382
374
383
381
375
381
378
374
380
381
377
370
385
382
388
392
376
371
363
385
378
373
381
387
376
365
384
381
385
377
375
369
374
382
380
382
375
384
369
375
379
385
382
385
389
377
367
367
371
373
378
382
373
381
366
383
387
370
375
366
379
373
381
358
377
382
381
367
365
382
377
381
376
382
390
384
381
370
364
390
381
374
379
368
384
382
383
389
391
374
377
378
374
379
379
365
376
379
380
386
382
374
371
379
377
378
384
387
368
369
368
379
380
368
369
367
374
372
376
371
372
361
377
372
388
372
374
376
381
385
374
384
378
386
384
368
369
378
375
370
372
373
380
385
388
385
381
381
371
384
368
372
374
384
374
367
382
385
378
375
389
354
370
371
368
381
383
369
386
377
367
381
377
383
381
388
374
384
364
372
381
373
380
377
377
379
379
375
377
376
375
365
380
384
377
377
364
382
383
378
371
385
378
363
378
380
373
384
383
376
370
393
375
378
392
365
379
378
379
374
383
362
377
377
365
379
377
381
370
375
375
381
392
380
380
367
391
387
378
383
380
371
388
380
371
387
373
379
379
385
375
378
379
375
391
391
373
370
386
378
373
364
392
378
386
371
366
378
377
372
384
381
379
377
377
380
370
383
380
382
387
378
371
380
367
367
366
372
377
384
362
384
371
383
383
368
369
384
375
372
380
377
392
382
382
372
375
387
369
383
365
380
375
384
366
369
378
367
384
376
387
377
377
384
385
370
376
385
382
374
392
382
363
372
384
388
374
370
372
384
381
384
378
385
376
391
381
379
369
373
383
378
377
389
371
368
371
372
382
384
369
384
386
381
376
383
374
374
358
383
385
374
377
370
377
373
377
379
367
367
385
380
378
385
387
384
375
388
378
378
367
371
384
382
385
384
388
387
370
385
375
379
383
376
377
376
390
389
370
378
358
382
379
387
380
383
382
378
366
369
373
392
367
379
375
379
382
380
373
382
369
377
377
369
386
370
375
381
378
388
384
377
367
370
377
384
374
386
379
381
381
384
380
376
386
391
360
373
377
383
367
379
384
365
383
385
378
375
371
388
380
379
380
380
377
386
386
384
377
387
384
385
389
384
385
359
374
391
390
373
376
373
387
375
377
382
370
368
375
380
380
370
377
383
374
390
372
380
395
384
374
374
374
374
376
383
383
375
389
373
375
377
381
367
373
374
371
373
371
383
382
368
376
374
367
381
376
386
385
379
380
374
385
370
383
370
372
382
377
387
380
384
367
376
379
382
382
374
381
382
384
383
377
386
380
379
364
379
368
376
381
380
393
374
380
382
380
383
382
384
382
384
378
392
381
374
385
379
385
384
375
383
387
394
385
382
384
372
375
391
378
372
385
389
384
385
380
393
386
380
396
384
381
380
380
366
383
389
388
371
373
375
375
380
374
389
384
382
375
367
363
387
385
380
378
384
389
375
379
374
379
381
388
380
388
378
380
383
396
371
361
382
384
388
384
384
382
377
374
388
389
377
380
387
376
388
384
380
379
386
380
375
376
375
384
387
369
388
379
384
382
378
388
380
381
390
382
381
373
383
372
371
380
386
391
373
387
374
379
391
386
375
386
377
387
377
383
372
369
384
396
383
380
389
378
391
371
385
381
394
382
370
377
384
374
387
390
385
377
379
386
381
380
384
385
386
391
384
384
381
394
385
376
385
390
391
382
377
372
385
377
378
389
382
382
378
376
372
380
390
382
388
370
380
369
383
380
370
374
380
376
381
377
374
386
374
381
396
383
384
389
376
387
378
380
364
379
384
387
376
377
381
379
384
389
378
382
384
382
385
391
381
384
391
377
377
385
375
378
359
376
383
380
378
375
382
373
378
392
383
376
384
374
373
382
391
382
374
378
377
383
387
383
389
389
385
369
368
375
385
376
382
388
392
386
375
390
386
375
386
397
380
383
371
375
379
382
378
389
388
390
382
375
368
374
373
381
384
378
379
380
378
388
386
370
375
379
389
381
381
383
383
384
385
382
388
382
391
388
382
381
378
379
383
385
384
387
384
371
382
378
387
387
384
372
388
394
382
383
381
387
384
380
385
383
386
389
375
376
393
393
373
371
395
381
382
381
369
376
385
378
384
383
374
383
388
379
379
381
375
383
384
379
382
381
380
372
366
390
381
376
382
392
382
384
385
386
399
383
390
382
390
373
370
383
379
391
385
386
383
383
380
365
387
384
386
387
372
384
389
383
384
389
373
379
382
383
383
384
370
375
371
378
385
384
374
377
386
397
386
379
389
384
387
375
386
376
382
387
384
382
381
386
379
374
393
391
393
385
382
377
386
377
384
383
378
375
378
383
380
396
377
390
383
367
373
370
386
386
384
388
388
396
376
388
384
380
380
359
382
390
384
377
379
390
390
389
378
389
371
386
381
386
387
375
387
388
380
381
391
389
378
387
384
382
380
383
388
383
377
386
375
374
389
370
373
381
382
367
383
381
382
388
394
385
380
382
386
387
375
381
392
385
382
380
391
385
381
386
384
388
386
385
389
383
386
382
390
377
391
384
379
380
379
384
378
384
385
392
385
378
379
390
373
379
396
381
393
392
381
381
385
381
381
378
385
382
388
380
386
391
390
377
376
379
386
385
366
384
386
371
384
394
385
386
393
391
388
383
382
375
386
384
389
389
378
394
379
385
377
385
374
381
386
383
383
387
389
386
380
379
388
389
388
387
392
380
381
377
377
391
394
380
388
390
394
390
381
383
387
382
364
388
375
377
386
382
382
384
378
383
386
393
396
389
390
383
390
379
389
382
386
379
389
396
394
380
386
392
400
395
387
382
380
390
393
391
393
396
373
387
379
384
386
388
379
389
390
375
386
385
382
388
388
388
395
384
395
398
396
385
389
387
381
377
381
382
381
395
387
382
387
387
380
390
378
389
382
385
373
376
381
378
378
381
389
388
396
397
391
393
377
381
380
405
382
385
386
382
389
385
387
386
380
381
389
386
387
389
383
397
387
384
385
393
377
382
383
377
392
388
392
386
389
401
388
378
382
379
386
394
382
388
392
393
383
387
397
394
382
392
395
389
388
392
387
387
387
392
378
388
385
382
386
389
392
390
388
391
386
385
386
397
385
389
398
397
400
386
386
398
388
395
386
386
389
398
395
385
386
382
391
394
389
394
390
404
400
391
393
394
391
393
390
399
385
390
391
387
388
388
394
384
378
387
386
389
391
389
395
397
395
396
401
398
388
400
393
377
381
395
380
391
395
386
388
395
385
382
376
380
389
396
391
392
396
393
392
381
381
392
401
387
396
394
393
397
400
395
388
389
393
388
400
381
396
393
391
392
396
397
384
386
387
399
396
397
390
401
393
405
397
397
401
395
385
392
400
393
400
388
391
392
391
390
398
383
386
391
395
400
402
397
393
388
392
395
385
384
390
391
388
393
403
389
400
399
399
386
383
382
390
391
392
392
388
401
405
402
393
388
396
400
394
395
388
401
397
398
398
389
408
397
391
389
397
397
396
395
401
397
393
391
392
391
392
394
401
401
398
402
408
396
389
393
396
399
400
402
405
412
402
393
396
403
392
394
395
405
398
400
397
394
393
399
404
393
393
399
395
400
399
395
395
406
404
403
395
405
397
406
407
410
408
394
398
403
401
393
398
398
393
393
398
398
384
401
403
396
396
389
398
398
400
399
397
391
392
395
401
389
397
400
405
407
387
401
396
402
396
397
394
401
399
394
408
401
405
403
403
403
402
396
398
398
396
397
390
402
403
403
394
406
407
405
404
397
403
394
391
399
395
398
402
395
397
388
404
398
402
404
399
401
394
395
403
403
404
406
402
406
408
410
397
400
396
401
402
411
409
405
409
403
395
392
392
400
397
398
399
398
397
396
393
401
397
397
400
398
388
402
395
404
409
402
393
392
399
399
403
403
405
401
400
396
397
395
403
398
397
398
407
406
401
398
402
405
404
401
400
398
402
402
407
397
406
405
404
395
399
402
396
403
401
404
402
400
406
410
404
404
402
399
400
404
411
410
415
406
406
408
406
409
398
403
406
405
400
395
400
402
400
397
407
404
403
406
409
396
401
403
408
403
407
404
410
414
410
403
407
407
404
399
402
406
409
406
405
408
400
400
407
407
407
404
401
398
405
403
399
396
400
404
400
407
405
408
405
407
405
406
408
406
403
399
398
402
405
410
409
406
400
395
409
408
410
409
400
402
403
397
402
410
412
414
412
415
411
413
411
412
407
407
407
411
399
406
404
402
408
407
415
413
410
409
406
414
417
