430
363
374
358
377
395
376
381
373
374
371
380
379
360
378
371
370
379
381
375
358
386
385
375
371
385
375
376
372
379
379
379
368
389
372
374
383
382
381
387
382
380
373
375
380
366
363
378
369
374
369
369
370
367
368
373
384
369
372
384
364
370
356
369
390
387
382
375
377
375
374
381
374
378
365
380
371
390
366
368
382
370
376
387
380
369
386
379
384
389
378
371
376
386
388
384
379
377
377
374
383
369
369
366
370
369
376
382
368
373
388
377
386
377
375
358
386
374
372
379
375
365
377
384
377
374
375
371
385
375
379
377
370
370
377
378
385
374
375
370
368
379
385
374
385
376
380
383
369
374
379
386
370
384
381
373
379
376
379
378
376
378
375
375
385
376
377
379
378
383
366
373
372
376
380
376
380
379
380
378
373
383
375
361
372
381
372
381
368
370
384
372
369
365
368
384
369
367
375
379
375
381
386
373
377
376
380
381
379
373
376
365
381
367
371
370
383
370
385
388
383
378
370
378
379
378
378
379
375
380
379
368
374
383
376
384
385
377
380
372
364
379
362
385
379
380
374
378
376
378
375
378
385
378
383
381
370
372
377
384
374
375
369
380
375
371
373
379
382
381
366
381
379
376
360
375
380
376
383
379
388
377
370
381
382
375
365
382
384
376
388
384
374
377
377
373
371
377
370
386
381
377
374
381
370
375
373
376
359
387
376
368
382
379
376
369
367
378
382
374
381
372
374
375
378
376
371
393
374
368
386
363
372
385
377
375
368
380
376
367
382
382
375
371
389
357
364
368
384
385
384
383
381
379
384
388
391
381
369
380
382
381
386
372
383
392
386
375
372
383
380
379
383
378
389
370
388
389
396
376
382
386
370
375
384
370
379
354
388
378
385
372
369
384
377
363
376
382
384
372
379
364
379
389
371
381
389
389
386
374
371
372
374
376
377
372
380
380
376
360
390
378
380
370
368
375
376
381
377
386
371
379
370
369
390
368
372
384
371
376
388
368
376
378
369
401
370
372
372
390
388
381
378
374
371
374
385
376
378
389
380
374
371
371
378
387
381
377
382
381
360
372
384
380
374
385
369
372
377
374
376
368
364
377
393
374
380
387
378
374
373
385
384
387
364
364
374
369
373
367
381
381
373
374
375
380
374
388
376
376
382
373
384
369
380
387
377
380
387
384
380
382
374
379
377
367
376
375
370
380
386
380
384
379
374
370
388
379
377
379
371
371
379
378
372
382
375
381
384
387
381
379
373
379
380
382
379
371
361
368
372
379
372
363
384
374
381
383
381
382
384
384
379
388
377
384
385
381
366
380
371
383
380
382
377
379
379
371
376
378
389
371
385
377
377
382
375
375
369
383
382
384
375
382
384
376
382
390
361
386
375
370
388
386
383
373
377
387
391
381
378
378
366
376
378
365
374
379
384
383
390
374
385
385
377
384
379
387
373
382
378
375
380
378
387
364
368
373
375
381
374
377
386
376
380
378
377
374
380
377
371
385
373
382
379
388
370
374
384
374
378
381
387
373
379
378
376
371
376
367
369
381
373
381
373
383
371
380
376
377
383
381
375
379
369
376
368
374
375
388
374
377
377
373
383
375
380
378
383
388
379
374
375
384
387
377
381
373
380
385
378
382
380
382
369
371
381
394
380
386
374
378
375
393
383
380
381
370
391
390
378
369
379
378
385
360
384
366
385
364
387
374
377
398
379
373
388
366
388
394
384
377
373
393
391
392
382
375
382
383
382
379
388
379
381
388
375
382
380
384
385
376
383
380
382
375
381
376
378
370
374
383
382
386
381
378
383
368
374
384
372
376
382
374
374
378
392
383
378
380
384
383
385
376
380
377
377
374
383
380
377
378
372
378
381
382
384
382
381
383
389
377
366
370
376
377
384
384
388
396
388
375
373
391
393
376
378
375
384
391
389
376
374
379
375
391
381
389
377
381
396
387
389
386
385
386
365
382
389
386
391
374
393
389
394
385
390
384
388
383
387
388
369
372
379
388
392
374
378
381
386
393
376
371
380
387
385
386
385
379
380
383
379
381
385
364
373
384
372
391
380
387
387
384
393
388
383
391
392
391
392
392
362
378
374
375
385
380
380
387
381
386
384
369
387
381
378
378
391
382
391
392
384
386
397
378
381
380
391
387
377
387
386
380
381
395
395
385
384
376
385
384
373
385
390
387
385
378
384
387
384
390
378
381
386
385
385
386
387
386
390
385
386
383
390
396
372
371
396
385
396
390
367
383
392
391
388
390
388
378
372
386
383
376
388
382
399
371
382
380
386
378
394
387
396
385
389
389
400
384
385
398
385
388
378
389
385
382
388
392
387
385
387
371
395
388
383
403
391
386
390
384
393
393
385
392
392
386
393
377
375
385
393
387
384
393
384
388
380
383
382
388
391
390
384
391
384
395
383
399
394
389
386
394
389
389
388
386
395
390
389
382
383
389
396
387
390
397
399
395
388
398
389
397
390
393
385
391
380
382
381
385
392
397
400
387
395
392
395
395
393
398
390
386
385
394
388
391
384
388
392
386
398
389
392
386
387
395
388
390
395
391
398
392
399
388
395
388
390
394
391
401
387
392
388
390
387
391
386
383
388
388
396
395
395
396
392
393
393
394
391
405
402
389
392
392
404
389
396
392
388
393
383
384
387
395
379
384
391
394
391
390
391
401
400
397
401
389
396
394
386
399
385
393
397
396
396
399
399
399
402
398
398
400
391
393
384
394
400
404
398
404
401
400
392
387
389
401
391
395
400
403
397
397
399
409
407
403
394
398
396
404
401
396
399
399
403
401
405
403
406
403
409
414
406
399
397
393
394
393
392
388
395
391
402
402
405
390
404
407
398
396
404
405
406
396
399
398
410
401
398
399
402
406
390
403
404
401
404
397
403
402
405
398
409
400
410
410
399
396
400
399
392
393
390
401
408
402
405
405
400
401
404
399
400
406
400
409
401
403
410
405
404
403
412
406
404
406
405
398
405
405
399
398
407
399
399
400
405
402
412
409
409
409
412
404
411
410
401
397
402
404
400
404
405
401
400
400
402
402
404
408
408
409
410
408
402
397
400
401
394
399
414
413
407
400
403
407
407
406
404
397
398
403
408
411
408
409
413
407
406
412
410
411
409
402
407
413
411
407
412
410
407
402
410
407
412
407
409
411
403
394
405
412
407
409
410
408
405
407
407
413
404
411
413
414
408
407
409
410
410
414
412
410
408
409
409
412
413
416
418
417
413
410
413
416
417
416
418
415
416
414
416
415
414
417
416
418
416
417
420
416
419
418
419
420
417
421
418
410
409
414
417
415
415
410
412
416
412
417
414
418
411
417
413
411
414
412
414
413
416
414
415
414
410
413
412
413
411
409
411
415
416
415
418
418
413
412
415
420
420
418
420
416
415
418
418
422
422
419
418
421
419
420
418
418
415
416
421
421
423
418
419
420
416
415
419
421
419
422
424
421
420
419
421
421
421
418
420
423
420
422
424
424
418
419
421
423
422
415
420
422
421
421
420
420
421
421
419
418
418
420
419
419
420
421
420
420
422
423
423
422
426
424
425
425
426
425
426
426
424
423
424
423
423
424
424
423
422
419
423
423
423
423
421
422
422
424
424
422
423
423
421
423
423
421
425
422
424
425
424
423
425
425
426
425
425
423
422
421
422
422
423
424
423
422
420
423
424
424
424
424
425
425
424
425
425
424
423
424
425
425
425
425
426
427
426
426
425
425
426
427
427
426
426
425
424
423
423
424
422
422
422
424
424
423
424
424
423
424
425
425
424
424
425
425
425
425
425
425
425
425
425
426
425
425
425
424
424
424
424
423
422
422
424
425
424
425
425
425
426
426
426
426
426
426
426
426
426
425
425
425
425
425
425
425
425
424
425
425
425
425
425
425
425
425
423
426
426
426
426
426
426
426
426
426
426
426
426
426
426
426
426
426
426
426
426
426
426
426
426
426
426
426
426
425
425
425
425
425
425
425
425
425
425
426
426
426
426
426
426
426
426
426
426
426
426
425
425
425
425
426
426
426
426
426
426
426
426
426
426
426
426
426
426
426
426
426
426
426
426
426
426
426
426
426
426
426
426
426
426
426
426
426
426
426
426
426
426
426
426
426
426
426
426
426
426
426
426
426
426
426
426
426
426
426
426
426
426
426
426
426
426
426
426
426
426
426
426
425
425
425
425
425
425
425
425
425
425
426
426
426
426
426
426
426
426
426
426
426
426
426
426
426
426
426
426
426
426
426
426
426
426
426
426
426
426
426
426
426
426
426
426
426
426
426
426
426
426
426
426
426
426
426
426
426
426
426
426
426
426
426
426
426
426
426
426
426
426
426
426
426
426
426
426
426
426
426
426
426
426
426
426
426
426
426
426
426
426
426
426
426
426
426
426
426
426
426
426
426
426
426
426
426
426
426
426
426
426
426
426
426
426
426
426
426
426
426
426
426
426
426
426
426
426
426
426
426
426
426
426
426
426
426
426
426
426
426
426
426
426
426
426
426
426
426
426
426
426
426
426
426
426
426
426
426
426
426
426
426
426
426
426
426
426
426
426
426
426
426
426
426
426
426
426
426
426
426
426
426
426
426
426
426
426
426
426
426
426
426
426
426
426
426
426
426
426
426
426
426
426
426
426
426
426
426
426
426
426
426
426
426
426
426
426
426
426
426
426
426
426
426
426
426
426
426
426
426
426
426
426
426
426
426
426
426
426
426
426
426
426
426
426
426
426
426
426
426
426
426
426
426
426
426
426
426
426
426
426
426
426
426
426
426
426
426
426
426
426
426
426
426
426
426
426
426
426
426
426
426
426
426
426
426
426
426
426
426
426
426
426
426
426
426
426
426
426
426
426
426
426
426
426
426
426
426
426
426
426
426
426
426
426
426
426
426
426
426
426
426
426
426
426
426
426
427
427
427
427
427
427
427
427
427
427
427
427
427
427
427
427
427
427
427
427
427
427
427
427
427
427
427
427
427
427
427
427
427
427
427
427
427
427
427
427
427
427
427
427
427
427
427
427
427
427
427
427
427
427
427
427
427
427
427
427
427
427
427
427
427
427
427
427
427
427
427
427
427
427
427
427
427
427
427
427
427
427
427
427
427
427
427
427
427
427
427
427
427
427
427
427
427
427
427
427
427
427
427
427
427
427
427
427
427
427
427
427
427
427
427
427
427
427
427
427
427
427
427
427
427
427
427
427
427
427
427
427
427
427
427
427
427
427
427
427
427
427
427
427
427
427
427
427
427
427
427
427
427
427
427
427
427
427
427
427
427
427
427
427
427
427
427
427
427
427
427
427
427
427
427
427
427
427
427
427
427
427
427
427
427
427
427
427
427
427
427
427
427
427
427
427
427
427
427
427
427
427
427
427
427
427
427
427
427
427
427
427
427
427
427
427
427
427
427
427
427
427
427
427
427
427
427
427
427
427
427
427
427
427
427
427
427
427
427
427
427
427
427
427
427
427
427
427
427
427
427
427
427
427
427
427
427
427
427
427
427
427
427
427
427
427
427
427
427
427
427
427
427
427
427
427
427
427
427
427
427
427
427
427
427
427
427
427
427
427
427
427
427
427
427
427
427
427
427
427
427
427
427
427
427
427
427
427
427
427
427
427
427
427
427
427
427
427
427
427
427
427
427
427
427
427
