430
365
368
387
378
379
376
366
363
375
361
372
377
363
384
377
361
367
379
378
366
373
378
375
376
373
385
370
384
364
377
392
384
381
372
377
364
372
382
377
372
379
376
370
373
384
374
379
384
389
389
385
371
374
381
382
379
376
376
370
362
393
378
364
381
381
371
368
367
377
379
377
365
379
378
379
387
373
376
373
363
387
385
383
379
387
380
376
369
380
385
381
378
384
376
379
379
377
377
369
368
372
391
369
371
369
376
382
383
380
371
374
366
392
370
376
382
374
378
373
380
381
377
377
371
377
372
380
379
378
368
371
378
368
369
383
379
366
390
370
379
381
390
375
366
371
369
376
377
389
370
382
375
381
382
385
380
376
381
377
372
377
380
377
362
381
367
389
377
390
383
384
374
377
384
375
369
378
370
379
389
371
371
380
378
368
377
387
382
372
380
393
381
381
377
376
378
381
373
365
377
382
372
376
371
387
376
372
382
373
373
371
377
375
385
367
381
377
370
374
376
361
376
380
365
380
378
372
385
379
378
374
377
382
387
380
389
372
374
384
382
380
378
363
380
384
385
376
385
379
376
371
391
374
376
372
382
376
369
382
377
370
372
376
386
367
373
377
383
377
377
376
383
381
369
365
373
378
369
360
363
373
369
390
379
380
380
372
373
374
385
380
377
375
383
380
369
375
366
362
381
377
388
385
375
374
370
381
379
385
381
369
385
378
376
388
375
376
364
374
381
366
379
376
371
372
379
381
374
381
372
373
373
373
371
376
388
374
381
369
373
368
379
385
386
393
384
371
383
384
383
369
382
375
373
377
385
385
375
376
378
371
377
384
363
378
370
396
385
367
369
374
378
383
379
372
370
379
379
386
374
375
378
374
365
364
373
387
390
384
378
375
383
383
367
380
384
373
366
374
376
375
383
374
378
384
367
372
367
373
372
381
381
380
375
376
372
389
384
376
381
371
382
378
377
381
379
381
390
386
376
385
374
382
378
376
386
376
372
367
377
374
370
368
384
377
377
376
376
380
378
374
378
368
365
382
379
379
378
389
387
381
379
375
386
371
382
370
372
371
366
371
372
362
370
370
376
381
391
374
373
381
371
376
373
376
375
385
381
388
377
366
366
374
384
385
379
369
386
378
385
383
370
367
376
384
370
371
379
371
378
382
364
365
375
367
378
376
377
370
371
365
374
376
383
371
382
375
375
372
372
377
382
365
379
374
380
381
372
366
373
369
370
366
372
382
380
364
375
386
381
364
374
359
371
382
383
385
359
385
379
375
381
382
375
382
381
373
381
373
389
364
364
369
376
377
380
375
377
383
363
364
361
370
377
382
382
389
371
381
377
378
377
383
380
371
385
362
389
386
380
365
369
384
377
366
380
368
367
379
378
375
366
391
372
380
364
380
384
386
388
385
374
384
376
363
375
378
371
380
385
386
380
387
380
377
382
368
381
372
370
378
387
379
365
386
366
378
370
381
390
387
378
363
379
369
374
378
370
372
370
378
375
383
387
367
367
381
384
378
380
374
374
371
370
380
382
367
376
380
375
381
374
383
379
364
371
383
377
372
375
386
389
375
379
375
384
376
373
392
380
377
378
367
374
382
376
368
372
380
370
367
376
373
373
382
369
355
375
375
378
376
374
379
388
379
381
394
376
389
388
372
378
376
362
369
378
368
385
382
374
381
377
375
383
379
371
368
380
372
372
386
390
371
379
375
385
384
373
378
384
363
377
379
382
379
376
383
369
378
368
372
389
380
373
371
386
381
377
375
375
379
386
374
361
389
371
381
363
379
387
378
373
367
380
380
371
373
379
382
380
374
371
367
373
375
369
393
375
380
371
383
394
373
385
383
382
375
364
383
368
379
375
379
389
382
380
377
375
374
377
379
383
367
383
386
383
375
383
381
385
382
395
376
384
373
366
375
378
381
388
381
372
377
387
386
377
373
378
390
376
374
386
373
374
370
377
382
379
364
393
374
376
383
379
372
379
354
378
375
391
361
380
367
387
372
375
380
380
390
382
374
372
380
372
387
382
378
381
374
379
376
362
381
377
385
373
376
366
380
390
368
367
376
369
370
371
375
368
371
378
383
374
375
374
365
373
364
377
380
375
374
371
368
380
372
370
361
387
370
367
379
377
376
374
378
367
377
377
376
385
372
380
378
377
388
378
372
366
378
376
379
383
381
383
396
370
368
368
373
378
378
380
383
385
371
392
373
372
374
372
369
375
376
377
379
376
384
375
376
378
367
380
374
377
379
390
381
371
383
373
371
356
385
389
379
386
369
369
388
382
384
371
368
363
362
371
373
372
382
384
375
376
373
372
372
383
383
380
376
380
387
360
385
376
373
369
386
382
381
378
380
375
373
374
381
363
366
375
371
371
380
367
379
374
377
351
367
369
374
381
371
378
378
381
376
373
384
374
377
367
380
369
375
367
379
377
383
378
381
374
389
377
382
383
393
373
375
377
371
380
378
383
374
383
378
381
372
364
375
374
376
376
374
379
376
378
363
369
377
381
377
374
373
371
377
381
370
379
370
379
380
376
376
380
375
383
385
377
375
372
381
388
370
369
374
372
375
376
372
374
384
377
377
380
383
375
377
383
380
373
377
367
383
382
381
381
370
381
381
381
381
371
373
377
385
370
369
374
383
373
375
376
380
380
381
365
370
364
379
381
382
376
383
383
369
375
369
366
379
385
380
373
383
362
375
380
374
379
373
384
378
369
375
390
377
378
386
386
384
376
374
372
375
376
379
378
388
388
384
384
376
380
379
380
381
359
378
371
377
371
385
377
382
374
381
391
384
386
373
370
390
384
370
373
378
368
369
373
386
369
374
360
383
375
380
376
374
383
374
386
387
377
358
389
365
378
385
381
366
377
373
372
373
363
382
374
386
373
370
371
374
375
381
382
379
371
373
377
378
383
391
379
369
372
368
388
374
382
382
384
383
378
375
372
378
370
386
368
388
394
376
387
375
391
380
377
386
362
372
374
386
374
382
390
370
372
383
385
379
376
385
364
362
377
378
379
378
375
380
380
378
379
376
372
376
386
378
383
383
372
369
370
376
367
379
377
376
370
379
370
374
373
373
380
379
373
383
373
388
388
385
379
378
378
372
373
372
384
381
371
380
372
390
375
375
369
367
382
385
372
374
384
374
390
388
381
378
378
375
366
377
372
381
364
377
379
375
378
393
378
371
374
382
384
376
368
368
382
371
381
386
383
373
371
367
372
371
377
375
377
372
380
372
358
385
375
366
381
361
377
379
375
380
373
381
383
383
385
372
384
371
375
372
366
362
372
370
370
375
377
378
387
376
380
377
382
376
375
382
381
362
372
383
376
374
384
384
371
377
378
377
378
385
373
388
369
368
382
365
387
384
379
376
372
364
366
380
379
378
377
378
379
391
374
368
376
374
369
392
381
378
358
374
376
379
371
381
368
372
377
376
380
377
379
381
375
371
375
377
393
383
374
377
375
367
383
384
377
371
369
382
384
383
389
376
376
369
380
379
376
372
380
372
368
366
383
377
375
389
367
387
376
383
379
371
389
375
378
379
368
365
363
382
383
369
368
387
389
387
384
371
379
381
370
374
372
374
385
377
361
380
366
381
374
372
373
387
384
374
379
383
384
385
384
373
369
372
379
378
369
379
386
389
377
373
377
371
374
377
373
373
367
388
374
385
376
375
371
372
380
368
377
385
368
371
376
383
373
372
383
370
382
369
365
373
375
371
367
383
383
380
378
379
379
364
375
382
375
382
377
384
381
366
379
375
379
367
383
374
373
377
372
373
381
378
390
382
381
381
389
379
376
374
392
383
388
382
381
376
388
382
381
378
392
375
385
379
375
379
374
379
374
383
367
380
380
374
377
384
368
381
377
387
384
377
372
370
378
361
384
379
386
371
386
382
375
372
384
379
389
384
377
374
380
364
382
378
387
382
378
377
372
379
374
371
369
368
380
370
374
367
377
384
385
383
374
361
374
391
372
381
381
377
378
379
366
370
382
382
379
374
383
389
368
377
381
381
375
382
365
366
372
386
374
378
373
388
376
381
375
371
374
374
377
375
372
374
366
370
376
387
366
391
380
379
380
381
381
385
384
378
385
377
378
382
386
381
373
367
381
367
374
377
370
369
372
371
370
378
376
381
377
360
384
377
372
390
372
384
364
375
372
375
368
374
374
387
372
376
374
377
376
391
363
387
371
377
375
368
383
381
387
377
381
379
380
370
381
383
389
376
375
380
377
380
380
375
373
383
373
389
394
381
351
382
386
380
376
372
364
378
379
369
384
381
380
371
379
374
368
374
377
367
382
364
385
381
368
373
386
366
366
371
375
378
387
375
377
378
372
383
380
367
375
369
378
371
376
377
379
372
387
378
371
384
371
370
362
371
385
378
384
368
381
384
375
382
382
375
379
380
386
375
379
379
375
377
376
382
379
384
365
365
377
377
380
377
382
360
381
378
384
385
377
386
370
385
374
377
388
365
381
374
370
378
380
378
375
381
379
375
371
383
378
383
380
381
384
388
380
376
381
373
379
374
374
380
377
376
385
377
384
373
379
370
384
378
371
376
386
383
379
370
368
372
379
375
376
381
371
377
382
371
379
382
372
365
381
374
379
376
388
370
383
371
380
384
381
382
377
376
380
388
385
381
385
378
373
384
387
369
386
380
371
381
371
365
382
377
372
375
378
381
378
375
384
376
379
386
369
376
384
382
383
376
380
370
387
385
376
380
390
374
376
378
380
373
381
387
387
377
378
386
384
378
369
386
389
371
377
376
386
377
393
374
378
396
376
384
386
379
378
383
379
372
377
384
377
387
377
376
369
373
375
383
385
373
376
377
369
372
386
381
380
387
384
382
376
375
372
374
380
375
382
373
390
379
369
372
380
383
381
382
369
372
371
376
375
375
377
372
376
375
381
372
373
376
373
377
381
384
374
378
378
370
372
376
376
372
379
374
376
385
388
380
375
369
376
387
385
383
376
381
382
380
378
376
381
373
393
373
375
382
386
377
383
372
386
368
380
381
391
387
385
391
382
390
376
371
382
380
377
377
377
380
378
367
366
382
381
379
388
373
380
381
384
377
379
382
381
374
365
379
371
379
376
383
372
369
375
381
390
382
397
381
380
377
383
375
374
382
381
386
382
377
375
372
378
386
387
372
383
392
377
378
377
366
380
372
370
383
393
387
383
392
378
372
389
372
383
371
378
385
380
385
378
394
376
383
383
374
382
385
384
388
378
378
376
375
370
379
381
391
381
388
381
370
378
376
380
382
386
387
381
386
381
379
375
382
385
383
381
383
377
378
395
396
401
381
388
390
372
378
387
384
383
377
383
368
383
386
394
397
381
364
375
386
387
386
382
390
389
387
379
382
381
385
386
379
380
393
387
389
391
388
383
394
392
387
394
391
390
383
377
376
386
386
386
392
373
382
393
381
376
372
380
386
388
387
390
382
391
391
381
391
380
389
386
396
378
386
382
391
390
391
394
394
389
384
389
389
393
396
376
382
383
384
403
383
396
391
383
394
386
384
394
401
403
399
391
381
395
392
402
391
392
389
393
390
395
395
389
399
394
395
391
403
394
401
395
395
407
407
403
406
408
407
406
411
410
405
404
410
410
416
416
417
417
416
420
419
419
418
421
421
422
423
423
423
424
