430
370
384
377
378
383
389
377
372
380
362
383
370
374
372
385
380
376
378
369
380
384
369
374
373
375
367
377
375
381
373
381
387
372
386
380
379
373
372
381
375
366
375
384
368
382
380
369
380
375
380
373
380
372
380
373
375
379
374
367
380
369
373
376
387
381
390
382
368
364
386
384
374
380
368
374
376
371
378
376
363
364
382
359
375
384
374
384
383
385
366
384
383
370
378
383
375
378
379
389
385
362
379
379
376
359
378
384
380
381
392
391
381
373
375
375
367
375
369
382
379
381
382
370
371
370
384
385
389
380
371
372
368
372
382
367
367
370
382
380
375
387
370
385
378
368
372
383
378
378
379
386
373
383
377
363
364
369
377
387
374
379
375
379
383
377
376
382
367
376
374
378
381
380
378
377
381
387
366
364
386
382
372
372
376
382
378
377
373
383
385
378
374
380
371
385
385
388
370
376
377
364
360
378
378
377
377
372
369
385
383
365
377
381
372
380
374
377
377
380
381
379
373
381
386
390
374
381
383
371
380
369
369
373
382
378
364
365
372
373
369
378
381
384
373
381
374
374
373
371
383
375
375
375
372
383
376
376
373
374
366
373
379
372
362
375
372
367
374
379
380
367
375
382
376
374
377
384
378
361
388
373
371
385
384
378
370
376
366
379
371
381
382
367
375
378
366
379
376
376
379
383
380
376
383
371
377
371
368
370
379
384
374
375
377
380
386
379
369
365
370
390
374
380
382
385
388
381
372
358
375
366
372
367
387
379
375
379
386
373
377
369
388
387
367
366
385
382
390
386
382
378
377
368
366
368
371
376
377
377
369
379
381
393
362
366
376
370
375
377
377
371
365
377
379
380
380
377
385
380
368
387
380
378
367
379
388
366
374
385
379
380
380
388
379
385
368
366
374
386
384
365
368
366
368
367
375
369
369
385
383
371
369
366
382
368
377
370
375
370
381
379
377
382
380
384
374
376
366
380
376
378
376
376
374
378
379
374
375
378
368
371
377
371
383
383
385
377
367
371
379
384
376
373
376
381
374
382
364
366
388
378
374
380
368
379
374
372
380
374
375
374
361
377
385
380
368
385
366
385
375
380
367
387
374
382
375
384
391
387
379
375
373
382
372
383
375
373
373
386
377
388
370
369
391
373
374
377
376
381
382
380
368
382
356
373
381
379
365
374
370
372
379
383
372
372
383
387
374
383
384
387
379
382
380
371
367
372
372
391
380
365
367
370
372
373
375
380
377
381
385
364
373
371
384
374
375
385
382
368
383
384
378
381
372
373
374
360
373
379
367
361
379
373
381
357
390
376
368
380
385
372
384
382
389
378
374
381
381
382
378
374
377
377
384
364
382
374
372
367
370
377
387
371
368
384
381
382
383
379
385
366
371
383
379
369
377
377
372
375
380
373
385
377
372
359
374
383
387
381
391
379
382
368
377
377
368
376
384
370
372
374
376
379
383
389
373
376
369
370
370
383
380
375
393
372
376
385
378
374
377
374
377
380
366
374
380
387
374
391
377
372
378
373
378
388
383
383
376
378
386
376
373
382
374
391
392
371
365
375
367
381
366
359
374
372
382
372
376
379
387
376
367
381
390
383
370
375
371
383
374
372
382
376
372
371
378
365
377
362
385
371
370
374
380
359
379
390
379
392
379
365
379
369
369
377
377
372
372
366
386
386
391
384
382
379
375
381
364
377
385
382
377
380
375
376
375
386
372
374
371
385
363
370
383
372
375
369
368
371
372
378
384
378
378
373
373
376
374
370
387
395
373
378
379
376
371
377
371
379
375
376
356
379
385
369
373
374
361
373
381
385
380
373
381
377
372
377
371
383
364
379
381
383
367
380
379
377
370
392
369
375
383
371
376
381
378
379
373
377
362
377
366
366
387
383
375
377
378
380
374
382
376
376
379
376
364
383
390
381
366
379
371
374
378
365
380
380
376
379
371
376
382
383
375
379
378
388
374
383
383
377
380
381
371
382
369
372
392
374
382
373
365
386
372
374
375
362
378
374
384
387
372
379
373
378
380
374
376
375
377
376
374
381
383
372
372
380
387
389
390
384
366
375
382
382
378
385
372
359
373
380
371
370
381
382
380
364
370
381
385
375
367
375
376
375
382
372
382
369
375
375
371
370
383
380
371
376
386
380
369
374
381
366
384
381
376
366
370
373
382
376
380
377
376
373
386
370
376
378
383
383
380
380
369
378
379
375
372
371
378
369
381
380
371
371
377
384
380
367
377
374
373
372
369
378
382
388
382
375
372
376
371
371
384
381
387
372
365
364
390
372
383
367
378
366
381
375
387
369
377
366
381
374
375
372
371
366
379
381
378
377
371
373
383
368
379
380
375
385
388
378
376
373
357
375
371
373
373
380
383
367
377
369
374
379
383
370
367
381
389
380
382
383
375
380
377
360
380
371
376
366
379
380
375
368
371
382
373
383
361
383
367
380
380
370
385
381
370
369
375
377
378
372
389
373
374
386
376
389
378
378
377
375
372
375
384
370
383
373
371
384
372
386
377
378
388
390
381
365
361
380
374
380
370
384
380
398
368
371
378
383
387
378
381
383
373
361
383
369
381
379
371
374
376
370
381
379
373
393
367
384
375
376
369
375
360
373
370
366
377
364
372
374
375
382
371
374
369
380
378
381
387
382
371
372
373
364
381
365
374
379
371
374
375
370
376
376
377
374
373
389
370
366
376
372
371
386
361
374
370
376
385
383
371
368
375
374
373
382
377
382
369
384
385
381
365
381
383
376
380
389
378
376
370
370
380
373
374
373
377
383
374
374
379
365
375
385
371
379
379
379
380
379
370
369
364
382
376
377
383
381
381
376
389
375
376
384
372
368
380
377
373
369
376
377
379
367
385
380
383
379
381
386
373
376
370
377
372
377
386
366
377
376
363
379
379
381
380
381
378
384
379
376
377
377
361
379
357
378
386
388
366
369
378
374
365
384
377
380
373
381
377
374
376
369
378
379
361
369
388
371
390
381
368
384
381
382
378
375
373
385
377
378
368
372
379
387
389
386
381
383
379
381
389
377
365
380
390
377
375
364
366
381
374
375
385
370
376
377
379
383
372
385
380
385
367
363
385
394
364
378
370
392
369
377
376
390
378
387
379
384
378
369
369
378
385
369
372
374
381
379
385
379
362
376
357
379
390
380
380
362
385
385
370
369
377
377
360
386
375
379
383
380
372
382
378
376
369
375
378
373
385
384
371
376
375
391
359
382
372
373
388
386
389
389
380
376
368
372
382
377
366
377
386
391
367
395
385
375
359
387
389
365
378
381
381
369
379
382
370
393
377
381
374
381
380
379
383
388
391
373
382
391
368
378
366
366
375
383
374
383
382
369
384
368
377
381
374
372
365
380
367
384
378
371
374
374
378
393
372
384
377
365
369
376
383
380
381
376
377
380
375
368
365
374
377
386
381
372
365
384
384
370
382
375
384
389
393
393
364
381
380
374
381
381
373
371
371
372
363
381
369
370
378
381
389
377
376
375
388
377
383
383
379
362
381
386
363
366
372
374
387
378
368
377
369
383
369
379
354
386
382
376
377
371
382
378
367
374
381
376
386
381
374
381
382
381
382
371
379
386
366
379
372
389
373
372
377
373
378
368
376
373
385
369
364
387
387
376
372
379
370
385
374
381
376
370
369
377
364
367
374
383
382
387
371
365
375
376
373
375
375
371
375
376
377
376
387
386
379
369
374
362
383
388
382
389
372
377
375
387
385
383
379
367
379
374
376
367
379
381
374
381
377
374
381
380
381
387
379
381
366
374
378
377
373
377
375
381
373
362
381
378
366
378
378
372
370
378
375
381
379
366
379
382
373
363
365
371
383
375
377
383
386
378
381
369
385
371
382
376
373
379
383
368
378
378
383
375
376
368
378
375
388
386
369
375
371
374
379
377
382
383
382
381
377
367
374
373
378
378
380
378
383
362
370
378
378
365
379
376
387
378
375
387
374
380
389
373
383
381
380
371
379
376
373
370
374
379
380
377
387
366
379
379
381
369
387
372
371
372
370
377
386
392
383
384
381
392
367
380
366
370
377
373
374
360
366
367
385
382
380
376
375
373
369
383
369
367
368
374
377
371
369
370
379
389
380
375
372
389
364
366
378
384
374
375
370
377
383
382
369
392
371
378
385
385
372
369
388
381
379
374
384
380
374
385
376
379
376
383
382
374
375
384
357
362
359
384
378
372
379
376
381
377
393
387
377
379
364
387
375
375
393
374
384
373
379
372
383
375
376
378
382
374
372
379
374
377
381
375
375
385
374
384
367
376
375
374
389
376
377
384
386
388
378
377
381
372
384
384
381
366
369
374
364
371
373
378
377
368
393
379
381
390
377
370
376
383
380
376
393
371
374
372
378
388
379
376
387
368
367
377
381
377
386
374
365
368
363
375
375
379
374
382
385
389
379
387
376
383
387
378
377
383
371
380
373
380
376
380
380
372
379
374
379
377
381
366
376
374
368
382
386
386
372
377
378
377
362
388
382
380
376
387
383
377
381
390
372
387
379
376
379
391
373
376
367
378
381
383
374
374
371
372
372
382
388
376
371
370
378
374
378
375
375
377
379
366
391
375
381
385
381
368
385
373
366
388
372
370
377
378
371
368
370
382
380
396
384
387
381
375
377
380
373
380
383
386
367
383
382
396
368
379
381
388
382
380
363
378
386
376
383
370
375
373
389
381
383
379
387
376
374
381
380
384
386
378
374
376
379
384
384
369
382
382
378
379
369
372
376
385
381
374
375
385
382
373
369
384
377
379
390
374
375
387
388
374
393
371
376
384
384
371
385
386
384
381
378
387
390
380
385
380
376
373
379
389
376
385
394
386
377
381
386
380
388
373
366
384
372
376
381
379
381
384
382
381
386
378
375
376
378
388
381
376
380
384
376
372
371
377
378
377
380
378
372
368
373
373
373
384
368
377
388
386
384
386
386
385
381
392
396
382
380
374
377
381
388
380
354
384
388
373
368
386
384
367
389
392
379
383
388
370
386
383
385
395
390
378
386
386
396
374
388
383
375
375
384
377
390
393
388
391
386
389
387
386
376
383
397
385
388
372
356
393
390
383
390
385
391
400
379
381
374
377
386
388
378
387
383
381
382
381
382
385
376
388
389
391
385
395
375
381
369
386
380
391
390
371
385
385
381
367
389
384
377
383
382
393
386
390
382
384
384
401
382
390
381
379
383
389
376
384
386
392
384
387
386
386
391
390
390
391
395
397
393
386
393
385
387
393
388
380
382
371
391
384
380
394
396
393
392
389
384
401
399
392
392
397
396
401
395
392
392
389
388
383
382
392
394
387
392
392
400
410
398
406
400
397
395
397
398
400
399
391
398
395
394
396
396
407
398
408
406
399
401
399
403
401
408
400
409
414
404
404
398
403
405
413
406
401
403
402
406
406
405
400
404
401
411
411
413
414
411
413
415
407
403
412
413
415
413
413
410
411
414
410
414
416
421
419
417
415
419
421
422
423
422
424
424
422
423
426
425
426
427
426
426
427
428
428
428
428
427
428
427
429
430
430
430
430
429
429
429
429
429
429
429
429
429
429
429
429
429
429
429
429
429
429
429
429
429
429
429
429
429
429
429
429
429
429
429
429
429
429
429
430
430
430
430
430
430
430
430
430
430
430
430
