1065
921
924
932
911
907
951
917
934
928
943
938
927
943
938
933
915
933
938
914
924
958
930
953
936
927
939
949
946
937
943
933
938
928
959
928
951
924
945
933
931
934
924
918
927
920
920
933
934
932
941
931
935
924
937
936
930
936
909
930
933
942
951
942
936
925
945
934
958
935
929
917
939
929
933
949
913
937
943
931
936
931
942
935
925
918
919
945
942
943
943
939
941
937
947
943
937
907
919
945
919
951
941
929
914
925
937
932
939
933
916
929
934
931
949
938
932
933
945
932
949
949
935
911
943
924
931
925
937
953
921
912
935
929
925
936
918
932
933
931
934
960
929
923
927
940
940
930
942
929
902
937
915
940
926
940
935
940
940
906
950
919
937
914
930
916
919
921
925
914
942
952
948
940
951
928
935
941
930
924
918
943
943
949
947
924
921
909
931
934
930
913
913
934
892
944
923
927
957
940
950
934
931
922
921
926
917
944
929
935
932
946
934
937
937
933
924
914
919
934
920
941
943
925
914
928
938
946
924
937
935
931
928
935
928
948
923
934
925
921
939
942
949
945
947
929
926
913
931
931
941
924
949
939
923
913
938
942
929
941
921
939
928
929
932
933
932
939
912
937
922
935
927
936
913
931
918
914
929
926
915
933
929
942
928
923
936
938
916
925
944
936
946
925
947
931
954
920
922
935
940
923
928
926
940
915
925
929
919
941
942
937
925
922
925
918
924
922
920
934
926
941
936
931
954
948
936
928
928
940
944
922
944
940
923
928
943
915
946
921
915
917
934
943
937
938
921
936
926
940
933
936
947
936
937
938
934
935
935
921
926
924
932
916
932
940
923
926
927
942
917
933
945
931
930
937
935
916
939
903
927
947
930
918
941
926
939
927
949
942
942
936
944
933
943
931
937
943
911
927
944
933
939
942
933
936
933
945
921
948
941
940
934
909
928
907
942
926
939
917
948
936
942
951
945
930
954
935
924
948
937
942
943
955
946
945
951
933
947
922
916
922
946
939
949
939
945
917
915
936
924
926
923
931
926
942
927
921
929
933
934
913
953
937
914
929
937
917
933
952
929
938
914
941
905
937
951
944
936
934
919
932
932
934
933
929
943
945
925
946
909
920
943
933
930
918
949
926
945
945
931
941
950
920
930
942
945
929
928
927
934
942
940
933
923
949
930
917
933
918
923
949
936
933
936
942
912
913
933
940
944
942
926
933
924
932
933
935
940
930
922
953
938
937
918
932
919
963
923
935
930
931
944
944
942
912
937
919
963
937
935
928
939
941
940
938
931
939
935
931
934
946
940
928
919
929
933
931
937
931
924
940
944
943
939
929
945
922
931
949
935
918
923
926
921
912
927
921
949
934
921
934
930
936
939
928
943
928
937
923
940
917
929
928
954
935
932
941
937
929
920
944
950
933
939
937
927
933
921
927
930
942
921
938
939
935
932
926
931
940
943
936
927
939
929
930
938
928
924
920
935
917
927
939
933
934
941
934
936
950
952
929
908
952
938
945
918
931
949
938
927
922
932
924
933
932
930
934
927
941
933
896
934
933
951
924
943
929
929
950
928
938
931
945
953
943
940
922
938
939
921
928
927
916
958
947
934
915
925
939
952
910
954
903
933
928
927
924
931
924
933
945
940
933
951
917
931
932
930
917
945
932
938
936
914
931
932
931
942
954
933
928
909
937
956
916
934
923
942
929
934
936
933
910
924
928
927
928
931
948
936
936
940
919
915
937
960
945
932
934
928
930
934
933
949
903
939
942
918
936
943
930
917
919
921
942
936
918
936
919
940
954
931
931
951
903
918
939
917
942
926
928
930
939
926
922
934
912
939
945
918
932
925
943
926
924
916
948
934
949
918
923
942
940
930
932
904
951
920
914
901
933
925
922
924
934
941
945
923
947
949
940
922
934
933
940
921
920
945
935
957
946
934
921
934
930
930
910
946
921
922
907
921
934
945
925
943
937
946
922
946
945
934
933
952
935
927
940
930
946
931
942
929
921
912
929
936
938
945
933
945
917
935
926
958
951
931
935
921
938
927
921
926
944
935
915
930
941
934
938
937
957
930
938
926
909
944
945
947
938
926
910
939
946
944
933
924
935
915
927
930
936
924
947
933
935
927
936
937
941
933
947
917
944
922
931
913
954
933
930
921
937
941
934
925
917
916
951
929
945
945
931
953
944
934
943
932
934
932
920
946
930
932
926
907
920
930
925
935
943
927
929
941
943
958
926
938
927
933
937
940
928
924
939
933
948
944
954
930
922
937
920
954
919
918
917
922
930
927
937
923
926
930
944
945
925
940
929
940
953
924
932
958
932
931
942
916
923
933
936
918
955
937
947
948
938
885
926
936
915
918
927
951
935
925
943
909
899
938
929
924
940
943
941
930
950
931
934
952
917
947
925
934
924
946
940
933
939
942
917
939
934
953
925
924
916
940
922
916
954
916
917
928
939
949
942
909
940
935
917
920
914
955
899
919
916
930
934
954
920
920
940
937
923
959
909
925
934
935
940
925
931
931
921
932
950
951
922
929
918
923
928
948
940
934
929
933
938
928
930
935
933
915
930
915
912
944
919
934
944
934
933
933
952
931
950
941
940
929
936
947
925
927
934
945
932
939
941
958
914
926
910
947
944
918
941
939
930
920
937
945
930
937
947
924
909
933
928
942
952
943
930
924
929
932
924
930
933
938
949
916
928
946
942
927
954
931
918
938
930
940
929
926
924
930
923
944
949
946
947
929
933
936
940
926
912
918
923
932
939
917
925
939
951
948
935
928
942
939
929
949
941
927
931
927
919
940
914
913
947
925
920
942
909
915
931
928
927
928
941
928
939
940
927
936
940
954
941
941
918
928
918
929
955
925
939
927
929
937
934
952
941
928
927
938
946
933
942
949
937
927
938
937
921
914
933
936
939
932
948
931
946
947
946
971
932
939
937
938
915
930
933
950
921
932
923
931
947
934
929
926
931
930
949
934
923
910
928
921
943
932
930
936
915
925
932
927
923
938
941
943
933
922
932
926
943
926
921
935
928
941
948
920
946
915
937
935
926
933
911
937
926
923
929
946
938
930
940
932
926
919
940
944
948
918
933
939
939
921
938
934
935
941
932
928
922
915
911
921
942
957
934
939
912
930
929
946
940
935
944
922
912
930
946
932
941
935
928
944
941
942
914
932
934
938
925
935
936
943
960
951
932
913
922
926
926
925
921
942
938
939
952
932
912
922
938
939
954
939
943
941
919
932
936
927
927
941
933
925
936
939
931
914
921
947
927
926
914
932
937
937
935
930
935
933
925
931
944
939
931
913
907
935
932
928
927
924
948
913
929
938
934
918
937
921
919
935
936
935
940
921
926
935
945
939
944
934
945
941
946
908
937
918
922
894
928
918
913
939
933
925
921
951
921
943
934
928
935
915
948
918
938
927
933
952
923
930
931
943
923
931
925
950
931
922
922
914
927
937
929
916
936
934
950
945
939
916
940
931
920
944
927
946
915
923
951
921
945
936
909
935
927
937
954
927
909
938
922
935
926
928
919
912
956
913
940
914
919
939
900
921
921
942
925
941
953
942
932
932
958
939
938
926
943
942
916
943
933
960
917
936
933
927
934
933
923
924
931
938
916
946
930
935
914
937
920
924
908
921
921
935
930
928
917
922
931
946
931
932
906
927
942
940
937
940
944
935
945
943
947
928
924
948
941
931
922
930
943
931
927
945
940
930
954
936
930
937
943
936
906
933
925
922
937
913
915
923
950
928
918
914
937
911
930
938
935
934
936
928
935
936
925
923
952
918
940
924
934
921
922
944
946
917
922
928
937
940
943
936
913
926
935
921
927
933
941
949
925
913
923
915
934
942
936
925
943
940
920
933
951
945
939
949
933
931
926
916
935
922
952
940
936
931
938
930
919
917
942
931
942
941
925
931
929
930
928
914
918
931
935
941
914
916
928
921
941
927
919
931
943
930
927
946
950
919
929
926
925
925
949
925
915
949
922
939
915
948
920
930
925
939
946
945
931
935
969
956
938
933
929
938
906
937
948
913
919
940
936
920
942
924
939
925
951
915
935
936
924
944
927
917
944
924
921
936
927
913
948
926
912
925
942
941
938
937
935
920
942
934
938
956
931
941
930
939
953
938
940
943
924
914
905
927
933
926
943
938
937
930
943
916
933
923
936
934
930
933
932
916
936
953
938
935
925
919
914
927
907
940
936
951
930
944
942
948
940
919
936
926
924
912
937
920
935
934
936
949
924
929
916
934
951
923
936
943
940
928
931
918
921
928
928
934
946
943
915
933
934
939
937
927
939
931
940
928
923
923
945
923
944
940
946
957
952
933
917
930
943
940
934
919
941
934
930
937
929
931
918
921
923
922
937
912
908
917
954
938
917
929
930
945
922
945
943
952
923
952
942
922
935
921
948
937
939
932
942
923
944
907
941
925
920
924
929
938
956
929
923
930
924
926
931
923
935
910
914
927
933
931
932
914
953
952
931
927
933
948
937
925
945
928
924
935
947
933
936
941
946
938
917
920
923
925
915
930
935
934
925
934
956
949
927
942
942
941
913
939
937
942
930
927
951
925
910
919
921
942
945
945
942
932
927
942
934
918
934
932
931
929
916
908
912
910
918
930
936
943
908
890
933
938
925
921
920
927
912
948
948
926
942
946
941
930
938
929
923
920
940
925
935
930
930
941
932
928
897
936
926
938
931
915
920
931
933
924
924
933
918
925
916
934
924
933
922
936
938
915
929
916
925
947
942
941
946
928
927
929
922
936
930
926
936
937
931
935
915
909
930
930
938
939
942
939
932
941
941
925
932
931
914
939
943
937
938
946
921
925
935
934
942
946
922
924
934
943
925
916
945
938
954
917
945
941
927
928
945
935
920
932
912
933
971
928
916
915
908
934
943
929
953
926
940
932
935
932
937
931
930
937
945
936
930
939
957
948
943
904
919
943
937
929
948
936
931
945
924
955
934
934
920
927
941
930
919
942
930
935
933
915
921
931
935
933
923
923
921
929
947
932
943
942
942
927
930
935
928
918
926
929
948
922
916
939
944
946
912
956
924
939
910
923
925
971
928
940
925
916
922
946
928
935
937
926
920
917
909
943
934
927
934
915
936
930
936
926
926
948
942
927
919
929
933
934
946
930
943
947
938
944
942
947
942
933
928
924
945
917
946
943
949
931
921
945
938
939
933
941
935
940
920
919
935
912
930
925
918
932
932
938
911
940
928
932
931
929
937
936
921
923
924
905
923
945
940
929
932
951
928
934
935
907
918
937
937
936
937
950
925
908
941
941
942
910
921
927
924
922
920
927
928
928
921
936
904
945
935
935
932
922
925
943
934
955
919
932
937
918
948
948
938
926
934
940
932
923
935
926
921
933
932
939
945
925
945
939
923
939
929
906
937
922
936
934
925
934
919
909
935
925
925
935
929
938
929
938
906
945
913
937
926
951
928
917
920
918
932
918
935
936
940
906
921
938
922
930
940
926
922
942
943
934
934
944
925
932
953
947
941
912
936
927
936
906
936
920
937
921
932
930
929
931
929
941
913
925
936
923
936
946
940
943
941
945
942
939
921
950
938
931
918
931
927
931
932
916
917
961
950
932
920
934
934
930
933
927
906
925
931
909
933
945
956
921
940
919
919
948
936
905
921
976
