1065
921
915
927
944
929
927
946
952
937
932
934
919
929
935
943
935
937
921
928
907
923
933
949
915
920
928
943
939
949
939
931
927
950
931
939
939
923
923
951
941
932
940
939
934
929
932
928
930
964
933
951
935
924
907
937
922
924
934
944
926
933
934
919
929
936
937
937
932
923
930
934
924
951
951
926
944
931
919
934
940
938
940
948
931
926
927
939
914
931
926
956
919
916
893
924
927
937
932
932
918
928
923
925
926
944
934
942
920
943
925
942
936
933
929
925
928
936
936
939
942
932
919
934
951
945
939
930
935
937
930
944
926
933
928
925
951
935
943
929
929
924
930
933
925
924
932
939
934
935
935
938
954
935
934
935
945
941
927
920
934
926
913
930
925
939
921
950
924
923
938
939
926
956
941
940
937
936
939
928
947
932
940
921
914
921
947
950
946
921
932
914
964
933
929
920
943
937
937
933
932
939
930
925
934
958
928
936
915
916
935
937
935
921
950
928
941
945
928
917
939
942
937
932
929
918
897
931
922
926
929
925
936
923
929
920
933
922
940
923
937
929
915
927
926
951
942
936
928
915
919
940
925
925
934
945
928
925
916
931
951
929
925
922
938
939
947
939
942
929
937
924
930
925
925
894
920
938
931
940
945
920
923
921
927
936
941
960
928
931
915
907
938
929
920
913
934
914
941
925
921
940
931
924
952
918
920
947
941
937
941
941
941
914
949
946
920
942
946
948
926
942
919
957
915
958
929
932
919
930
920
934
936
937
939
917
932
913
924
949
954
931
955
942
909
941
913
941
922
950
934
925
945
955
929
926
933
958
939
930
945
953
935
946
930
922
929
929
931
931
932
923
934
933
940
948
939
933
938
946
935
915
927
920
922
927
926
939
925
931
920
937
954
940
961
924
926
931
925
935
926
918
952
942
930
928
930
919
926
931
942
944
943
940
924
957
930
927
914
942
920
946
926
926
944
922
920
926
932
927
925
922
916
929
940
911
947
917
922
917
935
929
938
938
916
913
929
927
917
929
929
918
912
931
918
931
936
946
921
914
930
910
952
932
937
929
929
935
930
936
932
932
939
920
929
930
960
943
941
942
930
922
928
937
948
921
926
932
946
937
939
932
902
931
932
930
938
952
935
928
935
956
937
962
943
932
923
928
907
947
930
897
921
915
935
925
915
943
928
932
938
917
925
935
932
941
943
928
935
943
950
921
930
904
937
951
925
926
940
931
930
934
929
935
937
941
934
928
931
937
928
933
911
942
919
906
919
913
936
929
939
940
943
915
952
944
937
916
931
936
952
952
932
937
940
934
951
927
935
919
915
913
919
945
937
923
916
957
955
928
941
960
945
935
937
910
933
931
902
932
923
944
934
926
934
906
925
940
934
936
928
941
954
939
953
952
951
938
929
926
931
930
935
930
946
941
952
943
925
925
939
938
945
958
931
932
919
924
948
947
933
911
915
934
935
950
925
926
937
942
932
935
945
928
939
939
956
927
929
939
934
911
929
908
928
913
917
950
918
939
930
921
939
915
936
930
929
923
933
939
934
927
946
944
906
929
947
958
960
935
938
907
931
940
930
927
919
916
941
934
929
928
928
922
929
924
928
919
946
923
946
935
940
932
938
926
951
942
924
933
920
921
929
926
944
947
929
951
952
935
934
933
936
945
946
937
938
940
935
909
928
919
933
923
949
927
942
917
949
954
931
908
906
949
940
948
933
922
922
944
933
925
942
917
930
946
954
927
920
942
921
904
918
945
945
927
919
939
951
935
934
935
942
944
942
928
928
940
933
935
944
947
941
933
941
939
911
924
927
921
932
951
937
944
943
947
925
937
942
946
925
932
927
917
917
932
943
941
896
936
910
923
946
923
932
937
950
934
907
933
945
949
916
956
939
922
936
917
911
956
932
932
931
951
944
935
915
937
939
937
927
932
939
937
944
940
935
924
916
926
934
939
921
926
941
949
946
929
953
919
928
927
935
922
940
936
937
921
926
946
943
929
947
923
926
924
925
922
919
921
931
935
939
923
936
932
940
911
945
946
922
941
936
928
923
929
940
923
927
931
935
919
917
928
932
940
939
942
937
922
949
932
921
929
932
938
916
942
930
925
926
937
936
930
933
937
940
943
937
926
928
909
941
929
927
927
931
922
929
923
932
934
935
914
908
942
910
937
916
940
937
924
933
935
927
938
922
922
904
923
944
932
920
938
940
921
929
932
916
937
945
928
961
934
939
939
929
938
943
936
930
915
936
935
934
933
933
912
947
938
930
936
924
936
924
917
909
911
914
913
927
919
919
952
940
932
925
921
926
933
953
931
943
935
912
932
919
931
944
943
942
938
939
928
942
945
935
915
915
949
947
938
945
934
933
920
916
925
931
929
941
932
922
916
937
939
946
938
916
929
918
938
940
957
946
917
930
921
952
930
917
941
936
939
919
927
938
919
934
944
928
943
934
956
918
921
928
946
924
932
929
937
945
909
917
938
930
915
934
921
945
905
930
933
928
932
929
929
938
915
945
954
931
913
918
920
926
935
926
944
929
935
937
942
931
930
924
934
932
953
932
913
947
954
947
929
919
928
937
965
925
917
939
918
925
940
940
916
959
950
937
944
925
939
924
927
952
928
920
928
932
938
929
929
925
941
938
922
929
934
928
931
943
947
935
920
938
941
929
917
921
943
919
931
921
944
935
937
953
947
911
929
920
941
930
941
930
943
941
936
927
933
919
930
929
938
932
929
943
931
912
932
939
947
922
913
953
933
905
966
930
950
943
935
905
937
948
910
929
941
941
916
938
926
922
936
934
921
939
923
908
938
933
916
939
927
910
921
894
936
927
942
933
936
927
921
940
928
931
930
939
924
936
913
939
942
948
938
919
933
923
925
929
919
921
939
927
923
924
922
930
932
925
922
924
949
933
928
941
929
941
950
941
936
953
933
940
925
950
939
924
934
939
925
927
915
931
922
934
934
914
930
936
919
926
929
929
924
907
912
918
934
933
935
932
937
942
918
934
944
950
922
941
919
922
918
927
922
920
922
916
934
916
938
920
962
946
914
925
915
924
934
959
941
936
926
931
923
941
937
922
946
928
926
919
939
921
943
943
922
929
929
963
946
921
950
951
927
931
941
944
941
937
927
939
957
925
929
909
935
945
922
926
914
921
921
925
933
916
952
939
933
927
922
948
947
927
933
935
930
937
909
942
933
940
930
917
942
929
935
924
935
932
916
934
926
932
927
929
933
951
937
930
912
936
937
918
920
915
925
924
935
904
917
932
933
924
913
944
914
920
922
929
924
933
930
939
957
944
944
935
917
924
934
928
929
920
920
925
918
940
937
924
935
937
940
934
933
943
950
938
939
919
927
928
947
934
929
941
933
932
937
933
922
947
933
921
935
912
942
928
915
951
937
944
912
918
935
917
944
924
919
941
946
954
924
924
925
938
915
925
941
929
904
928
932
949
928
924
941
922
911
929
926
933
930
930
920
918
924
935
927
920
929
935
948
924
925
949
936
939
925
923
947
928
920
946
918
942
933
939
922
944
917
934
924
940
919
921
938
952
925
935
935
926
939
942
931
949
931
926
944
916
909
930
938
920
932
940
953
948
918
933
930
940
930
954
955
927
941
934
942
930
936
926
928
928
950
933
924
933
941
953
936
935
937
926
947
926
915
936
943
917
941
909
927
935
940
943
941
940
937
927
923
921
914
946
916
911
939
926
907
932
931
943
927
937
924
938
940
936
925
926
932
923
953
914
935
927
934
950
932
951
941
927
916
916
942
945
934
923
932
927
925
934
945
910
933
947
913
932
939
918
942
923
936
937
952
934
927
929
925
940
924
927
941
930
927
939
920
947
950
928
934
936
912
912
942
941
923
910
934
926
932
933
938
947
930
907
911
927
906
922
908
923
918
923
937
935
938
935
935
941
946
935
936
940
928
918
924
941
932
929
936
933
912
934
938
947
939
932
934
930
928
945
929
933
934
935
952
931
937
950
933
918
920
937
945
938
935
942
930
951
926
926
929
950
911
937
930
928
922
928
933
919
954
939
927
934
942
933
920
935
953
922
938
948
936
915
946
943
952
949
924
927
936
937
938
927
919
918
946
916
948
938
909
936
958
947
927
916
935
905
915
909
943
921
930
941
934
919
936
934
940
929
936
959
947
934
951
936
907
922
928
946
945
940
921
937
935
934
927
934
938
929
936
922
939
935
945
938
930
923
942
929
935
954
937
927
936
940
914
930
938
931
937
929
937
929
966
919
942
945
920
936
922
922
936
936
941
944
920
931
945
932
925
916
953
933
942
936
948
953
942
927
917
941
928
941
910
920
948
943
932
925
936
937
912
936
950
934
924
906
936
936
924
958
929
948
949
922
937
922
926
919
920
924
914
922
936
945
921
948
940
926
932
930
939
931
937
962
928
916
926
934
934
931
942
953
944
934
943
937
921
931
939
929
956
927
944
936
923
940
940
916
922
933
924
928
941
932
940
930
926
928
957
938
941
940
923
935
951
926
942
940
921
936
919
931
918
917
925
936
939
932
922
922
932
936
924
956
927
940
937
935
928
932
943
953
927
957
928
940
914
940
935
959
924
925
931
921
936
954
931
944
931
923
927
934
925
943
910
909
935
928
932
932
939
940
918
943
914
944
930
918
931
942
939
934
918
932
916
929
930
936
928
915
926
935
925
945
946
929
920
931
930
949
941
907
931
934
934
925
918
955
951
950
938
929
949
956
944
924
938
925
927
951
930
934
921
943
938
932
923
934
945
955
911
953
924
937
934
924
952
918
930
920
899
932
924
933
925
931
930
933
928
923
916
942
930
929
921
926
938
941
933
927
959
919
930
951
942
942
915
947
956
944
929
941
938
939
935
940
915
923
919
932
944
937
941
928
921
910
934
930
957
948
938
915
947
946
942
925
939
941
924
945
922
945
926
938
933
943
921
948
933
935
936
943
940
954
919
917
911
926
941
938
946
922
927
908
906
931
957
923
943
941
907
922
941
921
926
920
931
927
918
924
935
935
911
936
939
931
927
921
920
940
913
943
952
953
953
926
918
924
920
929
939
921
943
929
933
917
935
913
947
935
917
926
934
943
947
936
935
935
958
940
941
929
937
919
948
927
930
916
922
929
918
919
929
921
933
933
906
936
944
928
944
928
920
924
931
910
929
920
933
948
952
927
941
946
945
913
934
936
933
942
964
943
949
941
954
943
941
933
931
927
932
939
942
928
921
930
929
925
939
937
928
922
925
925
940
933
937
924
930
936
921
944
926
912
930
931
932
941
929
948
936
930
925
935
952
928
917
908
920
945
941
930
940
917
946
939
939
943
908
946
941
936
941
931
942
912
942
950
941
936
942
928
964
946
939
936
935
948
958
937
928
927
940
927
943
948
944
931
939
937
947
949
937
941
922
938
930
933
939
937
919
936
936
937
925
951
939
927
935
911
932
928
925
925
936
942
928
913
930
931
939
917
925
929
928
944
930
927
925
928
933
953
926
940
927
940
958
947
941
928
935
940
920
931
944
920
922
921
917
925
934
933
932
920
924
915
948
935
914
910
929
910
932
908
919
940
932
943
929
954
934
929
908
947
945
937
941
947
926
915
938
939
933
926
944
922
937
930
925
939
936
922
921
919
941
938
928
917
928
928
943
944
912
976
