1065
922
950
922
925
934
935
944
951
935
939
930
942
920
925
936
907
928
935
931
947
932
930
929
924
928
912
928
911
919
936
933
925
922
935
937
938
930
936
906
936
941
930
923
949
943
921
932
917
961
944
948
944
929
945
937
944
921
921
922
935
936
937
940
917
939
929
927
922
940
931
924
938
931
936
923
929
905
940
926
931
930
926
947
922
929
933
937
938
954
941
942
945
934
928
932
943
930
935
949
940
936
936
940
946
956
934
932
949
946
944
938
925
942
938
932
941
931
940
929
925
935
934
937
926
946
944
937
931
928
923
938
943
915
911
937
917
938
935
918
915
940
940
910
953
928
926
949
938
929
932
921
944
925
929
931
941
923
935
933
926
933
941
933
935
915
919
914
931
917
927
943
932
911
934
929
919
943
940
926
922
922
948
931
933
923
935
921
924
946
912
934
938
935
936
928
925
930
925
940
941
927
916
951
924
917
900
941
930
929
946
950
941
948
937
946
957
925
961
937
918
930
921
929
922
928
927
935
951
934
936
932
929
923
925
933
924
944
917
940
941
940
919
948
933
930
920
931
914
958
930
927
935
926
912
943
954
933
941
931
927
932
940
930
916
909
923
930
932
929
923
934
928
935
945
940
933
929
938
931
927
917
930
932
922
905
925
920
926
929
906
929
937
927
922
925
934
938
951
914
903
919
902
939
939
936
918
933
932
921
908
910
927
924
929
934
938
942
937
914
929
931
944
938
930
920
935
931
913
934
930
936
940
947
936
932
947
923
934
924
921
926
941
918
941
941
926
941
934
928
923
907
923
924
941
935
943
933
945
917
920
952
945
945
932
932
958
936
920
928
920
934
932
949
932
945
924
928
938
934
951
927
920
917
930
928
941
931
934
930
936
908
933
940
943
927
939
939
932
921
943
937
918
935
944
947
934
939
920
943
900
925
944
930
936
944
923
943
929
952
929
930
943
919
945
927
942
930
958
948
929
922
935
916
939
937
932
946
926
942
940
940
928
950
930
913
935
924
940
939
922
930
934
930
935
936
911
914
935
942
932
947
928
935
930
952
940
935
941
947
927
934
946
932
942
926
937
951
930
928
929
920
936
934
939
936
952
935
925
923
937
949
922
950
924
931
934
920
917
933
924
920
940
950
940
941
928
944
936
935
925
941
937
945
940
954
946
941
916
924
916
938
946
928
949
937
933
937
927
927
915
927
946
933
948
941
925
928
916
932
938
938
927
947
934
932
939
935
924
916
921
928
935
957
917
924
924
929
936
935
921
935
936
923
939
923
935
933
948
929
948
945
917
937
947
931
913
941
936
930
935
925
952
940
945
934
949
927
924
935
945
942
958
928
924
928
917
919
921
925
920
914
939
937
922
933
944
941
952
931
940
935
917
914
930
943
942
940
894
934
939
925
918
930
926
942
937
938
925
941
936
928
902
934
934
925
935
940
926
950
923
923
937
940
938
932
926
923
926
940
949
929
927
924
921
925
951
924
932
928
932
921
937
941
919
949
932
952
932
934
923
941
953
944
948
938
932
933
937
936
912
934
932
930
928
917
939
941
943
948
914
941
952
927
932
933
942
931
938
952
932
929
952
939
937
930
935
915
937
951
934
930
946
945
933
917
952
923
928
926
933
921
927
957
938
938
939
947
922
939
931
912
917
914
933
924
929
936
937
931
955
931
937
956
906
930
934
934
922
929
945
942
928
952
916
937
936
924
950
925
934
949
936
937
922
914
922
935
944
932
947
932
931
915
919
934
933
947
930
922
912
927
906
925
939
937
926
936
921
949
904
944
921
940
937
931
917
948
929
911
934
921
930
917
929
936
957
937
941
933
932
925
917
929
922
934
912
927
917
951
955
927
920
926
934
923
936
955
949
915
937
923
937
944
930
925
931
955
925
950
926
907
929
922
960
944
926
932
934
930
940
937
935
931
939
925
926
933
919
931
932
923
946
951
961
930
935
946
929
943
931
921
927
937
907
938
929
932
935
951
928
923
916
952
923
935
934
936
939
910
927
921
934
919
945
915
931
926
942
925
900
926
954
947
946
934
940
925
924
920
933
936
929
933
941
917
923
921
931
914
932
932
940
937
942
946
952
937
925
944
938
934
907
934
937
922
915
905
936
944
933
940
929
933
927
929
926
939
940
941
925
931
932
938
955
930
942
932
952
949
928
932
927
909
927
930
931
915
924
939
928
937
935
924
951
944
936
921
922
937
929
945
931
935
939
945
947
923
946
920
928
935
943
923
933
923
925
913
912
945
932
939
943
958
942
921
933
925
930
931
920
927
925
924
936
936
921
935
915
926
953
933
958
920
905
925
931
932
913
938
931
931
940
934
930
937
936
949
928
935
953
933
944
932
936
923
937
904
928
926
932
941
937
942
924
939
948
939
925
930
925
924
930
931
929
936
918
936
921
915
922
921
925
954
945
919
937
936
928
949
929
925
937
936
924
926
937
916
917
954
932
930
939
938
938
931
931
930
950
928
919
943
943
930
930
944
920
931
944
936
927
944
925
930
930
915
917
944
917
929
917
927
920
941
944
947
929
932
933
920
953
928
940
936
951
934
909
927
940
931
945
928
939
905
927
943
934
927
909
936
926
908
938
930
932
933
927
936
920
934
931
936
934
925
933
949
954
931
942
942
921
936
936
939
935
924
932
932
931
922
924
921
925
945
959
944
932
932
945
941
933
934
946
931
924
922
946
931
928
934
940
938
928
936
932
927
946
930
942
913
910
924
928
906
933
928
931
937
919
926
931
921
921
918
919
933
921
920
945
931
935
934
914
922
938
937
925
960
960
946
955
939
944
935
941
921
953
936
929
948
923
926
944
922
930
941
922
920
931
943
961
951
919
924
958
940
920
929
917
935
935
915
929
946
934
936
942
931
932
930
921
936
935
941
934
947
922
920
929
933
941
924
920
939
953
924
940
941
941
938
923
914
904
934
946
952
950
940
919
935
951
941
951
938
938
935
934
928
959
938
902
926
921
934
934
929
924
936
920
932
941
919
928
926
957
927
946
935
941
944
947
924
949
930
946
948
953
932
931
918
928
934
936
932
935
919
939
941
958
911
929
937
931
929
929
935
932
928
903
927
942
929
930
944
924
926
907
930
919
921
932
934
934
937
945
924
942
903
934
918
931
920
922
953
947
933
927
936
941
928
935
928
945
927
919
919
927
926
908
916
928
940
931
916
930
938
945
919
912
939
926
935
933
915
941
942
929
940
932
942
942
907
914
925
937
931
935
933
937
939
917
932
939
933
945
927
936
927
921
935
926
954
931
942
945
931
936
943
911
910
948
930
920
927
936
942
935
931
936
942
929
940
951
952
931
938
926
931
939
922
924
915
920
942
922
949
947
909
950
923
934
928
930
928
906
937
954
940
928
927
937
916
954
918
939
945
957
933
947
929
943
934
946
928
922
939
938
921
928
933
939
931
931
924
933
907
939
937
925
924
935
937
949
935
920
934
927
947
944
925
923
940
939
941
957
936
947
910
960
943
928
936
930
945
933
939
927
940
907
955
937
933
947
939
960
909
941
946
937
913
935
953
936
929
931
931
933
934
945
938
923
946
947
917
930
928
949
923
948
947
945
917
926
934
930
921
925
906
912
917
931
934
944
927
917
944
932
909
941
931
943
936
918
926
912
935
917
919
932
949
944
928
932
915
928
943
943
918
934
937
924
928
927
947
930
925
951
927
947
934
944
939
928
941
945
940
914
942
941
929
910
931
920
939
910
923
922
949
934
926
957
940
950
942
922
924
917
930
935
944
931
923
917
916
932
947
929
924
927
916
934
945
949
943
945
919
944
917
922
919
910
946
937
914
925
934
916
914
926
928
939
946
937
931
935
923
934
927
941
942
936
931
930
918
949
937
905
941
945
926
904
917
917
928
928
915
941
929
911
953
937
932
929
930
944
939
913
924
937
941
928
912
946
928
926
935
937
944
946
934
933
950
932
901
933
939
931
919
944
942
924
917
927
939
961
914
927
931
931
924
958
942
921
949
921
917
941
942
913
932
942
939
957
923
937
942
949
941
928
913
935
925
936
946
924
953
934
925
961
940
930
934
927
922
929
935
929
955
934
924
938
922
923
936
937
943
919
916
926
927
922
944
911
927
925
934
927
924
927
922
922
922
940
929
906
927
933
922
930
925
931
932
924
911
937
915
944
939
931
926
942
930
936
913
918
919
945
920
936
926
934
930
947
934
916
932
920
922
929
911
925
921
933
936
941
934
927
936
946
943
945
923
928
938
926
931
938
937
920
949
938
948
947
922
932
939
935
949
932
948
935
926
944
933
937
932
914
926
922
925
958
936
923
930
945
910
938
931
919
938
940
935
941
941
944
922
934
943
938
919
932
924
936
910
942
935
912
940
944
919
934
946
925
934
932
935
954
915
927
933
938
914
919
917
931
950
942
926
940
948
929
937
934
929
913
923
954
935
909
932
944
942
926
919
939
903
911
927
927
911
916
953
921
936
941
920
940
919
936
926
931
940
926
937
926
930
933
926
926
926
927
933
903
906
938
950
900
936
933
919
940
949
937
926
918
931
921
945
927
927
948
931
938
937
931
933
941
937
926
911
906
936
934
918
938
926
933
942
933
936
936
931
936
934
928
947
932
923
930
917
924
936
935
929
926
941
944
940
934
928
924
925
937
916
940
934
909
935
932
927
945
945
957
918
926
943
931
939
928
922
911
944
927
936
924
932
937
933
938
928
940
937
922
941
930
906
925
931
931
947
940
923
935
929
918
953
925
916
928
914
930
942
923
915
939
946
937
933
931
937
934
929
954
940
936
945
927
924
937
949
954
916
937
911
942
926
910
924
920
936
928
941
946
941
946
915
907
947
947
932
931
923
922
934
945
928
928
939
926
931
927
938
943
935
926
927
920
945
928
938
916
920
931
943
926
940
945
932
938
925
936
923
936
934
940
929
937
929
931
942
939
939
920
924
942
933
947
934
931
950
941
943
928
923
929
923
941
939
931
920
910
934
922
928
937
917
921
923
946
931
950
948
938
925
934
935
921
942
924
908
912
937
934
932
916
931
915
923
934
934
927
938
920
936
939
937
940
938
912
921
923
927
920
946
935
933
929
923
936
944
938
919
931
948
946
943
939
946
938
945
964
937
940
927
907
925
942
919
933
921
926
918
945
927
927
932
937
946
928
924
941
939
926
936
939
946
923
918
927
940
931
935
918
921
928
929
930
947
927
951
925
934
948
951
930
932
929
938
921
934
923
925
924
927
925
958
928
913
930
924
929
921
943
925
937
926
942
941
939
931
925
945
922
961
928
930
935
960
947
944
925
945
944
906
926
942
923
935
933
921
903
914
933
928
943
948
941
941
922
922
934
942
909
941
950
953
923
931
932
946
958
936
934
943
938
922
935
942
932
945
931
950
921
901
920
924
946
944
942
929
958
937
933
940
940
931
963
956
920
926
930
925
944
925
930
934
947
916
942
907
938
968
937
907
926
940
938
943
939
923
923
912
924
942
928
927
929
923
900
927
907
937
932
917
939
941
921
934
934
930
933
930
934
932
936
894
939
949
934
925
940
914
938
917
935
918
936
933
926
905
942
918
944
950
936
952
919
947
912
929
933
925
930
934
934
945
946
931
933
921
936
921
945
930
920
937
924
931
924
941
979
