1065
931
949
940
895
933
928
930
932
937
934
945
932
933
933
930
944
898
931
924
924
939
943
940
941
926
953
930
925
930
939
944
949
949
947
932
960
938
934
928
922
933
919
942
924
935
931
921
913
927
922
949
941
950
943
932
937
926
921
936
939
922
937
916
926
944
949
925
948
907
928
933
936
929
945
924
940
944
945
928
939
926
938
927
926
927
941
923
934
928
907
928
915
940
916
927
935
927
931
926
929
917
924
924
935
944
910
947
926
943
951
920
935
934
918
915
946
926
927
927
954
930
931
912
921
935
917
946
937
937
934
936
954
930
933
928
915
946
926
931
904
950
927
941
921
943
929
918
923
937
932
936
924
920
920
942
931
939
941
935
929
938
909
926
929
939
936
950
925
915
927
917
921
944
936
913
928
927
948
929
930
948
936
909
922
916
931
928
916
924
943
933
929
950
931
929
914
914
924
918
911
952
941
940
960
938
922
951
919
950
929
934
932
931
932
960
947
916
911
930
945
932
916
920
953
929
910
927
905
908
935
923
917
934
920
944
931
932
937
936
942
923
930
940
932
924
896
952
927
916
926
909
925
918
934
935
955
912
939
936
924
927
921
934
930
927
940
926
929
944
939
929
949
943
927
935
933
932
924
928
930
924
910
930
936
948
929
925
926
953
954
921
910
931
919
948
933
929
918
913
939
937
928
918
930
928
930
940
917
932
923
939
930
945
948
959
944
949
928
930
954
920
917
911
911
942
950
941
925
923
902
926
928
929
930
939
940
945
913
916
925
933
916
918
921
945
923
927
925
927
931
915
924
917
932
916
930
942
925
920
925
916
932
941
941
950
908
917
924
951
941
925
926
950
923
926
916
922
919
940
922
943
933
933
931
921
900
936
913
946
920
915
937
946
932
919
914
928
937
941
946
934
934
927
946
937
949
925
948
914
936
929
935
919
938
936
918
904
920
919
928
931
932
934
934
930
924
938
919
944
931
943
929
938
935
940
928
941
936
922
924
928
923
943
957
932
930
940
916
918
937
948
941
939
939
927
952
908
929
906
942
941
929
934
947
937
944
917
944
927
936
925
919
926
938
910
925
937
936
934
936
936
927
940
950
935
946
918
941
932
938
935
924
926
936
925
909
936
942
951
943
927
936
904
923
940
940
946
935
937
935
953
912
940
938
942
929
909
937
937
941
927
932
952
934
924
924
926
930
929
915
917
944
935
935
907
927
923
938
939
963
918
907
939
923
926
922
929
923
924
933
930
916
922
925
937
947
930
936
946
947
915
931
925
943
933
933
929
919
917
950
937
941
941
938
939
940
926
932
925
925
938
940
915
927
917
909
936
927
955
937
923
937
936
930
938
931
923
952
939
933
943
918
934
942
931
936
944
943
940
929
940
931
905
933
931
927
931
933
934
940
942
942
926
935
934
933
933
927
933
946
934
946
931
951
931
926
922
941
914
932
903
924
910
919
926
909
930
938
940
932
915
941
927
909
939
923
917
936
924
939
930
917
925
954
909
928
927
923
922
915
929
953
931
936
936
930
963
954
946
927
932
926
945
929
937
925
912
938
939
933
934
935
932
937
919
948
930
927
914
933
930
923
933
954
930
947
918
943
932
951
937
947
942
926
919
940
927
947
912
924
943
927
935
928
936
930
915
934
950
946
934
920
940
944
939
934
921
939
941
938
949
942
937
925
928
941
931
933
948
937
925
940
914
946
928
941
932
921
936
922
942
926
938
922
933
922
933
955
947
915
920
931
939
927
935
935
925
904
947
955
949
922
930
929
918
940
947
942
924
931
941
925
931
933
928
932
931
924
935
925
932
916
935
962
924
922
937
932
920
936
921
936
936
932
932
934
942
930
927
951
948
918
938
921
931
925
906
932
952
955
943
939
931
942
930
930
925
928
938
937
942
918
924
961
933
945
947
931
928
946
914
924
934
950
915
933
932
934
937
926
924
924
906
925
925
923
937
952
922
938
940
945
935
952
928
920
907
924
938
936
933
901
929
922
928
894
944
914
930
922
920
943
943
939
940
947
903
927
949
916
907
948
927
937
926
922
953
936
930
926
921
945
906
935
921
937
948
943
940
915
943
915
936
913
924
936
905
931
931
927
899
932
930
928
915
915
929
923
941
933
928
953
950
921
927
946
929
918
925
951
934
932
935
936
930
933
916
927
942
935
940
930
930
929
927
949
956
929
908
943
931
937
943
932
939
924
927
915
923
932
933
933
925
917
942
934
961
937
925
932
937
925
924
923
943
943
935
928
925
909
940
931
938
920
934
924
941
926
947
939
936
935
927
920
927
912
904
918
940
916
949
935
920
943
937
934
913
923
932
944
934
932
917
922
918
927
926
962
928
943
915
921
935
938
944
938
927
942
934
946
926
929
952
942
937
944
946
931
943
927
947
915
942
939
911
926
945
933
930
929
927
930
917
959
929
941
936
926
928
934
930
930
940
933
919
919
935
930
932
949
940
929
926
912
906
936
940
939
939
927
943
918
911
919
920
934
950
929
943
956
927
920
900
912
923
927
918
945
928
913
941
921
952
943
948
914
924
926
936
930
935
921
928
928
915
936
924
941
935
942
953
923
933
926
922
929
936
934
932
928
924
934
933
934
928
928
925
932
917
932
912
935
924
934
931
934
938
928
931
919
932
917
936
929
937
910
924
930
930
927
951
932
938
930
930
935
935
922
933
917
926
949
927
926
923
942
926
924
926
918
921
937
934
925
921
944
933
931
920
934
941
924
940
936
936
954
945
927
947
934
943
933
947
926
928
925
925
935
933
935
924
934
926
933
948
908
929
925
936
936
946
921
939
944
928
930
949
928
933
937
947
926
937
931
932
933
943
928
928
932
936
933
946
937
935
928
923
914
925
910
916
935
942
945
929
928
927
931
921
935
924
909
934
919
954
920
919
926
914
919
925
931
932
916
896
922
934
929
936
920
932
938
940
927
909
921
923
925
945
939
952
939
951
953
938
936
926
937
938
914
924
943
931
940
940
936
929
917
928
943
930
929
954
903
921
939
928
928
932
933
936
927
939
934
941
946
943
902
936
929
935
939
935
928
948
941
939
932
943
926
912
915
917
929
907
935
937
937
936
940
943
934
942
926
925
941
914
929
948
921
925
931
911
932
935
937
929
944
931
937
946
945
935
948
939
935
927
936
926
941
931
941
934
941
950
911
935
919
924
934
929
949
923
948
922
936
936
928
939
935
926
941
929
920
932
929
922
929
944
923
942
929
943
911
934
914
906
928
926
919
943
938
921
925
943
968
944
940
949
932
934
930
919
953
922
928
930
916
926
939
927
944
940
931
920
930
947
944
935
925
934
936
912
916
929
930
950
917
923
944
929
942
932
925
923
948
944
936
932
942
931
933
938
915
922
936
917
938
935
917
923
929
923
929
925
931
909
942
928
922
938
949
951
927
933
936
926
944
936
934
939
943
926
927
935
936
927
940
940
940
923
929
948
927
939
941
927
938
955
928
950
953
950
934
941
916
922
931
954
944
925
921
916
927
925
934
938
920
938
923
937
922
928
942
907
917
939
930
939
917
944
941
939
959
961
941
943
926
937
929
919
930
930
941
934
936
931
953
914
930
926
933
928
939
941
925
909
928
927
926
945
937
932
936
940
936
921
923
916
946
917
936
922
948
936
942
912
935
934
939
924
931
929
942
930
918
923
944
927
946
935
929
927
935
931
933
940
947
965
923
925
925
928
915
935
932
965
952
941
935
909
936
922
931
949
935
930
921
924
915
951
937
936
928
941
935
916
936
929
921
930
947
935
945
951
935
916
936
917
943
933
946
936
945
918
929
941
932
943
939
943
907
918
916
913
920
939
956
921
949
931
927
935
932
925
914
931
924
909
945
921
919
917
928
929
922
941
923
935
946
934
923
940
943
930
924
928
923
928
923
928
935
949
942
947
929
924
935
914
934
935
911
921
925
920
940
939
924
943
934
939
917
921
925
929
895
916
953
955
946
940
944
934
942
931
904
932
931
948
950
947
910
927
935
945
934
938
936
945
937
922
948
941
944
930
944
924
924
945
929
931
939
937
930
928
936
928
952
937
937
952
921
931
942
931
919
935
927
927
905
923
932
914
917
899
916
913
934
925
932
933
967
942
921
942
925
938
928
925
921
934
936
952
908
932
925
931
918
933
936
920
933
935
914
923
921
935
950
935
947
941
932
917
942
910
921
931
938
930
942
916
953
944
917
936
919
920
914
924
936
939
928
921
911
941
911
906
951
940
925
922
930
931
950
934
953
937
931
907
935
927
944
948
936
942
929
933
941
942
923
936
917
945
941
928
932
924
934
946
929
930
945
944
923
942
930
933
933
937
933
920
918
927
908
940
926
929
949
956
926
930
930
917
927
893
953
933
941
931
939
934
933
910
926
936
928
927
952
943
951
923
925
941
934
930
926
943
953
941
926
924
940
933
920
934
931
953
934
929
928
945
934
937
931
937
946
936
943
937
916
926
937
932
920
914
933
938
917
938
943
898
918
923
921
931
956
939
941
941
955
935
919
923
921
960
938
927
945
932
939
950
920
931
938
928
921
911
917
908
935
935
942
939
922
937
953
933
915
933
938
941
922
930
926
938
932
947
951
931
946
921
937
920
930
933
934
916
925
923
917
911
932
920
949
937
911
913
924
938
946
937
933
930
920
931
934
927
944
923
938
942
913
945
934
946
927
915
939
915
949
925
938
923
928
954
934
934
920
917
930
940
932
959
935
951
925
933
941
927
945
945
937
932
944
937
943
944
916
928
928
924
908
931
949
923
926
928
925
916
939
941
929
924
918
935
931
923
935
945
936
922
929
914
943
932
935
940
937
927
929
930
941
953
923
942
942
930
929
936
925
921
924
941
924
939
948
926
928
900
907
934
921
935
937
939
934
941
932
919
941
922
918
943
935
942
940
928
915
918
934
914
936
933
941
948
944
913
928
934
937
937
928
938
925
936
936
945
923
918
946
928
945
948
945
936
926
916
951
925
932
936
943
931
923
934
935
941
947
934
928
932
927
951
934
927
928
946
935
926
930
935
915
938
928
953
943
950
935
916
926
954
956
927
933
933
916
927
938
948
926
928
919
928
932
926
932
940
912
951
927
930
926
930
937
937
936
930
938
950
939
940
943
910
921
943
932
922
916
917
924
927
944
920
927
931
943
932
930
932
936
934
937
937
939
910
928
937
940
932
935
947
911
922
931
941
927
926
933
925
940
925
929
935
914
927
915
945
924
912
938
937
916
916
926
951
915
923
949
944
932
935
921
927
934
919
936
944
940
935
943
927
914
932
939
934
935
930
933
926
923
935
963
951
924
916
948
939
933
919
909
941
901
915
920
936
952
940
922
940
947
930
924
936
944
939
935
938
932
936
926
934
940
932
935
945
917
940
935
940
926
927
941
957
933
951
932
923
935
945
932
938
934
943
921
933
923
930
942
935
913
918
937
921
924
943
921
942
940
943
923
919
909
931
936
940
941
934
943
935
933
911
920
940
945
951
919
928
939
922
917
938
936
943
935
953
930
918
921
927
926
931
914
937
928
929
918
935
947
931
936
927
933
920
940
939
936
899
917
913
929
933
939
942
928
945
933
933
914
940
909
941
935
925
909
939
939
925
939
933
955
932
941
939
926
923
930
922
918
925
976
