1065
921
936
939
936
935
932
927
939
936
922
931
941
935
934
939
927
941
963
922
926
939
953
937
934
943
941
954
945
922
941
934
925
936
937
947
939
927
925
921
945
936
927
930
938
922
937
926
915
942
921
916
936
920
921
943
939
938
949
937
912
928
938
948
936
934
946
949
930
938
938
939
929
938
908
928
939
949
945
923
954
928
925
936
923
920
925
926
946
944
941
919
933
923
909
937
929
932
943
923
924
942
936
949
925
940
929
923
929
911
937
930
928
946
930
938
927
933
936
939
921
921
938
934
942
941
926
920
957
930
936
926
939
932
948
943
940
945
939
903
923
921
941
954
927
929
928
919
939
895
930
912
927
939
951
923
943
932
941
916
915
923
927
934
938
931
928
924
928
962
936
936
908
925
941
930
924
930
918
920
935
932
941
924
918
949
939
924
931
915
935
953
926
946
919
923
930
940
923
919
919
936
928
924
938
948
937
933
924
915
907
913
941
929
936
931
912
924
917
940
935
922
950
939
947
942
942
930
925
916
936
940
948
916
941
936
933
936
945
920
949
944
930
941
916
915
946
931
935
944
947
930
923
936
933
947
933
927
933
929
948
932
921
939
927
929
936
931
919
942
927
924
929
920
936
938
938
919
924
921
918
934
935
941
907
939
917
935
917
918
932
943
923
928
937
944
926
922
924
940
935
913
941
926
935
926
938
940
923
929
921
943
939
935
928
940
938
942
934
944
916
932
936
939
947
925
952
942
939
916
939
947
924
926
941
937
930
929
936
908
933
925
919
921
947
935
919
931
921
925
932
924
921
940
945
934
923
943
944
929
942
951
931
944
931
955
916
931
915
946
923
931
932
936
922
935
932
919
935
929
946
916
909
921
906
932
939
932
928
934
920
929
937
930
945
932
909
955
950
935
930
946
923
932
930
933
925
909
932
938
921
933
937
944
932
930
949
937
937
946
908
915
950
933
926
915
915
935
946
936
940
933
924
928
943
944
952
930
930
941
913
916
935
946
952
910
927
939
943
938
902
926
941
931
941
904
928
947
934
942
954
941
917
939
929
920
925
921
923
954
923
926
911
944
937
944
920
915
931
940
925
934
931
916
921
935
916
925
933
931
941
934
941
936
916
926
937
942
906
936
933
933
931
927
941
937
940
927
937
930
925
956
957
946
925
937
930
939
934
923
937
929
957
943
934
947
931
909
944
934
947
918
927
949
962
924
948
938
940
931
928
943
925
939
936
943
916
926
947
917
927
936
927
917
907
921
939
949
923
932
946
918
926
934
928
925
917
919
921
930
923
933
932
930
939
924
932
920
928
934
946
915
915
944
928
926
905
948
930
923
913
941
932
919
939
932
931
938
924
934
922
953
942
945
930
932
926
938
936
922
918
939
941
910
924
919
945
922
932
944
941
919
940
936
918
925
912
929
908
921
914
940
939
930
926
946
935
940
936
940
932
945
918
934
933
924
943
933
923
936
947
914
935
931
918
923
928
942
927
934
923
919
943
948
935
939
928
917
922
936
941
921
924
948
949
956
933
933
938
926
926
935
924
955
936
930
925
932
945
932
925
952
937
921
930
924
931
932
909
933
927
942
928
943
949
916
919
957
944
923
938
935
934
923
920
913
927
914
938
917
963
944
945
962
937
950
937
939
929
935
936
937
914
915
916
920
944
940
943
936
961
942
926
928
923
949
928
934
926
909
935
934
938
918
944
945
931
938
927
933
907
936
915
945
911
926
940
928
932
937
926
931
944
923
941
950
929
935
916
940
927
926
935
926
932
920
938
933
931
929
937
911
917
928
921
924
926
921
946
936
922
911
915
942
949
936
950
940
924
943
931
907
933
929
929
939
917
917
930
921
923
950
931
915
916
931
928
936
913
937
923
931
931
935
963
943
961
941
944
942
932
935
922
913
933
921
938
929
941
933
939
914
943
928
922
900
934
936
935
923
921
927
938
941
930
944
944
950
934
939
935
935
939
926
936
936
917
909
942
926
937
945
944
917
934
929
927
905
930
937
921
919
914
925
917
930
927
938
931
931
946
930
938
951
961
930
928
944
909
942
932
918
946
931
922
905
921
946
932
922
923
940
938
923
941
925
926
942
921
948
915
925
919
941
952
941
945
928
938
930
931
934
938
923
929
943
947
928
935
947
935
934
921
946
939
930
943
941
938
942
937
936
918
934
939
932
960
953
927
924
926
932
927
937
906
922
901
924
924
957
928
933
938
931
950
927
947
926
931
919
951
931
942
953
947
913
944
955
940
933
951
924
930
945
923
921
926
938
921
911
918
933
928
939
934
925
930
946
936
935
935
931
919
930
941
932
927
929
944
939
940
936
946
918
926
940
929
927
935
947
923
925
937
919
908
923
919
912
930
935
930
926
928
930
949
942
939
947
928
923
939
938
917
937
933
918
905
905
930
913
913
943
921
941
926
937
950
924
925
917
935
938
952
929
929
937
927
927
942
938
928
929
928
930
947
908
930
931
922
942
938
925
921
917
937
940
929
926
935
928
926
946
935
959
924
928
939
925
920
932
920
932
944
933
944
934
923
937
928
932
930
925
929
921
932
918
931
932
947
930
928
913
925
945
913
931
941
919
933
941
913
926
934
928
949
931
941
923
932
933
905
941
937
935
939
958
937
940
924
941
942
929
904
935
947
917
924
939
923
938
954
948
924
941
930
917
935
930
929
909
950
936
928
925
926
928
919
925
936
929
956
946
917
944
923
953
921
923
932
928
941
932
941
943
907
933
914
942
932
938
957
946
930
917
964
936
932
912
939
925
940
921
924
938
933
956
944
940
942
917
930
924
948
944
945
919
948
927
944
947
933
941
947
953
934
936
937
915
938
935
929
946
930
920
931
947
942
923
920
925
933
935
930
907
927
941
939
947
947
929
943
947
938
936
941
937
944
938
940
936
940
935
928
942
930
952
923
932
925
955
927
936
929
953
933
968
946
926
939
930
923
928
933
932
931
948
937
921
939
918
924
933
932
928
929
948
911
964
945
936
930
930
924
920
924
930
932
938
946
949
952
928
937
936
930
934
922
929
910
935
952
939
911
936
947
901
932
939
942
935
923
937
927
934
919
922
920
930
928
947
932
906
933
940
934
932
933
928
933
935
929
926
925
944
906
939
942
933
937
943
949
927
931
916
928
960
925
933
924
946
920
926
948
930
927
945
937
950
939
929
912
939
928
929
948
929
923
904
916
963
940
920
940
944
921
934
941
928
936
937
912
951
937
927
927
919
928
933
915
947
937
943
945
930
900
927
932
921
936
950
923
930
939
930
924
956
945
941
941
913
916
931
925
918
921
910
934
948
938
920
947
941
915
903
931
932
926
925
945
922
922
936
922
958
935
956
941
943
917
928
930
938
927
933
930
940
937
927
934
915
920
931
935
935
931
932
944
932
912
913
923
918
946
945
924
945
931
924
941
936
925
942
927
931
927
939
945
922
936
936
925
918
940
942
918
927
931
918
930
925
940
920
938
929
923
924
932
931
920
920
916
932
944
929
941
936
938
944
944
907
921
936
945
926
943
950
935
945
945
932
951
954
925
912
939
910
930
911
942
927
923
915
938
944
953
921
914
924
939
936
932
922
927
933
936
930
930
941
929
923
929
954
945
952
951
916
942
922
949
920
931
932
937
933
949
935
922
925
933
946
928
921
927
915
926
938
936
932
922
928
934
930
932
941
945
920
915
917
938
915
933
930
928
935
905
913
917
935
941
951
928
914
911
955
919
929
927
938
942
932
945
922
939
923
952
944
916
930
931
949
933
920
911
934
935
936
922
943
931
927
932
917
933
928
924
939
929
921
945
942
951
938
930
938
942
940
940
949
933
926
923
943
915
923
937
904
932
932
930
943
927
937
930
931
941
934
935
952
956
949
933
926
938
930
931
935
927
930
930
920
950
949
927
941
948
923
943
931
933
949
935
945
909
919
943
957
916
950
941
938
937
938
923
927
922
922
947
926
932
928
924
944
960
932
927
920
920
932
940
958
939
915
945
940
914
934
926
935
952
925
926
942
917
942
934
937
947
930
938
929
936
932
938
936
934
919
933
932
929
914
938
929
936
932
913
943
950
923
907
941
924
912
912
898
941
933
941
940
927
927
939
914
944
941
931
931
912
920
944
917
924
923
923
952
932
952
923
916
947
934
926
940
922
919
939
930
924
942
941
937
938
944
935
924
910
918
925
925
940
920
925
930
932
923
902
916
910
936
938
937
914
930
928
937
939
934
936
916
944
916
949
938
952
950
912
923
908
917
938
945
915
934
922
933
928
944
938
930
932
922
929
914
935
920
942
935
926
925
944
935
932
945
946
923
961
956
931
917
938
941
928
943
932
930
918
921
921
936
933
956
939
922
932
945
932
928
926
913
942
925
929
938
929
925
902
939
944
947
919
910
925
942
926
947
903
915
923
908
945
925
928
940
926
945
952
936
950
953
934
921
943
934
931
934
914
929
915
941
926
941
925
934
935
921
927
929
938
923
931
926
915
920
936
929
927
927
939
925
918
937
947
916
935
928
925
941
912
920
922
930
921
915
941
942
926
924
928
919
946
929
928
928
931
940
941
919
923
923
943
940
910
927
943
908
946
933
944
932
944
940
942
921
927
933
940
924
931
938
917
952
950
929
922
916
943
941
939
945
922
938
920
941
929
918
940
919
938
936
920
930
924
923
922
937
918
931
930
940
961
941
933
941
912
917
922
913
912
903
929
929
930
912
934
946
928
943
922
931
935
936
920
931
922
905
930
932
938
924
940
934
917
950
940
953
911
936
939
915
917
937
948
935
920
919
922
915
939
934
939
930
945
929
925
928
929
941
917
938
938
931
939
910
939
914
939
929
928
951
949
915
941
937
916
926
936
932
932
937
939
926
946
924
911
932
931
941
934
942
919
935
945
933
921
929
926
917
920
946
935
957
927
927
934
920
953
919
948
907
923
938
947
936
941
929
949
940
928
934
945
903
939
934
934
932
934
932
948
934
923
917
933
933
934
931
932
932
935
918
933
940
918
922
940
928
939
939
937
932
920
922
946
917
932
958
943
943
916
909
921
913
922
934
913
924
907
937
919
920
943
919
944
945
931
945
932
935
947
938
946
931
931
917
964
947
942
929
916
938
925
942
950
933
939
941
915
927
914
938
925
926
938
953
953
924
943
925
939
933
923
925
925
934
924
918
945
921
930
945
930
923
909
931
938
945
926
950
938
938
937
934
932
917
932
904
935
926
925
918
929
911
919
942
916
927
955
921
908
910
951
933
935
931
932
934
948
950
928
923
943
936
929
940
928
932
946
937
936
916
937
915
927
957
924
943
927
923
933
936
935
933
932
929
926
916
936
919
923
951
918
929
944
943
939
942
934
941
936
952
944
922
913
912
925
929
959
929
930
937
912
948
925
939
923
926
936
923
922
916
938
945
930
944
923
950
941
941
934
925
928
925
945
915
956
935
938
925
920
912
933
939
919
923
937
923
918
925
945
932
925
938
921
924
913
943
913
934
947
929
923
923
917
937
933
925
926
931
928
959
931
922
902
961
939
933
929
918
924
915
904
935
910
955
931
928
925
944
928
947
915
928
930
915
944
936
914
917
951
935
917
920
912
929
944
922
931
935
924
931
920
905
926
917
919
914
926
907
906
932
921
918
975
