1065
920
932
925
923
917
948
930
951
924
922
931
917
920
925
937
924
915
911
903
930
940
931
920
923
928
910
948
938
926
946
933
912
927
925
933
935
919
927
936
932
913
926
908
937
930
931
920
933
908
923
907
914
945
938
926
932
941
935
938
941
926
923
929
944
918
945
929
917
933
923
943
937
948
926
911
928
938
917
912
919
921
938
943
939
933
928
938
931
926
929
940
950
928
901
933
926
943
961
922
941
920
934
950
931
940
943
940
945
930
940
923
922
934
927
949
928
926
946
935
935
918
908
926
922
921
953
954
937
950
925
929
932
945
937
937
941
912
921
945
918
928
932
927
945
953
930
950
921
938
938
947
951
933
933
919
940
938
934
932
939
939
934
919
928
944
928
935
905
952
940
941
946
930
925
920
943
929
942
937
956
912
912
923
928
912
926
934
937
931
942
925
934
924
936
943
937
920
936
925
937
933
930
931
936
931
949
911
947
929
918
935
939
914
930
922
936
929
940
942
918
937
929
932
925
932
930
918
929
918
944
914
941
925
930
911
922
915
934
925
937
939
935
935
916
942
951
942
926
934
941
916
933
918
931
927
942
931
940
937
951
929
906
935
924
920
936
929
926
921
939
954
921
939
951
944
934
928
931
940
926
948
942
940
951
924
933
927
939
927
925
930
930
936
932
922
951
931
925
920
941
938
935
932
938
915
927
929
941
954
910
943
928
943
911
919
934
930
927
913
913
951
926
926
928
919
935
932
926
935
925
934
927
929
953
935
938
942
938
942
944
935
919
942
923
934
943
915
919
914
937
931
925
915
939
923
941
934
937
916
918
929
947
942
948
937
924
950
924
933
926
942
937
927
927
920
929
950
927
942
920
928
915
926
927
919
929
945
938
920
941
947
931
915
945
938
921
932
918
905
923
927
944
928
931
923
928
935
944
920
925
932
958
915
916
941
928
925
927
922
945
952
922
919
947
934
913
944
948
946
946
933
925
929
941
937
920
936
926
942
911
942
936
939
930
928
930
930
919
936
927
918
933
932
938
937
933
940
936
929
920
918
918
934
922
925
936
929
936
945
932
952
936
911
933
936
935
914
928
944
930
937
939
920
946
942
933
918
931
938
947
936
943
918
935
913
929
924
922
930
919
925
937
942
924
943
939
947
923
915
907
929
929
928
929
937
956
927
922
910
946
929
944
936
951
954
925
916
909
929
915
926
936
933
929
927
945
943
928
931
931
919
931
937
943
924
954
926
946
929
918
925
936
915
920
918
935
908
929
938
934
935
934
924
943
932
915
930
951
935
925
934
931
933
937
937
940
929
926
922
940
935
945
916
943
936
936
918
920
931
931
938
938
954
926
934
921
923
928
929
916
914
928
936
936
930
948
948
928
920
934
934
916
927
912
954
938
930
933
941
930
944
929
930
927
928
923
931
946
947
914
909
927
933
931
943
925
938
923
926
910
923
937
930
956
935
938
932
929
927
910
940
933
931
940
919
939
927
943
950
952
931
915
935
925
930
926
916
963
943
920
922
947
926
953
926
940
921
914
928
921
925
942
909
935
942
926
924
922
942
932
926
923
931
911
920
943
944
924
931
923
915
943
953
930
933
936
935
933
933
941
933
953
935
928
929
933
929
908
927
930
929
938
910
941
941
906
928
952
912
945
928
923
927
927
952
939
954
914
943
924
922
917
929
945
911
923
936
930
914
946
940
939
944
940
945
918
911
937
937
933
927
945
947
938
927
953
946
922
935
922
930
926
917
939
917
917
944
928
929
932
921
913
932
939
940
914
918
933
927
951
932
913
937
912
929
923
921
932
933
924
931
931
927
919
933
937
930
936
933
943
941
949
937
932
928
935
927
946
936
935
901
926
951
920
924
926
940
945
925
941
931
908
918
922
949
905
926
931
945
913
917
922
935
933
930
927
931
927
922
932
925
942
950
939
949
944
910
938
951
926
923
938
925
920
943
932
955
936
935
941
943
946
943
926
923
920
942
941
942
938
910
928
944
914
918
939
932
958
950
937
920
932
933
927
956
939
926
924
953
940
924
934
924
929
929
927
916
917
927
930
944
941
935
937
929
946
923
934
951
942
946
928
950
937
948
926
940
945
943
934
915
919
901
942
913
930
930
942
936
938
922
925
933
917
924
913
942
919
930
920
939
936
924
935
929
947
937
920
951
932
932
944
928
946
947
937
925
937
920
942
928
928
946
946
927
912
929
951
936
933
925
936
926
921
916
943
916
922
925
932
947
921
935
930
935
917
927
942
940
923
930
930
917
921
929
921
936
944
933
935
930
940
949
937
916
923
948
934
942
940
923
937
934
922
946
947
936
930
937
909
921
954
948
920
938
944
923
953
929
923
914
934
954
929
933
916
944
936
925
939
926
939
926
924
927
918
944
934
931
926
924
923
914
941
936
930
931
939
951
946
935
909
938
917
927
915
937
932
938
927
905
936
948
935
949
934
945
948
918
938
946
949
936
927
937
944
953
949
945
927
923
920
926
927
928
939
938
937
955
919
923
942
917
929
927
941
925
927
906
928
930
930
918
940
957
929
914
912
941
927
933
949
941
929
937
925
932
936
930
936
928
952
939
918
951
913
911
930
918
923
952
940
944
935
945
921
920
941
940
933
939
931
912
925
932
938
929
938
921
935
943
934
947
937
949
924
922
941
943
944
938
941
927
920
945
931
925
924
909
916
926
922
921
938
941
928
946
945
931
931
945
932
944
931
925
946
917
932
942
950
932
935
919
935
934
922
926
906
920
939
947
932
951
931
929
944
948
924
932
912
931
933
937
916
928
930
917
923
919
937
931
936
922
927
926
927
906
948
914
939
940
934
922
927
925
938
922
925
946
931
937
922
924
916
938
929
920
941
936
929
931
951
948
918
937
929
934
925
929
931
921
927
917
912
919
923
954
934
951
913
929
925
946
946
949
957
938
938
923
940
929
927
930
918
925
922
929
925
918
940
929
939
946
935
928
938
932
943
930
948
932
923
933
940
918
932
920
914
956
942
920
949
936
934
944
938
923
939
919
913
922
926
949
933
929
949
934
932
931
935
933
936
921
907
934
917
920
939
925
939
923
938
927
917
930
940
928
938
949
940
947
944
922
939
929
946
920
932
912
928
932
937
917
934
938
920
944
939
926
952
935
921
952
960
938
939
947
932
930
929
932
928
931
946
949
928
939
918
923
941
952
931
939
927
941
942
937
950
917
915
921
918
925
928
931
930
929
939
929
937
935
928
928
932
956
914
913
912
959
931
922
943
942
927
949
938
924
935
941
934
943
946
951
931
898
919
941
940
920
953
946
916
925
940
954
936
910
929
930
935
944
938
950
933
936
935
925
921
921
919
926
914
944
936
927
955
940
924
916
930
917
926
939
924
941
942
917
934
916
927
923
934
919
926
928
895
921
945
922
937
922
934
952
936
932
921
932
941
940
930
948
930
920
915
925
923
943
934
950
920
941
932
927
922
924
934
930
927
939
924
936
913
931
927
920
928
917
943
941
926
922
913
948
932
951
929
929
927
922
950
949
928
950
922
923
932
949
919
935
941
949
923
910
932
920
917
932
912
923
935
929
935
926
936
926
921
920
927
930
932
929
925
943
927
941
950
945
927
921
914
932
922
934
946
927
943
933
936
952
939
948
927
942
929
941
937
942
919
935
935
920
926
931
933
933
923
956
944
930
940
941
936
935
928
936
943
933
953
952
925
941
915
922
920
943
937
938
930
924
932
924
929
916
923
934
925
924
924
933
955
937
930
942
931
937
947
929
939
948
924
951
921
927
947
927
915
928
932
947
949
946
935
936
953
947
939
908
925
938
937
915
942
948
928
948
933
926
937
934
934
942
948
927
902
917
942
942
934
927
940
944
949
925
936
936
930
920
927
943
934
950
951
913
934
958
919
916
930
934
941
933
922
910
935
926
945
922
922
922
925
932
933
940
934
946
918
934
927
912
942
913
913
926
934
952
921
924
933
939
934
931
936
917
934
939
937
924
928
941
932
943
911
934
944
915
924
947
936
926
928
929
941
919
916
922
930
926
902
919
933
934
926
934
940
946
946
934
929
913
930
943
939
918
933
940
933
933
919
937
921
911
924
930
935
950
945
927
918
908
919
940
903
938
932
929
933
944
926
934
930
909
945
942
929
934
951
919
937
930
922
922
937
928
918
920
912
936
937
933
944
932
912
942
940
927
935
941
927
928
916
934
903
925
941
947
904
941
931
940
926
932
938
923
933
916
934
926
940
918
911
935
920
941
931
921
955
924
936
922
947
941
937
928
932
940
922
933
927
924
949
919
916
937
939
909
920
931
938
944
949
944
941
927
919
928
926
918
935
936
930
967
908
922
940
929
912
924
904
930
924
923
945
933
920
934
925
946
932
945
935
933
929
938
938
948
905
914
923
939
919
927
931
924
931
954
927
925
939
950
928
933
922
930
936
941
928
953
939
914
927
927
943
927
945
936
934
921
937
947
922
943
924
923
927
939
941
936
929
922
932
947
924
928
932
924
909
929
922
913
915
923
916
923
948
935
930
937
932
921
946
945
915
930
928
908
930
930
934
947
932
918
920
913
928
931
932
940
942
917
940
928
921
915
908
938
937
923
929
913
922
933
944
920
949
947
940
926
941
953
938
929
918
930
939
943
905
952
916
934
934
915
928
927
931
934
928
922
941
944
926
921
954
929
956
925
944
935
930
942
944
950
918
932
922
929
935
933
946
927
922
945
942
918
930
944
937
925
943
934
912
931
924
930
933
937
925
947
912
923
926
953
945
930
955
932
941
929
927
916
932
928
921
941
924
931
941
958
938
925
927
941
944
949
912
932
962
939
918
930
928
922
924
940
933
919
925
925
937
913
924
942
929
924
933
944
931
937
940
935
945
920
938
926
927
925
921
939
938
927
907
936
906
946
927
923
916
922
934
931
950
925
945
907
934
932
920
936
937
923
927
917
913
951
942
939
941
909
937
936
943
925
924
929
944
945
914
926
943
937
910
938
939
938
951
930
927
931
931
932
929
932
922
925
924
910
935
930
933
922
923
922
951
932
935
923
947
935
944
949
930
917
941
944
937
920
920
930
933
929
911
928
941
929
956
932
921
923
916
939
926
958
918
929
944
923
928
942
933
927
936
925
941
935
934
934
946
955
932
921
920
928
897
965
963
928
938
957
933
938
931
939
944
939
912
940
934
946
927
940
915
921
944
930
909
923
949
939
947
930
925
944
935
938
924
920
919
913
916
927
922
944
937
940
916
943
929
939
934
911
933
929
913
939
933
931
930
925
926
942
925
940
948
935
926
930
927
929
941
937
918
932
919
933
929
947
916
928
931
926
939
936
951
924
956
916
920
938
910
931
941
941
934
950
950
947
921
950
925
940
940
938
918
923
931
930
952
945
926
945
936
924
927
916
919
938
904
921
950
956
932
917
933
929
927
950
926
919
941
939
911
940
938
935
948
924
922
932
917
954
952
923
927
923
941
928
914
924
915
935
941
929
927
908
914
957
922
930
932
923
938
933
908
930
943
931
943
926
928
948
927
923
931
941
920
940
940
945
922
936
954
935
921
949
929
932
945
930
939
904
940
933
924
940
935
935
935
925
926
934
926
938
927
926
933
926
934
942
952
947
944
925
920
937
948
932
953
950
921
924
975
