1065
921
940
913
943
910
921
933
939
922
938
929
918
948
924
935
948
909
932
940
954
943
928
930
915
939
935
919
924
911
927
916
920
943
913
939
913
926
925
950
917
939
937
924
913
928
927
940
931
937
936
925
928
946
945
942
904
924
929
925
957
942
936
929
921
936
925
942
943
920
923
957
947
919
928
935
941
908
916
923
922
923
938
930
906
928
934
923
922
927
930
935
916
914
950
947
945
942
965
946
943
930
930
936
938
934
944
923
957
906
945
937
931
922
899
947
923
940
918
918
934
934
935
921
931
933
909
926
951
918
924
923
936
949
943
945
915
936
948
938
922
917
926
936
936
923
933
950
914
932
935
943
942
941
918
934
935
942
918
941
930
917
917
930
930
929
921
916
947
953
943
932
933
931
941
921
923
931
948
931
934
934
938
924
930
942
949
935
947
915
935
924
930
923
921
920
917
933
931
947
942
945
934
919
961
925
923
921
902
901
913
906
919
927
942
926
963
939
951
924
936
954
942
934
917
919
944
936
932
923
916
939
927
934
926
938
921
907
930
937
927
927
914
925
935
942
924
926
944
950
946
937
910
926
917
938
937
937
932
927
928
939
928
914
938
920
903
916
927
928
929
902
946
936
932
927
939
942
944
917
946
929
924
916
926
939
957
927
935
924
916
925
935
933
933
926
916
941
932
945
931
919
933
931
933
937
934
935
918
947
928
938
938
929
933
930
933
944
945
920
923
935
926
935
947
949
931
910
921
927
923
924
939
924
909
933
940
941
942
931
933
930
940
918
911
930
942
922
927
937
936
923
928
946
941
934
929
923
932
923
927
912
931
929
938
928
925
935
892
918
929
928
921
920
942
925
925
922
933
926
937
920
910
945
930
931
940
928
945
935
930
949
932
942
937
921
936
941
947
916
959
911
910
947
942
937
934
931
918
931
928
937
943
927
932
943
937
924
931
945
935
930
922
945
935
923
934
922
915
935
923
921
928
936
942
939
903
932
924
916
924
920
939
942
930
919
939
936
937
927
944
931
942
921
923
943
937
946
936
936
940
930
940
939
953
930
920
932
944
948
920
925
917
943
949
934
937
931
944
940
935
947
952
925
923
931
925
919
938
953
930
935
939
942
922
917
937
956
926
920
928
922
938
926
926
912
940
935
942
932
928
936
952
921
945
931
935
917
933
933
930
939
924
923
917
922
930
940
923
920
930
933
934
936
942
939
921
926
911
942
923
930
929
913
930
925
932
954
917
932
925
939
939
943
951
899
937
935
937
923
949
945
920
938
936
941
930
937
925
926
929
926
924
927
948
953
911
925
938
926
935
930
941
935
932
944
931
928
946
918
900
921
941
929
936
922
933
933
926
928
918
935
937
933
928
948
952
938
917
923
935
931
936
963
919
934
928
920
944
936
939
944
909
935
921
935
937
953
945
928
928
937
931
946
942
921
940
929
923
933
928
940
935
952
953
945
924
940
923
927
939
940
917
941
938
932
939
949
935
902
926
913
935
935
948
911
929
948
937
937
951
940
920
926
939
930
924
931
963
949
923
943
941
926
942
943
947
916
936
915
940
925
934
947
953
933
923
928
928
933
940
928
936
919
929
950
930
939
926
942
941
936
943
935
946
918
923
950
927
937
913
955
921
927
939
925
946
940
932
930
947
936
950
928
937
930
943
916
921
926
911
938
927
930
930
915
924
950
908
921
934
940
930
943
936
910
946
942
937
927
935
956
917
932
917
941
925
919
930
938
930
937
930
911
929
927
959
900
915
916
927
926
937
958
937
930
935
921
932
945
929
941
935
931
952
948
929
929
942
922
930
915
928
935
936
926
924
953
938
937
941
936
952
939
942
897
929
933
913
933
920
925
921
927
917
939
933
935
934
946
930
951
934
922
933
928
935
929
933
918
890
926
930
939
928
935
917
929
919
930
922
932
937
921
940
914
940
932
948
946
936
934
923
938
936
936
944
932
911
926
915
921
930
938
947
943
909
940
928
935
931
938
945
926
956
922
933
926
950
928
914
947
937
926
947
947
925
946
915
910
933
937
910
938
941
940
935
924
928
928
930
936
933
925
926
933
918
927
928
938
951
903
931
934
922
930
930
925
947
953
948
939
930
924
933
933
924
935
931
920
929
924
916
918
929
925
933
926
934
962
938
957
943
934
935
932
933
941
907
917
941
926
941
951
921
921
929
937
938
925
924
950
928
928
946
918
945
949
931
912
940
956
938
887
921
933
933
962
935
930
941
932
925
936
923
930
936
930
941
917
930
922
928
932
931
943
935
910
924
934
939
937
939
929
932
933
935
934
931
927
927
915
951
921
928
937
934
936
952
937
921
910
929
939
932
943
942
924
928
928
931
930
927
950
915
921
921
925
915
940
937
948
926
927
939
930
933
937
945
926
917
937
954
925
934
939
947
933
953
926
946
941
924
929
910
909
937
940
923
934
925
937
934
922
952
905
939
921
940
933
932
930
916
941
933
945
940
952
931
922
917
925
940
935
919
935
929
923
929
939
924
924
930
944
951
932
936
950
928
938
926
927
947
912
896
954
936
935
934
941
946
934
917
929
929
929
951
917
935
942
927
928
935
949
916
928
958
926
911
915
925
938
909
952
934
930
941
922
924
923
912
935
932
931
951
923
926
927
919
920
933
923
923
919
920
925
946
924
926
930
933
937
922
917
922
952
914
925
933
948
916
934
947
935
949
937
939
934
914
916
944
916
933
942
926
929
944
918
930
928
925
915
938
902
922
913
929
939
915
937
927
932
952
919
948
917
940
943
929
944
930
924
933
938
913
933
943
920
939
919
930
934
933
947
921
906
945
945
946
940
940
956
935
942
925
923
925
929
922
943
915
922
951
920
917
929
910
943
948
926
947
950
924
927
930
943
924
935
932
937
926
927
922
958
923
922
935
927
914
928
948
932
926
943
930
923
928
927
953
928
919
930
915
927
929
927
934
947
936
931
935
935
953
933
937
935
942
925
936
930
933
934
949
940
932
935
940
930
916
916
934
940
930
939
942
921
916
932
941
948
949
955
931
929
936
939
948
934
949
912
936
929
937
950
945
919
940
940
934
926
936
940
938
921
928
914
940
927
942
942
933
939
926
928
945
942
933
930
930
920
941
927
928
946
955
926
935
938
941
932
936
942
933
926
909
927
903
926
940
934
938
929
929
926
935
940
940
938
939
935
927
925
932
931
923
921
941
941
932
946
944
928
925
935
929
918
926
935
940
946
942
917
939
939
935
939
946
928
921
931
934
929
915
919
945
944
940
910
931
940
920
924
933
930
935
932
938
917
929
932
919
952
918
933
905
932
937
932
926
930
928
936
945
938
921
937
925
940
934
929
931
932
937
941
940
930
941
934
931
943
925
944
933
956
951
924
940
931
922
933
923
909
917
928
946
936
927
910
933
917
953
955
917
922
917
941
922
941
917
941
937
926
922
933
918
928
935
937
930
914
934
917
915
936
936
922
943
925
937
933
936
942
908
924
951
924
927
939
952
931
914
920
920
937
926
925
931
920
912
925
915
913
935
949
920
916
922
940
944
898
937
909
940
916
948
945
926
932
932
927
935
937
946
950
927
939
932
926
923
933
936
939
947
943
925
929
932
927
930
942
943
930
920
936
923
932
917
933
912
912
929
929
949
930
902
914
922
935
937
941
935
924
928
936
953
938
939
940
928
935
942
930
949
903
924
935
955
928
923
921
932
935
935
942
937
937
937
933
925
945
922
928
924
927
930
934
931
950
912
929
940
939
933
923
953
922
928
914
922
925
925
951
942
942
931
924
927
938
919
939
931
919
927
943
925
924
928
938
915
928
931
941
918
938
948
948
907
927
949
938
927
937
940
930
937
933
935
927
926
917
928
939
918
940
931
931
933
923
922
928
944
924
940
927
919
950
932
907
911
929
929
908
931
924
919
940
935
945
939
930
917
926
937
953
944
937
943
942
903
944
928
930
944
926
902
937
924
937
930
938
918
937
919
938
934
922
939
936
948
934
931
940
945
922
937
932
930
939
949
954
945
942
919
935
923
925
935
928
908
952
936
937
939
921
916
938
939
947
947
920
941
932
926
941
930
948
919
930
927
917
930
942
935
938
943
919
926
920
942
945
938
951
920
947
952
938
910
919
940
945
936
940
910
934
915
944
943
949
934
930
926
941
919
930
943
936
932
946
933
928
952
949
932
955
925
948
933
934
934
941
943
923
910
948
936
922
921
914
900
929
928
933
933
945
943
932
941
934
928
925
939
944
930
922
935
923
935
932
921
935
925
940
937
920
948
923
910
933
928
927
931
939
925
908
931
910
934
927
931
923
908
938
935
940
929
942
943
938
915
932
923
911
918
956
943
922
944
930
886
946
942
947
939
923
936
921
924
939
944
934
943
924
919
942
961
921
938
945
924
919
954
942
945
946
943
943
930
939
926
935
935
923
938
928
915
936
918
928
921
938
925
927
930
912
923
903
942
918
951
923
931
915
928
926
933
953
934
929
947
941
944
942
928
928
942
923
918
933
925
953
942
927
934
946
935
924
933
924
926
943
928
914
914
954
912
925
917
930
923
933
945
942
937
928
929
942
929
924
949
921
916
911
942
933
936
932
927
931
925
943
935
928
959
934
922
937
910
931
930
929
939
940
932
932
925
924
928
915
909
935
942
937
932
924
927
909
915
914
911
932
932
957
933
926
947
929
930
926
927
945
938
949
942
918
950
928
936
923
921
946
928
937
940
956
933
938
929
930
939
927
942
945
940
913
941
934
941
923
938
913
947
933
939
896
917
950
910
920
924
921
923
908
957
935
905
950
928
923
918
914
913
948
928
922
930
920
930
929
922
923
954
928
926
930
942
942
929
930
928
922
927
925
925
921
928
940
963
946
943
950
954
955
929
925
952
946
927
916
919
935
931
936
931
940
954
925
918
938
935
930
950
945
924
930
923
951
929
925
933
926
927
947
922
931
903
942
959
941
914
938
921
930
931
920
919
934
928
939
926
929
949
936
928
910
935
931
940
924
950
926
918
936
940
939
915
917
926
928
949
938
928
912
933
949
929
920
922
918
934
946
913
923
929
944
946
926
930
927
947
922
949
928
945
938
931
925
912
933
939
935
932
936
914
926
929
928
930
925
931
937
935
928
913
924
945
927
931
932
938
929
930
918
941
927
914
936
934
935
910
921
943
917
931
929
921
915
933
927
936
937
942
921
946
937
932
936
918
938
942
927
935
954
909
937
919
930
933
955
934
925
924
941
931
919
928
940
947
928
928
942
916
906
926
926
914
925
931
927
940
945
924
914
928
938
928
928
922
940
924
945
932
939
929
926
932
950
941
946
942
927
942
947
920
936
930
950
936
952
947
950
942
944
925
944
921
931
928
947
923
904
943
932
934
942
930
913
915
926
920
945
921
940
945
924
941
926
929
941
932
915
927
932
914
933
930
937
935
929
924
940
946
933
945
945
938
951
931
925
935
927
917
929
900
934
931
943
915
931
936
940
928
927
946
941
937
944
934
948
933
948
939
946
947
937
927
943
939
937
927
932
950
929
917
917
944
940
936
917
929
941
929
952
929
929
905
928
927
936
942
922
945
957
928
925
939
943
925
940
947
928
918
911
921
940
935
926
939
954
942
933
927
923
919
922
937
921
935
931
912
925
976
