1065
921
942
917
925
922
940
946
952
943
914
922
941
933
942
924
912
928
934
927
939
926
940
919
915
934
946
944
934
901
941
933
924
904
937
950
943
925
926
929
928
935
915
916
932
921
947
947
933
923
920
940
938
918
943
928
935
935
937
930
931
927
936
931
937
930
949
928
914
947
930
934
924
921
918
952
937
905
954
923
914
929
925
938
909
943
930
933
909
920
934
940
945
911
921
923
925
943
942
926
929
916
934
935
916
938
927
930
948
917
916
936
932
924
926
934
931
938
955
943
950
929
922
924
936
953
935
952
929
924
942
924
952
922
955
929
910
926
947
926
941
941
925
913
920
930
926
950
936
939
953
939
931
948
922
935
922
938
931
928
927
947
919
912
926
929
935
922
914
925
915
922
940
924
931
946
931
940
925
921
943
946
914
925
910
923
937
935
913
939
908
937
931
923
941
947
935
925
945
920
930
933
939
929
925
938
927
897
937
948
951
920
927
914
927
919
942
915
942
934
935
931
927
906
939
923
938
945
916
931
930
951
939
956
943
949
932
939
933
931
926
929
944
911
935
943
927
933
929
945
939
910
922
935
938
942
925
934
934
928
908
921
937
920
936
951
928
941
935
921
950
938
943
932
945
942
942
934
937
932
947
919
950
939
944
932
942
927
950
922
941
940
942
931
926
917
929
924
934
916
923
920
927
930
944
935
923
923
925
921
922
938
934
943
928
943
922
948
918
943
928
932
949
911
948
926
923
917
923
906
947
923
914
931
920
921
933
932
935
938
937
934
917
940
938
950
934
916
927
946
953
928
939
927
939
933
941
943
930
927
944
946
939
929
944
923
940
925
939
925
904
937
936
931
942
914
925
930
952
938
936
926
936
943
941
940
937
928
934
908
905
925
915
934
919
913
934
930
938
916
930
933
931
929
935
946
907
957
940
911
932
933
927
925
917
936
910
953
941
949
948
942
938
922
946
932
929
924
933
917
936
945
933
926
917
925
935
932
937
913
918
932
945
936
943
935
953
938
921
920
934
936
926
933
924
930
947
922
904
938
946
923
947
932
923
926
927
934
933
929
932
934
936
921
949
917
956
929
928
927
917
932
921
931
934
940
934
915
932
912
934
923
920
919
937
922
931
938
956
949
923
934
934
957
931
942
935
922
915
931
934
924
937
927
944
939
942
945
925
927
927
922
931
944
919
933
931
943
933
937
945
905
932
950
920
939
928
903
936
931
923
956
940
930
925
925
932
936
943
919
919
910
905
917
918
935
913
930
933
936
924
932
952
919
926
950
937
921
948
936
955
931
928
959
930
935
926
913
929
931
944
950
936
933
932
922
921
929
922
939
933
918
925
904
918
927
928
946
941
934
945
919
949
949
926
930
926
943
945
929
941
935
915
950
935
910
923
938
926
930
945
937
926
918
951
920
931
943
931
937
929
933
933
929
928
940
924
950
925
931
936
925
942
950
920
933
938
930
933
927
930
937
941
929
926
917
940
967
934
936
938
924
939
935
924
947
927
935
928
939
932
930
943
941
936
927
924
918
935
927
942
926
937
930
947
948
936
930
925
932
929
946
955
945
941
925
954
931
930
949
930
930
915
925
943
929
910
942
923
930
919
942
937
937
931
910
932
951
933
914
917
927
929
922
940
925
964
942
913
937
928
932
932
931
922
939
951
925
928
930
927
946
934
932
951
928
939
942
932
924
940
943
929
948
931
927
916
954
921
921
940
917
918
944
941
923
926
926
924
928
930
921
930
923
935
942
952
937
937
942
919
934
924
935
925
935
929
927
936
942
925
932
935
937
925
938
927
932
929
933
937
969
926
947
931
950
916
941
926
931
933
909
932
925
939
936
928
941
943
926
918
933
918
927
921
928
900
917
917
944
932
915
946
931
917
938
930
938
925
923
938
930
946
918
928
936
947
925
929
906
935
921
943
937
924
921
920
915
929
929
930
925
931
924
948
926
912
943
925
934
931
931
943
942
934
926
920
929
934
944
940
958
936
928
928
942
926
938
929
935
914
949
910
917
941
938
920
949
938
939
937
933
935
927
927
924
942
936
908
926
912
947
926
934
929
928
927
938
932
933
952
936
948
944
930
922
925
937
912
932
926
920
930
936
932
948
923
936
928
931
938
925
925
940
921
914
935
934
915
910
917
925
926
915
937
934
935
929
919
927
937
899
940
942
922
932
938
933
937
934
939
933
931
982
934
928
928
960
935
950
925
940
931
935
923
927
937
921
945
957
936
933
932
954
935
939
925
912
936
933
926
932
921
916
921
930
920
927
948
935
919
917
927
935
929
928
937
923
930
928
917
933
935
943
947
937
917
941
925
936
916
931
945
938
943
947
931
946
922
944
931
925
931
927
956
913
940
930
918
919
934
927
925
944
921
939
922
940
925
939
929
946
894
920
918
929
930
941
937
930
932
922
942
947
932
925
945
933
932
943
909
914
926
933
953
955
943
936
953
939
929
925
927
944
953
937
917
924
954
950
944
932
942
917
942
927
930
938
943
938
934
925
931
920
933
943
937
957
914
925
933
933
947
941
928
937
929
940
934
961
950
939
926
921
921
945
940
940
937
925
945
943
927
937
950
917
921
940
942
917
943
937
925
934
955
944
918
939
927
931
940
934
941
942
956
917
930
928
939
950
945
929
934
932
931
936
936
938
940
923
919
929
927
933
942
933
952
942
943
931
931
932
927
914
929
935
931
932
943
942
943
935
939
955
929
956
934
926
932
938
948
938
914
920
916
937
944
932
922
931
932
918
948
930
947
942
925
933
939
943
918
924
917
921
927
928
949
943
910
933
928
933
921
945
934
945
932
925
943
936
943
937
930
932
936
921
937
933
911
946
942
937
926
931
936
951
916
927
936
929
929
948
919
940
934
933
948
923
921
927
943
922
925
928
935
943
922
963
926
941
940
945
928
917
934
935
936
931
925
929
927
949
938
953
929
917
927
937
926
924
944
928
949
927
928
921
935
942
917
928
924
931
925
922
920
938
908
927
941
945
923
911
920
919
941
938
931
925
936
937
928
945
941
934
921
926
922
931
942
936
922
933
932
929
935
950
948
906
944
935
926
939
933
943
935
925
931
931
902
930
928
939
953
932
933
933
935
947
928
935
939
943
934
928
928
933
930
942
925
925
928
926
932
922
909
908
937
943
939
943
934
931
944
920
915
903
939
947
915
917
912
926
938
932
930
927
924
934
926
936
924
942
933
923
935
934
942
929
934
915
926
922
944
938
930
950
939
940
939
933
924
924
923
914
918
946
909
950
931
923
928
918
932
956
925
935
921
933
925
949
915
931
924
943
922
933
923
934
923
941
940
935
921
944
933
934
939
911
934
937
928
938
947
936
922
908
916
911
925
924
929
919
932
935
925
934
947
945
936
946
934
944
958
928
921
929
956
941
932
931
918
944
933
930
926
917
929
930
945
950
947
927
940
914
935
922
922
914
927
931
925
923
957
923
928
940
935
926
923
921
938
935
922
941
938
929
929
928
938
929
929
923
936
945
941
924
920
911
910
938
945
948
943
927
924
909
919
922
940
931
916
923
948
929
926
937
931
918
908
926
943
945
928
928
954
931
926
904
925
944
942
929
916
929
950
936
932
907
947
949
923
913
926
946
948
929
939
933
916
942
929
940
939
924
938
923
926
948
942
929
920
943
924
922
946
938
938
920
934
934
935
914
927
947
942
935
926
944
947
937
930
937
932
926
930
934
933
940
935
929
923
929
920
913
935
929
930
926
944
925
940
928
942
937
932
948
955
935
944
935
945
918
925
923
933
938
936
930
944
933
930
926
931
944
929
925
923
923
936
923
927
932
952
941
933
926
923
922
949
937
924
918
929
923
944
935
938
929
921
950
929
928
933
938
948
927
913
921
930
928
950
940
936
938
908
933
927
918
930
932
938
916
917
912
929
924
935
932
926
940
932
938
931
920
919
899
929
941
932
935
952
940
925
927
935
937
934
944
948
927
927
910
932
933
918
937
922
947
953
919
938
937
918
953
923
931
946
942
934
949
925
949
937
931
929
955
955
948
930
920
929
917
920
946
936
936
958
916
936
930
922
927
931
931
938
918
933
928
939
950
944
928
938
915
928
920
926
919
918
922
933
912
939
949
933
933
914
929
935
931
949
942
936
953
949
929
925
935
937
950
930
940
906
938
947
926
946
935
930
916
940
919
959
927
918
956
938
924
928
900
929
941
931
914
913
928
911
932
938
929
923
937
912
919
922
946
929
935
945
924
937
920
927
921
925
946
926
940
909
940
917
936
931
932
933
920
947
942
938
941
914
926
925
922
916
944
949
929
928
920
951
928
920
930
966
920
944
938
935
922
934
936
949
946
924
949
962
939
915
930
932
942
933
947
923
912
915
920
915
926
934
939
918
943
910
933
929
931
921
926
932
947
928
925
942
926
939
939
932
925
945
903
906
941
922
929
928
929
934
943
926
946
923
914
927
926
930
926
926
946
929
940
927
920
935
933
933
921
946
928
917
920
925
918
931
933
936
920
929
930
947
950
935
939
928
928
960
939
937
944
942
944
919
910
941
948
928
920
938
952
928
930
929
941
934
943
939
922
918
930
943
947
906
912
948
924
924
914
925
918
942
936
923
921
928
930
931
926
924
934
932
945
928
917
922
948
938
935
938
929
948
933
944
938
916
949
921
929
930
902
918
928
954
919
936
935
935
937
936
903
938
918
942
932
912
918
918
949
948
926
925
940
939
933
922
917
950
926
919
924
929
917
929
936
928
939
940
939
941
918
960
954
927
937
938
928
939
942
952
941
928
932
930
947
942
942
930
934
923
927
927
949
930
912
931
926
918
923
926
909
938
927
922
925
921
938
939
936
942
909
944
929
947
959
934
940
900
927
949
924
931
940
921
940
927
926
941
928
917
944
941
922
929
944
938
947
932
940
953
925
939
939
927
939
930
939
942
913
924
953
937
948
934
917
934
914
915
936
916
927
937
933
930
924
933
922
954
930
908
925
931
946
947
936
911
911
922
915
931
940
935
928
946
931
944
942
940
918
921
932
944
935
944
943
935
923
915
938
941
934
960
931
916
930
935
928
929
927
943
920
925
944
924
946
934
927
921
931
941
925
949
914
936
939
936
945
932
919
938
927
941
927
933
935
928
916
932
913
935
941
944
917
925
925
920
916
919
931
923
945
940
958
912
927
933
931
928
923
938
946
930
925
930
927
931
946
926
940
921
929
929
923
931
956
940
943
950
918
910
911
922
933
923
937
936
930
938
912
945
934
910
935
922
933
951
926
933
934
944
925
926
909
922
934
943
921
923
943
927
926
943
929
937
929
945
939
945
923
943
954
931
939
926
927
929
933
939
911
927
926
933
938
948
938
928
935
937
943
933
920
938
914
938
936
936
919
913
938
935
941
937
943
936
933
930
922
944
933
914
943
929
938
949
941
946
939
931
928
936
935
920
923
928
947
926
932
917
928
927
939
927
927
926
948
938
934
922
938
928
948
939
940
931
948
906
945
939
936
942
911
922
925
922
941
919
945
949
941
944
938
926
943
936
922
925
924
939
943
920
926
928
964
941
922
939
927
926
932
937
930
932
930
948
933
923
927
923
946
933
919
949
950
939
922
940
941
918
936
930
936
924
921
935
909
922
916
926
919
944
933
982
