1065
918
928
932
930
934
918
944
933
940
897
940
916
924
942
939
933
920
918
949
923
919
946
936
931
917
950
943
945
931
938
930
915
924
915
927
927
930
955
913
941
930
942
926
915
920
928
933
953
929
943
934
923
932
943
936
954
922
922
915
925
939
932
909
939
910
941
909
930
939
934
928
934
923
943
928
935
927
958
944
939
938
909
921
942
948
950
920
942
935
948
941
935
925
952
945
944
910
924
932
931
939
928
924
938
935
927
935
935
940
933
950
926
934
910
946
951
945
944
925
914
918
942
929
928
933
926
926
919
905
948
932
941
929
944
940
942
933
931
930
936
928
941
918
936
921
939
931
953
936
949
935
929
923
937
927
924
929
929
927
950
932
927
946
910
921
934
947
937
915
931
939
931
934
955
929
927
937
942
949
944
923
922
926
924
920
937
911
943
926
911
924
935
919
913
933
926
929
944
945
926
924
939
921
942
941
927
933
920
938
934
940
922
944
927
937
937
914
931
933
943
931
931
947
934
915
921
946
931
935
939
943
909
927
925
924
950
934
941
910
942
932
925
935
916
934
918
930
945
925
925
909
916
914
930
934
950
925
939
930
941
917
930
935
924
918
919
932
928
931
948
935
925
919
932
922
916
926
916
920
942
931
938
937
944
946
945
921
927
942
930
949
933
930
948
948
935
937
919
946
928
931
955
925
935
936
928
943
940
913
943
934
943
950
932
939
928
941
943
928
949
939
921
937
930
933
927
922
942
934
923
933
928
932
930
922
934
948
912
921
941
948
930
923
954
910
932
946
938
940
942
956
925
919
919
929
926
937
935
930
941
943
914
937
928
937
949
944
931
920
919
928
936
922
941
940
926
928
925
931
909
930
901
926
918
942
914
930
939
931
947
951
933
941
950
930
924
920
935
955
927
902
930
933
940
950
912
938
902
938
951
920
938
934
931
927
945
913
915
931
945
953
955
946
917
936
957
945
941
928
925
926
942
924
932
926
912
958
934
928
937
922
912
931
926
932
960
931
919
945
951
920
935
931
941
931
932
933
918
924
916
934
930
938
917
918
929
931
939
923
942
942
962
917
929
953
922
928
948
952
963
935
948
911
960
929
930
938
951
937
921
937
935
928
939
919
929
915
932
931
925
938
938
936
938
922
922
934
928
953
947
933
939
937
947
922
928
935
939
933
938
913
927
916
931
943
935
917
932
914
937
918
938
952
924
930
936
933
904
926
930
942
933
939
923
930
934
935
924
921
923
943
915
913
927
950
932
920
952
942
932
966
952
949
936
944
934
928
942
933
917
938
952
930
937
922
930
940
938
952
941
932
912
936
938
920
933
927
921
948
923
929
931
933
944
923
945
926
943
934
932
944
915
950
921
919
929
904
937
945
941
943
933
940
940
930
932
924
942
945
933
920
915
932
926
926
933
927
943
929
949
917
943
941
934
927
944
940
907
936
920
928
925
939
943
935
909
932
940
957
938
933
946
925
935
928
928
928
919
912
927
915
922
917
909
922
944
929
933
930
935
938
935
937
931
946
915
930
942
928
938
938
939
901
916
937
929
909
929
944
933
930
932
928
925
937
930
943
912
958
928
947
932
931
928
951
935
942
932
932
934
939
947
919
947
924
940
931
932
938
919
940
947
920
905
927
905
933
924
940
943
920
924
940
942
935
932
938
947
941
932
939
944
939
951
920
952
929
925
928
947
946
941
929
922
936
936
950
931
941
937
943
921
938
933
932
909
951
934
931
929
926
951
936
925
933
918
943
940
918
928
925
941
920
942
923
933
914
928
928
944
936
934
913
923
912
928
928
928
952
943
939
936
940
936
928
913
927
930
941
938
916
942
925
936
933
940
926
937
926
933
910
915
940
927
929
940
936
920
940
934
958
931
927
919
949
906
920
900
943
940
948
946
933
914
921
909
935
941
924
926
950
922
920
930
930
930
939
940
925
946
937
943
927
951
938
932
925
922
938
920
937
911
945
927
940
930
914
916
916
943
911
937
928
917
935
941
927
928
922
933
930
945
939
941
937
959
923
931
916
927
917
930
919
936
938
955
947
957
936
948
920
924
927
933
948
930
954
920
931
928
908
916
913
948
931
937
928
924
926
931
925
947
925
933
939
933
935
923
921
942
929
936
931
939
941
958
939
924
936
925
925
924
932
936
943
919
953
947
926
929
941
935
947
934
947
941
924
931
929
930
931
938
940
919
949
928
941
932
943
916
936
931
931
923
949
918
925
935
930
943
943
942
936
921
945
942
925
949
921
927
947
943
929
900
917
925
933
927
923
931
930
938
922
928
935
933
925
928
935
947
929
946
938
922
949
925
918
926
917
929
942
947
948
924
933
941
950
942
947
936
934
947
929
926
921
929
916
958
952
940
943
902
924
946
908
935
927
929
950
934
930
936
924
928
927
920
937
938
940
918
928
950
918
956
937
926
929
929
930
944
932
938
906
922
954
920
921
942
936
916
923
940
921
936
932
943
932
926
931
918
942
932
952
935
927
921
926
940
922
949
914
932
952
948
932
932
947
927
938
936
929
935
938
945
930
913
911
945
917
937
937
925
925
925
919
934
941
940
947
934
914
948
930
905
922
918
912
940
919
932
935
951
921
916
928
940
954
933
940
942
935
929
924
935
919
932
919
921
950
908
936
921
916
909
947
921
937
937
948
939
926
923
922
924
930
911
928
924
940
925
910
928
946
939
924
939
947
942
928
932
925
916
930
936
927
930
927
928
945
939
938
925
916
941
918
936
923
940
933
922
942
946
932
918
922
905
927
957
942
929
923
930
914
947
941
916
925
943
923
938
957
934
927
919
930
925
941
931
912
932
939
922
916
905
926
933
940
930
934
937
930
930
938
922
921
921
926
943
936
936
956
928
930
917
924
951
945
956
958
922
943
911
918
934
939
932
930
944
905
923
934
936
943
917
953
965
921
933
926
921
928
924
944
935
941
936
927
933
929
924
947
925
935
928
937
927
924
917
932
940
937
924
957
953
919
940
944
935
922
940
938
953
921
928
937
924
917
908
934
925
932
940
939
932
925
945
913
924
914
933
924
933
914
934
936
941
947
927
930
922
912
927
934
933
949
937
943
939
947
936
926
921
934
951
943
949
941
938
928
924
942
931
924
943
933
922
926
927
953
933
943
943
950
934
931
920
900
935
924
936
941
949
941
924
943
938
911
939
926
924
933
936
936
932
923
916
941
924
936
926
967
927
947
926
926
940
937
923
946
923
935
936
945
961
931
940
922
940
921
914
938
941
921
944
944
939
925
934
916
935
943
932
933
944
929
932
950
945
940
946
917
952
921
927
943
931
932
944
934
941
941
944
922
922
933
937
918
920
936
951
939
945
924
934
952
949
920
939
931
936
955
953
929
947
930
948
942
937
927
933
935
937
929
935
935
921
942
932
932
942
951
933
938
926
920
927
934
920
934
930
928
929
915
924
953
931
944
927
927
933
925
942
918
930
931
941
930
910
930
925
939
941
938
920
952
913
935
942
927
963
937
926
952
940
943
917
929
935
930
949
958
947
938
933
920
934
926
945
935
948
919
937
951
945
950
909
933
930
916
927
932
934
943
920
920
921
927
939
930
936
934
940
943
945
951
921
941
934
940
937
941
929
922
942
944
935
934
913
924
940
912
929
928
949
927
927
922
941
942
933
928
925
940
935
933
941
941
929
926
919
935
923
941
946
931
935
950
945
922
921
918
922
917
940
941
921
919
928
925
933
939
935
926
941
939
919
919
937
928
913
934
929
941
947
923
938
937
950
929
933
935
919
922
930
926
928
926
940
943
919
943
945
926
904
890
920
940
914
929
917
925
940
931
932
948
931
928
943
956
918
921
933
938
913
935
933
939
950
914
923
938
921
931
937
920
931
951
924
932
932
934
951
923
931
934
920
928
921
928
928
934
915
943
918
937
941
925
951
934
927
941
934
935
936
912
938
932
942
935
924
935
912
930
951
921
924
959
925
919
926
903
914
929
951
939
936
919
954
932
909
945
942
935
915
929
907
917
930
941
944
926
951
921
931
936
955
920
936
938
933
925
938
926
938
919
948
949
918
933
935
923
930
923
931
922
933
933
925
930
943
946
920
918
943
940
941
930
933
908
924
936
936
932
937
937
936
922
937
929
948
938
933
926
933
935
938
959
921
939
949
939
938
929
938
942
930
922
931
950
924
931
932
940
928
954
941
929
920
938
937
936
922
918
941
928
945
934
931
929
921
934
931
949
944
929
934
920
916
925
922
941
931
934
933
931
923
933
925
935
925
938
955
942
929
931
928
935
930
941
939
930
906
943
929
940
933
949
957
946
949
936
938
940
948
922
929
937
936
954
935
933
936
921
931
927
932
940
937
933
933
947
924
922
935
936
925
932
949
932
922
923
952
945
931
919
922
948
954
929
913
922
913
938
932
928
929
941
935
916
922
923
919
924
925
935
931
931
932
958
939
926
955
923
946
927
928
934
917
930
944
936
939
945
931
935
943
922
945
932
941
917
946
937
933
958
929
909
925
935
910
936
936
932
948
925
953
941
916
946
936
910
921
943
925
928
932
928
913
919
937
938
921
912
918
948
921
951
942
935
906
925
925
941
948
913
930
918
943
931
934
935
930
938
922
933
926
936
926
947
928
921
926
925
944
912
939
937
929
933
931
948
938
939
932
931
940
933
941
936
934
910
939
934
965
939
945
925
925
928
936
921
944
950
931
946
944
939
951
937
941
927
928
927
938
926
953
940
912
934
944
923
930
934
912
935
911
916
929
943
906
921
948
914
923
919
926
920
930
933
939
953
928
948
947
919
929
930
936
943
931
940
933
933
914
936
933
929
935
923
936
948
925
936
957
943
938
937
933
941
919
916
936
927
922
931
951
922
930
916
933
943
944
936
930
945
938
930
931
928
922
933
929
929
928
907
925
912
926
940
950
915
938
936
943
940
950
938
931
946
914
923
939
925
936
910
930
947
942
932
923
930
948
913
929
944
927
917
928
923
927
925
937
935
917
937
937
950
944
931
915
949
934
906
944
940
932
928
945
913
945
928
936
934
942
931
927
924
921
930
935
924
923
934
923
925
935
941
943
935
932
929
923
942
951
940
940
928
921
931
951
943
936
929
950
926
921
919
895
923
907
945
925
932
941
940
933
935
931
925
923
938
919
935
926
938
920
932
906
933
922
934
932
935
905
919
930
936
939
916
931
953
926
930
913
940
933
923
922
925
933
957
916
940
920
941
917
941
919
951
931
924
927
920
939
933
930
914
940
930
925
915
925
926
945
928
924
925
946
937
924
945
920
929
957
949
924
922
924
926
929
915
934
917
925
932
923
931
945
927
932
910
937
913
925
935
932
933
913
945
938
934
925
923
939
952
935
923
938
935
918
936
946
955
913
910
934
938
934
923
934
922
913
929
932
939
940
942
936
945
937
962
898
930
948
935
946
944
918
953
931
923
935
930
926
922
945
900
948
921
935
954
929
925
914
924
941
967
939
955
912
921
955
944
935
932
927
945
921
934
926
934
936
937
926
920
940
934
921
922
928
932
923
919
940
919
937
918
923
926
914
914
937
923
949
948
930
929
945
931
939
933
942
933
917
941
944
921
929
952
947
940
932
934
940
924
929
931
951
931
934
926
925
953
935
933
942
946
922
916
980
