1065
920
945
945
931
915
936
930
914
951
930
930
929
947
912
919
951
949
945
928
927
930
921
942
935
949
903
918
934
929
925
925
936
927
910
941
924
915
909
917
919
935
925
930
933
933
927
927
941
937
940
940
936
897
923
938
949
926
933
940
941
904
954
922
945
946
943
932
908
933
936
935
938
939
917
937
917
930
931
947
936
932
931
946
929
909
916
947
931
946
923
926
929
939
942
933
944
936
931
929
926
912
914
928
938
944
918
943
939
933
932
947
931
925
936
928
947
935
898
926
922
900
951
953
943
933
941
943
945
943
915
930
935
906
920
927
920
935
921
922
940
938
945
935
924
924
923
929
943
928
917
927
931
933
926
930
915
942
938
963
939
930
939
939
916
947
941
938
936
921
930
907
915
937
946
925
920
903
928
949
940
930
939
935
931
935
935
920
930
932
948
930
915
912
938
924
937
931
937
932
911
936
931
939
916
935
931
922
939
916
925
929
926
923
940
934
928
932
929
922
940
931
941
937
932
937
919
928
928
934
947
931
952
943
942
925
946
930
936
956
919
932
945
943
933
940
916
934
926
934
934
915
927
918
924
911
951
950
907
940
923
940
944
940
935
935
934
927
927
936
933
922
930
932
946
914
914
942
937
932
919
915
932
912
942
907
922
924
936
943
921
931
915
924
930
917
923
914
930
935
911
933
916
949
923
933
924
940
945
918
899
933
924
962
926
917
935
938
923
922
929
926
951
931
945
938
937
942
934
923
934
930
925
946
927
932
951
932
934
931
930
936
919
938
937
937
920
933
934
942
931
927
941
918
913
934
936
933
950
923
930
930
936
928
932
929
926
926
949
935
922
925
942
938
925
939
945
939
917
942
929
936
945
946
902
953
924
930
937
919
926
921
937
938
923
927
955
930
945
921
938
932
924
940
926
940
933
923
930
936
911
930
922
947
914
941
934
920
935
928
945
938
943
935
921
944
942
945
916
934
927
926
934
945
932
951
943
925
936
931
939
937
944
935
924
934
934
932
932
940
927
943
940
951
937
934
947
944
929
932
916
945
922
915
952
925
911
924
945
939
920
930
916
940
936
919
943
908
932
918
948
926
923
929
939
923
932
922
948
931
934
938
933
944
914
952
931
924
929
934
955
948
926
937
931
928
914
917
935
926
924
933
932
938
936
942
937
935
949
924
926
953
945
923
936
936
937
943
928
947
917
936
951
929
953
939
932
948
908
940
926
927
922
920
933
926
945
930
932
916
935
926
924
928
938
938
955
935
940
932
923
927
924
937
933
944
942
926
927
934
930
921
938
915
923
948
913
935
922
937
931
936
918
923
941
934
922
951
936
930
928
923
942
930
935
918
910
905
935
908
917
916
931
913
934
945
947
924
931
945
944
941
933
948
938
918
953
923
930
922
902
927
924
954
933
933
919
928
934
948
939
912
950
931
961
938
926
943
917
944
918
932
921
927
935
933
925
918
930
917
923
942
920
934
935
922
914
924
922
939
926
912
941
951
934
946
929
913
931
937
946
929
921
941
952
941
923
948
935
945
936
940
951
927
930
932
935
930
933
940
957
922
914
907
955
946
952
946
950
928
946
945
941
912
938
951
937
937
937
922
917
944
928
926
934
954
931
921
946
940
929
940
929
923
933
946
932
942
933
939
947
928
922
940
942
933
937
916
925
942
920
941
941
933
935
924
933
925
911
941
935
944
932
948
944
933
935
928
929
913
903
939
910
926
940
934
953
940
928
935
947
922
935
942
920
934
928
920
928
969
931
944
940
932
930
933
938
954
952
925
932
929
929
919
942
918
919
943
922
932
930
923
930
922
929
947
923
928
921
958
936
931
924
942
931
936
948
925
928
936
904
944
935
927
944
940
926
958
955
940
938
948
926
935
941
934
940
937
951
927
911
929
930
933
955
937
936
924
929
923
929
914
926
930
932
929
920
935
935
933
941
935
940
922
952
941
931
915
919
934
934
936
916
921
926
933
938
936
941
922
920
911
916
922
919
927
942
915
938
926
933
920
929
924
927
931
944
938
929
941
930
932
933
924
929
951
928
915
940
923
921
933
958
926
938
922
934
938
937
943
925
931
942
931
926
923
937
936
940
922
926
922
947
934
938
934
926
941
938
937
919
930
935
949
925
939
953
927
926
928
928
929
934
949
936
945
937
932
928
939
941
933
935
939
922
937
940
933
928
913
932
923
931
924
924
926
922
930
934
919
924
942
927
919
923
944
944
920
928
936
942
928
922
915
915
935
935
922
945
919
953
936
942
944
941
913
948
921
919
919
938
943
942
926
930
939
937
932
934
931
936
945
907
923
955
922
938
951
923
946
910
919
940
923
928
911
940
937
936
939
930
948
935
933
938
923
920
908
929
921
933
926
926
932
925
937
951
904
951
938
930
925
938
934
938
932
936
930
915
938
953
957
937
936
916
940
920
922
930
941
947
931
949
940
922
919
930
938
940
923
919
930
924
931
923
911
928
938
939
918
936
937
933
943
904
927
936
941
947
921
924
936
945
919
933
920
947
928
922
938
937
918
920
941
919
914
921
930
940
924
962
917
949
933
928
924
919
952
942
931
933
936
931
942
955
914
912
935
954
936
945
938
914
928
921
915
915
923
946
957
943
922
940
928
935
928
925
936
935
947
939
936
930
937
928
933
933
956
951
933
940
904
927
955
937
937
929
929
936
934
932
934
938
926
931
933
945
915
920
921
943
934
941
910
920
929
945
924
918
910
905
932
926
937
933
944
934
930
925
928
950
925
931
920
933
959
949
921
927
926
970
921
939
930
909
924
931
921
913
940
922
937
919
944
897
947
930
924
930
920
921
919
916
935
944
933
935
958
936
951
944
927
919
923
942
940
926
936
947
939
924
923
920
949
935
926
957
927
931
925
943
937
927
934
917
925
922
951
927
930
928
925
945
916
942
933
935
940
926
933
931
941
938
947
932
935
927
928
933
934
952
950
941
949
941
936
940
946
946
925
923
919
927
933
921
930
937
913
937
930
915
935
937
940
946
937
943
936
918
935
920
928
928
940
947
922
946
926
920
926
932
925
918
937
920
953
940
935
933
930
941
925
921
951
933
937
922
927
930
951
943
950
943
926
910
938
924
939
953
938
912
941
926
928
937
943
937
931
929
929
940
947
930
919
947
930
956
921
924
934
935
929
922
905
913
903
952
937
938
924
925
937
926
949
927
930
921
907
928
928
927
933
927
945
951
923
915
921
927
948
932
919
941
912
943
937
922
933
931
922
913
905
928
918
945
934
923
932
930
935
918
908
933
934
936
908
927
929
938
935
923
928
947
950
925
925
927
932
919
926
946
923
905
914
945
932
930
912
924
926
920
930
921
921
907
918
945
935
945
929
936
910
939
963
927
956
939
939
939
915
925
935
944
932
936
934
951
938
948
924
925
933
941
919
948
919
924
918
932
938
939
909
935
930
924
930
942
933
925
936
939
930
912
930
922
924
932
933
937
903
928
926
952
939
943
942
927
921
950
918
911
937
938
927
938
931
939
938
949
940
926
934
932
927
949
930
930
945
939
917
924
920
938
932
926
905
932
928
939
946
942
928
928
923
932
940
927
913
956
938
942
927
919
941
931
945
933
931
934
942
918
919
950
940
940
942
940
915
930
940
932
940
933
936
950
933
931
920
920
933
950
938
909
920
948
921
923
931
923
924
949
922
915
929
940
939
941
960
929
952
923
932
962
932
932
938
907
932
935
923
941
935
934
935
923
935
925
919
935
949
923
929
932
942
918
926
943
935
922
934
933
938
920
951
913
915
926
943
942
938
920
941
921
951
930
925
943
931
939
943
918
949
927
918
909
921
931
939
936
931
955
931
935
931
915
950
931
920
925
943
946
929
960
938
933
934
948
939
917
949
937
924
928
923
930
912
912
933
921
952
940
931
922
943
925
936
940
917
913
933
917
923
929
945
946
952
922
950
924
899
932
939
936
931
927
933
922
936
921
935
932
911
942
938
944
948
915
922
939
912
951
957
925
931
947
928
920
933
910
940
930
949
933
930
943
924
939
940
949
922
941
943
911
943
926
943
923
951
927
959
942
922
934
940
924
944
924
915
911
921
917
923
912
931
945
928
942
938
925
925
936
932
906
923
917
928
926
934
927
909
932
906
924
937
946
932
936
952
917
924
942
938
938
929
935
927
954
916
925
927
925
936
929
913
933
931
936
937
918
921
929
927
933
930
940
954
931
937
941
917
934
930
930
932
938
952
926
940
941
947
902
950
924
937
946
927
936
918
934
923
924
941
927
941
940
900
924
916
929
920
943
943
935
936
942
942
932
941
929
952
941
909
935
929
957
944
943
935
932
941
933
926
926
947
916
927
927
938
946
937
928
956
955
931
930
937
933
935
928
921
951
918
936
924
929
938
932
935
944
922
945
938
956
944
930
911
933
948
950
952
944
932
939
939
929
934
922
940
935
949
929
934
934
944
939
936
916
940
939
957
951
914
934
923
917
924
924
931
946
942
955
939
927
936
917
931
923
933
945
931
944
943
939
949
937
943
941
915
957
938
939
928
945
930
920
941
926
926
928
918
930
926
926
936
929
931
929
930
933
938
923
935
940
945
928
938
962
942
929
934
954
933
938
932
934
944
946
918
939
924
933
921
921
944
929
936
917
931
944
941
938
945
939
932
948
929
949
946
936
921
937
925
927
931
940
945
948
925
950
923
924
911
918
916
919
919
949
943
942
938
935
917
929
921
943
913
923
934
936
936
931
939
925
918
939
951
945
938
935
926
930
909
917
928
932
928
919
944
953
934
935
938
941
950
927
916
931
935
932
920
920
914
935
934
924
935
950
945
920
944
943
915
937
930
941
945
920
943
923
913
930
937
938
945
955
928
919
932
929
934
920
943
913
930
923
929
920
937
917
919
943
948
926
917
934
936
915
923
945
928
939
943
947
923
935
933
912
916
947
914
945
942
947
948
931
931
931
954
926
939
937
928
958
934
936
920
927
942
916
930
949
957
929
933
922
928
947
932
930
930
939
939
929
939
941
930
911
919
937
942
937
956
942
930
921
926
923
938
921
914
943
926
931
939
948
958
921
954
932
912
929
939
930
930
924
926
914
939
919
930
916
913
936
928
917
930
930
909
939
931
928
916
937
923
931
940
961
941
929
923
929
943
927
921
939
934
931
947
929
940
937
954
918
929
934
922
943
956
929
930
916
928
922
937
936
924
921
919
927
948
917
946
926
936
914
925
919
921
949
910
940
936
922
908
935
942
951
944
925
929
913
941
915
945
919
924
927
941
915
932
922
925
935
938
928
925
931
918
931
918
926
929
911
943
941
916
928
929
948
940
945
929
918
934
938
910
935
912
937
930
921
905
921
942
936
919
930
937
916
945
938
941
929
946
934
937
947
920
915
944
939
931
925
939
927
926
923
935
934
915
939
923
925
921
937
924
940
956
931
932
928
904
934
942
924
925
937
941
933
939
929
923
934
946
941
915
937
933
963
930
935
929
936
932
929
939
935
917
916
931
938
941
963
902
929
916
933
947
945
934
906
940
923
951
929
931
929
945
928
930
948
954
923
934
926
933
940
941
925
947
942
930
927
929
950
934
938
930
926
916
937
921
938
927
929
931
946
937
942
915
927
895
946
921
917
940
948
934
938
932
975
