1065
924
925
899
927
935
912
926
920
937
945
916
948
945
913
904
924
934
931
932
899
916
937
938
929
933
928
938
937
922
944
921
915
938
938
938
928
912
946
939
936
929
948
936
907
923
913
921
933
938
932
926
919
948
917
943
952
927
933
938
924
926
928
946
919
950
927
941
927
943
942
940
925
908
942
924
948
930
934
922
920
927
929
943
925
948
926
924
949
946
913
940
919
919
928
946
935
940
934
924
929
932
923
918
922
951
938
931
930
938
947
937
924
923
942
934
914
914
939
937
936
936
920
941
936
953
915
931
902
918
936
937
922
930
931
929
902
898
913
931
939
916
922
946
955
934
928
929
938
934
947
924
944
939
935
918
941
932
912
926
932
925
924
927
926
934
921
923
953
937
911
914
948
919
938
948
915
946
919
940
929
951
931
936
929
933
927
926
921
949
943
938
929
909
924
925
907
929
929
938
958
935
924
967
927
924
942
927
914
925
936
936
930
931
947
930
940
950
943
924
958
925
933
937
919
937
931
931
951
944
935
921
927
933
910
931
929
948
939
942
923
935
925
937
927
929
914
922
933
922
922
923
926
940
932
936
921
913
921
924
931
934
932
942
927
928
945
938
932
926
943
922
943
922
946
948
937
935
932
940
937
936
931
927
922
936
929
951
937
920
915
941
939
930
922
918
923
927
933
919
935
962
927
939
934
920
935
931
921
944
955
925
949
934
931
930
932
917
939
934
914
926
943
941
932
924
947
941
926
934
942
926
921
913
916
937
926
949
955
941
942
933
931
937
950
932
935
939
920
917
926
936
917
956
954
929
953
929
926
931
932
946
929
938
914
933
939
919
917
930
934
928
939
936
927
941
926
932
929
942
949
936
926
936
925
937
932
938
941
940
922
955
917
932
914
936
938
935
936
938
938
929
944
944
938
931
922
935
926
916
933
939
932
948
920
940
937
918
914
941
904
917
920
915
909
919
917
931
929
934
900
940
923
927
945
926
934
927
937
922
904
952
938
943
929
918
936
941
931
952
925
940
954
925
929
933
938
920
946
927
933
934
942
954
938
944
940
933
946
924
934
933
940
931
931
919
952
936
941
933
925
946
957
937
937
925
928
928
946
914
927
934
935
944
940
922
913
923
919
933
927
931
929
940
923
927
947
932
932
926
951
935
937
917
927
920
942
931
933
941
941
944
922
949
941
932
921
940
938
919
914
927
915
933
926
938
945
925
950
934
922
909
930
947
909
927
918
927
922
932
912
922
923
939
912
939
936
941
942
923
945
942
934
934
925
933
900
921
950
945
924
933
931
941
921
936
958
944
926
919
911
931
934
939
925
934
939
929
949
918
922
934
925
916
913
935
924
921
938
928
937
950
934
951
947
934
946
936
942
932
933
943
927
938
929
952
938
924
924
932
929
932
946
936
925
935
949
940
920
949
923
942
920
923
922
935
909
938
905
918
947
942
912
953
933
948
941
922
942
936
921
925
921
934
949
926
942
917
934
933
947
943
948
933
947
953
952
931
928
930
908
924
941
942
949
938
946
924
944
930
940
927
944
929
922
928
940
934
937
921
929
917
943
931
914
927
939
928
938
911
927
935
949
939
938
945
930
950
944
929
930
921
929
948
921
908
928
918
942
914
951
921
950
916
916
930
956
922
928
931
917
935
945
936
941
921
930
917
945
910
930
925
914
928
933
935
933
929
924
929
936
935
947
934
935
937
909
914
899
915
921
952
931
930
928
946
925
940
927
940
929
944
938
931
930
948
914
918
913
921
922
915
924
941
907
947
935
915
924
932
919
928
950
918
933
914
934
906
909
905
922
934
939
932
937
941
951
946
928
935
934
936
931
939
938
927
929
948
944
930
919
931
928
938
917
913
932
931
925
916
934
937
941
933
944
936
953
938
925
932
935
941
942
921
913
930
936
936
936
937
935
932
938
916
921
925
926
930
943
924
909
935
950
921
944
918
936
940
931
932
917
925
942
966
950
942
942
943
923
934
935
942
938
932
952
929
918
937
934
925
952
920
916
951
938
928
938
944
940
918
936
928
945
940
940
934
942
936
950
931
928
934
945
944
931
931
929
939
937
929
942
936
929
934
931
925
935
924
935
925
938
930
944
932
922
920
945
941
952
933
937
933
949
930
921
929
915
934
930
920
934
928
947
942
920
934
918
941
905
914
930
939
919
928
927
930
940
945
913
930
920
945
920
923
932
932
953
931
926
916
943
935
931
918
919
938
923
931
939
938
926
912
926
948
929
931
934
939
947
934
938
923
946
936
945
922
952
919
936
943
939
912
918
901
926
942
925
920
920
921
940
938
905
927
948
922
928
916
946
942
934
938
939
944
935
943
930
943
925
924
956
933
939
901
928
935
944
925
938
939
943
931
948
934
947
923
921
924
937
941
933
934
928
931
918
928
926
943
933
934
921
937
918
919
936
923
935
948
930
919
928
935
928
929
937
935
929
937
942
934
947
953
923
930
925
952
926
928
939
942
940
916
947
938
905
919
937
939
921
944
946
932
939
939
925
939
926
936
932
917
936
926
916
936
919
930
918
933
916
946
916
956
941
933
943
924
947
952
921
912
952
931
919
917
929
924
899
897
926
960
949
923
937
942
925
923
916
931
953
951
926
926
919
925
925
925
931
939
923
937
922
929
929
941
920
929
939
955
895
939
913
930
937
925
929
926
935
925
927
927
913
920
923
926
928
946
931
937
941
920
948
936
923
932
923
930
925
920
918
926
940
935
948
921
936
929
953
930
934
938
916
940
937
901
935
941
941
932
925
932
923
916
927
918
936
935
925
929
916
917
931
916
934
936
927
914
932
931
932
938
919
924
946
912
929
929
917
936
936
931
930
935
929
945
950
930
937
948
938
928
949
933
936
934
915
927
930
922
933
927
930
936
944
942
927
936
930
939
924
914
926
924
925
915
948
940
926
919
922
951
923
922
933
935
922
929
946
922
935
928
939
930
939
923
929
923
933
934
945
931
937
928
936
942
937
940
939
935
932
932
933
935
914
936
932
916
941
909
924
947
941
922
934
942
945
929
934
950
928
929
927
926
912
908
930
923
922
930
932
941
936
930
925
938
910
917
942
923
921
929
925
937
909
941
920
957
932
930
956
926
913
938
940
920
929
930
951
943
931
915
944
937
919
928
898
933
929
921
941
905
947
944
930
932
945
929
897
943
932
925
928
928
926
905
932
922
930
922
943
940
956
910
941
938
922
921
928
934
934
925
939
936
929
954
938
958
911
942
930
940
946
939
920
935
922
942
954
906
937
966
913
932
935
936
921
940
919
943
927
958
931
915
934
950
934
949
930
924
927
953
931
915
922
927
932
928
931
910
933
927
941
937
935
946
917
921
931
927
929
923
912
932
922
929
933
948
927
935
955
925
923
941
929
914
934
934
929
931
924
949
941
913
936
929
922
940
923
902
959
930
908
933
896
939
942
944
932
928
942
948
932
920
929
953
931
937
953
924
926
921
945
950
950
915
960
923
922
935
929
918
937
926
934
929
937
916
920
915
924
924
933
932
904
930
941
945
948
937
945
935
909
906
925
945
928
933
900
926
907
923
917
927
925
930
936
917
931
924
937
915
944
945
923
920
919
948
940
948
934
939
926
947
944
933
932
916
937
935
950
930
916
942
922
934
944
947
936
930
923
951
938
921
942
910
936
928
932
915
919
933
917
933
930
935
938
920
928
923
943
929
929
918
934
942
947
938
952
927
930
924
927
912
936
927
943
922
925
922
943
951
920
939
939
925
929
922
943
919
927
967
936
927
938
952
931
947
945
945
942
932
927
925
936
916
914
946
912
943
941
927
917
930
948
916
933
947
946
936
935
942
945
945
949
915
922
929
964
924
920
920
904
942
949
939
939
941
928
934
931
942
936
933
937
939
930
949
939
928
940
913
914
948
906
924
932
930
942
930
920
933
922
922
944
933
917
915
924
917
923
904
928
946
927
943
940
928
932
941
940
938
950
926
938
941
930
935
923
932
934
918
941
935
942
939
941
954
934
931
952
924
928
939
939
936
916
905
924
928
909
934
943
937
943
932
915
919
930
922
933
926
938
940
922
938
933
920
925
942
918
936
921
925
940
930
931
934
955
938
914
909
928
928
920
926
940
938
925
931
923
952
932
930
933
943
952
923
926
933
930
941
924
948
951
931
937
945
927
942
947
929
922
934
917
929
941
914
927
943
917
935
940
926
929
934
917
939
933
928
934
926
936
940
945
948
919
921
939
929
955
937
950
926
944
935
915
949
936
936
947
932
936
938
917
930
929
928
932
935
942
944
920
932
920
942
928
928
927
913
925
938
933
919
918
919
919
933
940
925
930
917
931
924
919
928
934
928
951
942
924
940
911
952
927
916
934
913
914
925
922
916
920
929
920
925
941
941
937
914
949
950
944
927
931
935
931
930
934
907
929
930
941
950
929
948
944
937
936
947
952
935
932
932
933
927
925
928
927
945
929
913
956
909
944
934
931
938
922
926
941
917
932
946
933
942
927
929
925
940
912
921
924
936
921
922
917
928
922
941
933
936
933
925
914
929
949
921
928
918
925
945
935
945
929
932
934
925
925
927
925
921
931
897
933
920
918
919
937
925
937
939
922
913
934
918
939
941
934
960
940
928
913
932
941
919
952
922
935
925
929
912
923
949
922
923
905
953
938
928
927
917
922
924
940
924
924
938
952
921
930
923
893
946
932
937
933
941
932
930
945
937
916
924
934
911
919
944
933
943
931
932
939
938
934
922
941
930
931
909
946
940
957
928
944
930
938
942
924
935
913
927
942
942
948
935
934
940
931
912
952
936
932
942
923
939
925
924
909
938
932
926
924
943
937
921
944
934
943
924
904
917
934
911
917
950
939
936
926
944
941
945
933
936
905
926
928
938
926
945
939
937
924
937
928
935
915
913
930
922
938
912
936
923
927
947
935
914
919
936
942
933
922
926
928
924
933
925
939
931
938
929
934
928
935
909
937
939
925
942
940
937
926
941
927
938
944
938
938
932
928
905
925
945
934
923
916
949
939
933
947
952
942
910
941
938
935
924
927
931
919
915
926
933
930
917
919
923
931
923
924
932
942
945
937
921
926
945
929
935
931
942
938
934
926
920
931
930
943
929
935
927
931
951
934
923
948
930
930
941
938
931
953
933
930
944
939
933
907
924
929
917
926
935
930
936
924
926
944
956
916
925
933
938
948
917
944
933
915
933
935
946
933
946
917
935
920
941
933
944
924
941
936
925
933
945
937
947
931
918
937
938
938
926
935
943
936
902
942
938
940
896
911
917
901
941
925
936
935
907
934
913
926
942
931
935
938
944
961
937
952
907
923
931
930
940
918
932
933
931
921
936
942
948
938
943
921
954
922
931
916
920
944
925
938
944
931
931
936
921
934
938
946
925
930
919
917
921
939
922
924
921
927
926
943
930
907
938
933
940
924
923
921
911
921
925
917
930
921
917
911
959
930
908
934
929
922
931
925
940
928
928
916
937
920
928
950
925
947
927
928
934
939
949
926
925
913
927
950
942
905
921
928
927
947
927
930
957
922
909
932
917
944
929
949
943
899
935
922
929
908
904
930
935
946
920
918
955
924
942
924
952
923
938
928
934
919
943
929
942
929
905
925
956
926
943
926
934
929
939
936
930
977
