1065
919
928
928
943
937
938
938
931
931
915
936
924
949
947
933
932
938
929
935
947
938
926
943
923
925
933
936
948
932
950
936
939
934
931
937
944
949
924
940
958
939
916
949
926
934
921
939
943
952
939
945
942
918
948
919
926
932
913
940
928
936
927
945
925
924
916
931
921
912
944
944
919
926
926
938
929
920
905
922
912
932
927
930
924
947
931
915
928
934
940
929
934
945
945
931
926
915
926
904
926
928
929
929
929
932
925
932
945
940
945
931
931
947
942
925
954
922
948
951
932
921
936
931
930
939
943
934
923
954
926
919
932
935
923
947
929
910
937
929
919
942
916
951
931
931
932
924
934
934
936
916
920
925
928
937
927
912
941
927
931
908
936
932
914
936
942
909
934
951
928
929
934
930
937
931
938
939
952
941
919
929
929
901
915
931
933
933
925
923
936
939
931
933
942
927
953
933
932
929
937
952
938
922
941
933
930
935
935
946
913
913
929
935
920
931
958
938
938
942
951
920
951
938
953
935
934
947
929
923
939
934
941
951
932
929
914
940
931
943
940
928
925
940
933
929
909
926
934
935
922
947
933
928
926
924
940
935
933
940
936
937
938
919
949
947
937
948
946
944
931
931
916
934
933
936
921
940
938
937
936
936
926
937
930
905
923
944
928
940
944
927
932
943
923
939
918
919
919
923
944
932
951
923
926
941
935
942
941
931
921
943
937
930
937
951
942
933
913
928
923
927
944
928
930
942
944
919
931
932
914
919
944
951
948
924
949
933
940
923
917
955
950
931
924
924
890
938
941
933
945
935
946
924
942
928
936
945
926
935
936
939
941
951
927
913
939
930
924
935
944
926
938
936
933
935
912
935
929
925
950
937
936
935
914
919
925
922
922
919
943
930
902
910
937
922
909
924
916
924
924
941
935
935
939
952
922
931
950
949
933
930
928
940
932
942
934
921
944
933
927
954
940
916
932
920
927
934
931
936
922
921
925
938
936
933
925
942
933
924
927
935
911
937
926
937
931
934
928
950
929
935
929
946
935
929
927
929
929
953
927
926
943
931
951
934
932
933
924
925
925
925
937
934
912
922
932
924
914
931
937
936
935
934
932
924
930
929
938
929
936
921
944
949
949
925
932
919
934
938
953
956
919
952
941
931
945
908
947
910
923
919
949
936
922
932
938
951
936
931
930
917
925
930
933
943
939
929
919
928
919
917
925
922
918
927
930
933
926
940
944
940
939
919
929
933
916
931
928
941
921
948
931
933
940
931
924
895
944
928
950
943
930
932
932
923
935
925
947
929
950
925
932
930
937
923
945
922
948
933
922
935
936
921
948
916
935
938
938
937
932
935
947
933
946
942
912
934
932
937
954
917
950
953
944
943
935
910
935
909
931
904
935
936
919
946
935
928
910
949
929
943
928
915
915
916
937
932
929
929
956
952
916
922
935
928
938
920
937
926
924
940
930
930
931
919
936
906
951
932
930
916
941
950
947
930
934
929
926
913
920
925
936
923
938
950
922
930
939
929
935
941
939
929
923
926
934
928
938
936
944
938
947
945
929
932
926
932
941
944
939
949
944
931
933
919
916
928
943
946
946
911
909
923
937
937
935
934
928
932
905
927
939
937
935
927
922
918
930
927
939
940
937
947
919
929
912
919
918
916
935
923
939
931
920
916
929
945
921
936
938
924
922
929
934
927
957
927
925
922
948
935
927
927
920
946
927
924
926
931
941
939
928
905
934
928
925
937
962
941
941
920
937
944
933
919
944
927
935
927
926
939
905
913
926
934
946
941
930
931
927
925
914
920
923
940
928
932
927
941
903
943
947
912
939
915
914
945
933
932
924
938
913
946
929
941
938
926
927
940
944
935
941
941
939
921
937
935
932
933
939
938
931
926
909
936
906
922
918
932
920
945
918
936
917
925
937
920
926
927
924
954
942
935
943
953
928
938
937
932
926
943
930
941
920
925
926
937
927
947
930
955
918
933
938
931
938
924
940
917
929
927
931
940
927
928
931
918
931
924
941
944
938
939
912
921
940
933
926
934
920
936
939
942
921
932
938
932
935
903
931
930
921
946
931
913
929
943
940
940
941
937
929
932
925
924
933
904
936
940
929
927
941
933
926
924
931
927
940
947
947
937
925
937
911
937
936
941
900
926
936
932
940
942
939
926
916
944
930
946
935
938
914
915
931
927
924
932
929
921
933
936
943
924
929
928
920
947
915
946
937
930
924
947
947
941
934
942
924
929
913
926
958
955
934
929
957
931
913
950
941
930
942
920
933
925
925
918
930
931
918
930
919
936
939
931
945
952
948
934
926
922
927
925
945
933
945
915
931
914
929
941
935
940
946
934
937
940
910
954
933
929
929
942
939
949
926
918
939
951
925
935
939
950
944
923
925
934
926
929
921
945
935
927
937
929
917
947
933
904
926
938
923
937
936
929
950
928
934
925
921
924
933
903
936
935
945
947
931
929
922
956
925
915
925
935
941
942
948
964
918
930
938
941
933
953
948
930
939
952
944
938
925
937
945
917
904
913
921
947
927
931
933
947
946
935
931
938
928
941
920
936
931
944
946
932
938
934
936
939
923
913
933
925
940
944
916
915
944
935
949
944
933
939
943
930
946
916
921
939
899
923
953
934
928
932
933
936
931
931
930
937
928
942
928
923
925
927
930
950
946
930
918
938
913
919
932
921
919
957
906
940
916
919
952
926
934
921
928
923
933
926
916
931
902
942
931
934
931
927
926
927
945
933
934
943
936
923
936
919
927
921
937
911
931
956
926
940
934
930
944
943
938
938
917
931
928
931
940
927
911
929
940
945
936
928
924
931
948
939
914
927
938
931
932
945
931
948
942
926
930
919
910
928
921
936
929
924
935
926
924
934
933
943
919
948
918
955
944
930
936
932
927
944
932
963
935
938
943
919
935
919
914
915
923
929
933
939
930
910
931
934
920
935
924
921
940
924
917
924
935
947
946
936
931
940
940
924
934
935
926
939
944
953
928
933
947
935
916
943
917
920
940
945
957
943
931
930
924
935
926
938
941
932
927
919
922
934
947
939
915
926
944
927
908
926
943
925
944
929
944
944
932
927
937
936
928
928
923
919
936
948
930
951
929
930
952
924
938
939
923
933
945
940
928
939
924
933
912
929
930
938
937
903
919
914
949
936
912
926
920
933
921
930
921
939
938
930
925
932
938
929
920
924
909
922
928
931
924
932
923
936
920
924
909
921
955
935
951
928
925
926
929
945
928
942
949
939
950
920
921
936
936
931
921
909
915
940
943
919
908
932
931
926
929
936
944
939
931
930
932
929
904
940
931
932
921
932
949
927
919
921
935
934
955
934
913
932
951
934
938
930
953
926
910
921
929
918
925
931
929
939
941
940
935
940
936
924
927
926
930
934
926
934
931
936
928
942
936
944
930
936
941
942
926
915
911
936
927
933
913
921
920
932
924
919
942
936
934
922
934
930
935
939
940
918
924
938
930
939
925
954
945
925
931
932
916
935
931
933
931
916
932
914
924
946
934
942
953
942
934
941
949
937
913
933
912
934
938
942
912
920
920
917
949
940
944
928
928
939
942
932
952
921
922
924
953
940
939
944
924
938
934
940
942
927
942
922
937
950
949
933
929
942
939
940
958
945
946
936
938
936
950
926
933
930
944
930
923
938
941
925
928
942
948
915
923
947
943
931
927
930
928
929
923
904
925
939
910
932
917
931
947
931
938
921
927
926
948
916
924
935
930
930
927
917
917
949
938
944
930
924
927
937
933
930
929
940
915
934
943
914
921
934
935
932
951
933
923
917
929
933
941
926
940
936
944
936
931
937
927
935
937
944
947
926
932
917
922
940
945
929
916
938
939
933
921
935
944
938
907
924
932
932
918
935
926
947
920
942
941
928
928
923
935
960
950
918
900
923
941
944
941
920
924
938
930
919
934
917
947
932
935
927
933
933
924
936
938
933
913
925
935
922
934
932
947
945
925
935
915
931
941
945
932
936
926
944
934
928
916
932
922
927
948
923
931
928
919
941
932
926
933
930
936
918
924
939
925
933
915
924
927
937
925
941
944
944
928
925
915
935
923
927
921
925
912
949
923
934
913
920
927
915
931
925
925
922
927
949
910
939
923
925
921
931
907
927
919
935
943
949
946
929
954
951
928
951
939
919
932
932
940
924
914
932
926
929
925
929
922
940
941
936
918
924
937
931
948
937
930
929
945
921
946
936
912
932
930
935
924
926
930
941
928
933
951
909
932
931
941
926
941
955
928
899
915
924
933
926
938
949
922
939
933
947
913
936
924
947
949
931
917
941
935
929
920
948
935
920
954
971
940
933
932
929
945
928
934
934
931
926
942
924
935
938
924
949
944
937
955
934
947
930
903
922
948
939
940
936
937
946
928
914
945
932
925
917
938
943
940
938
941
944
929
935
935
942
932
929
938
942
914
915
947
909
933
942
940
924
930
943
924
904
929
911
934
907
939
924
925
911
913
950
935
956
941
951
921
943
922
932
939
944
935
942
944
916
952
933
934
936
936
945
912
942
950
928
915
930
930
906
936
946
934
931
912
912
908
939
940
940
915
938
937
908
910
915
931
933
948
943
924
911
940
936
931
928
921
949
923
950
931
913
912
941
933
922
938
926
936
934
916
934
941
934
929
923
928
929
936
931
931
951
936
917
930
918
922
946
938
941
941
924
947
940
935
926
936
939
920
930
929
934
905
949
925
906
939
928
933
945
932
934
932
945
940
943
922
933
929
920
936
920
924
936
954
935
950
922
943
940
923
919
927
931
944
918
928
918
937
937
930
932
911
930
963
952
928
924
905
932
926
929
929
928
913
927
938
925
945
941
936
932
928
939
945
910
922
935
929
932
906
929
950
933
934
926
924
945
944
930
945
934
939
930
941
909
931
929
918
951
938
929
932
947
932
920
919
914
934
946
944
924
935
930
929
925
947
912
930
940
955
916
966
941
962
916
918
932
931
938
927
967
924
923
933
954
935
931
938
935
928
938
932
928
940
909
948
922
935
937
922
939
918
938
926
933
936
935
959
955
940
924
929
940
922
932
942
929
936
947
946
919
931
915
935
960
940
928
914
913
951
942
939
925
919
949
948
927
942
962
933
925
937
931
932
927
935
938
939
943
925
938
929
949
947
947
926
946
933
925
938
948
953
946
945
926
921
946
922
918
946
933
920
924
938
922
938
929
934
923
934
938
928
941
927
939
944
933
925
952
931
924
929
918
924
927
907
917
923
932
920
916
945
934
928
932
943
912
942
937
940
920
921
937
928
920
946
935
929
924
938
938
949
967
943
931
916
942
919
919
939
945
928
950
931
938
941
948
932
934
935
926
937
928
943
951
946
951
935
942
925
929
938
946
945
934
930
952
938
948
934
923
935
936
929
931
932
922
916
918
935
954
931
943
929
937
941
932
931
928
915
920
917
932
933
947
930
940
939
940
922
931
920
928
926
920
932
937
934
938
939
918
938
926
936
919
952
922
921
924
931
937
941
949
948
929
928
952
934
926
937
958
934
935
920
950
939
895
928
906
924
933
916
942
910
908
914
926
916
922
931
911
928
944
935
931
905
917
910
917
929
929
925
945
924
923
919
921
932
924
916
932
917
910
923
921
929
928
916
921
923
940
940
952
940
944
935
927
981
