1065
920
949
940
941
940
922
923
925
943
923
933
933
951
929
918
914
952
926
933
941
917
939
951
928
940
926
944
947
936
918
927
930
913
945
933
919
939
934
941
949
915
950
926
930
931
920
908
927
919
938
951
927
917
934
934
928
940
934
939
919
933
944
949
951
956
937
945
948
927
931
919
948
928
938
942
935
938
962
939
932
940
949
919
912
932
924
939
931
924
927
924
943
947
923
934
914
930
925
936
953
939
938
931
934
940
943
939
927
934
925
908
915
951
925
920
929
948
937
940
940
941
921
940
929
913
925
895
918
937
933
914
913
941
919
913
937
925
933
952
938
956
924
940
928
945
949
921
924
953
928
910
933
943
941
944
940
930
922
929
927
938
926
948
944
922
925
946
954
930
925
935
939
929
931
925
940
930
943
948
925
934
915
920
927
929
937
923
928
938
933
925
939
934
935
915
933
921
942
932
919
941
936
928
938
936
946
926
931
916
919
922
950
930
921
916
914
908
932
935
917
940
920
945
914
940
937
922
937
932
932
929
923
930
947
919
942
925
932
950
939
942
936
923
915
940
922
943
943
937
946
942
917
941
905
923
930
933
900
929
944
940
932
929
937
892
939
952
919
921
937
930
915
925
926
929
922
915
916
939
951
925
938
948
938
927
940
941
951
930
935
928
924
922
934
928
933
928
933
939
927
927
958
963
961
933
939
937
945
946
929
925
938
944
939
927
926
935
937
915
930
928
922
934
927
919
926
925
928
939
929
946
928
936
921
941
920
950
912
917
924
917
937
927
915
957
926
945
921
935
941
940
954
925
921
928
921
900
922
902
928
935
925
931
924
963
941
916
960
922
919
911
930
939
927
943
928
948
951
937
926
944
921
926
920
937
928
940
938
941
929
934
925
912
933
933
932
941
946
941
929
956
943
934
948
953
945
942
931
924
946
921
926
946
942
932
929
941
932
940
937
918
945
935
953
921
923
926
935
935
943
925
951
937
943
943
917
932
934
931
930
924
950
928
941
934
923
927
927
945
939
930
940
935
920
922
933
951
925
930
916
934
942
936
932
927
943
922
925
945
933
943
936
928
924
931
942
925
928
905
919
943
917
904
928
934
930
918
943
924
929
926
921
918
928
920
928
956
925
949
929
925
929
936
931
935
920
921
924
914
928
947
921
951
936
950
927
937
935
923
927
934
937
937
936
951
929
944
937
930
936
943
945
930
963
944
940
954
944
917
945
933
913
923
921
939
944
929
926
908
934
919
911
943
937
913
919
917
926
931
916
926
907
923
933
924
948
921
923
927
928
940
947
928
924
903
925
941
952
931
918
923
921
915
927
941
925
923
939
940
924
960
942
924
952
947
946
941
922
926
938
910
921
926
944
944
930
921
933
920
956
928
914
912
940
952
924
913
930
935
941
926
929
916
951
934
939
913
916
945
937
929
929
935
950
933
933
914
942
925
944
929
921
920
956
930
945
949
937
936
913
901
952
926
953
950
937
947
926
927
946
927
940
939
913
936
915
923
936
948
960
935
929
928
927
917
935
956
921
926
925
947
950
937
934
902
926
927
927
921
928
936
958
918
925
942
923
935
951
927
943
924
910
951
948
933
961
926
926
940
936
943
926
925
930
931
924
943
927
937
926
931
909
925
947
938
942
928
931
944
918
928
919
942
911
923
924
917
935
933
955
955
943
931
932
922
948
923
947
923
948
932
927
922
935
913
939
950
922
906
920
932
934
960
937
938
960
939
937
938
962
923
921
925
943
928
925
926
920
925
927
939
923
915
928
933
946
936
924
936
915
932
958
928
914
905
932
938
925
927
924
940
945
917
921
949
929
926
923
930
937
928
942
922
928
933
936
937
945
934
916
933
921
938
923
936
946
928
922
938
929
944
935
942
904
957
937
941
942
923
914
927
945
940
915
934
919
927
931
929
924
941
927
934
919
926
943
933
916
917
915
935
928
927
929
925
945
945
941
930
931
927
914
928
923
938
925
942
917
922
945
944
931
927
921
934
945
944
939
941
921
933
919
963
949
935
941
933
935
932
920
936
913
928
932
949
926
931
924
933
929
928
922
937
915
927
925
939
937
950
953
933
932
932
902
936
926
938
925
939
926
942
938
943
929
927
949
929
928
921
920
942
930
925
938
940
945
938
924
935
935
939
937
943
930
936
943
954
932
922
912
927
929
925
901
926
917
913
926
930
928
939
920
928
940
955
951
914
936
934
933
919
914
924
929
926
931
923
952
922
917
925
918
913
926
939
917
927
917
930
925
930
926
931
945
930
938
915
943
957
931
934
927
955
928
947
920
950
932
909
941
932
928
933
919
916
933
920
919
915
941
933
947
945
942
894
947
920
946
917
930
939
923
935
924
933
927
927
917
938
920
940
927
929
925
933
954
925
942
927
943
939
929
923
928
937
937
916
943
924
919
939
938
938
937
935
932
934
931
914
936
920
927
946
918
944
932
926
925
946
931
945
933
915
924
935
920
948
942
926
932
918
917
923
943
929
930
937
922
927
920
927
924
936
913
933
945
934
939
933
936
930
933
931
922
933
932
941
940
927
931
931
916
937
942
919
931
934
947
912
919
951
944
931
936
923
946
921
930
928
925
921
923
938
942
927
926
918
907
932
933
917
936
933
908
930
934
921
950
937
923
936
941
943
953
939
928
924
918
953
942
949
926
926
958
938
914
948
933
948
898
948
920
938
924
951
926
920
927
925
941
933
932
926
922
929
930
916
936
915
941
938
914
934
931
921
910
928
938
931
942
939
921
920
925
932
945
940
919
909
950
918
931
928
925
935
918
948
942
972
948
936
958
924
933
928
952
933
930
938
925
912
903
928
925
923
922
936
928
910
908
920
932
914
932
947
935
929
929
932
928
919
949
934
937
933
932
920
922
930
927
934
923
918
933
913
926
930
938
937
938
931
939
918
931
931
942
939
918
934
932
924
935
905
932
942
948
905
918
924
940
927
943
935
931
923
912
928
940
943
914
922
924
955
933
943
940
930
922
943
919
960
909
933
925
928
924
932
918
932
920
918
926
921
939
921
959
933
950
928
933
918
935
910
946
924
923
940
944
934
944
927
933
942
941
914
901
935
921
917
926
930
926
926
944
923
943
937
933
900
924
947
953
939
931
937
921
928
925
940
924
936
932
917
918
946
944
940
936
933
926
937
934
914
921
920
925
929
917
934
948
934
923
928
931
921
917
940
921
935
929
932
914
934
923
947
933
938
941
912
942
930
929
958
960
933
943
947
928
950
909
920
914
924
935
936
932
940
926
927
951
936
932
942
967
920
933
922
949
924
931
930
935
949
922
914
935
944
931
939
943
939
931
935
941
938
914
907
922
916
922
925
930
930
935
911
933
923
925
918
934
920
954
935
920
906
943
936
923
903
948
940
899
933
927
946
934
920
935
929
927
933
930
944
962
943
954
939
948
926
908
944
930
918
931
930
928
947
934
918
921
921
945
934
936
929
922
912
963
946
951
935
940
928
932
945
932
931
939
915
927
927
931
948
910
947
935
924
916
943
932
928
913
934
933
910
947
930
937
939
931
944
939
930
933
916
929
931
937
945
939
931
920
912
936
938
933
919
924
929
916
927
927
920
943
941
936
927
914
961
925
927
937
916
944
929
912
943
937
928
954
917
946
947
934
925
935
939
937
952
949
929
924
935
933
933
912
928
932
935
936
928
931
932
932
941
942
929
897
917
902
921
938
943
944
944
932
937
934
940
932
913
934
930
944
936
934
934
950
940
934
925
926
938
950
938
922
929
932
933
954
955
938
946
914
900
920
942
937
937
922
900
922
925
944
941
918
897
931
934
927
911
928
934
923
933
918
944
926
930
937
931
927
920
928
945
931
927
928
923
911
927
944
930
926
930
931
932
934
928
934
942
940
936
920
929
925
921
934
921
927
929
921
920
925
920
920
931
931
929
931
938
910
926
927
913
931
959
932
935
940
937
910
938
940
919
929
916
927
942
934
925
953
936
929
941
927
926
926
947
930
943
916
927
940
911
913
930
928
910
927
933
934
927
932
925
932
931
919
935
929
939
934
936
935
928
922
948
914
935
930
930
934
944
933
933
945
945
946
945
925
901
914
936
942
936
912
909
915
942
924
963
935
933
931
934
933
936
935
940
927
937
904
947
934
927
929
928
947
932
928
945
939
933
925
937
937
930
931
939
925
937
931
930
935
915
922
940
920
917
929
918
950
936
936
938
942
935
948
946
934
940
931
939
925
929
912
931
919
940
953
926
933
934
939
949
914
955
950
948
929
926
944
936
950
930
929
928
932
930
939
915
939
931
946
930
938
927
915
945
927
935
940
949
933
917
925
938
935
931
922
942
913
919
923
926
937
925
932
932
957
943
919
912
911
950
923
920
969
928
914
920
942
916
918
929
932
938
951
921
935
916
925
933
921
928
935
949
940
936
935
919
937
919
920
932
920
932
903
911
930
949
937
932
947
953
946
930
933
942
922
959
933
936
935
941
949
913
933
940
941
939
922
957
944
938
912
927
930
941
933
937
920
946
927
916
961
941
948
936
933
930
939
944
916
935
946
927
936
931
926
923
929
928
920
931
941
924
942
939
926
927
928
922
947
940
915
958
947
924
914
950
947
935
901
916
946
931
911
926
940
936
925
928
914
934
949
927
931
940
939
932
906
930
939
925
922
932
939
937
911
944
906
950
932
920
934
936
931
933
928
927
926
935
935
941
937
929
933
935
921
922
928
930
957
936
929
932
915
936
910
942
925
925
934
946
924
935
918
917
942
944
944
947
910
920
939
939
931
945
941
926
924
925
949
947
951
931
924
936
930
930
930
912
917
933
935
924
916
910
930
914
908
931
936
963
918
927
945
919
945
929
923
925
927
929
921
920
933
948
951
932
932
920
916
935
933
934
921
936
934
927
933
946
945
934
925
933
931
922
929
927
933
923
934
949
938
921
922
916
923
939
927
925
920
931
956
927
917
949
950
940
949
933
936
927
928
950
911
926
935
917
936
940
951
947
943
925
945
934
923
936
939
924
933
915
931
937
960
944
934
936
929
931
929
918
918
927
935
952
948
952
937
959
925
929
947
926
922
940
933
935
927
908
925
934
936
914
926
948
948
933
938
936
922
926
916
945
939
921
922
920
924
939
933
925
951
943
927
935
945
936
935
913
930
926
923
937
925
927
948
919
930
927
937
953
909
937
939
930
919
934
933
914
930
940
924
955
904
952
946
940
913
925
917
921
919
932
953
932
928
929
925
937
924
922
936
940
946
955
924
935
917
919
928
915
907
938
937
939
940
935
933
937
945
949
934
929
950
914
938
941
946
925
928
924
914
944
916
923
938
936
939
934
935
930
941
938
935
945
937
946
928
942
939
925
919
922
929
938
930
932
937
935
922
928
939
945
940
938
933
901
939
931
927
940
930
928
940
934
913
939
928
935
940
936
920
933
932
934
942
936
913
936
920
951
932
954
922
941
941
928
919
927
916
937
930
941
939
932
926
930
913
938
935
919
924
945
951
934
943
930
935
921
924
927
935
933
921
939
947
938
949
923
929
925
922
935
945
931
925
937
931
940
927
940
946
946
916
934
924
967
932
935
935
943
946
939
934
932
935
919
933
938
924
924
924
923
945
925
905
938
941
948
933
936
933
941
947
919
977
