1065
918
942
926
935
938
930
923
921
933
942
932
913
939
944
916
921
930
937
946
927
936
927
944
938
930
927
931
927
935
923
928
943
916
946
936
927
924
911
914
923
927
944
937
933
936
934
928
933
908
934
936
920
937
932
928
920
950
930
936
927
942
938
927
932
931
945
933
946
930
928
915
932
935
918
928
946
925
940
941
923
910
921
943
947
945
936
927
941
917
919
935
932
943
948
933
926
921
925
941
935
931
927
908
927
904
932
949
928
940
943
942
935
925
928
943
948
930
916
946
934
936
936
938
936
914
932
929
930
939
925
934
926
931
929
932
936
944
946
930
934
927
920
922
935
938
945
924
922
930
940
940
935
932
938
952
949
933
931
939
952
959
955
940
932
938
941
947
939
927
928
910
941
934
927
945
957
920
924
939
940
932
930
933
928
941
933
933
930
916
929
924
936
921
924
929
936
924
936
926
937
918
925
924
934
916
940
946
958
899
926
936
948
931
928
915
939
919
930
949
952
931
941
934
936
907
924
947
945
933
914
941
934
931
949
928
931
924
937
940
923
926
923
936
928
939
934
947
932
929
927
918
929
946
935
943
935
925
922
931
947
936
944
953
941
902
929
933
948
932
931
947
922
924
942
934
913
940
950
941
929
940
931
941
912
937
924
914
942
942
945
957
932
939
926
945
945
928
934
932
922
948
927
928
950
934
941
941
934
926
932
912
908
931
933
922
943
919
930
914
915
940
919
940
930
919
944
937
940
919
933
931
927
914
930
928
917
944
922
930
933
935
922
923
937
930
934
921
948
947
911
941
935
940
928
950
922
923
928
933
940
946
939
934
919
954
949
926
922
954
932
921
919
952
922
935
944
957
950
941
935
910
931
916
926
937
930
932
920
941
945
919
927
929
929
928
939
919
944
926
944
931
935
947
914
925
930
932
941
945
917
946
942
948
939
915
921
940
918
924
950
938
939
918
929
936
925
930
943
926
921
951
921
950
915
923
924
918
913
965
958
925
934
924
940
932
942
925
930
943
922
913
931
931
945
937
936
919
937
929
935
955
930
936
934
930
908
924
924
928
908
958
934
940
958
921
908
932
929
940
950
925
922
924
917
915
936
942
926
922
929
923
921
926
936
907
957
929
924
939
926
950
921
933
923
943
933
943
919
951
914
927
935
935
935
928
954
940
942
956
933
922
911
918
929
936
939
938
951
908
911
927
938
925
937
928
941
926
934
934
963
947
925
925
945
935
931
949
939
927
921
926
930
936
948
932
937
936
936
919
932
927
928
929
935
949
926
919
920
957
944
926
925
945
932
936
928
925
935
934
923
955
917
938
928
936
921
931
939
933
938
942
914
942
933
926
921
912
932
923
924
953
925
935
931
940
908
928
918
926
938
915
941
924
934
934
942
931
946
935
914
901
927
935
939
926
953
926
926
916
943
905
937
934
943
927
914
946
920
936
899
917
942
954
928
925
931
909
934
940
937
939
929
888
923
922
930
921
943
943
914
929
928
943
923
919
926
947
936
933
943
930
941
914
932
915
937
954
938
958
914
933
922
938
918
913
954
926
945
928
942
936
922
948
931
931
938
931
947
919
921
921
946
927
930
935
919
914
927
932
913
931
934
939
942
939
921
934
949
935
936
944
933
936
933
934
915
937
925
915
913
949
937
927
919
938
931
910
905
921
944
944
928
926
928
939
936
934
927
918
945
938
928
961
928
950
939
927
925
931
931
924
939
945
920
936
942
931
939
936
932
944
925
929
926
921
949
927
929
924
917
919
934
931
910
918
936
945
945
913
923
910
932
922
929
950
919
936
944
925
926
957
935
934
922
949
917
922
936
943
933
944
930
926
905
938
927
942
939
949
923
919
934
929
932
946
939
928
928
953
944
931
916
930
921
925
938
923
922
927
934
936
941
929
927
932
918
919
951
924
934
934
937
956
943
915
931
920
939
927
927
902
921
935
932
919
929
916
927
929
938
917
942
933
923
915
905
911
932
907
944
944
938
938
941
943
964
931
934
932
931
925
936
948
954
933
950
921
944
913
931
907
916
933
927
919
929
922
939
929
922
946
939
937
931
952
935
941
942
933
923
941
936
919
939
949
941
926
926
929
928
953
927
919
925
937
940
924
936
921
914
932
916
913
905
947
937
921
941
914
949
941
921
926
926
950
915
943
949
936
934
920
908
940
931
944
936
939
940
922
929
928
939
932
938
937
939
942
934
961
933
945
926
945
934
913
946
934
944
949
943
909
926
923
924
946
931
923
940
928
916
936
936
922
927
949
935
939
929
922
945
943
930
953
940
932
938
924
923
940
937
942
934
912
926
934
925
921
940
926
940
954
940
921
925
922
918
920
924
934
941
912
932
940
929
922
946
922
935
953
943
922
933
926
932
924
923
922
932
908
927
938
952
916
932
934
944
948
923
942
930
927
927
937
942
939
926
931
927
923
933
935
936
927
938
941
917
924
941
942
943
931
919
932
929
923
930
924
920
944
936
922
933
933
943
964
930
935
943
926
926
919
952
932
921
933
925
949
925
937
933
939
958
937
920
930
940
936
921
932
926
926
931
920
929
946
936
942
923
919
922
938
928
926
925
934
942
915
935
933
927
928
925
937
943
920
957
937
930
920
939
939
921
923
929
922
930
923
947
937
942
928
924
930
927
930
932
938
935
903
931
924
930
913
948
912
911
937
931
934
945
922
930
936
924
935
927
936
931
924
912
910
932
942
941
942
936
930
935
958
925
929
954
920
926
925
916
921
924
924
936
939
926
907
920
930
950
946
933
923
933
938
937
933
924
924
943
936
948
940
944
930
934
939
941
925
941
943
935
930
923
937
918
930
935
935
937
950
937
944
936
928
949
935
944
940
937
914
909
922
937
942
939
918
928
913
932
924
948
929
924
932
951
938
941
942
932
946
947
942
923
930
934
954
940
941
935
944
946
947
932
934
945
947
950
934
938
938
930
937
912
929
924
941
938
935
937
935
937
938
937
925
938
923
889
936
925
905
919
927
935
933
920
910
939
947
930
930
931
933
944
942
931
919
942
928
933
940
915
941
932
921
938
945
946
938
934
931
924
914
935
931
938
936
939
919
944
943
927
930
942
941
940
934
916
928
923
951
931
931
937
915
923
946
921
934
933
938
927
922
926
935
922
931
948
936
908
924
943
934
936
921
922
944
931
940
925
945
943
924
943
941
936
920
947
925
941
957
921
930
917
919
921
926
945
936
925
924
925
944
922
951
936
912
936
927
927
941
929
922
935
910
926
940
921
951
943
941
929
939
948
944
924
933
930
924
954
941
938
936
926
926
933
944
936
952
916
939
937
936
948
921
919
931
911
918
904
938
939
937
955
939
947
928
919
940
940
949
925
933
908
904
925
925
911
923
940
939
905
907
921
923
928
932
939
930
936
922
946
925
945
923
936
946
915
943
938
928
941
930
942
930
929
939
923
925
948
930
949
922
941
954
930
923
913
927
934
943
926
919
927
919
939
941
938
925
923
937
940
926
933
921
931
931
923
926
903
949
927
933
922
935
929
949
941
906
927
948
924
939
931
920
951
933
937
935
938
942
931
933
935
924
923
926
959
924
962
922
943
917
927
911
927
930
932
928
932
954
924
952
919
913
928
937
928
937
943
930
958
930
931
918
912
929
934
926
943
927
939
907
951
945
955
941
915
919
922
912
943
934
917
935
953
933
937
936
928
918
931
935
924
933
920
944
938
949
924
941
954
935
940
942
933
934
921
919
923
937
908
933
929
921
947
929
930
934
933
938
913
921
930
929
935
931
940
930
946
929
922
938
936
938
931
915
918
939
947
931
918
934
923
924
922
927
941
926
947
900
932
933
924
935
923
943
914
920
929
928
939
936
935
910
937
938
946
943
939
922
936
925
902
926
921
929
923
949
937
929
919
930
920
943
927
930
941
933
920
954
943
955
942
919
925
934
939
919
920
938
941
939
941
941
921
921
941
930
937
932
923
929
940
928
926
930
929
932
923
932
925
933
935
916
916
933
933
927
923
934
916
934
946
928
954
954
916
937
914
926
940
927
919
939
914
927
945
920
937
933
926
932
932
927
947
924
925
926
929
909
932
908
922
918
933
931
939
922
919
935
949
941
936
933
940
947
938
940
919
906
949
927
946
925
930
919
919
921
897
927
918
934
933
935
932
948
940
935
936
933
929
917
943
936
935
950
936
935
937
949
938
919
932
941
954
927
933
926
947
932
930
941
935
959
948
940
946
935
920
954
926
929
919
919
928
915
929
942
940
930
930
924
910
921
942
931
928
924
924
945
913
961
931
953
944
928
925
928
932
929
936
950
913
928
924
954
947
925
928
919
933
938
931
924
923
939
942
924
913
926
916
937
937
930
944
942
926
900
906
926
913
915
909
929
956
929
941
931
921
927
936
923
934
939
947
939
932
926
936
921
928
930
934
927
930
938
928
945
937
935
960
928
931
937
935
941
936
936
903
942
929
926
928
920
924
941
937
949
933
942
918
937
913
926
950
947
912
942
948
933
954
926
923
928
922
925
945
942
951
935
925
923
939
935
939
926
918
937
930
962
926
928
934
930
945
920
947
924
921
915
961
935
929
923
938
938
931
933
948
923
930
935
931
918
927
926
940
913
923
929
926
926
922
942
918
933
925
938
931
944
931
926
934
919
929
925
939
929
955
951
937
938
921
938
927
941
925
933
922
931
959
961
927
912
933
910
915
940
924
932
938
918
929
931
946
944
936
924
942
951
942
940
918
928
921
919
943
930
940
935
931
946
930
957
925
943
936
944
921
928
929
945
932
913
926
937
927
928
926
930
920
955
920
933
933
930
930
931
956
939
941
924
928
930
930
941
919
929
951
938
917
931
914
944
948
943
940
937
937
927
939
929
940
928
951
939
936
926
939
927
932
930
929
926
912
933
911
934
936
955
934
926
927
939
957
949
926
957
943
931
920
928
942
927
939
907
929
942
944
925
937
939
922
934
952
929
921
923
915
931
945
921
943
946
947
941
929
922
931
950
926
916
934
950
930
934
926
919
940
918
929
922
944
936
918
937
932
945
933
950
921
934
941
944
933
935
926
923
950
938
938
923
923
944
930
940
925
921
916
932
948
907
931
936
934
936
935
927
936
933
943
926
951
939
938
912
965
924
941
928
929
941
937
912
921
917
913
906
935
946
948
925
928
937
918
933
940
936
939
914
922
921
925
946
931
912
942
925
937
933
953
918
911
937
934
935
948
917
925
927
923
911
917
951
926
916
935
924
929
935
952
925
939
918
940
934
912
928
942
933
928
925
945
947
940
932
929
919
933
936
938
939
914
943
905
928
937
939
923
925
925
918
949
932
908
927
928
933
944
940
942
925
958
949
935
934
924
933
918
917
934
939
918
940
933
923
931
945
932
941
916
916
937
931
913
913
936
923
928
954
942
934
936
918
920
936
939
939
945
934
913
920
906
929
939
920
936
945
946
927
915
941
939
928
922
923
945
926
931
933
928
928
924
928
909
911
943
909
926
918
920
925
929
914
952
918
935
935
923
936
941
923
935
932
946
940
942
950
941
934
946
928
940
937
926
926
907
926
935
936
930
933
942
922
933
942
923
927
938
937
932
943
924
922
927
930
923
918
947
930
922
934
907
920
925
927
920
933
935
939
943
912
975
