1065
918
955
916
921
931
929
941
927
924
936
915
936
944
941
928
935
938
908
933
937
937
913
942
938
915
930
939
913
924
930
930
969
926
926
924
933
951
937
905
929
921
941
925
939
959
947
919
934
950
936
942
932
935
918
948
952
940
940
931
932
933
944
944
930
940
945
920
949
929
929
947
928
927
942
930
914
928
922
931
940
913
930
942
923
954
946
927
920
937
939
943
945
902
944
928
921
917
924
945
933
931
934
928
935
918
937
924
930
915
923
914
913
923
943
919
909
922
919
929
927
919
924
910
931
932
934
914
935
942
946
943
928
918
907
921
923
913
937
936
941
920
926
940
918
933
937
933
915
928
916
920
917
930
918
928
924
949
921
926
933
936
941
930
916
920
932
923
922
935
950
935
939
936
922
932
936
923
927
939
928
910
924
939
918
935
920
945
930
929
936
939
916
940
926
935
931
935
918
928
927
933
945
926
928
952
949
931
912
936
919
923
930
928
925
935
934
935
917
919
936
938
941
935
924
945
914
919
935
919
943
931
947
929
925
922
930
923
941
927
924
938
927
912
915
954
936
923
920
943
931
933
942
940
923
934
918
934
929
932
947
931
944
944
919
934
942
919
923
919
925
945
943
919
938
911
945
930
935
933
939
937
935
941
940
933
936
941
914
919
940
954
921
933
923
938
936
939
935
924
920
922
909
916
920
916
930
942
954
911
932
919
932
933
926
943
938
928
924
910
937
931
936
941
924
929
918
916
908
941
938
915
933
937
946
935
937
925
943
915
928
931
917
934
944
930
929
943
921
925
938
928
927
936
941
929
928
945
935
943
932
928
916
933
919
946
952
945
934
911
921
932
944
912
930
923
926
942
939
912
924
927
923
945
930
935
920
912
924
934
937
945
937
932
943
926
934
928
950
924
934
937
915
930
936
919
908
937
928
921
921
921
941
928
939
946
944
926
910
927
915
943
935
934
947
931
925
937
914
930
936
920
923
911
915
918
929
930
917
956
919
933
935
924
930
932
943
921
933
935
933
938
933
952
943
948
922
948
950
932
939
954
922
925
943
924
919
929
930
923
928
926
931
923
946
953
934
951
922
942
938
942
903
928
933
939
935
939
944
937
928
926
924
926
940
942
946
926
949
932
929
923
924
924
929
941
923
928
933
945
927
934
935
921
934
936
927
939
942
935
922
946
907
931
934
929
942
928
956
929
949
931
916
942
942
947
934
939
938
930
942
949
951
931
927
925
911
922
899
939
934
934
931
929
943
934
920
928
938
921
938
931
920
934
935
934
928
931
948
930
924
928
933
928
943
913
904
913
933
920
956
941
927
929
942
913
937
921
943
933
922
924
932
925
930
923
943
948
919
938
935
930
938
936
915
925
936
936
939
940
945
927
922
922
937
918
914
949
939
912
923
926
934
942
932
941
923
911
941
940
949
947
937
952
938
926
929
932
929
930
901
928
947
917
928
950
948
913
924
926
943
942
922
922
939
937
923
931
948
938
913
934
926
949
933
916
936
917
923
950
943
922
922
941
930
910
922
944
933
933
939
922
943
952
922
946
930
936
934
926
913
929
928
936
937
942
938
920
934
944
931
948
938
944
925
953
933
947
929
915
926
915
940
930
939
937
933
947
937
945
921
924
930
930
946
938
924
922
930
929
925
912
924
926
914
921
937
921
926
942
908
917
920
942
918
925
925
927
943
928
933
921
937
944
926
945
920
926
937
923
928
939
929
921
938
931
912
958
933
922
922
943
953
927
933
942
943
938
931
932
931
937
921
936
939
939
945
930
927
943
915
930
938
946
935
924
924
928
924
944
930
938
943
937
929
954
940
932
937
940
920
923
930
928
931
932
930
939
941
933
933
925
909
949
930
907
945
939
940
924
920
940
938
928
944
943
942
915
940
928
922
937
946
926
942
920
943
968
937
930
925
933
930
935
935
939
929
937
921
941
949
930
955
956
938
933
943
934
942
934
941
941
937
945
948
938
924
896
934
931
931
922
929
933
925
947
932
931
934
955
920
923
930
920
932
928
951
941
938
924
943
946
934
937
949
915
943
921
929
927
951
948
933
934
925
924
950
918
938
937
955
930
930
928
935
921
924
920
921
941
929
951
932
936
938
900
925
911
922
942
902
929
932
934
937
944
934
935
937
950
933
938
942
937
908
944
928
936
947
955
939
936
925
925
931
942
938
941
946
959
932
929
941
942
930
933
930
928
926
928
903
937
933
946
937
923
924
931
944
930
948
945
938
927
917
932
951
924
923
940
945
945
913
940
925
938
911
925
946
928
931
933
926
929
936
943
929
934
945
929
930
919
926
912
937
946
925
935
915
922
917
940
917
923
944
954
939
925
938
946
936
910
943
915
936
932
938
921
919
941
947
916
944
944
939
945
942
931
930
926
929
938
945
905
927
958
932
941
923
934
939
933
925
929
925
925
937
926
921
912
915
929
920
892
927
934
946
948
928
934
937
922
934
940
933
937
935
939
937
929
920
929
933
927
951
944
936
958
931
926
919
941
913
920
932
937
929
930
922
935
908
911
927
934
924
923
917
948
948
922
919
931
950
945
925
934
927
939
931
935
943
919
928
954
930
922
946
933
942
928
942
944
937
943
929
928
916
922
944
919
933
966
933
934
912
924
926
918
931
945
936
940
955
927
918
939
933
945
915
929
952
930
945
914
931
929
930
919
934
929
916
948
946
953
935
917
932
932
925
942
939
922
926
924
939
933
935
942
915
943
935
947
950
930
926
945
927
940
929
938
944
945
921
932
927
940
924
912
918
927
920
939
939
935
942
930
938
907
941
936
953
944
931
945
919
917
917
932
918
935
946
940
925
948
920
926
941
922
904
920
953
954
919
951
923
935
933
952
944
938
940
945
928
935
943
922
910
926
944
933
952
920
951
928
927
941
921
919
917
935
939
940
937
953
931
933
930
931
918
933
937
951
941
941
918
937
926
933
944
944
926
941
919
925
922
927
933
936
932
912
938
938
945
932
940
928
943
927
932
911
942
942
922
927
916
952
941
951
958
928
911
919
912
924
932
921
947
939
948
935
925
924
929
919
932
929
931
920
916
942
947
927
940
936
959
930
931
919
939
928
945
942
928
932
931
928
940
932
934
945
916
926
933
925
958
936
924
944
933
938
928
927
940
940
938
939
920
933
944
925
938
930
921
924
949
939
954
941
907
940
934
938
934
935
918
930
925
937
927
940
928
926
938
911
925
936
938
927
925
953
914
933
945
938
928
921
927
945
922
942
941
924
938
943
921
945
938
930
944
941
945
901
937
938
938
906
936
945
934
922
924
930
945
955
935
957
938
945
935
938
935
939
948
937
936
943
928
941
919
939
921
925
942
929
912
943
913
931
944
934
944
917
936
938
943
940
939
931
923
940
944
933
942
920
926
932
925
940
942
900
937
930
936
937
938
943
941
933
939
919
920
931
917
942
927
919
925
928
968
942
930
932
914
936
932
941
935
942
933
922
934
919
940
930
917
951
931
926
935
907
915
921
945
934
939
935
936
939
932
932
920
926
933
936
935
931
918
945
949
936
932
930
941
926
904
928
921
914
924
916
932
933
911
937
928
920
946
930
918
930
942
930
951
914
915
934
910
945
948
937
926
919
910
925
931
927
934
927
910
949
951
939
903
944
941
935
898
928
941
932
933
926
935
937
943
915
936
943
927
935
918
926
930
940
926
919
923
923
937
931
937
932
933
926
943
952
946
928
930
925
920
923
924
911
929
918
939
929
931
941
921
938
940
939
946
927
923
923
932
939
919
925
949
930
942
929
924
935
947
935
956
940
932
942
940
936
934
930
943
926
946
929
933
939
920
928
937
940
943
947
934
932
923
935
912
925
942
936
947
926
936
927
936
934
937
915
930
937
948
930
943
937
932
941
920
931
924
912
925
925
919
941
935
931
935
947
933
948
936
925
929
915
926
932
924
942
956
918
939
925
945
943
917
913
930
930
940
949
922
930
929
932
934
942
938
918
932
943
945
924
924
943
920
926
913
913
931
943
920
927
912
922
934
931
927
947
950
938
939
917
932
933
922
914
922
925
950
920
946
947
942
937
923
945
928
937
953
923
926
947
939
937
949
911
934
944
921
927
915
938
922
948
923
930
961
925
934
936
925
953
930
919
920
912
939
938
943
942
942
918
927
935
937
933
926
923
938
926
931
930
923
924
946
905
925
938
945
931
969
930
927
934
934
927
929
925
932
939
933
917
940
945
936
948
952
957
922
931
929
935
913
948
932
923
939
933
954
945
923
943
923
936
940
940
926
948
930
938
925
967
935
937
943
948
938
940
923
949
920
932
924
934
940
941
926
925
932
916
933
946
933
945
927
922
924
949
929
958
923
949
929
938
933
937
939
937
904
941
933
925
934
906
932
944
920
921
941
948
942
954
930
943
920
943
933
955
927
933
931
933
937
929
941
940
936
922
924
928
940
925
938
914
930
924
946
938
943
932
925
935
931
934
919
936
930
932
948
931
915
924
942
921
931
908
928
944
935
950
937
914
930
934
953
933
939
925
928
943
928
937
920
935
906
948
943
934
928
958
940
941
934
936
929
924
922
918
911
923
914
924
915
924
899
930
934
923
930
936
933
929
936
915
927
929
924
917
942
944
944
939
942
923
901
940
923
939
920
930
924
941
932
951
936
927
937
924
931
934
948
919
933
942
917
939
928
930
941
957
921
956
920
932
932
936
937
926
950
941
942
939
921
914
932
937
950
927
933
938
941
939
947
927
930
944
936
926
925
920
927
929
926
916
904
930
948
918
928
921
915
934
914
921
920
932
931
921
940
941
951
940
917
943
944
931
940
922
921
946
911
928
933
931
942
932
938
927
946
951
935
921
933
946
931
947
944
941
939
945
944
940
940
957
926
934
937
951
930
933
925
945
933
934
920
932
934
941
939
930
921
925
935
935
919
916
919
924
956
946
940
932
936
926
924
948
939
948
935
931
928
928
942
925
933
919
943
940
947
940
924
933
921
936
925
912
919
945
918
937
923
918
931
944
922
928
946
940
934
949
934
949
930
953
937
939
929
919
921
940
919
924
943
904
934
938
930
945
933
945
926
927
938
950
935
953
933
943
932
934
903
944
937
951
910
935
936
938
932
945
932
947
921
937
943
927
924
938
924
922
932
943
938
935
925
918
945
935
930
940
936
934
916
933
945
915
926
929
920
950
935
920
923
922
938
937
941
927
933
934
929
941
939
950
948
921
930
938
919
949
932
929
920
928
936
928
935
929
929
928
948
915
939
941
943
925
949
933
925
919
941
934
936
952
936
930
932
933
946
928
946
922
917
916
940
936
949
914
929
926
946
942
917
950
940
934
940
953
909
925
934
937
938
944
937
910
958
940
932
920
926
931
926
919
942
939
942
939
921
938
921
930
937
942
938
945
916
925
917
947
917
959
933
921
938
913
931
922
939
951
934
935
934
939
931
933
921
919
905
919
917
943
912
934
939
943
939
931
917
915
945
946
918
938
926
940
937
931
943
944
929
946
942
931
932
943
937
925
934
946
939
939
922
946
942
932
922
919
912
928
927
934
921
946
925
938
941
932
920
917
912
955
950
913
909
935
951
937
937
926
928
951
914
943
942
924
920
917
920
925
921
916
924
924
942
948
941
907
944
938
951
925
977
