1065
923
917
937
940
926
931
925
939
953
925
939
934
930
907
939
926
924
930
916
943
929
928
923
925
937
923
917
926
918
932
913
959
924
930
946
943
936
919
947
936
917
927
939
937
940
937
920
944
914
957
918
925
943
931
938
915
928
930
930
953
929
934
928
929
922
922
939
942
937
940
945
929
926
945
908
927
931
927
918
945
918
921
952
909
927
939
966
939
911
904
932
948
933
945
941
927
918
953
923
916
926
913
932
939
920
941
939
955
935
941
940
924
939
930
933
921
920
938
933
933
934
934
933
926
945
938
948
930
932
947
954
936
938
941
914
934
949
942
934
931
923
926
943
944
938
944
950
943
923
915
947
931
912
918
938
928
920
919
930
920
945
923
941
909
899
941
913
941
918
930
921
938
927
928
942
934
936
930
925
920
937
936
923
921
934
924
917
924
919
915
912
949
946
940
922
942
953
934
927
933
929
942
927
935
921
948
942
949
931
944
938
926
935
934
939
934
926
926
905
940
928
946
932
961
911
917
936
938
938
921
955
919
909
927
941
919
932
936
915
939
929
940
937
934
929
913
941
923
929
929
916
935
931
934
941
922
923
928
940
918
934
933
923
927
953
937
934
939
922
937
922
924
919
931
945
948
921
940
928
924
934
928
914
931
947
948
938
932
947
926
926
949
956
931
934
918
915
925
944
936
936
921
942
931
911
937
937
920
913
929
926
942
928
928
931
921
917
946
946
928
929
936
919
906
935
945
938
929
908
947
933
936
934
939
936
923
923
913
927
920
938
932
928
939
921
939
929
954
940
956
946
939
936
935
949
929
939
922
927
926
924
918
919
923
927
953
936
916
939
936
923
918
928
934
931
938
917
920
925
936
912
942
923
934
925
935
941
921
929
928
921
931
936
931
938
927
917
917
945
922
931
929
954
947
935
926
944
936
933
920
927
933
938
943
920
912
926
953
930
940
931
953
928
947
944
898
928
940
948
934
940
936
938
923
934
927
951
906
928
922
938
928
944
930
946
936
928
931
933
928
946
939
934
924
911
939
944
940
949
945
913
916
936
914
920
919
920
936
944
936
941
944
928
917
930
928
922
917
938
932
947
911
931
937
934
928
934
942
928
927
935
940
924
917
940
934
934
937
948
935
941
923
914
929
926
908
925
916
920
938
939
940
947
942
927
938
940
944
931
940
925
944
936
932
937
932
944
929
944
941
930
932
936
932
931
939
909
919
935
938
929
912
945
948
942
938
942
945
939
912
924
918
943
933
956
959
929
925
931
924
937
929
946
933
935
927
935
927
929
941
909
931
934
948
921
920
954
951
914
949
913
962
944
968
935
947
931
927
942
942
930
933
930
947
936
917
924
927
952
939
937
942
932
938
921
920
925
933
917
918
933
924
939
936
940
941
935
927
920
939
940
921
939
952
934
921
946
946
936
930
938
916
936
939
926
948
933
906
938
928
941
919
913
936
930
928
935
943
938
902
914
927
932
935
942
933
918
938
928
938
929
907
926
925
942
927
942
915
918
958
939
952
919
931
941
927
935
919
911
931
932
930
918
943
931
944
922
904
919
939
921
932
941
936
945
934
946
950
908
928
937
937
924
928
915
926
921
923
940
934
951
944
928
958
919
922
949
936
932
917
924
931
944
933
956
937
944
923
900
916
950
925
920
943
941
942
924
935
957
934
938
944
954
922
939
947
940
932
953
936
930
925
923
936
935
941
942
946
947
934
925
950
943
942
936
914
916
917
940
929
947
953
907
938
932
916
931
924
919
928
932
933
939
949
942
941
945
930
924
937
936
940
924
924
937
922
941
936
929
939
949
942
939
916
948
931
958
923
932
949
937
944
945
945
925
942
921
944
935
948
929
950
930
953
933
921
940
943
931
948
937
915
920
925
934
944
939
943
946
933
952
916
939
914
922
929
943
934
934
930
923
933
925
925
922
927
937
935
928
940
908
937
935
926
935
934
948
945
924
938
929
920
932
934
940
961
931
943
930
936
942
930
946
937
899
947
933
939
918
937
942
936
928
938
931
927
934
944
928
931
923
930
930
948
919
929
915
908
955
925
936
938
945
937
944
917
948
919
931
930
941
946
944
935
913
934
946
931
902
918
923
924
937
922
934
952
907
924
942
919
937
903
918
918
923
925
937
914
919
922
933
948
926
918
937
926
939
918
915
937
937
941
937
907
919
905
922
938
932
939
938
945
907
927
938
928
929
921
933
932
925
946
922
965
946
923
939
932
921
924
930
942
927
940
926
935
942
925
915
914
952
940
926
938
941
917
927
936
943
927
918
916
929
935
916
923
920
944
934
939
903
930
935
940
942
940
924
945
921
952
936
947
938
956
922
939
939
925
933
943
932
938
935
920
950
917
915
920
940
938
922
927
906
939
931
922
923
945
940
953
930
925
956
944
931
933
928
939
931
937
933
946
927
912
927
933
930
911
948
944
934
929
940
913
932
914
934
911
945
949
941
947
935
927
942
934
946
949
949
923
899
921
914
933
928
941
926
924
940
914
943
950
928
927
941
965
911
925
923
919
941
908
924
942
932
937
953
926
936
924
913
937
941
934
918
932
928
928
930
939
931
946
933
935
929
930
921
927
932
906
941
943
927
930
923
925
925
946
914
937
932
927
925
953
928
927
928
933
944
937
934
920
951
926
921
930
922
921
926
936
948
927
943
932
920
926
937
918
939
918
934
933
939
930
936
931
937
936
929
961
937
934
928
904
937
913
926
927
925
926
928
935
928
947
924
933
928
935
920
928
933
943
933
922
927
944
921
931
935
922
943
928
940
942
926
939
915
915
927
954
939
925
931
943
936
930
955
925
925
936
945
929
932
925
941
938
941
917
910
926
929
922
938
909
899
936
946
937
924
944
937
927
934
928
943
930
946
931
941
922
933
938
934
946
948
933
941
942
972
927
924
921
932
944
911
923
937
938
933
949
948
929
932
936
947
927
944
932
939
929
916
917
936
922
909
918
910
944
945
943
929
921
910
918
941
915
922
928
922
916
953
911
933
928
935
942
910
942
912
940
912
943
930
923
932
931
950
926
944
926
933
933
919
934
936
930
919
943
930
912
929
928
925
933
934
930
954
921
955
922
917
940
975
924
929
934
912
939
929
928
927
945
937
920
947
952
926
920
931
933
925
939
908
916
942
926
931
958
935
933
932
925
938
939
938
924
925
926
919
926
941
953
919
946
935
932
934
924
949
942
931
940
917
941
917
936
951
947
926
940
944
933
921
929
932
932
923
930
941
931
934
936
925
894
910
917
934
932
950
933
899
912
927
946
923
931
947
919
943
927
953
922
925
906
933
921
906
922
929
938
910
921
926
943
918
930
938
946
930
931
939
919
934
936
930
947
941
916
956
931
926
918
947
925
930
927
919
952
939
932
939
939
950
937
937
930
956
926
926
924
941
929
933
925
931
930
933
916
946
946
937
948
927
944
940
937
932
931
935
935
938
943
932
917
948
920
925
942
927
912
923
924
924
912
934
918
922
929
949
929
931
922
935
929
938
909
919
918
926
943
936
933
940
940
948
928
931
948
947
947
927
949
926
948
934
937
933
931
938
941
935
937
936
933
929
927
938
937
931
936
933
910
921
921
931
930
937
950
935
932
909
924
951
929
938
941
919
913
946
955
941
936
935
932
933
926
950
951
937
927
927
929
934
935
944
940
922
945
943
935
917
929
907
932
914
945
931
929
930
926
942
941
934
921
930
957
957
933
930
926
916
924
940
941
937
910
952
921
944
946
961
938
925
940
935
931
932
918
910
911
926
939
932
948
914
947
939
938
934
920
927
926
932
955
935
943
926
943
942
929
925
933
957
933
927
922
933
930
930
932
917
929
934
929
946
928
938
938
907
935
919
947
949
934
929
934
938
947
917
911
931
915
939
932
922
935
931
942
943
922
940
951
920
927
945
935
915
923
923
916
940
918
911
906
932
924
941
936
925
933
921
935
949
934
926
929
939
933
930
935
941
933
925
948
935
937
936
935
953
920
944
945
942
926
955
932
935
937
930
949
934
931
936
949
937
928
922
934
941
925
927
921
912
927
929
943
926
918
945
929
932
927
933
924
954
931
928
926
939
941
954
943
933
951
929
933
912
928
912
921
929
936
938
924
931
955
952
940
915
921
926
905
939
918
931
926
945
942
918
927
936
920
935
931
925
912
940
926
931
925
940
933
919
937
935
915
929
928
931
928
920
930
923
935
933
941
929
925
929
914
931
930
944
932
937
931
908
921
914
940
944
928
928
929
931
916
922
924
928
922
933
936
944
924
936
950
946
921
931
943
909
920
939
916
926
924
926
915
944
944
921
937
942
929
914
912
947
946
936
929
947
945
929
922
914
916
946
924
927
934
941
927
915
931
931
929
941
937
934
911
921
939
933
928
938
930
943
916
928
927
949
939
923
918
945
903
940
935
915
927
936
944
919
927
925
961
938
950
917
933
947
938
939
931
933
941
947
952
944
942
928
943
926
929
944
922
936
932
935
959
909
945
942
913
915
936
936
943
924
941
943
935
940
928
925
918
924
922
953
933
935
930
939
945
921
925
933
934
939
931
952
927
930
912
940
944
934
948
932
930
919
925
923
947
928
947
943
946
911
941
959
928
923
942
947
920
924
924
928
916
943
941
923
942
913
938
938
923
943
936
958
935
935
913
918
926
903
932
917
914
931
915
943
922
957
935
939
929
925
945
933
927
930
939
939
923
929
942
925
915
930
947
938
939
909
931
935
925
920
930
943
930
941
922
923
924
928
923
929
939
942
945
916
953
922
917
937
936
924
936
922
921
936
921
939
934
930
908
941
928
914
928
950
940
938
940
939
928
926
930
931
949
929
928
904
927
929
919
912
911
924
926
921
929
937
930
943
928
910
948
946
948
922
942
938
926
948
936
931
915
924
925
933
933
937
924
939
934
923
924
918
933
920
941
946
938
924
944
944
955
939
927
941
934
926
940
921
928
938
934
923
935
941
940
929
932
929
931
920
933
920
929
922
924
940
921
929
921
934
924
957
927
948
935
920
929
949
951
927
936
944
931
917
932
928
939
936
933
934
944
929
929
932
933
935
966
936
923
900
936
936
946
933
929
931
922
929
935
942
920
935
935
906
950
932
946
917
928
922
935
916
949
927
938
932
948
957
928
932
941
951
926
917
942
933
920
925
931
925
908
934
919
938
930
931
933
920
936
931
926
921
917
918
934
938
924
938
919
927
938
931
929
927
935
932
931
938
936
912
923
951
926
919
942
937
932
947
934
938
923
918
926
927
907
933
916
929
931
924
932
915
938
953
930
934
930
918
921
929
943
932
926
959
934
948
934
946
923
923
927
939
925
923
936
941
952
928
921
924
915
933
914
916
941
931
929
927
926
928
923
941
922
907
933
931
951
925
940
927
914
944
922
945
937
947
941
929
934
924
935
928
914
911
935
937
941
927
953
945
913
937
923
940
946
937
948
942
914
940
920
939
941
948
917
933
947
921
917
941
938
913
936
915
932
930
938
936
931
923
910
917
933
934
906
928
928
931
940
923
937
941
920
928
898
907
937
931
921
924
924
926
927
931
948
934
925
947
952
929
938
939
938
915
941
926
931
917
924
920
915
914
939
930
916
920
922
938
914
944
917
916
915
933
932
952
924
933
917
943
976
