1065
917
911
920
926
954
930
941
926
932
930
942
931
931
931
931
921
945
947
939
922
940
948
934
926
920
933
942
926
934
945
920
939
947
946
945
935
914
929
943
917
921
902
925
931
934
945
934
916
919
920
933
915
943
927
925
938
938
932
924
924
928
939
945
933
919
939
931
917
928
913
934
933
935
935
950
925
934
929
923
929
945
931
936
921
908
931
935
939
925
925
927
929
931
936
934
950
953
944
933
941
937
938
944
933
927
924
923
943
926
921
922
941
932
917
935
928
914
923
922
923
916
907
934
935
939
941
922
904
929
930
914
935
901
930
936
937
946
935
957
943
936
920
945
932
922
937
922
928
934
929
901
910
950
946
929
923
931
921
921
951
917
930
918
920
949
950
937
923
913
928
950
911
930
931
917
936
927
945
942
934
932
932
920
924
915
941
924
925
927
934
941
949
926
921
943
929
934
930
944
923
933
944
936
930
927
930
917
921
954
947
940
943
919
943
926
936
931
943
934
929
948
918
923
935
920
922
941
934
949
918
925
923
919
922
938
936
942
910
929
935
925
930
924
938
939
937
950
939
933
940
945
933
939
933
923
945
935
923
931
915
916
936
928
941
945
924
920
919
914
930
925
937
911
918
917
925
946
943
939
941
929
948
916
930
939
930
905
920
944
927
921
944
941
927
937
928
924
937
924
914
937
931
926
908
926
948
931
917
939
930
938
942
926
918
946
933
917
926
923
927
911
947
928
941
935
941
921
946
930
950
943
943
927
948
947
937
913
924
950
925
930
943
940
940
935
943
936
927
946
913
947
913
919
940
930
923
931
936
947
935
921
933
914
916
910
941
910
931
925
928
943
952
954
928
931
962
923
924
927
917
928
915
946
926
918
932
932
921
922
931
931
928
940
935
928
960
941
941
937
922
921
937
936
931
947
929
926
948
918
945
927
938
917
942
947
943
922
930
942
925
920
910
919
931
922
928
943
926
915
925
926
929
925
915
920
929
928
935
956
941
940
945
923
940
938
931
931
938
948
937
931
943
934
928
932
941
935
938
949
927
955
942
927
939
939
931
948
937
929
934
927
941
946
909
919
930
927
913
917
917
924
914
930
913
936
928
932
917
903
926
923
934
922
920
932
946
890
932
939
930
928
928
942
934
916
928
912
920
935
926
926
942
930
922
913
930
911
946
916
930
908
919
928
933
915
930
940
911
950
931
946
952
924
941
919
931
929
941
935
926
927
926
930
942
948
932
931
937
917
913
946
923
926
932
950
896
929
935
936
936
919
937
912
910
940
947
919
925
924
926
923
943
940
935
946
920
922
953
946
931
936
930
922
916
944
912
940
949
931
922
925
939
931
949
932
936
922
928
933
928
942
926
925
931
949
939
931
927
934
938
921
928
932
931
931
947
931
924
952
944
925
939
937
925
933
931
945
908
948
942
927
927
947
932
918
932
937
939
928
933
931
925
924
925
930
920
939
915
947
937
952
917
933
932
910
929
929
938
896
931
941
940
937
935
926
938
945
938
910
939
943
963
931
928
924
952
937
944
938
928
929
934
955
938
945
947
961
929
942
935
947
947
944
951
927
924
921
945
937
939
941
945
929
939
936
927
958
937
927
924
938
938
956
938
933
944
939
929
942
934
931
926
944
930
951
941
944
937
929
940
938
928
935
939
929
945
934
933
931
941
932
933
913
923
948
939
944
931
944
935
930
916
921
919
923
939
930
931
938
938
934
906
927
944
932
927
949
937
914
936
921
944
919
923
944
927
924
930
925
939
932
919
924
957
928
920
952
929
927
911
935
930
945
942
916
920
919
916
932
925
951
922
939
924
917
916
928
932
921
917
930
939
907
942
937
934
911
928
943
920
927
915
934
914
944
928
934
924
939
930
929
938
927
932
927
930
907
934
933
924
920
934
939
937
928
934
932
932
944
921
949
921
928
949
953
947
954
944
916
953
930
944
909
934
952
940
927
928
939
919
950
929
931
933
930
913
940
912
919
931
940
937
916
917
928
912
924
930
934
946
936
938
939
939
934
935
931
931
937
922
923
921
931
911
930
949
922
920
905
932
929
909
935
946
929
942
943
913
920
929
931
938
942
921
939
918
933
936
930
932
936
928
935
941
923
934
919
920
918
918
938
939
941
922
912
916
919
944
935
915
932
933
922
933
933
930
937
939
945
947
948
936
905
936
933
936
936
934
943
955
923
910
938
934
933
935
922
912
926
911
929
948
933
931
969
933
943
924
946
931
930
940
955
938
924
912
931
917
936
933
940
947
938
919
938
932
917
922
936
913
928
917
932
946
942
919
938
945
908
951
951
946
921
927
936
921
919
922
926
933
930
932
948
920
931
925
936
940
918
941
928
930
921
921
932
923
947
923
926
909
927
925
929
916
941
927
923
931
918
922
931
931
929
929
914
945
945
932
934
925
924
929
950
944
938
952
945
934
937
925
939
936
931
950
916
935
939
925
961
927
926
921
927
933
945
942
937
943
937
933
929
929
949
912
941
952
917
899
939
923
939
937
934
932
934
930
933
930
942
934
938
947
926
925
930
921
908
925
922
947
944
921
916
955
930
919
933
943
948
932
918
943
929
924
924
930
912
933
938
916
933
932
953
912
916
935
948
947
932
936
943
941
955
939
932
941
943
934
927
935
940
931
923
933
943
921
955
950
941
947
928
929
934
948
914
939
927
928
927
935
940
916
916
969
942
946
922
922
947
921
941
945
929
914
937
943
914
911
938
927
920
938
960
938
918
943
929
917
943
935
934
940
941
932
929
929
928
920
919
933
933
919
945
923
914
931
916
938
928
958
928
925
933
919
948
935
928
930
934
928
937
931
937
927
927
945
956
912
921
926
916
932
943
916
943
911
915
941
918
903
927
926
950
933
931
917
929
923
925
948
942
934
945
960
925
942
904
928
940
944
938
935
904
943
947
917
928
920
916
928
930
920
952
934
910
919
931
927
917
936
937
940
936
926
918
921
942
916
927
922
930
905
934
926
928
916
942
935
922
920
931
940
916
929
937
918
934
908
922
936
925
906
913
927
918
926
935
951
937
948
943
934
945
945
944
927
925
921
946
943
936
938
914
929
945
937
934
920
933
924
922
934
938
940
933
931
950
929
922
925
936
938
921
939
923
929
928
933
925
918
951
928
931
912
929
925
949
919
930
948
931
922
905
937
931
953
946
940
954
930
936
922
921
942
935
931
938
932
942
931
958
950
939
920
931
906
925
932
942
932
926
931
923
931
938
939
910
928
925
927
917
934
941
933
922
913
930
912
949
921
932
938
930
940
922
955
917
930
938
888
937
922
941
951
936
924
927
937
924
944
929
936
942
951
949
956
938
925
917
931
934
928
939
935
928
918
939
943
933
922
936
912
937
920
917
915
934
936
944
935
933
920
937
931
930
911
920
911
931
924
939
914
922
916
926
938
948
942
932
918
925
936
927
913
921
958
922
930
932
917
919
931
931
934
939
932
937
922
917
947
922
934
906
936
920
937
932
934
938
918
915
927
928
926
952
926
934
950
919
933
955
922
931
940
926
964
938
924
940
928
914
934
924
912
936
921
912
942
918
937
917
936
937
949
943
940
944
919
922
914
921
932
931
925
943
952
938
951
938
912
929
922
933
944
941
931
918
935
943
936
921
924
917
926
945
923
936
920
953
918
950
942
925
924
923
949
930
934
947
946
933
936
967
934
941
937
918
916
933
948
934
930
932
953
948
944
938
928
936
938
916
937
927
926
921
945
948
920
927
925
939
926
928
932
946
944
932
947
941
931
935
931
935
944
924
934
936
918
932
935
927
936
923
932
925
932
925
943
945
923
919
927
924
949
946
916
914
913
916
932
928
916
935
927
931
929
926
929
937
912
944
928
949
941
932
920
948
931
915
928
936
918
916
945
925
944
931
920
932
926
924
928
931
944
932
916
919
942
926
935
937
940
947
929
928
918
949
942
928
933
920
939
913
930
932
923
944
954
924
943
925
943
928
956
944
913
928
951
907
945
936
927
932
915
933
951
924
931
926
928
926
948
941
933
914
936
941
939
937
952
951
944
937
938
945
926
927
914
923
925
922
931
939
913
934
925
938
956
950
927
921
939
920
923
930
927
939
910
922
929
928
950
957
940
933
941
940
952
937
922
921
947
931
950
912
939
940
940
938
954
928
915
939
949
934
944
928
924
911
931
934
931
912
923
934
932
935
942
953
918
947
933
925
913
932
921
930
922
915
919
935
937
926
951
931
928
918
945
931
944
939
938
912
931
935
950
939
922
943
927
937
919
930
952
926
945
924
917
925
936
920
930
937
929
937
933
949
922
947
949
907
938
942
921
925
933
937
935
919
926
926
922
955
932
939
938
936
934
937
925
922
928
930
930
953
926
917
926
915
959
935
954
921
913
935
935
934
933
946
928
918
941
931
926
933
929
933
925
929
922
937
923
924
922
941
932
948
928
921
936
950
928
933
925
953
933
940
949
928
939
922
931
946
929
941
936
939
913
928
918
929
949
938
914
932
931
934
957
948
911
926
930
912
911
921
933
930
913
943
935
924
931
934
940
912
935
932
943
937
938
917
921
940
921
937
955
936
918
930
922
925
923
924
948
931
923
924
930
929
924
951
916
933
925
942
938
927
941
938
945
935
918
935
926
925
931
934
927
923
947
923
930
928
946
944
938
929
925
940
943
937
952
925
938
935
943
920
929
926
937
950
931
941
929
924
939
934
933
939
936
942
919
918
924
935
930
933
929
924
935
927
924
948
960
937
951
918
940
949
932
926
952
920
915
942
915
914
952
914
931
928
934
926
940
953
931
931
932
931
927
926
936
930
921
952
951
942
939
942
937
936
959
945
925
945
948
928
923
926
944
926
938
946
937
928
932
943
938
931
931
929
921
918
912
914
947
913
921
934
927
925
941
929
942
926
922
930
939
915
940
931
931
934
896
933
929
908
952
948
907
942
919
938
949
946
933
934
933
946
940
933
940
930
936
920
926
938
923
962
943
929
944
927
931
935
926
928
921
937
924
948
925
939
946
935
932
928
924
918
931
920
923
921
951
945
935
925
899
934
924
938
930
920
924
931
929
949
957
916
908
938
953
952
934
913
923
936
927
922
935
936
918
922
930
934
926
928
942
930
934
937
925
932
933
940
932
914
920
924
933
924
937
924
937
933
938
934
941
960
935
938
966
942
945
941
922
940
916
923
953
931
949
930
931
935
940
957
941
937
944
940
934
931
902
938
933
932
921
920
939
928
944
930
938
928
914
937
924
924
932
922
923
942
934
930
906
934
929
938
919
926
930
927
935
933
924
931
930
936
936
930
924
938
956
934
937
949
932
937
921
936
949
935
949
920
915
941
930
932
918
922
935
945
922
941
914
940
920
937
944
928
924
920
917
915
925
939
937
915
908
922
932
936
943
928
915
943
941
922
953
943
939
938
946
935
908
921
922
916
925
911
936
922
943
934
911
953
924
942
944
908
944
922
922
930
928
949
921
938
935
943
940
929
925
940
926
925
914
959
935
925
927
930
944
924
917
925
918
925
922
942
948
920
931
924
941
933
940
941
935
952
926
929
933
942
931
931
958
932
933
924
930
925
953
947
946
940
940
954
928
942
902
929
932
932
922
939
930
951
937
935
950
922
930
930
924
934
914
940
982
