1065
921
925
953
918
938
919
934
923
926
935
946
931
932
936
915
932
937
930
918
933
944
936
927
960
940
936
936
937
922
935
931
935
922
959
932
933
941
924
939
928
930
927
926
916
924
925
923
920
933
936
941
939
947
950
921
927
919
917
934
934
920
923
939
948
918
930
919
944
928
943
929
935
927
946
932
934
935
925
923
934
954
925
923
924
938
945
914
923
932
914
923
932
952
927
930
926
930
942
919
932
949
930
942
943
924
928
923
945
926
926
933
929
934
936
921
943
936
939
938
935
941
925
931
927
937
926
943
931
940
921
939
938
947
917
929
942
960
931
950
931
935
924
940
918
954
922
920
944
912
927
926
926
917
932
917
945
929
930
941
924
915
922
949
933
934
955
932
941
941
948
923
946
919
924
928
943
930
935
924
938
945
944
894
943
912
917
930
918
928
940
922
950
942
940
938
932
935
917
927
934
933
938
946
925
936
936
914
961
936
912
924
926
932
945
944
940
946
915
936
921
929
926
938
929
942
929
941
955
939
915
922
931
937
934
939
921
944
926
937
927
938
930
939
925
930
930
926
928
918
915
935
934
935
921
937
951
948
923
931
929
942
915
943
934
931
932
934
934
915
932
929
934
924
912
932
947
915
935
925
920
931
919
923
921
962
943
920
919
922
935
946
940
915
925
924
927
935
934
933
933
929
939
927
945
922
924
905
927
933
944
927
934
926
932
932
937
939
930
930
932
953
929
935
931
921
923
923
915
919
940
937
925
944
931
945
944
915
922
940
943
926
938
935
942
937
936
942
932
917
941
924
937
935
935
928
942
928
932
920
938
927
937
921
939
928
912
930
929
923
949
933
905
940
953
927
924
956
927
918
941
942
930
939
934
929
929
937
931
931
950
936
930
920
935
918
909
933
925
948
919
925
939
914
923
901
922
932
925
943
917
921
935
945
938
916
926
915
947
941
934
926
931
944
921
928
935
921
929
921
933
926
932
945
948
917
922
939
930
930
921
941
918
945
935
933
942
926
934
917
943
923
911
948
941
921
936
952
925
948
932
935
952
921
932
950
912
939
923
942
922
935
942
953
926
941
944
942
933
933
924
938
922
926
926
944
930
912
929
933
940
950
939
929
932
936
924
923
922
918
923
943
945
906
926
914
929
919
936
923
928
935
929
941
940
940
941
948
926
907
922
928
914
925
932
922
942
926
933
939
930
956
953
938
927
931
936
916
919
912
933
921
936
938
936
946
938
927
937
924
918
944
941
917
952
930
947
940
918
894
924
920
924
937
936
905
914
921
955
939
941
925
945
936
932
904
939
936
925
926
924
913
929
948
949
923
907
922
944
927
930
928
937
917
935
942
937
927
928
924
908
914
935
934
929
929
932
936
951
947
933
943
925
938
929
951
919
942
933
940
945
934
934
938
923
918
940
938
923
909
906
940
935
939
927
903
925
926
922
909
930
943
919
933
925
924
949
944
928
933
937
939
930
942
922
931
946
934
936
946
921
937
926
914
930
929
946
941
939
924
927
930
931
941
936
925
935
935
931
934
934
917
906
921
929
935
934
924
923
936
918
939
940
934
940
926
917
945
916
902
934
938
940
945
932
939
946
942
937
936
940
945
956
948
931
942
917
940
930
912
919
938
936
924
924
919
961
933
935
921
940
913
934
932
935
947
917
920
940
911
912
939
928
942
927
932
920
929
920
927
934
922
938
926
938
919
940
926
898
940
946
938
915
933
936
947
959
955
942
939
926
919
936
951
917
939
932
915
933
918
942
931
925
914
925
937
937
944
924
933
913
924
906
913
941
932
926
934
930
944
935
947
930
916
928
945
954
938
947
928
935
935
932
925
950
913
921
919
942
922
940
932
932
929
939
926
933
936
918
928
938
901
934
934
940
926
923
947
927
934
922
935
945
937
923
943
932
918
915
931
928
918
914
930
922
930
932
928
907
921
947
932
941
954
912
925
939
940
939
910
944
921
923
931
922
938
919
939
934
933
914
932
933
926
918
917
940
934
927
938
934
951
933
934
946
918
936
937
931
943
935
927
939
923
938
923
904
940
947
913
938
952
932
927
897
921
930
936
932
957
920
944
912
929
923
946
923
941
924
939
918
921
920
935
956
948
921
931
930
934
941
926
941
930
938
936
927
931
930
925
932
917
947
940
928
927
946
930
928
932
938
944
939
938
925
935
944
923
932
911
948
936
925
923
923
929
941
924
915
931
923
946
940
932
931
922
916
913
924
916
943
954
934
912
918
927
930
919
945
925
938
935
918
948
937
924
925
926
930
923
930
925
922
926
930
915
927
924
928
915
928
928
952
937
938
930
915
920
930
930
921
935
926
908
925
927
910
938
934
919
932
929
914
944
936
943
927
930
932
941
933
916
910
920
918
922
922
908
952
927
910
929
947
936
937
927
943
921
911
920
939
933
936
922
935
932
920
938
944
935
937
940
931
938
937
910
932
952
928
931
926
926
936
945
942
943
929
920
917
939
941
922
937
920
925
940
926
920
934
927
958
939
931
948
918
922
934
946
931
929
937
927
935
930
932
932
917
949
946
937
922
934
928
933
920
931
931
929
941
920
920
926
932
900
941
913
918
919
945
935
933
918
959
922
933
933
947
946
931
913
931
921
923
922
945
933
926
932
937
916
924
938
936
916
922
937
932
916
937
919
922
944
919
922
933
927
945
928
917
928
933
934
932
934
940
945
912
954
934
918
932
939
934
925
944
954
931
958
930
938
932
921
937
936
912
918
931
922
935
951
955
915
942
939
919
942
925
933
913
933
941
924
922
934
925
942
924
932
933
953
933
925
938
918
938
906
917
950
934
921
931
930
929
943
942
941
934
931
942
927
945
928
934
937
932
900
926
938
931
933
925
923
933
922
944
927
947
926
929
939
925
924
929
935
930
914
919
930
925
926
905
926
929
925
937
940
937
933
917
908
939
913
932
931
932
907
938
944
948
942
946
952
924
930
929
916
940
930
929
920
916
942
922
930
922
955
921
934
931
938
919
929
948
940
936
936
936
924
923
951
937
936
940
926
935
926
939
948
931
895
940
945
926
942
921
925
916
946
936
950
922
938
953
934
931
939
924
936
935
961
931
926
912
933
920
950
909
947
935
945
921
935
914
934
921
928
927
927
946
921
945
917
926
935
925
926
917
927
934
941
930
922
945
940
948
932
955
946
921
921
934
943
915
937
946
938
927
929
928
942
940
933
939
925
936
929
936
943
931
934
951
939
946
936
931
936
921
942
915
928
932
915
936
940
946
946
908
944
939
931
933
928
933
944
931
928
931
948
930
940
940
954
947
932
949
922
947
925
927
927
955
937
950
924
939
940
921
946
942
948
934
941
933
958
926
937
930
929
938
932
928
919
916
932
937
924
929
947
958
913
899
930
924
940
932
933
921
937
934
933
951
938
916
936
920
936
944
944
926
917
941
946
925
936
936
904
936
930
916
922
942
916
932
925
914
953
914
934
938
919
929
927
917
933
935
923
925
952
936
929
932
922
942
941
927
940
924
945
948
936
943
920
918
925
949
944
946
922
917
925
933
950
927
923
942
921
940
938
936
922
948
920
931
914
917
937
928
925
947
919
955
921
929
947
954
935
934
929
928
917
935
934
939
938
940
944
947
913
926
943
937
956
931
944
939
958
954
940
921
937
926
910
937
941
938
923
932
920
936
948
932
936
935
921
933
915
947
936
938
938
926
943
931
940
923
938
918
911
923
920
916
948
955
932
935
926
922
918
928
941
929
923
937
919
928
909
915
924
940
925
916
926
941
954
932
932
924
920
917
937
938
921
931
922
919
929
921
922
921
939
932
927
935
930
925
921
915
947
906
928
932
923
927
929
949
929
917
926
932
934
940
903
939
961
930
938
928
937
924
936
937
922
926
956
946
904
930
940
931
939
919
934
944
926
933
943
926
945
949
940
921
930
927
932
943
948
941
933
938
919
913
943
930
940
943
907
922
919
956
907
920
919
950
948
955
922
943
922
925
922
934
936
942
924
932
919
922
955
909
914
909
935
941
933
921
909
923
909
920
904
934
929
934
927
938
921
918
941
925
924
942
948
931
933
920
932
932
922
923
928
909
945
922
944
947
916
929
941
958
928
932
947
933
939
911
917
944
935
938
933
925
917
925
929
933
938
931
931
928
952
924
931
947
925
948
930
930
930
943
949
929
930
926
923
960
915
935
935
946
941
933
930
955
922
935
919
946
941
929
929
938
926
932
957
936
919
927
900
925
934
942
944
940
928
935
943
930
924
935
937
938
937
949
929
932
930
940
939
935
945
926
910
922
935
927
940
950
951
933
925
929
939
941
933
950
926
935
925
933
925
926
932
935
913
927
925
944
931
936
917
916
950
921
959
920
926
933
932
916
914
934
926
939
947
917
949
932
939
929
941
929
930
929
928
935
932
913
922
912
918
935
942
929
924
928
933
914
933
902
926
922
943
938
930
942
946
928
937
931
925
937
949
924
935
925
939
927
943
909
925
929
948
946
909
902
937
935
910
936
937
938
940
930
939
913
925
915
943
922
930
941
941
936
905
914
926
942
949
928
948
935
903
951
938
926
921
943
922
919
927
913
931
953
947
945
925
936
911
918
927
933
922
923
926
931
941
930
922
937
927
937
922
933
932
938
954
947
931
928
943
916
919
952
930
945
926
935
943
938
913
930
926
936
923
936
925
910
931
930
937
942
936
919
924
945
944
928
926
946
928
935
926
932
938
922
932
943
934
940
917
926
945
938
942
940
929
924
943
923
921
918
953
938
931
934
922
927
930
897
938
934
932
940
941
943
948
945
950
929
925
931
934
923
941
921
944
941
934
919
939
930
913
928
948
931
939
925
946
939
929
942
939
939
949
913
937
920
924
914
936
913
950
924
941
937
917
942
942
941
924
933
925
915
940
925
926
947
943
924
933
917
923
925
931
953
931
918
951
919
934
921
940
914
932
944
937
938
934
925
938
943
902
916
918
923
920
930
934
936
924
934
932
938
910
934
934
925
925
928
934
931
931
922
953
935
934
918
935
903
922
927
952
930
925
927
939
908
922
925
928
931
938
948
925
942
916
941
927
926
934
923
957
924
936
912
920
934
942
905
926
912
911
922
930
918
934
938
926
920
916
926
942
926
943
924
938
925
932
916
939
935
927
950
927
936
921
925
922
931
934
935
942
931
907
921
916
929
926
921
946
948
950
927
915
945
939
933
939
934
933
918
923
918
923
937
927
940
957
916
929
944
939
928
934
937
927
936
930
927
948
923
947
932
941
928
918
944
935
942
947
946
952
924
911
936
910
942
940
935
928
928
941
941
928
929
927
933
937
920
948
948
939
949
939
942
910
941
924
920
934
932
952
945
943
939
958
946
944
934
945
927
928
953
925
944
937
930
951
936
924
930
936
946
912
944
936
932
935
937
920
927
926
945
929
942
928
937
952
951
932
916
937
932
933
930
935
932
928
920
938
941
938
935
924
936
920
944
937
913
935
922
941
917
925
946
919
933
924
924
937
940
938
958
927
926
949
950
948
932
922
921
933
927
908
924
926
947
949
941
937
939
920
928
914
947
950
936
946
942
951
929
939
931
931
930
926
919
925
937
930
926
944
939
929
958
924
918
949
934
933
912
935
926
936
922
950
922
930
927
938
975
