1065
924
936
931
944
932
928
939
929
926
940
933
913
944
937
930
926
936
942
934
932
947
925
935
937
927
954
935
925
929
931
928
925
932
948
937
928
934
941
962
940
960
942
933
931
943
952
925
942
924
936
912
933
933
938
918
938
949
944
935
925
909
927
933
935
940
939
935
939
938
935
947
945
951
940
948
937
928
951
940
926
935
929
956
929
928
919
925
923
929
955
923
929
920
914
949
924
906
937
933
947
942
921
937
932
923
930
946
944
921
918
931
921
917
944
931
940
935
937
941
941
941
931
944
932
929
921
932
931
928
904
929
931
941
933
943
933
939
924
930
947
926
925
920
927
946
930
930
939
935
931
933
934
932
929
944
931
923
936
928
948
943
923
930
923
924
930
939
922
950
945
957
945
942
937
922
940
929
931
940
929
912
913
935
931
924
934
918
934
919
935
936
924
933
930
922
958
918
921
934
939
930
923
932
937
953
935
940
925
937
927
916
928
931
945
949
933
934
941
923
929
935
952
934
914
926
946
926
955
935
931
917
937
927
926
919
948
926
939
931
923
928
930
925
944
919
926
950
930
943
935
934
943
920
945
931
931
914
940
939
935
938
953
914
914
929
943
937
947
938
931
935
920
934
933
917
924
911
925
939
953
940
924
945
927
952
946
935
945
918
929
925
912
943
923
937
934
940
950
930
929
949
931
943
925
940
941
909
933
928
936
927
937
914
936
936
927
934
942
930
935
914
915
929
923
954
933
932
929
956
941
926
929
924
928
949
952
933
931
941
912
927
937
936
919
930
950
951
918
913
922
931
924
931
941
925
935
943
940
940
921
937
955
930
931
938
932
935
939
932
928
954
944
927
935
932
934
949
933
924
928
938
942
929
946
937
919
928
932
966
936
928
937
933
954
951
918
934
922
962
940
930
938
951
947
928
930
939
945
919
931
938
942
922
919
907
935
926
931
957
938
926
946
922
932
946
915
948
904
938
949
933
939
926
933
963
935
939
949
943
931
935
928
958
941
925
950
941
916
924
951
943
927
942
928
932
934
964
931
919
946
930
933
922
924
919
948
921
931
936
917
929
931
938
942
919
924
936
938
934
926
937
949
939
917
918
925
942
919
943
924
926
942
928
919
931
936
910
938
921
914
946
913
902
931
925
945
946
930
927
943
927
936
931
935
926
912
930
955
918
924
931
938
922
954
933
899
931
933
944
945
924
924
931
926
932
943
937
939
932
923
940
954
917
936
936
913
938
935
957
948
945
941
940
929
922
926
920
916
905
922
941
931
946
943
940
937
920
950
926
935
934
929
951
938
958
946
947
936
923
944
945
932
920
953
947
927
917
959
928
940
952
912
928
949
927
928
943
944
946
920
914
946
946
928
939
938
936
941
937
927
945
929
935
942
950
930
930
924
939
930
938
916
947
946
929
956
945
935
934
952
942
948
949
930
925
936
944
918
931
922
935
923
914
926
930
923
930
916
917
939
941
950
932
937
943
942
938
927
931
925
947
920
931
916
924
918
925
929
960
952
919
936
940
950
926
932
939
906
927
927
943
934
931
927
934
922
933
944
924
925
949
937
920
938
926
900
940
939
927
920
916
920
943
945
935
901
925
913
925
932
936
939
927
925
911
923
934
931
916
933
903
943
947
930
922
937
938
945
916
921
944
958
931
942
950
940
928
915
930
965
942
951
951
930
926
935
932
929
939
937
936
941
925
921
938
934
926
934
929
936
927
928
959
945
944
934
928
914
930
942
922
919
915
923
918
925
918
942
949
942
920
903
924
933
913
943
943
946
928
937
935
926
926
939
944
917
924
915
948
946
930
931
924
942
956
924
922
924
931
941
954
926
930
922
929
936
916
929
936
926
948
922
925
927
940
939
937
923
931
932
943
941
943
913
933
928
937
939
943
920
921
922
927
919
947
930
933
936
931
921
923
923
929
919
944
932
942
930
914
928
923
920
929
949
944
910
925
926
945
939
940
927
927
935
905
911
927
926
939
916
933
945
936
944
931
940
941
942
950
916
937
932
940
947
932
926
947
935
920
931
935
933
934
958
948
917
925
941
948
927
921
931
929
934
939
938
949
945
932
939
932
949
920
955
948
940
928
930
934
948
932
946
929
934
934
922
928
931
941
920
914
923
943
939
923
947
939
949
933
931
917
923
936
936
915
935
924
939
926
930
925
930
924
908
934
924
942
925
929
942
952
915
921
924
936
940
935
944
937
918
934
946
956
912
924
922
920
906
932
917
914
941
937
942
936
915
948
951
939
937
948
938
924
944
921
916
923
927
925
946
920
934
924
915
919
924
929
925
924
934
936
923
933
938
931
947
918
928
937
953
940
939
923
929
913
918
936
921
924
922
911
926
932
914
910
929
922
917
938
946
941
954
936
938
941
919
926
942
931
928
947
921
938
941
920
920
921
926
919
922
914
946
932
936
908
927
934
933
936
919
921
921
920
936
943
935
946
917
933
913
937
934
921
914
946
930
910
916
926
933
933
919
935
917
929
920
935
933
934
942
941
960
955
940
943
933
924
940
933
926
930
938
926
937
948
931
910
935
929
921
924
913
924
936
941
942
935
933
937
936
933
935
944
906
933
950
928
930
940
932
921
938
934
939
928
957
927
933
921
939
904
919
954
935
929
938
946
928
929
929
942
915
936
930
926
922
936
930
947
943
934
927
956
935
924
941
925
942
928
935
930
921
936
950
950
951
940
944
922
924
937
953
938
937
932
933
921
934
945
931
920
930
928
941
919
926
934
922
946
916
934
937
915
931
909
936
945
932
927
941
923
948
921
932
907
943
921
914
917
940
942
917
930
918
936
927
935
938
929
925
935
951
939
928
947
947
941
922
914
929
954
931
918
918
930
924
940
927
946
928
931
921
935
951
924
909
938
951
946
934
933
929
925
925
933
941
922
942
938
901
937
907
932
928
938
950
932
927
952
921
940
935
900
946
928
930
914
936
939
921
924
915
932
924
946
947
932
933
922
938
951
932
930
919
941
931
941
934
924
931
929
924
927
941
940
949
917
931
936
937
929
913
918
920
922
929
933
954
930
919
927
946
916
944
931
940
945
928
933
929
924
924
918
960
936
940
939
933
921
937
924
951
925
925
923
927
919
947
937
924
935
929
930
923
944
940
932
932
933
951
931
916
937
933
923
946
933
930
927
930
933
935
937
929
941
946
940
933
936
941
929
933
944
931
934
941
934
922
914
929
940
935
920
940
949
931
930
936
925
916
941
930
934
918
932
916
949
925
936
934
931
940
930
931
939
933
943
947
932
915
933
937
920
916
945
949
929
933
933
902
925
951
924
959
944
926
946
920
912
923
929
943
936
932
925
937
923
946
948
936
948
927
923
933
922
932
914
906
924
928
935
930
916
938
934
914
933
925
948
937
939
933
925
927
924
931
904
932
937
942
922
935
908
928
935
948
917
959
936
916
940
931
942
931
936
928
926
938
925
909
931
908
951
930
925
931
937
925
925
930
922
923
932
931
929
941
932
951
969
948
917
956
931
953
945
935
936
930
946
928
941
914
922
934
939
922
913
926
934
924
931
935
937
950
920
948
931
933
939
932
937
931
918
904
935
932
930
933
936
925
935
924
939
957
950
932
925
925
940
936
927
943
927
928
921
935
937
934
937
924
923
936
927
923
923
930
924
921
933
935
921
948
928
931
949
929
917
932
949
939
905
914
945
939
953
950
934
921
942
941
943
948
944
912
943
945
906
929
932
920
930
933
914
903
936
938
929
911
936
922
935
921
931
929
934
933
923
936
920
917
936
936
934
942
929
942
925
929
937
943
934
918
953
959
945
922
931
938
949
949
922
918
930
933
914
943
918
940
916
932
936
931
953
953
931
922
933
938
953
916
924
947
934
922
922
940
935
919
952
932
941
936
931
932
930
926
908
946
942
925
939
940
942
933
914
929
936
923
926
924
927
950
927
932
942
939
923
938
921
903
939
930
920
926
932
935
931
932
938
924
940
925
946
921
925
940
938
927
924
921
933
936
928
934
898
926
924
931
930
938
932
946
930
928
930
921
945
934
928
942
936
935
933
934
928
941
922
929
922
958
930
929
947
931
945
945
909
926
918
919
934
930
923
927
929
919
918
929
917
916
929
925
924
920
929
932
928
943
927
942
932
939
911
936
920
938
944
958
938
934
947
930
932
934
952
923
937
920
938
925
928
931
945
947
936
919
941
947
952
933
929
917
911
935
920
922
916
919
937
935
944
918
947
951
934
935
943
959
937
943
943
930
951
949
919
933
923
930
924
924
917
931
934
932
910
932
933
923
919
934
937
947
947
934
930
940
930
931
937
923
923
944
937
952
929
925
934
924
934
921
940
946
921
915
937
942
940
928
945
928
927
935
941
946
931
934
930
936
929
926
920
915
929
940
930
927
917
897
941
944
941
938
919
952
924
927
932
933
919
928
926
932
944
930
929
946
939
930
932
929
922
928
923
954
924
926
942
925
920
945
928
933
937
928
910
927
941
922
936
926
947
943
916
938
935
940
921
920
928
925
933
919
938
932
930
910
907
928
923
956
938
925
916
929
937
931
936
953
944
920
953
943
941
930
953
934
916
911
917
928
937
923
924
940
933
943
933
917
924
923
953
932
951
925
946
933
951
929
942
916
942
941
927
932
930
930
898
941
944
920
929
918
929
928
923
937
912
932
940
935
926
920
929
932
930
945
943
942
955
930
945
936
940
947
942
930
923
923
907
924
931
926
932
933
937
925
958
931
927
931
913
937
934
933
935
919
932
943
934
943
943
932
930
934
909
918
943
927
923
916
931
936
920
948
913
935
942
930
928
951
939
940
941
950
935
940
951
940
932
929
956
930
941
935
946
934
924
931
950
946
934
922
933
942
926
936
941
929
939
931
936
944
929
947
947
951
939
933
938
946
931
953
953
917
914
929
921
931
919
928
934
941
923
932
939
935
924
928
937
939
935
934
928
914
931
918
938
941
925
932
949
931
939
925
930
940
931
942
933
917
925
913
925
928
923
936
934
932
928
938
919
936
926
945
945
927
928
913
928
906
931
920
897
929
939
931
948
921
928
934
937
941
937
930
929
924
924
927
918
928
943
935
924
919
943
938
917
922
935
925
957
936
944
953
936
936
926
918
948
925
938
924
943
914
939
945
935
931
925
931
941
940
934
925
934
929
935
923
919
931
931
952
938
930
929
925
927
936
917
912
923
934
921
925
935
950
916
906
905
904
914
926
933
934
924
932
936
933
925
939
918
924
948
945
952
899
909
920
940
954
937
923
916
909
931
917
931
924
934
948
943
911
931
926
929
923
934
953
956
935
953
930
936
946
927
950
946
935
935
927
927
926
933
949
931
924
908
931
948
963
930
931
949
936
937
926
931
922
945
941
933
937
938
924
959
947
941
921
951
923
918
941
922
929
927
945
927
939
911
925
912
946
930
946
934
927
938
940
926
931
918
936
923
931
940
942
945
917
931
935
935
912
924
912
927
924
930
928
937
939
941
951
909
944
938
919
932
955
948
929
927
917
924
936
914
924
920
957
927
944
914
924
933
926
921
933
935
936
931
936
928
948
933
956
937
923
919
905
931
924
928
938
902
930
913
918
933
937
945
931
929
938
949
931
929
925
912
920
914
939
942
928
938
933
916
907
931
940
929
974
