1065
919
921
936
926
933
942
936
916
925
918
936
923
931
941
937
913
919
942
944
938
909
950
927
936
916
941
918
932
930
923
943
931
939
941
935
935
946
922
906
938
952
911
934
928
938
931
907
923
935
945
944
938
933
921
941
941
954
949
933
928
947
915
936
926
930
929
939
942
927
925
939
947
908
941
909
926
931
938
927
944
942
931
939
931
943
946
923
921
940
928
940
919
913
926
907
919
931
925
938
933
932
917
908
919
929
950
944
899
926
936
922
936
941
935
920
928
945
927
924
929
925
931
937
933
946
908
931
946
941
926
932
938
934
940
943
933
933
918
931
936
931
934
924
917
918
947
947
930
943
937
927
948
911
914
935
916
918
933
936
919
926
923
925
939
940
929
917
945
920
914
923
937
952
927
941
939
922
944
941
926
904
944
942
944
927
940
928
926
930
928
937
941
935
949
930
934
943
945
932
942
935
921
931
929
946
934
933
907
936
947
946
924
944
935
939
920
928
929
926
922
925
945
923
934
932
928
938
933
929
942
923
943
921
919
940
919
930
952
949
937
949
956
934
923
929
927
946
945
918
930
924
921
954
941
936
919
910
946
930
927
949
935
931
922
936
941
916
922
929
921
921
938
915
947
912
913
910
923
912
921
920
918
927
930
934
922
929
937
934
938
940
945
938
935
918
923
927
933
930
939
935
942
916
956
947
939
924
932
950
935
938
923
920
948
916
941
923
930
915
953
944
923
919
939
928
914
926
909
941
948
915
937
922
915
938
933
945
961
922
929
920
935
950
924
937
926
953
938
921
936
906
935
918
931
921
945
927
904
930
920
950
956
938
927
952
925
921
943
933
941
929
910
930
920
956
917
928
941
936
933
944
949
918
941
933
929
915
929
941
911
920
947
927
928
931
941
931
903
934
933
934
928
924
942
936
927
939
930
909
925
935
942
942
929
928
933
949
935
911
926
927
932
915
937
921
917
922
925
933
944
920
940
929
942
939
934
926
943
931
932
915
927
910
920
952
918
927
930
927
947
940
923
934
942
938
915
924
926
922
953
947
942
928
934
925
921
938
936
930
940
926
939
921
932
916
924
933
935
931
947
922
934
912
938
917
924
926
945
942
948
934
915
947
935
923
928
927
937
937
956
931
902
923
923
930
942
929
924
928
937
935
949
940
910
930
924
942
939
930
917
925
931
931
923
904
945
929
915
920
921
913
927
925
944
926
936
932
916
934
938
943
934
902
929
898
920
930
926
936
918
898
929
938
925
919
940
919
943
930
934
951
944
929
926
907
935
939
955
935
915
922
943
939
930
917
910
931
937
930
939
929
943
942
943
927
917
933
915
942
927
927
938
936
928
927
933
924
936
932
935
925
934
909
935
932
919
935
933
946
932
928
924
946
942
928
922
907
935
935
923
930
931
935
948
923
943
945
939
925
933
933
931
930
927
926
921
917
936
953
929
949
948
940
939
931
938
945
951
947
940
930
932
945
944
923
914
908
937
943
938
932
950
945
934
927
930
932
933
934
940
941
931
914
944
920
928
938
947
921
945
944
936
925
936
950
957
911
940
919
943
927
912
935
932
909
943
908
932
913
928
920
949
932
939
913
951
945
932
944
924
938
935
948
950
927
928
925
941
940
934
931
941
931
935
947
934
936
921
943
935
933
940
931
935
957
938
936
940
947
936
938
922
929
934
933
957
951
930
953
931
942
942
940
943
933
922
947
928
920
906
943
925
941
938
934
948
941
933
934
940
944
929
926
924
947
917
920
925
936
939
940
931
931
938
929
942
923
935
935
933
931
938
923
932
919
931
922
924
949
938
941
914
930
918
920
943
916
943
924
927
936
932
933
944
909
922
938
931
927
937
941
949
947
934
942
938
931
926
930
931
942
926
923
959
946
944
945
938
952
953
921
927
940
934
960
909
930
937
933
933
921
940
909
936
919
928
924
916
932
935
918
929
934
935
939
923
933
921
931
943
930
937
913
925
936
948
935
924
933
929
938
942
936
942
950
919
938
944
950
915
931
936
948
927
937
949
919
920
954
919
934
932
933
935
924
935
938
940
950
922
922
927
945
933
913
932
935
925
933
934
934
920
923
941
940
919
937
926
927
927
944
927
951
938
921
935
908
953
934
935
942
939
945
952
926
924
928
933
921
925
941
944
934
944
936
928
948
943
937
938
925
962
925
946
931
918
925
955
918
948
929
923
943
929
928
943
941
926
920
930
919
934
906
925
926
937
926
955
945
922
925
925
957
934
914
944
957
927
926
933
910
922
939
931
930
942
915
919
911
947
918
934
929
934
952
932
947
935
944
938
940
930
932
943
955
942
929
907
954
949
918
934
926
924
926
936
933
925
905
921
946
925
938
921
926
928
921
934
937
949
938
938
940
949
943
956
916
941
949
932
931
916
930
927
944
938
940
928
935
908
931
947
927
941
932
930
925
914
935
930
945
941
953
930
915
938
942
914
933
939
925
932
923
924
909
935
930
936
948
946
944
919
937
934
925
945
937
944
929
951
930
907
947
945
945
930
930
922
907
924
924
922
924
922
922
926
936
945
930
949
902
934
941
934
955
945
931
935
927
939
920
932
935
942
941
944
940
933
951
928
943
942
924
931
912
927
937
920
939
918
940
931
942
934
933
936
940
928
930
924
932
947
936
922
931
924
918
948
925
928
933
926
936
942
946
926
929
926
931
948
937
921
928
912
949
948
935
942
942
922
910
939
932
923
949
952
925
931
923
924
932
933
931
915
942
940
928
925
905
917
923
916
931
924
949
932
939
946
940
918
937
943
944
939
902
940
923
928
925
943
933
927
950
917
914
930
929
904
932
915
936
927
930
922
932
921
928
943
936
945
929
936
944
934
941
936
954
942
948
937
909
929
927
924
947
927
930
920
940
931
921
902
932
937
943
938
949
955
923
943
948
917
936
929
927
920
930
944
947
905
945
933
931
931
932
918
939
936
932
925
932
931
937
934
928
934
937
922
946
931
919
955
938
942
935
946
950
923
929
928
908
934
938
916
913
905
915
921
930
925
927
960
928
940
937
937
942
937
941
941
931
937
954
937
923
935
925
934
920
914
958
918
927
933
921
936
938
937
913
925
927
946
916
921
932
934
923
927
937
910
939
927
931
917
946
937
923
936
917
941
927
926
931
929
921
936
930
925
919
930
950
914
925
923
934
931
947
917
930
942
957
939
925
932
918
943
952
933
947
940
931
957
948
927
954
946
923
916
953
917
920
923
912
925
930
931
927
937
920
925
926
931
938
927
908
914
911
916
916
916
923
936
931
937
932
903
930
915
932
944
915
935
920
945
928
934
948
940
938
934
937
943
918
920
949
950
932
926
940
925
942
934
931
915
922
932
940
938
947
935
933
924
946
942
925
934
937
942
933
922
925
919
934
921
951
952
922
937
939
941
942
912
937
928
945
933
936
940
934
921
918
918
948
923
949
927
935
946
958
936
944
946
921
924
931
924
945
948
913
921
912
918
942
935
931
899
936
946
917
920
927
924
940
937
917
931
930
923
925
909
945
927
939
920
922
942
931
910
932
960
922
952
922
936
938
927
942
937
925
932
945
931
925
947
931
925
931
955
928
922
925
929
953
932
923
939
963
940
944
941
939
930
922
938
941
933
923
914
908
939
910
921
938
913
932
923
926
917
939
923
936
934
915
931
938
924
933
935
932
939
912
938
906
940
925
931
924
925
942
935
929
929
935
920
937
924
930
911
934
939
938
925
938
945
940
914
928
938
918
922
915
939
932
918
934
903
956
933
921
917
916
943
913
932
940
933
930
925
926
940
926
935
944
951
923
929
944
927
923
942
932
902
934
928
949
933
927
932
932
917
934
934
933
924
930
937
934
915
920
925
932
932
930
947
930
926
945
935
936
934
944
926
934
922
915
932
947
924
937
917
896
929
938
930
934
935
928
963
933
925
933
930
943
960
959
929
931
942
948
930
941
922
932
926
922
935
924
960
949
940
911
918
924
907
934
933
939
936
918
912
922
946
926
937
936
915
927
917
919
912
943
930
922
935
945
921
935
939
931
949
932
950
916
933
957
929
934
939
927
937
935
937
931
921
946
933
919
922
938
944
948
925
928
933
948
938
939
941
934
944
939
943
949
942
939
938
915
924
931
909
943
921
922
939
946
920
924
938
936
911
932
919
922
932
919
928
910
921
919
914
932
941
932
933
947
935
932
909
916
936
916
918
940
939
947
937
943
934
932
945
949
919
935
911
953
938
935
913
932
932
957
925
954
936
937
964
944
938
955
947
927
918
953
964
930
928
931
942
930
947
931
924
923
931
938
944
921
934
922
931
916
925
929
917
938
935
932
929
935
942
935
938
944
951
949
924
939
935
958
939
945
930
926
919
934
935
941
938
924
934
937
937
930
924
952
949
949
939
943
941
933
925
921
950
941
931
932
927
949
917
927
938
922
914
924
930
919
937
948
970
954
937
933
923
921
922
942
922
924
928
947
937
931
931
927
943
937
926
915
934
950
945
931
930
936
946
931
906
934
932
947
931
933
927
954
951
928
938
956
933
943
926
944
932
961
935
934
940
913
922
935
935
922
923
924
934
935
938
932
937
936
935
912
920
910
923
913
929
908
913
936
918
926
915
930
929
928
940
930
922
927
930
929
909
934
941
932
924
923
946
914
927
930
956
935
956
948
942
930
943
925
917
923
940
933
927
925
932
936
925
944
934
920
918
941
939
930
926
935
934
933
923
935
953
957
929
935
919
927
946
939
952
942
920
934
927
935
933
930
930
922
935
938
942
953
925
918
918
904
934
925
962
920
936
927
936
920
936
941
938
939
938
941
919
939
939
956
937
928
923
924
925
939
934
950
934
937
944
938
914
933
930
922
930
937
914
912
936
918
915
937
918
918
945
934
922
941
932
930
940
924
943
928
928
931
952
943
921
924
929
930
935
945
933
915
918
927
933
940
918
924
945
925
918
918
946
939
920
939
916
935
934
928
937
931
924
928
940
940
947
956
941
919
924
917
931
929
934
938
951
943
946
951
939
945
942
918
929
927
913
937
926
923
924
936
933
931
922
933
935
941
934
942
941
943
928
926
925
927
936
918
924
927
917
938
923
938
923
931
919
944
925
931
936
941
912
915
945
927
936
938
918
937
932
953
926
932
921
943
934
933
949
926
936
955
930
932
920
925
934
932
931
929
922
930
938
940
937
931
950
932
935
914
932
928
938
928
916
961
933
921
925
938
923
922
907
938
928
918
925
968
942
924
938
936
935
938
927
930
918
944
923
934
939
935
926
924
934
933
933
940
942
949
936
943
939
921
954
944
934
932
918
930
901
921
934
938
939
922
913
947
926
919
934
927
919
929
933
950
931
920
927
944
941
916
933
935
929
935
929
917
942
929
937
944
946
918
934
925
923
949
926
923
915
946
931
925
923
915
929
921
935
933
938
940
949
922
949
929
922
930
921
914
950
936
932
928
947
924
945
936
935
928
947
945
950
939
927
916
935
923
949
939
919
929
947
946
949
937
927
950
941
931
933
932
928
934
929
923
931
934
920
943
939
923
956
931
935
911
922
959
943
943
950
929
946
921
938
927
921
932
935
913
936
935
933
938
934
918
941
948
932
936
920
932
933
937
933
928
937
929
937
947
946
929
913
945
920
927
979
