1065
923
937
938
933
917
929
931
940
940
910
937
930
935
929
913
926
915
925
937
926
921
914
939
899
915
932
916
925
944
939
920
930
917
932
939
941
934
922
931
939
945
916
950
949
921
889
937
932
927
942
904
937
930
931
925
917
938
948
919
935
923
919
929
931
920
918
919
937
917
937
913
926
937
937
931
923
942
932
942
947
941
933
954
957
928
934
935
927
936
935
932
920
930
944
935
931
944
929
897
937
945
925
948
943
948
945
927
947
937
960
951
929
955
930
925
944
952
934
946
925
923
928
950
917
945
921
929
947
944
931
932
962
920
921
920
923
929
937
917
923
940
932
929
946
936
930
914
919
921
920
923
948
913
925
942
925
920
922
912
931
910
947
936
924
926
922
934
918
934
922
940
925
952
921
923
912
934
943
948
946
934
927
936
939
923
921
927
933
933
932
932
922
941
917
935
912
928
939
945
926
942
925
929
916
928
927
928
947
922
936
934
921
932
936
911
925
919
941
936
934
924
918
931
959
916
926
938
945
941
943
926
952
933
928
944
937
948
923
919
931
921
939
927
927
934
941
925
949
933
921
937
936
923
934
940
938
937
932
947
934
946
915
939
925
954
935
946
927
934
916
919
933
909
931
961
941
942
954
922
931
928
944
924
933
938
945
931
937
944
934
939
932
935
939
928
937
925
895
927
932
917
944
930
904
926
940
945
915
924
933
947
922
925
918
924
935
941
928
944
930
934
922
946
918
939
921
936
926
921
931
934
920
940
925
929
923
943
935
952
918
911
933
915
931
940
931
935
932
961
942
942
943
931
910
920
925
929
922
926
945
924
929
929
927
931
939
940
948
936
940
927
929
921
946
945
942
908
923
925
938
922
938
914
925
922
949
939
931
936
935
935
930
937
922
934
932
928
937
917
946
935
944
926
922
920
934
950
917
931
919
898
931
927
944
945
940
928
945
930
934
951
934
935
926
942
945
939
939
938
926
934
936
931
920
936
939
937
921
936
900
919
918
930
924
944
942
926
936
893
935
928
943
940
951
939
949
933
941
912
927
948
939
912
934
913
935
920
917
947
942
936
942
934
929
921
950
935
945
927
927
953
939
919
951
936
949
929
926
944
931
914
928
943
931
920
936
923
943
937
942
902
934
936
925
934
927
937
936
935
946
931
931
925
937
911
944
935
905
928
955
943
953
925
931
930
949
920
929
935
943
931
954
911
919
925
928
928
912
935
925
948
927
909
932
955
928
940
937
940
938
929
921
922
931
926
934
915
921
949
921
931
934
938
936
908
941
931
938
937
942
930
939
920
929
915
925
911
912
934
936
933
931
939
918
926
942
922
941
930
937
948
931
926
941
924
938
935
942
935
916
935
950
928
949
916
946
921
923
915
949
930
932
945
925
937
919
943
915
933
912
928
925
925
927
934
935
940
932
932
939
938
939
927
951
929
928
942
921
927
930
936
914
931
941
928
936
939
967
930
926
918
931
935
925
920
934
909
905
922
942
921
943
919
931
943
923
932
923
937
948
944
944
925
936
938
934
926
936
919
929
951
953
941
915
934
922
911
924
924
917
907
922
924
905
930
926
930
932
958
935
929
921
928
932
906
939
933
948
941
942
938
929
952
919
928
938
931
922
950
947
940
928
928
920
926
941
928
924
944
920
932
936
927
933
956
910
939
948
948
923
948
920
927
918
932
935
924
919
925
949
930
920
925
939
919
918
923
927
930
930
914
913
944
918
919
922
930
929
936
938
925
922
936
919
930
946
936
928
930
942
940
945
938
927
924
938
929
933
920
929
933
927
929
954
922
935
931
951
931
929
925
922
933
955
939
942
922
941
939
938
948
936
938
926
933
936
911
936
909
926
947
941
932
901
926
931
945
926
945
934
931
938
927
920
928
896
934
944
937
937
920
931
942
926
951
928
956
918
953
907
901
931
921
920
922
945
909
920
928
916
917
941
916
921
915
927
936
949
933
909
940
950
933
910
918
944
925
940
925
917
931
915
948
930
944
942
936
933
924
925
938
936
926
914
926
926
936
932
944
933
929
923
931
915
914
931
921
929
917
933
920
930
947
926
933
930
919
934
937
915
913
929
936
917
929
937
930
926
918
923
929
936
934
920
927
910
914
933
933
943
920
943
934
944
945
935
924
936
913
914
931
939
942
938
939
920
927
934
925
927
937
937
927
930
936
928
940
945
927
923
929
930
942
927
930
929
939
945
922
926
930
919
934
924
927
925
910
928
933
936
944
921
924
942
937
931
940
939
918
935
916
932
932
929
923
932
930
936
920
925
917
938
933
924
921
920
931
939
931
937
932
938
940
910
929
941
941
942
941
926
929
934
938
931
940
942
938
936
932
944
942
931
924
918
916
936
936
926
932
926
950
930
921
940
906
925
945
937
928
924
925
947
937
953
912
921
922
941
941
941
929
925
933
930
917
914
936
942
935
942
918
939
953
947
951
943
940
925
932
933
919
937
924
936
927
934
922
927
936
954
932
951
941
930
950
929
912
934
926
939
925
919
932
936
949
943
930
945
928
913
938
934
931
932
933
919
924
926
930
913
933
929
929
951
932
935
928
929
946
925
940
935
935
948
936
895
904
934
919
941
930
935
929
921
950
932
922
922
919
954
925
920
908
930
918
928
914
906
921
930
927
923
922
964
934
928
942
922
941
948
938
933
941
904
934
939
919
950
922
932
939
940
942
936
935
925
935
945
944
911
951
950
936
927
934
941
928
923
902
942
935
925
925
914
931
947
941
937
931
941
930
946
953
922
938
916
926
929
940
930
937
931
929
912
947
955
937
933
928
940
931
926
925
934
967
935
929
944
920
915
941
920
930
930
933
948
948
929
932
934
931
951
933
939
929
943
957
911
927
928
959
939
937
935
944
938
943
936
954
944
923
943
931
924
925
947
929
930
927
944
919
930
920
921
950
906
917
927
945
931
938
939
929
910
928
930
928
937
952
938
938
957
944
938
942
944
921
949
932
933
929
943
922
930
918
937
914
909
931
930
910
940
944
928
928
929
944
955
942
918
928
951
935
921
938
939
942
935
923
930
919
939
960
926
942
932
933
930
932
912
941
928
916
936
919
921
934
932
898
914
940
919
942
917
935
908
916
912
920
924
939
916
912
914
936
952
934
939
946
940
959
948
927
935
952
930
922
932
912
929
942
935
943
931
924
928
942
937
916
911
925
934
944
931
942
935
915
924
930
939
932
943
930
934
926
949
925
925
958
927
930
934
928
933
957
941
933
939
932
930
923
930
943
927
945
925
936
949
930
950
924
918
946
929
930
949
928
930
920
919
930
933
935
950
945
924
934
931
927
904
911
952
922
926
922
917
944
930
930
917
931
939
933
923
938
938
928
907
916
897
928
937
920
927
943
920
926
932
937
937
941
944
933
925
946
933
928
941
919
920
915
942
948
930
933
930
921
940
917
949
933
926
928
947
929
935
924
941
937
923
899
938
929
947
923
927
925
923
924
932
925
931
941
929
950
940
925
941
930
923
931
924
936
934
922
911
925
945
925
934
930
955
947
902
940
957
912
926
927
913
934
914
927
932
956
921
927
930
923
934
944
907
949
950
924
949
949
933
929
952
949
917
918
921
930
920
944
931
935
947
941
935
912
931
929
944
920
938
946
937
922
936
937
953
930
912
905
935
934
942
938
932
921
920
920
935
944
960
951
927
925
925
919
945
926
937
947
929
920
935
948
934
940
968
934
945
934
960
952
933
929
927
934
932
948
927
940
924
941
925
944
942
926
936
949
939
926
933
942
944
927
937
939
918
942
935
951
917
908
938
939
948
939
934
946
940
931
910
927
930
922
930
920
942
921
927
929
907
929
914
950
932
924
927
919
947
937
945
937
949
928
933
923
930
927
914
927
925
933
943
936
918
934
930
940
922
927
925
923
943
948
948
935
936
932
949
919
913
924
937
918
928
939
930
927
917
929
946
906
941
932
926
944
934
924
924
931
941
953
914
933
952
929
956
918
928
923
951
943
945
917
928
907
918
948
943
950
953
936
930
937
922
922
919
938
923
928
916
916
920
914
926
922
936
922
942
931
924
939
939
936
929
936
909
918
932
953
948
936
934
944
938
954
936
916
937
952
951
940
933
940
949
954
939
932
926
922
931
928
956
946
939
941
932
945
959
957
943
946
930
939
947
942
939
938
942
925
926
936
942
937
933
953
952
930
912
929
918
917
914
943
930
923
941
931
929
939
939
931
943
934
945
930
934
906
938
913
906
930
916
937
933
918
949
937
948
912
927
927
932
946
929
943
951
930
946
937
922
925
953
921
932
919
928
945
923
954
925
944
917
943
949
946
930
934
953
947
949
934
950
937
918
936
930
941
950
940
923
936
923
941
935
935
929
935
933
932
932
918
922
924
928
932
921
948
950
927
931
930
916
932
919
930
918
925
941
938
947
927
935
922
937
943
946
924
942
920
935
932
918
932
947
957
927
914
946
937
926
940
938
938
941
938
943
935
936
958
933
938
934
933
932
922
929
918
953
930
930
923
939
927
947
940
925
920
929
922
921
925
926
935
925
938
926
909
925
935
903
929
940
939
933
951
938
949
927
914
912
938
951
942
948
938
926
914
915
929
916
942
944
939
958
948
940
927
931
925
932
939
941
920
930
925
940
947
950
925
923
927
927
929
903
931
952
936
918
923
911
930
909
939
949
921
919
928
925
939
937
923
933
949
915
929
927
922
930
941
920
929
946
937
947
936
909
916
925
935
939
911
939
921
943
955
929
906
927
937
925
930
948
949
931
935
928
919
936
936
924
925
948
904
932
938
926
899
938
933
925
949
929
915
925
931
973
939
921
937
913
934
926
945
953
935
939
944
945
916
929
938
917
926
923
952
936
950
945
930
949
936
928
911
926
938
920
936
924
936
924
933
943
936
933
907
922
944
944
958
940
930
926
944
924
911
940
914
960
943
937
947
926
924
952
931
933
918
932
935
942
943
950
929
924
944
939
929
936
961
937
942
929
925
926
927
956
949
943
927
919
924
910
937
950
924
917
932
931
931
943
921
939
936
935
928
911
935
921
941
942
934
915
935
936
926
921
954
945
957
945
930
913
921
944
928
933
939
925
930
953
931
935
930
936
933
938
931
932
950
926
949
943
946
921
929
934
935
934
934
919
920
913
932
941
951
925
929
929
933
925
945
931
904
952
945
912
936
931
930
921
920
921
945
938
922
934
944
941
917
941
933
935
945
916
933
919
923
923
920
939
937
933
938
934
917
948
917
925
913
953
931
953
918
930
917
947
917
949
928
919
922
941
904
910
937
940
936
934
942
943
927
919
928
921
931
921
932
945
921
942
912
947
942
947
936
939
933
919
936
939
916
961
948
923
941
945
926
947
943
925
936
938
953
931
926
919
922
927
927
933
937
919
941
916
931
943
927
952
927
921
936
927
955
945
951
943
923
933
920
911
935
934
939
934
933
932
922
921
925
931
948
920
921
930
949
945
936
939
939
943
928
932
915
939
919
919
944
924
937
953
941
949
942
940
944
922
915
921
952
927
954
930
954
957
934
948
928
919
941
944
927
927
943
933
929
939
934
931
916
937
958
924
928
914
927
929
938
932
909
939
933
933
925
945
949
928
921
934
921
943
932
922
916
921
934
917
922
913
934
946
921
973
