1065
921
928
956
937
935
907
923
933
951
939
918
953
925
915
936
956
938
947
941
911
918
923
926
926
935
947
931
933
953
939
918
939
943
951
941
932
947
932
929
947
933
931
944
956
927
932
915
917
933
943
927
925
935
952
934
918
945
919
940
945
930
954
927
923
939
954
936
921
925
941
934
934
937
918
939
940
941
924
934
934
933
953
922
917
928
929
936
930
949
952
928
944
933
938
938
935
919
913
933
938
958
932
909
949
925
934
950
928
931
948
926
957
916
939
931
931
928
917
941
945
942
905
942
945
926
946
938
930
916
934
931
937
951
940
935
898
940
925
911
923
945
920
939
935
927
942
927
945
946
924
926
947
940
931
928
932
935
944
913
941
932
956
946
939
927
925
910
927
940
922
910
918
942
935
949
916
913
915
931
922
925
933
932
936
941
921
927
923
933
924
941
939
932
941
931
947
948
922
928
929
946
949
924
942
935
924
940
912
915
956
917
924
939
922
910
921
929
949
934
941
936
939
933
918
945
935
937
942
944
932
935
935
939
948
930
937
936
937
934
927
939
940
943
926
932
937
928
930
934
944
911
957
937
935
931
926
941
940
924
932
937
932
930
942
919
920
931
925
937
948
940
927
928
949
938
939
915
944
919
939
932
940
933
935
932
935
933
942
941
929
932
934
935
944
919
933
926
912
942
945
941
927
926
930
935
938
920
922
920
930
920
934
932
945
921
947
929
943
940
934
933
934
931
922
930
921
950
959
938
945
931
934
949
918
936
959
921
935
927
911
934
949
925
925
952
945
949
962
946
922
925
928
924
915
900
923
931
941
919
922
930
934
932
931
928
922
949
918
925
926
912
923
931
914
920
943
944
950
906
924
926
919
932
940
919
922
945
938
913
929
930
929
931
932
941
929
919
924
950
930
945
918
945
931
930
937
931
930
950
931
933
938
948
940
925
936
941
964
924
925
919
922
942
922
938
940
929
949
897
918
929
919
923
924
953
948
945
925
942
907
924
934
930
917
946
930
922
936
914
945
937
918
932
902
942
919
932
937
949
939
933
933
940
941
926
931
945
945
937
946
939
927
945
931
912
940
937
932
924
958
925
923
925
939
937
934
928
934
942
943
917
938
932
946
937
922
926
945
947
947
947
931
946
908
913
905
932
919
924
917
931
918
936
931
904
941
933
949
928
926
937
951
960
937
935
938
947
937
933
925
925
932
937
925
922
939
948
937
948
935
954
932
940
922
930
955
926
940
931
934
947
921
935
920
927
917
929
942
919
899
950
904
939
937
942
952
919
925
930
937
926
937
939
941
935
908
934
931
928
934
929
942
924
932
938
921
937
936
953
932
957
926
935
949
914
943
944
933
937
941
946
946
919
921
933
922
942
934
939
938
932
907
928
913
909
943
953
939
930
930
938
921
935
929
931
937
919
925
945
955
910
924
933
932
917
942
908
943
927
941
926
933
916
923
931
923
936
946
921
942
937
903
930
930
937
927
939
941
934
951
949
936
944
943
947
939
943
920
937
922
942
944
930
922
943
931
940
938
918
941
925
934
924
927
916
924
941
941
940
903
925
935
927
913
948
928
930
938
928
938
932
932
933
945
941
931
945
931
932
941
936
912
943
946
914
934
948
939
944
929
936
929
945
933
943
922
929
933
914
943
915
943
931
931
935
943
947
925
920
934
940
937
948
934
938
930
938
936
931
928
927
940
934
922
940
917
927
915
927
920
939
936
936
930
955
936
933
931
926
916
935
911
921
920
934
939
900
928
932
923
940
922
929
931
916
937
944
940
938
945
928
923
953
925
925
915
953
932
954
931
924
934
924
926
920
942
925
948
943
950
936
934
940
925
927
923
934
915
930
940
935
931
919
925
921
935
917
917
943
927
920
912
935
955
923
935
934
929
940
936
932
932
952
945
920
934
930
935
924
920
940
930
935
929
932
944
923
935
935
938
938
928
936
935
937
933
924
928
936
926
917
916
934
909
948
934
936
934
932
937
927
922
935
925
929
916
919
906
939
938
925
941
947
946
952
920
908
929
898
936
927
915
948
949
936
941
928
928
922
905
931
931
941
936
944
912
929
921
954
926
934
929
934
965
925
938
937
940
931
918
946
941
941
928
913
940
918
919
934
926
933
929
944
948
916
939
937
909
914
933
937
931
929
919
929
950
934
934
947
933
936
936
910
929
936
911
933
926
952
920
919
946
933
925
925
930
925
929
928
931
935
917
937
941
929
931
951
927
935
931
917
939
932
916
946
940
945
928
952
908
927
931
942
906
931
931
914
948
921
911
936
949
948
929
923
935
937
938
935
932
934
930
928
916
927
944
908
912
928
928
930
933
948
917
928
915
937
936
918
936
950
938
929
925
941
942
924
941
916
920
944
933
922
927
930
929
936
925
918
939
941
921
946
914
923
942
913
936
909
942
935
926
923
930
924
938
912
909
943
942
923
926
935
916
950
937
907
925
923
943
918
914
933
927
933
936
951
912
934
933
931
942
923
943
941
930
929
927
938
921
907
931
941
936
943
934
938
918
933
926
922
907
925
927
913
935
927
956
946
928
936
928
947
940
944
914
940
933
941
930
929
944
933
920
929
929
908
928
944
928
948
947
942
946
928
935
922
941
942
922
921
932
922
938
945
907
947
935
950
931
940
943
948
945
945
934
936
930
937
944
931
953
925
945
927
939
940
944
940
929
918
929
934
921
938
938
936
936
942
933
932
934
925
947
920
909
949
927
929
921
931
940
916
941
937
914
949
936
956
923
904
916
934
925
915
942
919
918
925
918
932
948
937
937
929
947
937
918
907
930
939
934
934
926
923
937
927
927
931
933
948
940
916
947
932
922
925
938
917
914
929
907
939
935
956
941
945
926
929
923
927
939
932
939
932
930
940
933
917
941
943
911
937
919
918
916
935
921
932
931
930
949
936
929
946
928
915
920
925
937
939
931
934
913
947
931
949
929
938
930
927
918
955
932
933
945
923
937
944
929
928
931
927
942
939
939
923
916
933
934
953
942
916
942
938
942
936
923
946
922
939
913
925
916
932
942
926
923
953
927
924
940
923
941
946
947
936
909
929
927
934
939
921
919
919
921
929
919
955
920
913
909
928
917
939
923
935
950
934
944
925
945
940
912
937
937
938
934
937
929
920
937
917
936
949
949
949
914
923
948
927
933
934
935
924
943
928
943
924
922
917
926
937
940
947
945
936
942
930
936
926
923
927
921
931
943
930
924
938
923
931
929
937
923
914
932
924
933
935
917
941
926
932
919
921
924
931
945
922
939
926
937
927
926
930
927
922
936
927
940
936
920
954
920
939
947
917
931
939
937
941
941
917
931
923
947
926
924
918
915
924
924
922
940
936
919
907
913
900
949
924
925
919
935
927
942
955
944
940
918
945
923
919
935
929
937
940
928
919
948
908
937
935
942
944
937
941
933
933
937
940
935
916
942
934
920
936
941
923
921
937
919
936
925
930
933
920
953
933
921
925
925
941
938
922
940
941
942
927
939
933
947
925
899
934
918
936
927
932
938
918
934
936
928
950
938
915
930
898
931
917
936
934
917
936
941
938
925
933
931
932
924
937
934
934
947
947
925
923
910
915
939
930
928
927
920
945
917
934
930
930
918
920
924
921
921
929
919
933
925
935
936
916
927
926
932
940
952
938
915
924
934
923
928
937
922
936
944
938
929
934
936
946
923
936
937
935
935
925
923
935
913
955
944
939
943
940
930
926
924
924
928
946
932
942
940
959
922
930
947
956
948
935
932
934
923
946
936
940
930
928
918
960
928
924
943
923
928
927
940
939
930
897
934
929
922
913
920
933
941
941
915
938
933
937
923
918
938
939
932
947
937
931
937
943
942
933
922
922
943
932
937
933
924
920
935
937
914
932
918
940
923
939
937
942
929
921
944
944
931
938
925
940
934
919
929
906
943
906
931
938
924
941
933
938
934
934
945
945
938
933
925
924
938
943
940
919
926
920
911
917
919
934
911
926
929
934
937
937
926
924
918
912
934
908
922
943
926
936
947
938
945
926
949
928
945
938
934
928
944
934
907
923
936
951
919
925
927
940
931
923
936
938
936
935
935
938
914
946
939
927
950
936
915
929
935
932
917
932
935
930
916
918
939
936
930
919
916
933
928
930
934
945
915
941
938
942
932
930
928
923
942
942
930
919
922
938
927
959
934
932
910
918
942
935
935
905
935
922
922
931
936
918
932
932
923
922
931
947
945
923
930
933
938
926
930
927
952
923
956
947
919
924
943
946
921
952
933
936
924
921
921
931
926
925
921
945
926
921
899
917
934
937
943
905
943
922
945
943
931
931
907
940
940
928
938
931
953
953
947
929
937
923
939
915
939
932
954
934
922
920
948
937
922
937
944
929
931
932
940
910
941
919
935
944
934
926
916
925
940
946
929
941
953
905
927
920
935
931
936
940
941
948
916
937
942
925
927
933
916
904
952
924
953
929
916
923
926
939
913
929
949
932
930
949
932
927
931
912
950
926
935
929
913
933
938
927
942
922
941
920
939
952
933
945
932
946
932
920
937
924
925
941
919
931
922
955
925
932
940
935
925
928
934
935
939
937
946
940
928
912
935
923
935
921
920
942
918
913
941
923
932
930
944
917
924
928
943
930
929
938
951
938
939
920
922
930
942
937
910
937
942
919
948
935
942
952
939
963
925
940
920
943
933
944
934
942
926
938
929
934
926
934
931
954
952
938
930
933
952
914
921
930
932
938
929
940
942
943
945
960
951
940
925
936
953
928
935
947
907
928
925
946
931
922
934
940
950
942
925
927
936
919
937
931
927
939
949
937
932
940
936
911
931
943
938
923
915
939
932
931
938
941
952
936
915
920
936
933
935
920
945
941
943
927
918
940
909
931
927
919
937
915
929
948
938
926
921
926
934
909
942
937
944
935
943
928
929
927
933
923
926
947
937
924
932
930
932
928
941
939
943
910
933
926
911
938
940
928
937
932
910
934
942
940
927
938
931
928
929
920
924
946
953
947
929
923
930
917
922
943
942
915
939
940
936
922
943
936
924
944
919
921
944
939
939
926
934
921
925
918
938
944
929
926
940
936
934
946
958
928
927
926
944
927
943
933
926
916
931
927
911
947
949
940
935
930
932
931
934
922
933
945
928
925
918
934
930
912
916
936
914
932
953
942
934
933
939
942
919
930
933
928
941
918
927
935
927
914
942
922
938
939
930
935
931
930
922
910
933
934
925
936
922
929
940
916
905
935
922
923
931
943
923
925
952
941
945
919
931
930
939
930
950
940
936
953
926
938
922
927
928
947
941
932
928
926
927
939
937
943
952
927
942
937
940
935
917
907
932
923
932
928
928
928
925
939
917
936
933
948
940
922
929
935
908
925
942
933
928
948
931
906
942
933
939
949
924
952
922
929
928
933
922
932
929
929
938
941
925
924
929
920
935
925
933
937
916
941
929
937
928
952
925
938
924
948
944
922
940
941
931
938
943
916
923
929
937
933
918
933
930
945
922
929
935
932
922
946
933
937
929
911
932
936
937
941
931
939
941
942
949
922
935
918
908
916
924
921
951
929
935
918
949
915
906
925
931
937
937
922
926
935
935
930
944
940
938
924
947
940
946
946
934
938
918
945
928
942
932
946
958
945
931
943
950
932
928
925
975
