1065
921
925
957
931
938
938
928
932
933
937
935
936
931
931
924
926
924
936
929
942
937
935
949
923
926
946
932
930
942
948
920
942
939
936
929
922
944
926
935
950
931
945
942
937
917
921
943
935
924
927
933
940
942
940
933
936
938
944
914
941
944
949
945
942
941
937
944
921
931
942
926
923
929
937
928
932
933
920
939
949
926
925
936
914
931
921
933
927
944
930
932
923
916
913
931
937
919
936
911
923
938
939
931
920
926
916
924
937
950
904
915
922
957
942
921
929
914
927
928
935
935
923
933
919
940
952
923
939
936
939
937
937
951
912
932
944
940
944
915
931
928
917
953
931
932
925
932
923
920
945
906
946
946
938
942
944
926
923
946
927
951
940
931
925
943
937
925
912
933
947
924
932
909
942
944
944
927
924
920
927
908
923
927
933
944
920
926
927
940
936
929
914
922
927
939
930
935
925
938
940
932
924
931
917
928
915
924
903
903
936
931
944
926
924
906
930
926
921
942
948
933
936
930
947
943
923
939
919
910
936
918
920
921
934
937
941
928
925
929
944
931
933
918
929
927
921
921
938
923
949
895
939
931
927
935
937
942
926
934
940
946
937
932
933
955
947
924
919
937
931
918
915
936
936
942
944
945
917
918
916
923
909
926
919
930
922
924
935
939
927
924
939
938
925
934
953
935
933
934
923
923
952
937
931
938
933
942
936
921
934
946
928
948
916
940
954
935
949
945
918
924
936
940
947
948
928
935
935
937
923
934
947
928
935
923
935
924
929
948
923
907
916
935
916
948
944
912
926
924
938
922
941
929
920
933
939
931
927
909
923
931
926
946
946
936
937
934
924
939
946
916
956
920
935
935
936
920
946
922
923
920
937
931
934
923
941
936
947
947
944
925
943
941
921
933
929
947
932
916
933
946
920
939
914
913
918
927
926
937
931
929
925
933
943
917
925
906
933
946
928
947
916
951
930
935
923
956
937
924
931
936
940
942
937
948
942
940
932
914
927
952
936
930
936
949
933
936
931
955
951
942
926
937
947
947
925
921
955
916
940
920
908
916
929
941
907
936
931
926
915
930
929
906
943
925
952
928
933
928
905
934
940
925
938
932
940
933
924
928
949
916
936
939
940
941
944
930
938
935
931
932
921
943
935
908
945
922
945
932
931
908
951
925
925
932
925
920
914
918
936
915
942
906
934
944
933
926
944
959
957
930
948
935
907
924
928
923
933
934
954
930
945
929
935
943
929
917
924
924
932
931
939
927
927
921
914
943
923
939
943
920
922
942
941
932
915
926
925
935
910
934
932
940
919
938
924
936
927
916
944
945
921
936
924
940
909
917
926
948
931
944
923
956
934
935
928
915
939
945
955
935
913
935
932
938
935
951
928
938
939
915
933
926
908
909
924
926
918
917
928
910
930
927
914
929
914
931
942
928
944
929
927
942
933
934
945
941
927
931
923
919
929
942
930
929
922
932
931
921
915
937
933
933
928
928
941
929
934
942
932
933
956
934
927
936
927
936
932
943
939
933
930
957
942
938
941
919
920
941
926
938
921
927
929
927
904
921
919
919
930
935
949
926
920
944
915
946
926
929
923
913
919
928
930
924
944
929
925
928
937
926
931
935
921
929
917
933
930
927
931
932
926
933
921
933
923
947
948
933
924
937
940
922
931
928
933
937
920
929
935
925
928
927
960
922
936
955
923
939
947
930
923
928
931
927
948
939
933
937
939
934
905
902
926
924
912
938
930
927
924
935
926
906
933
921
944
929
946
904
932
920
937
929
916
926
925
942
924
935
902
922
953
949
941
949
946
934
924
925
939
936
912
953
935
938
920
928
928
939
943
917
923
933
931
918
954
929
936
946
932
948
944
924
927
919
932
932
954
954
930
942
939
913
916
925
920
938
933
920
929
945
926
940
929
921
930
943
939
956
937
928
949
947
910
957
922
933
914
927
941
935
931
928
939
936
939
942
933
922
929
936
930
900
952
938
930
922
924
922
940
945
923
935
929
924
943
909
946
942
949
927
934
917
925
944
937
940
944
935
924
950
927
937
937
928
928
927
926
924
921
926
940
939
949
928
925
949
954
948
935
936
934
916
933
955
929
940
924
929
937
905
940
939
933
933
957
935
925
940
923
949
939
935
937
943
911
945
944
911
940
911
924
945
935
928
936
924
936
949
934
931
939
932
939
926
907
939
930
924
923
941
920
946
933
940
940
952
931
933
920
948
903
964
931
949
947
948
934
913
934
945
927
939
941
942
943
954
925
945
925
929
952
934
928
916
931
910
926
931
937
941
933
923
937
938
922
931
948
928
933
927
929
939
929
944
928
934
947
942
931
907
936
936
929
930
926
927
956
932
928
945
935
919
942
942
943
926
940
926
927
955
922
917
945
930
937
940
926
943
932
914
912
938
952
949
937
932
943
919
926
945
946
922
934
946
931
943
923
931
937
922
931
948
948
931
942
911
916
951
923
944
937
938
937
933
961
957
936
941
931
932
924
929
933
947
936
920
950
925
923
925
918
938
935
939
943
932
922
934
934
940
934
940
939
937
943
920
942
914
944
925
940
930
938
911
930
925
931
934
927
935
948
951
926
935
943
927
917
937
912
949
940
946
935
918
920
949
932
928
937
936
949
948
918
927
927
936
929
936
923
923
928
934
931
953
945
929
941
928
926
918
941
925
946
929
947
904
920
935
921
944
920
933
949
942
939
931
915
918
959
938
928
943
940
928
927
923
955
945
928
940
935
926
925
938
933
937
930
928
925
954
929
974
926
916
922
938
932
931
943
934
940
938
914
906
910
922
923
932
951
945
916
926
929
929
928
932
927
922
919
924
932
935
920
921
941
936
935
941
936
943
928
927
915
953
919
918
922
942
924
932
931
928
946
924
927
939
923
927
933
911
942
928
947
945
935
942
938
903
923
931
930
936
931
958
919
921
928
920
926
939
930
947
931
916
948
941
923
922
930
937
942
933
948
933
935
934
916
936
928
927
915
950
953
944
936
922
928
921
947
934
937
927
914
933
926
941
918
933
945
937
928
944
930
911
924
930
919
937
919
917
930
950
946
926
945
944
929
932
957
930
933
937
941
910
935
926
935
947
930
918
930
916
925
929
934
925
934
923
923
913
931
924
941
933
942
924
925
954
932
935
922
925
946
921
932
936
918
938
937
949
935
930
932
951
938
933
914
927
920
935
940
921
916
937
924
920
924
929
923
950
913
916
906
942
944
928
939
939
944
932
918
943
919
939
919
949
940
929
929
936
925
925
948
937
935
945
926
930
916
937
923
925
933
934
912
930
929
945
915
929
942
929
913
924
920
933
939
916
926
929
925
921
927
916
920
936
928
939
929
916
932
944
941
948
944
936
940
939
941
926
938
937
935
938
950
960
931
931
944
914
921
946
921
939
935
915
937
958
945
955
920
947
930
934
938
934
913
939
937
936
934
920
924
930
935
935
923
937
945
931
935
924
915
943
933
948
921
936
935
937
934
930
916
940
941
953
945
951
916
943
919
933
921
952
927
929
920
919
938
935
922
929
939
954
919
942
929
932
947
922
937
945
942
911
920
942
923
928
935
923
941
944
946
925
917
950
935
933
918
925
946
930
940
945
934
933
931
929
938
939
947
950
916
910
914
929
953
914
925
926
925
921
922
925
936
913
931
929
921
939
944
931
927
943
932
920
926
935
935
946
946
946
925
928
932
910
925
940
950
937
934
916
923
938
925
942
941
945
920
940
924
934
947
934
951
931
935
928
931
943
944
938
938
932
934
950
944
911
927
913
917
931
945
926
925
916
922
931
939
942
926
937
923
922
945
926
922
940
919
936
931
935
948
929
960
935
918
944
925
948
936
922
929
954
920
921
929
929
937
936
942
938
923
926
917
944
934
939
931
931
950
921
917
914
942
933
928
941
941
929
929
926
897
929
942
913
912
931
920
942
931
928
918
912
937
932
932
918
930
913
937
923
929
942
916
922
917
938
925
947
938
942
916
936
936
937
944
935
937
922
936
942
951
930
949
942
943
942
926
950
920
931
926
928
939
926
928
937
943
935
926
937
954
934
945
945
945
926
922
934
940
916
932
917
932
930
937
951
928
934
913
931
929
948
917
939
920
944
931
932
930
932
937
910
933
933
946
939
935
946
935
936
933
903
942
945
950
936
927
948
928
937
943
942
941
932
932
915
931
935
912
931
935
927
923
926
935
915
920
925
960
934
939
936
932
930
950
924
937
928
940
916
936
928
941
939
940
944
928
930
935
937
921
931
936
934
925
918
935
927
941
918
932
917
934
928
922
951
905
933
931
937
925
940
918
928
925
935
929
932
940
929
930
940
922
932
939
943
938
932
942
942
931
934
922
944
935
929
926
931
926
931
922
927
908
935
919
938
951
951
920
911
924
915
920
929
939
940
949
928
929
944
942
932
929
926
934
919
944
928
926
948
907
945
933
935
936
914
923
944
960
923
925
913
939
929
937
932
940
947
949
943
941
938
934
924
937
931
920
910
922
949
943
926
954
940
949
944
945
937
939
938
923
940
954
920
931
948
922
934
929
923
944
930
932
946
946
942
932
919
930
936
943
940
924
918
917
933
944
921
935
934
947
935
944
929
933
946
924
923
950
937
936
921
946
931
938
934
927
932
948
943
922
930
927
924
948
934
932
927
924
951
937
928
928
915
916
931
936
940
941
932
941
931
936
914
933
922
935
943
936
923
940
926
931
937
930
916
926
946
931
925
923
942
924
924
933
942
933
939
926
927
937
933
919
954
920
918
923
928
937
929
939
930
942
951
928
930
925
930
926
935
920
926
908
920
937
924
931
948
935
916
940
945
938
941
925
934
941
914
948
925
931
935
923
923
945
935
925
933
956
920
933
935
932
929
938
924
936
935
931
921
939
923
924
926
922
950
932
944
928
921
930
911
912
916
939
946
924
931
920
926
947
939
927
942
927
933
907
953
946
943
934
905
936
947
931
944
955
945
915
911
945
951
944
929
945
930
916
931
929
936
951
926
931
915
936
946
929
932
939
925
926
920
920
942
919
932
949
933
918
927
931
935
929
914
941
936
949
927
926
921
942
927
920
932
932
918
935
939
940
941
954
942
945
942
954
927
915
934
921
940
929
946
953
933
955
934
921
935
939
943
938
932
912
927
947
943
916
929
909
941
940
927
945
944
922
932
943
929
914
923
921
920
928
938
914
935
948
926
931
945
927
950
934
937
937
954
954
915
924
915
910
933
944
925
928
945
915
917
927
916
946
939
926
926
920
938
924
920
916
928
929
934
967
936
940
930
945
917
928
953
908
956
931
933
913
942
949
926
949
946
920
933
919
939
948
930
921
943
927
942
940
933
924
929
917
940
939
957
951
921
937
935
935
930
946
932
938
928
917
947
908
935
907
935
924
941
937
927
947
936
934
956
936
933
917
937
944
936
927
926
965
934
942
936
953
941
944
947
952
927
937
934
924
924
920
942
946
935
932
940
927
930
928
930
940
950
935
926
942
948
932
921
943
942
931
919
922
941
936
931
914
934
933
947
948
910
930
950
935
932
933
928
929
920
938
917
940
926
920
932
959
926
915
945
937
929
921
921
936
941
928
932
938
943
935
927
941
932
920
928
938
929
934
937
904
930
923
925
906
915
918
951
919
915
935
929
980
