1065
924
924
952
926
933
937
931
948
941
944
914
934
944
928
938
936
924
924
944
927
954
948
923
937
935
933
925
925
946
942
926
943
948
944
937
942
912
926
935
929
930
939
929
919
922
933
927
935
917
923
935
939
936
934
933
929
912
926
917
942
923
941
937
943
911
921
930
932
936
927
929
921
934
928
923
940
920
903
948
917
937
930
911
937
946
925
918
938
928
941
929
921
924
934
925
941
927
940
920
936
945
939
962
949
946
928
945
925
942
939
914
933
919
937
927
926
930
923
940
919
932
922
943
932
947
934
937
924
951
930
912
920
931
930
938
935
944
919
922
939
936
917
923
936
928
945
945
906
933
923
935
936
937
919
926
936
923
930
948
929
934
926
936
915
924
925
936
906
946
942
917
947
941
930
915
935
931
926
935
939
955
939
938
947
921
933
928
924
932
953
933
938
940
925
930
939
943
927
947
923
938
944
928
922
917
934
921
915
930
937
927
930
937
902
922
930
931
935
939
925
937
934
932
921
913
926
936
938
937
940
935
933
917
943
965
952
920
921
939
936
935
927
925
896
930
939
922
924
933
935
928
924
928
960
924
937
922
930
935
925
944
923
935
938
938
929
935
943
931
924
927
917
936
947
934
941
940
937
940
926
938
940
955
936
914
923
949
937
940
933
945
921
912
923
929
935
925
945
951
960
926
952
933
936
937
922
931
939
947
905
919
934
926
932
941
948
939
936
931
931
932
916
931
938
933
937
934
943
927
950
936
925
933
909
918
939
943
926
917
926
934
932
928
933
921
911
910
933
931
932
940
938
941
936
928
926
921
925
914
943
938
915
925
918
940
948
922
914
928
946
933
936
927
916
925
936
926
949
938
928
939
932
932
933
940
934
929
925
913
923
930
937
916
916
938
912
919
948
949
931
930
929
926
928
935
938
949
928
934
921
945
953
914
923
934
927
932
950
927
932
941
946
934
933
953
936
920
934
920
943
941
950
911
924
924
942
935
932
940
957
929
932
929
921
908
911
939
932
939
920
926
934
935
926
923
936
943
940
922
942
919
955
944
942
920
932
933
923
941
925
930
918
950
956
927
930
941
949
933
917
939
929
903
915
923
926
919
946
928
918
921
940
916
930
950
940
923
924
944
922
921
942
921
929
913
929
924
904
923
917
943
931
922
948
932
916
936
929
939
937
926
928
922
942
938
937
939
921
951
938
932
938
948
928
922
905
934
927
927
941
936
937
937
928
923
915
946
930
945
937
928
921
919
940
931
939
947
949
937
939
928
920
935
928
936
907
904
946
937
935
917
927
919
931
912
941
949
932
930
934
939
911
946
928
928
912
942
930
931
926
943
931
922
944
917
949
924
924
942
929
927
941
928
912
921
923
928
935
948
938
932
920
914
923
938
906
925
944
899
926
912
943
943
932
944
941
932
916
940
929
943
926
936
945
943
913
939
941
943
924
931
955
935
941
926
930
939
938
914
922
950
945
921
901
934
922
930
921
932
931
934
925
924
918
936
926
931
926
929
927
943
936
924
940
933
930
921
956
950
941
943
913
935
939
925
923
946
919
928
944
945
934
922
945
942
915
921
946
928
939
928
934
904
914
949
932
935
937
925
934
956
938
928
938
941
911
904
941
947
959
911
924
945
935
935
919
940
932
943
935
920
920
931
942
921
944
925
929
918
943
944
931
920
928
940
944
921
919
923
947
928
916
928
923
916
916
907
907
929
909
926
930
923
938
954
947
929
926
953
936
924
918
932
921
939
947
949
940
922
934
936
940
949
951
930
927
941
933
931
936
933
914
914
914
929
937
937
923
926
927
920
934
943
920
938
939
944
923
942
915
942
916
955
925
934
954
936
932
923
933
942
919
946
926
940
936
933
932
926
925
939
904
924
914
933
960
927
942
939
939
932
939
910
935
953
928
926
935
939
926
942
932
951
928
913
946
933
926
959
946
937
935
928
930
916
918
936
944
944
936
937
918
945
936
940
939
949
930
911
908
916
934
957
927
917
941
902
919
928
915
933
941
933
948
935
939
945
941
923
926
935
944
937
935
939
932
930
947
938
917
949
921
924
910
933
910
922
918
941
918
945
927
931
944
924
914
921
932
934
932
943
928
940
938
940
924
925
903
932
928
940
922
916
920
932
931
946
946
942
920
941
930
913
935
929
940
924
922
930
948
931
921
929
921
915
919
942
931
937
940
948
932
949
943
939
944
939
925
931
945
934
917
952
931
943
933
956
938
939
924
930
941
928
927
929
934
917
923
941
928
927
913
915
958
927
930
917
925
930
929
928
937
922
919
922
920
935
940
924
918
931
914
949
934
917
927
927
934
939
895
948
930
936
933
943
936
917
942
928
931
922
952
931
923
942
940
934
922
942
941
920
936
946
959
914
926
925
945
921
916
915
917
925
950
933
941
923
938
946
961
929
948
933
939
935
930
956
940
957
938
922
928
927
913
926
917
918
963
920
928
940
932
940
935
945
908
946
947
939
928
924
941
920
924
922
940
955
922
922
927
931
951
929
929
933
952
930
937
927
903
946
925
939
954
952
938
924
949
929
930
941
938
922
926
942
905
931
936
936
935
938
916
926
923
948
908
927
925
933
937
923
927
926
928
927
907
939
948
920
920
932
922
935
912
939
941
921
937
935
921
938
922
923
937
932
936
937
939
949
917
930
953
931
938
954
929
923
929
928
921
935
909
937
943
930
922
922
921
922
934
919
928
933
933
927
927
948
941
947
915
938
930
922
935
929
924
929
944
945
933
946
940
918
947
939
928
934
928
912
936
935
922
938
957
937
938
928
931
937
936
938
938
929
916
952
935
931
935
934
935
930
931
934
939
933
923
944
944
944
942
932
928
930
924
934
946
931
911
934
925
941
941
921
939
935
939
924
932
921
918
925
951
937
932
931
952
926
924
921
921
919
934
927
925
925
931
942
933
947
925
936
912
930
945
937
926
956
927
925
934
950
912
928
943
950
942
944
922
943
934
933
938
936
930
937
945
926
916
942
931
946
924
928
931
939
933
945
940
909
924
942
921
927
942
915
935
915
925
934
927
937
938
953
950
918
934
938
933
943
925
932
960
946
943
920
939
942
936
947
952
940
922
938
942
927
920
938
932
917
930
919
913
956
914
944
942
947
931
939
933
934
933
953
933
934
947
933
920
934
924
951
927
950
936
929
938
930
949
941
927
948
952
946
949
930
936
934
938
933
951
947
941
959
932
919
920
940
912
925
919
936
916
950
925
939
944
928
952
924
931
941
950
930
947
935
923
940
950
935
930
937
930
925
954
920
925
914
932
927
916
933
928
929
922
941
929
913
954
932
946
908
925
939
931
953
932
937
929
923
938
932
928
933
945
942
928
935
937
935
949
936
958
947
956
938
931
929
954
929
939
939
933
938
945
930
925
924
931
939
932
935
936
919
922
930
945
893
918
920
915
925
941
937
939
932
930
933
934
935
943
937
940
932
921
924
912
931
943
921
936
934
927
948
926
919
934
923
935
944
925
928
918
933
917
919
938
942
944
930
939
916
912
939
949
913
924
931
935
920
927
923
940
951
911
928
927
939
947
928
946
934
925
921
934
940
936
943
931
927
940
924
930
923
932
940
908
917
931
933
938
917
944
934
926
925
930
943
926
928
919
932
922
901
928
929
941
931
944
919
940
958
927
926
941
957
916
963
937
943
940
951
935
922
947
941
934
940
944
940
940
927
927
938
933
938
915
933
945
940
930
924
920
934
912
943
946
929
932
943
947
908
925
923
920
932
908
931
930
936
922
938
924
938
948
934
921
925
933
932
917
923
948
928
941
914
922
942
923
929
923
945
926
936
917
918
925
917
944
922
931
951
935
927
921
947
929
954
933
933
929
911
926
928
940
936
966
944
946
928
919
933
920
938
949
923
942
923
934
932
921
944
927
927
907
917
952
938
927
933
934
937
931
923
948
925
931
942
924
931
941
924
942
925
951
925
932
947
928
923
949
927
924
944
933
927
913
935
932
929
925
936
952
922
934
958
935
911
935
930
946
921
942
937
936
935
946
940
940
909
919
938
942
925
935
945
937
938
913
930
942
926
947
938
920
935
907
934
944
918
940
945
926
931
906
930
936
936
939
953
930
926
955
937
927
918
944
924
919
947
939
928
926
934
925
912
946
947
949
938
935
930
927
925
912
932
932
931
951
933
943
934
925
959
922
922
930
933
931
923
938
929
906
940
916
935
935
930
941
910
932
927
949
923
924
953
928
928
926
934
924
930
910
922
925
912
934
937
935
931
926
934
950
932
911
928
918
918
926
938
924
941
925
928
936
909
921
918
921
936
935
936
945
940
952
899
932
930
913
935
918
939
923
924
919
922
925
933
939
930
928
938
938
931
931
918
948
923
930
939
947
950
937
925
929
942
943
933
930
934
931
929
920
932
930
946
930
932
929
940
921
939
926
936
946
934
944
913
927
933
934
942
937
924
948
926
902
925
946
927
934
929
934
940
943
921
929
920
943
931
946
940
932
937
941
942
934
931
929
937
932
918
922
918
927
931
931
921
941
943
936
929
926
921
951
937
932
909
931
917
938
919
919
937
948
934
932
923
926
926
926
914
914
903
909
931
944
917
946
929
937
923
931
924
938
927
921
932
930
925
933
929
937
926
927
939
919
923
938
943
915
934
930
914
926
928
910
921
932
906
933
943
930
930
945
952
939
929
929
923
924
924
916
939
961
950
928
929
935
927
937
942
933
932
936
945
929
935
934
934
937
919
946
920
918
944
938
933
931
915
949
928
931
933
933
937
928
937
924
951
949
937
932
938
917
930
926
940
921
928
917
933
914
934
928
942
937
919
935
934
916
927
928
923
906
950
932
922
926
947
948
926
939
926
926
932
932
938
938
943
919
901
918
914
935
926
941
919
945
948
948
925
934
923
941
925
941
916
932
932
938
957
941
947
936
930
928
964
934
942
944
919
926
916
939
919
929
935
932
926
926
932
924
930
927
944
911
921
944
947
927
923
916
948
927
917
916
919
945
930
911
912
928
927
932
928
930
945
927
947
940
950
938
927
926
930
943
930
932
926
927
941
918
938
941
945
936
919
928
936
923
929
918
901
935
927
938
930
927
915
932
968
937
936
926
930
908
915
930
931
927
937
927
928
936
925
929
947
929
946
942
922
918
904
940
944
950
919
942
945
926
926
937
904
925
928
906
902
917
945
942
931
902
920
947
927
940
918
919
947
922
945
937
940
928
929
936
929
925
945
932
926
914
939
929
910
937
946
939
927
961
928
940
939
953
931
923
940
925
918
957
934
917
924
912
934
936
937
938
931
931
917
924
937
940
937
919
932
913
950
936
926
935
900
926
914
936
941
942
922
923
920
937
925
931
934
914
917
949
947
938
943
943
944
936
936
930
907
949
945
912
941
927
937
944
931
927
930
930
927
953
915
929
949
948
934
916
929
936
945
916
932
921
940
935
936
935
925
937
946
938
916
912
934
938
912
919
948
944
930
936
930
930
942
946
924
932
914
920
941
936
952
925
933
938
931
935
950
925
944
950
923
927
907
920
955
930
944
917
926
933
943
931
929
933
928
954
935
938
944
928
931
947
928
924
952
933
945
938
929
930
946
942
926
947
919
951
924
932
928
921
942
923
940
932
939
914
930
927
933
974
