1065
925
921
939
932
945
927
922
933
934
926
936
939
925
918
914
922
943
920
932
938
923
938
929
918
936
927
923
941
921
921
936
909
942
931
935
930
937
936
933
949
916
933
947
930
923
931
928
954
926
947
901
940
944
928
924
924
913
932
935
940
928
927
913
925
907
924
937
926
948
910
932
924
921
934
952
920
909
923
914
936
917
944
915
909
932
932
923
936
925
937
935
938
921
922
929
938
918
925
923
937
935
914
938
931
927
935
917
938
933
941
919
930
935
940
934
915
937
939
944
951
932
915
948
936
936
926
938
931
923
952
950
939
957
937
943
930
922
933
937
916
926
931
937
939
924
943
942
908
938
929
928
936
936
922
937
943
935
920
939
932
922
929
922
947
937
928
933
930
927
929
946
938
923
926
926
946
934
918
911
937
944
906
954
922
929
928
924
932
944
938
926
942
943
931
936
917
933
937
925
928
906
911
941
938
936
937
961
919
924
956
938
921
926
927
926
940
921
953
922
927
929
930
931
927
928
930
936
918
920
922
948
936
937
948
937
926
930
941
921
949
912
943
948
940
924
907
920
937
932
943
938
924
939
930
948
939
936
938
930
919
916
931
936
931
962
928
933
931
935
952
949
939
934
904
920
949
931
925
944
928
929
927
925
942
926
946
925
939
925
918
923
958
922
917
936
935
932
940
940
939
920
924
931
934
916
934
932
923
939
933
907
931
927
938
944
942
916
943
923
923
925
923
915
946
940
931
940
936
944
913
928
933
931
954
931
925
936
934
948
912
950
935
925
938
943
937
920
914
947
926
930
945
927
921
919
938
943
951
951
917
944
948
919
933
916
937
937
953
916
944
927
931
941
914
924
938
920
942
939
926
952
924
927
934
929
919
939
932
928
928
949
927
930
939
947
935
922
932
933
904
926
914
926
929
942
942
919
931
937
924
952
914
937
924
915
929
921
924
918
939
932
938
929
946
913
930
922
928
931
926
926
928
925
932
941
936
932
930
940
929
923
934
930
923
937
921
936
942
937
963
938
929
919
912
931
945
928
926
943
929
919
942
947
941
931
936
925
931
942
935
943
921
914
907
919
926
926
926
930
934
935
912
943
941
926
935
939
929
928
917
949
931
933
943
932
930
930
925
947
939
928
928
928
937
942
952
931
923
925
938
933
942
936
920
934
931
924
933
937
926
924
941
908
944
924
933
930
955
949
963
931
936
915
921
931
928
941
934
937
924
944
940
927
917
931
952
919
933
943
924
949
925
916
921
915
922
930
937
931
923
933
940
946
904
936
945
919
926
946
938
934
914
941
940
925
944
930
937
917
950
939
922
918
917
944
926
945
937
926
934
925
930
910
918
932
939
924
905
945
937
941
914
938
927
951
925
940
931
931
908
914
933
956
931
923
916
934
910
925
929
940
927
937
941
956
933
951
934
927
927
938
927
917
924
925
935
922
940
933
927
943
936
930
926
938
924
930
936
942
921
935
960
939
950
936
940
921
930
909
925
921
897
927
931
940
917
937
956
944
927
949
948
941
927
955
928
913
930
947
930
947
946
918
916
918
921
920
932
935
924
940
931
916
929
925
928
937
943
943
940
935
918
934
940
937
909
926
955
946
932
927
926
921
930
933
918
929
900
943
934
924
939
922
930
932
933
930
925
955
929
925
928
932
932
935
941
937
943
929
946
925
939
926
939
944
949
937
922
941
942
927
933
940
943
950
933
916
927
935
932
937
951
928
948
937
932
945
914
900
934
937
936
906
947
946
935
956
914
928
921
919
956
937
925
936
914
939
947
933
933
941
938
939
935
940
950
928
944
940
929
927
938
932
941
934
934
924
945
941
911
930
936
919
925
935
903
935
919
934
920
927
946
920
929
934
913
931
945
949
938
955
922
932
925
949
931
946
933
934
943
927
936
921
945
931
928
927
931
928
933
925
936
920
944
946
935
929
943
942
944
942
920
938
927
948
925
924
935
921
929
920
927
918
928
930
919
907
945
917
926
922
942
927
928
930
926
927
949
920
921
935
920
927
939
938
940
908
920
934
949
898
925
902
942
935
922
918
930
921
932
948
954
924
911
932
943
925
928
918
926
928
946
932
946
934
917
941
919
930
919
941
919
948
930
954
932
936
937
955
936
940
937
927
940
932
934
943
927
919
937
930
932
939
928
922
920
938
940
930
933
926
947
921
924
924
937
954
930
960
951
923
937
933
925
925
936
934
932
935
931
927
897
930
925
933
935
945
932
935
941
949
948
922
904
949
919
922
944
929
935
937
917
929
943
922
937
935
944
948
947
924
942
941
945
932
932
933
911
943
947
925
943
916
921
930
936
942
946
931
942
948
925
936
927
912
934
932
930
920
915
935
926
954
928
913
926
916
929
930
936
915
931
937
945
932
915
919
934
941
926
906
921
952
935
937
947
940
948
924
941
951
912
929
925
941
939
943
932
934
940
923
908
942
946
933
928
935
936
924
930
940
939
925
952
916
923
919
958
941
933
920
929
925
929
924
942
932
945
921
934
927
930
903
930
927
935
926
909
955
946
947
919
911
929
931
929
940
939
937
944
926
935
929
933
925
919
930
941
926
918
923
929
934
924
943
934
944
931
932
911
925
934
903
920
916
916
930
924
920
934
909
905
944
928
935
922
906
931
940
934
931
931
931
946
948
933
938
922
924
937
941
925
945
949
951
950
933
933
939
925
940
936
937
931
941
939
931
937
950
926
913
917
913
931
921
927
936
915
932
945
933
942
933
932
940
938
942
933
961
956
934
938
934
924
944
930
913
955
928
951
944
936
933
929
933
922
949
922
915
918
940
914
943
917
925
918
929
954
934
929
915
931
937
920
920
911
931
910
931
940
922
931
924
930
946
935
903
929
915
917
934
941
931
938
937
941
924
946
943
929
917
926
924
949
911
959
937
926
943
941
935
943
926
941
916
927
950
912
945
929
940
940
925
945
942
912
926
932
918
932
941
911
914
945
912
927
934
909
950
921
924
930
931
941
929
939
927
950
916
939
921
940
934
948
938
938
946
932
922
960
925
922
924
919
920
933
940
910
926
930
935
918
931
922
929
933
927
929
952
919
913
940
925
906
940
935
933
942
944
918
933
931
952
941
938
942
939
914
933
938
926
925
908
938
913
932
922
950
944
939
929
915
944
928
936
925
934
936
928
942
921
942
901
927
955
946
942
938
922
943
953
928
941
936
940
921
938
933
937
942
933
953
951
935
946
943
932
949
964
944
913
921
932
930
916
930
933
945
937
945
929
940
940
936
947
928
929
933
920
929
933
918
923
931
930
935
914
930
921
931
933
929
941
938
923
935
922
950
947
932
928
945
925
918
927
921
929
920
923
930
939
914
922
924
921
937
931
928
906
941
935
951
921
941
921
942
939
927
930
924
936
933
935
931
946
949
916
944
908
928
926
925
935
912
938
926
925
938
939
921
932
946
933
937
956
939
946
932
947
923
932
942
932
945
923
929
935
933
925
935
922
925
926
941
937
928
921
923
951
926
932
943
936
948
948
925
915
921
934
934
939
931
908
941
933
949
942
913
930
914
920
942
946
946
919
939
945
944
921
941
927
939
932
928
932
943
946
935
936
920
922
929
906
932
936
934
923
923
958
922
933
938
934
932
935
938
932
926
943
923
920
929
939
934
915
915
943
926
912
935
931
934
928
937
937
943
936
920
921
934
946
927
931
925
928
903
920
933
936
947
921
927
940
921
953
926
929
935
937
918
940
921
914
925
928
928
935
928
949
929
947
944
943
954
925
914
934
935
944
946
915
945
931
971
951
934
945
911
942
943
934
930
934
939
940
922
911
910
936
920
934
922
929
917
922
920
946
918
927
930
931
947
934
929
934
927
928
936
923
954
950
967
912
915
906
949
917
929
942
929
946
932
944
941
940
925
907
933
928
935
931
919
935
939
934
938
951
932
913
931
933
938
904
930
911
951
931
931
940
925
949
928
925
946
945
944
936
916
920
939
942
937
936
924
937
934
935
951
938
950
944
933
934
932
929
920
926
935
934
914
941
935
933
926
917
922
915
926
947
926
939
938
939
918
948
929
923
916
949
931
918
920
904
938
931
932
943
937
918
914
932
930
927
937
954
957
926
936
926
938
910
935
934
954
944
941
914
919
937
937
942
924
930
944
944
919
944
928
934
932
943
922
917
927
922
944
925
924
932
905
922
925
927
935
935
934
901
927
927
919
917
933
941
932
947
952
918
921
948
925
912
917
923
923
935
938
926
943
946
930
924
936
943
931
946
938
938
895
941
928
935
942
927
910
932
926
943
919
935
924
929
935
931
933
940
932
934
925
929
932
916
920
933
933
942
930
931
930
931
904
944
930
940
937
932
944
943
925
932
917
931
939
928
932
924
922
928
913
936
920
935
932
937
929
921
936
903
939
946
923
959
938
936
944
918
939
935
928
939
928
937
916
958
945
916
934
920
922
941
929
931
937
936
946
957
923
929
944
926
948
930
940
949
935
918
950
935
946
948
932
918
923
928
924
940
930
921
934
927
910
921
938
932
925
951
948
916
914
923
947
935
923
943
937
919
929
934
930
926
950
939
942
933
941
945
939
928
944
941
917
933
928
937
940
939
936
927
931
920
943
935
938
939
943
937
936
951
907
934
951
916
933
921
940
917
931
937
955
922
957
942
944
937
924
928
929
948
931
924
934
951
941
940
927
918
920
919
936
922
943
927
925
945
914
937
927
933
919
927
918
920
939
936
941
941
929
937
914
925
935
935
932
950
937
941
928
926
935
926
932
910
941
931
939
931
937
935
928
939
934
925
916
944
955
957
917
916
934
930
927
953
926
924
939
936
934
934
949
934
940
923
919
942
926
934
913
921
939
929
911
928
935
923
961
948
947
932
917
912
927
921
937
917
935
904
932
943
934
938
963
919
934
936
927
918
924
937
924
949
919
920
918
920
934
930
941
934
942
933
936
923
931
920
957
928
918
945
909
924
940
926
919
932
940
950
932
946
934
943
937
922
917
957
948
924
927
933
937
932
931
921
935
940
917
950
934
933
943
918
925
921
937
927
928
947
933
936
928
919
939
934
921
911
941
927
928
925
927
939
931
923
931
924
930
935
925
938
935
930
937
941
941
928
918
931
944
940
937
922
933
923
927
939
935
922
905
936
942
938
938
928
928
940
919
930
932
938
934
939
946
909
925
922
921
946
920
940
948
925
948
921
943
937
939
932
933
910
930
928
916
911
934
915
938
932
929
919
959
937
946
936
948
916
938
948
944
926
949
926
915
929
908
933
931
927
937
940
939
959
944
937
927
941
939
943
943
920
938
950
942
938
927
926
937
937
939
937
947
942
922
932
953
931
904
923
933
946
936
946
932
937
948
935
928
934
937
930
934
937
943
928
912
906
933
933
926
927
934
920
919
937
934
932
930
954
913
917
933
934
917
954
948
946
934
926
950
953
945
923
933
934
924
962
925
944
918
935
937
941
947
930
943
930
939
931
949
928
926
935
925
939
942
935
929
925
928
928
918
936
941
934
937
922
926
932
935
923
937
922
923
948
926
942
956
948
936
928
916
929
946
931
940
922
934
938
924
918
920
934
944
952
936
941
929
930
926
931
909
931
923
930
948
940
922
942
947
933
927
913
917
928
931
911
918
952
920
934
956
929
974
