1065
918
941
915
942
928
935
930
944
923
927
921
931
923
903
933
941
949
948
934
924
927
927
940
949
925
928
936
925
942
918
929
945
954
914
929
924
935
926
921
938
930
936
937
938
928
913
928
927
932
930
935
952
937
944
932
952
936
918
926
931
911
928
920
921
910
927
932
920
910
927
917
922
914
927
921
905
922
934
932
923
932
924
956
917
949
944
931
919
938
934
949
935
929
918
927
928
930
924
934
921
942
933
949
939
914
933
935
931
929
922
924
941
935
957
952
944
943
929
950
931
921
949
909
948
944
948
910
933
942
925
932
922
957
943
914
929
914
917
924
916
910
932
931
899
909
941
936
923
929
930
931
937
948
920
932
945
947
931
912
896
911
934
939
925
941
938
929
953
920
943
922
939
942
959
934
942
932
954
938
937
938
937
929
945
955
927
921
948
926
924
921
933
936
920
925
945
935
926
922
929
938
947
938
915
941
910
914
932
949
921
934
944
957
923
934
937
939
941
927
924
932
941
921
938
920
940
915
919
921
921
911
929
919
932
930
939
946
943
917
935
941
937
948
942
941
943
924
939
925
936
947
922
931
934
938
931
940
935
942
929
927
924
935
929
924
938
926
951
920
928
942
928
927
929
926
932
938
928
938
935
952
931
937
926
926
921
933
927
919
938
926
939
940
921
940
910
930
947
941
903
945
920
940
907
921
919
932
930
931
925
929
949
916
912
915
945
946
947
949
949
942
923
916
902
902
914
943
923
971
926
934
916
929
947
918
904
909
911
912
937
919
938
926
938
941
945
927
929
921
934
927
947
937
933
922
916
949
933
923
904
925
930
924
934
936
928
929
921
932
938
941
934
939
924
927
907
913
909
923
907
937
926
933
937
932
932
923
932
935
926
948
941
903
919
909
927
927
920
939
932
921
938
912
944
927
935
911
949
923
911
931
922
941
933
948
937
943
942
937
936
946
940
925
935
947
938
959
950
939
926
944
930
926
922
928
934
931
913
905
921
906
924
938
944
941
928
942
959
939
951
931
927
934
928
914
910
914
932
927
923
939
951
914
928
929
936
934
927
927
918
914
922
950
930
948
936
924
936
916
925
935
938
932
918
933
939
917
932
926
920
936
930
929
899
932
932
928
933
922
931
936
940
927
939
953
953
952
934
928
945
918
922
938
924
914
932
925
934
935
912
927
959
930
933
895
918
923
933
952
949
944
937
943
928
941
938
944
958
935
934
922
930
937
921
932
944
937
933
934
907
929
938
928
931
934
931
916
934
958
925
934
939
919
934
934
931
943
954
935
938
922
928
940
924
916
921
942
927
915
938
909
950
937
917
914
914
907
944
915
907
941
904
941
934
908
919
934
933
936
927
927
935
928
924
924
927
919
932
926
947
947
924
930
935
936
921
931
936
929
926
964
929
936
931
932
946
934
924
925
923
955
931
907
932
945
933
935
926
907
932
948
910
907
931
919
933
924
931
931
939
926
934
924
919
918
916
934
944
934
929
926
951
931
903
932
932
937
934
928
940
929
922
926
932
928
944
910
934
929
916
936
958
915
921
934
932
945
920
931
933
944
936
920
929
930
954
939
935
921
934
934
913
935
913
925
947
922
919
917
945
958
938
934
930
947
904
925
933
934
915
937
922
940
931
929
941
914
917
928
922
943
930
912
934
923
930
938
930
945
938
926
938
923
946
915
925
930
924
926
942
947
919
932
923
933
930
937
927
927
931
927
944
931
950
931
927
926
927
940
936
934
930
938
935
929
916
906
921
932
925
923
926
920
954
918
918
922
931
927
926
941
946
942
939
943
932
922
939
930
938
948
930
935
932
915
952
917
956
927
929
936
934
934
936
942
938
929
923
924
916
933
920
936
941
920
924
919
924
912
935
945
918
931
937
917
923
931
912
927
942
930
942
917
924
930
927
924
914
951
930
926
928
924
919
934
932
941
921
948
929
915
938
932
928
956
942
952
946
912
924
922
915
911
929
924
947
928
923
944
950
950
927
939
943
943
932
937
937
941
933
940
934
934
943
936
952
949
931
928
929
934
927
933
934
936
942
931
941
936
920
937
932
939
933
924
905
942
942
936
923
956
932
921
926
932
920
923
939
917
930
938
921
956
918
941
946
946
933
923
931
936
924
923
946
946
931
946
925
941
939
943
933
921
919
929
918
926
923
930
936
927
931
920
929
928
949
923
920
930
945
933
909
945
927
933
932
938
936
936
934
930
923
936
945
930
942
933
918
919
949
928
940
942
934
931
930
925
922
927
942
937
931
938
932
923
930
932
931
932
936
924
932
924
922
950
943
928
942
921
919
932
923
942
931
930
922
927
938
934
945
953
965
923
928
944
931
933
940
935
933
953
942
928
920
932
928
927
920
933
945
925
943
926
920
943
941
947
943
940
944
922
937
951
955
932
935
947
947
943
952
936
920
939
924
916
955
918
942
950
945
932
914
930
912
934
932
926
927
918
931
947
941
932
939
929
929
935
916
920
929
930
918
929
918
926
923
931
927
943
944
924
924
898
926
927
925
944
934
936
931
918
937
941
927
938
936
923
938
940
922
945
929
950
924
935
926
925
907
940
920
960
923
911
925
912
924
928
936
936
935
927
937
934
936
936
938
926
926
941
946
934
933
937
940
955
918
933
947
956
933
922
941
942
912
945
932
926
919
918
931
913
937
924
930
939
938
925
925
919
930
938
931
942
935
949
920
914
920
941
911
939
917
923
932
922
934
930
934
929
927
938
929
931
923
921
911
925
917
945
935
929
941
951
937
907
947
934
926
926
938
926
927
927
940
941
930
914
928
929
919
925
922
918
947
942
918
921
920
914
950
931
916
927
912
922
963
936
937
925
924
934
947
944
943
906
932
934
932
928
944
936
921
938
957
943
932
938
940
936
940
948
945
955
928
918
911
944
942
943
929
939
916
919
933
951
943
934
935
930
926
943
911
926
939
939
936
946
911
930
917
929
918
938
936
937
920
941
944
930
944
949
921
918
945
945
938
944
938
923
947
922
938
950
954
930
925
917
933
924
933
941
933
931
944
934
931
933
923
923
913
944
937
949
930
938
918
907
919
914
928
923
910
897
914
929
905
930
947
939
926
943
926
915
920
940
941
934
923
929
936
935
922
923
929
915
926
913
926
933
933
932
930
934
926
926
949
942
931
941
922
930
935
924
920
952
939
917
912
927
961
925
938
916
929
920
933
927
928
941
922
933
929
924
926
925
920
942
919
937
927
940
919
927
934
938
939
939
929
945
939
930
929
920
948
925
940
952
918
929
935
931
932
926
931
941
952
921
945
934
926
927
938
918
920
924
938
943
932
934
943
940
928
929
940
911
929
932
941
946
928
932
942
954
938
933
937
922
936
955
932
910
911
935
938
942
951
920
939
935
947
915
944
928
929
935
922
943
949
931
929
936
915
933
939
922
912
922
947
908
946
914
938
921
945
935
941
914
926
945
940
925
938
928
919
930
955
917
905
939
931
941
935
912
912
928
895
937
924
924
903
941
945
928
941
910
936
940
916
942
918
927
955
911
910
929
943
920
915
936
922
924
924
939
929
927
937
945
968
928
951
936
928
922
927
932
935
920
941
940
926
918
934
941
936
923
930
906
928
922
923
920
936
939
939
946
938
935
910
940
940
932
922
920
950
934
937
943
917
934
940
916
906
935
907
940
925
936
913
919
941
918
938
931
926
917
933
913
943
937
924
921
930
930
931
936
933
956
944
941
920
927
924
919
916
921
935
952
939
911
916
918
940
929
929
928
943
920
938
946
932
924
916
944
942
949
932
918
955
923
939
959
940
939
923
943
913
925
963
927
931
939
921
935
918
924
910
920
939
942
950
928
916
924
937
910
940
925
921
956
922
927
917
953
947
932
928
925
926
941
921
931
916
945
943
933
936
936
919
934
945
919
926
934
946
940
942
920
927
922
935
942
932
941
922
922
927
926
932
936
956
935
932
932
925
951
950
929
915
927
947
915
935
925
942
934
931
934
926
943
932
923
915
920
942
941
934
913
929
934
938
933
940
934
937
929
927
943
940
935
927
922
947
948
934
936
932
950
943
923
919
932
904
935
945
936
921
927
954
929
934
943
950
943
941
931
928
950
933
952
915
911
945
912
932
941
928
927
949
936
938
925
934
938
936
931
935
909
921
929
933
922
933
930
920
938
938
914
933
935
921
918
936
941
919
945
938
935
944
935
931
960
927
945
924
931
927
925
942
945
952
958
933
929
928
928
938
929
913
944
918
946
933
939
915
945
942
928
923
933
925
925
931
929
928
947
931
935
934
911
909
924
944
938
932
924
917
935
917
924
938
941
929
944
949
924
929
916
929
928
927
950
953
919
941
918
928
926
924
931
944
937
949
958
919
942
928
935
937
930
930
928
930
923
934
922
927
929
926
921
957
952
931
925
941
933
932
937
931
917
923
936
938
924
929
934
928
935
945
912
958
929
929
936
927
917
924
916
941
928
943
919
936
945
912
915
933
914
949
917
926
932
925
914
905
947
939
922
942
937
933
916
927
946
952
921
920
935
926
935
935
933
924
916
903
919
925
930
943
939
927
929
939
952
944
939
922
926
927
938
944
955
928
932
934
922
952
917
923
940
934
936
954
919
944
919
952
945
925
937
956
925
926
917
932
943
938
939
937
930
942
913
936
920
930
928
944
936
916
927
938
932
915
927
923
956
930
923
916
942
933
939
937
904
912
931
934
921
956
935
930
939
952
935
922
929
944
930
925
930
927
919
928
941
940
937
935
943
929
931
931
936
921
915
934
926
935
938
929
930
936
937
945
915
922
936
932
929
928
929
921
930
922
915
928
938
947
917
923
915
943
915
920
926
927
939
938
923
916
927
930
935
919
944
923
945
932
941
939
924
935
923
910
952
941
955
930
923
933
927
945
933
943
924
921
934
925
904
926
921
939
938
919
925
939
940
931
928
935
933
938
943
930
945
967
928
934
938
938
932
949
946
918
932
948
924
919
927
931
908
949
926
917
940
935
955
938
947
942
940
931
934
944
955
952
936
940
946
924
934
906
927
927
926
942
935
937
933
936
926
928
929
924
943
927
938
948
936
945
927
925
915
941
939
910
928
939
939
927
925
935
943
937
956
927
918
933
928
919
935
922
935
925
933
922
922
944
911
948
952
933
949
937
930
919
926
939
940
944
926
911
938
916
929
931
938
900
940
928
950
935
913
932
914
949
936
951
934
926
923
933
936
931
934
944
935
947
936
922
954
901
935
922
932
920
929
937
942
935
918
925
927
928
946
940
940
931
921
937
933
911
939
951
926
950
924
931
946
923
929
937
928
937
959
946
946
953
925
929
953
934
929
918
933
945
919
912
943
924
918
941
924
945
922
937
919
908
917
944
932
943
914
937
925
921
923
935
947
942
935
928
916
909
939
931
931
921
952
939
919
906
939
925
900
939
923
941
954
922
923
932
930
940
940
934
938
930
934
909
940
924
948
922
917
956
944
946
927
931
921
928
927
925
924
941
958
927
922
928
929
936
946
940
927
954
929
941
927
926
923
937
937
943
937
926
923
925
922
928
938
935
925
934
930
938
914
935
929
936
932
915
927
942
930
948
965
939
915
946
949
922
930
943
948
941
932
933
932
940
940
942
937
911
933
941
937
933
906
929
938
978
