1065
922
917
942
941
930
934
938
918
947
933
911
933
926
942
938
921
952
954
935
936
938
922
950
932
929
939
944
937
924
931
932
922
937
940
940
939
938
935
934
927
899
927
931
933
929
925
915
916
944
940
928
930
938
943
906
927
925
930
939
931
933
928
931
959
929
923
934
930
945
937
944
921
945
952
911
949
921
918
924
925
919
954
937
921
916
934
907
914
923
935
925
930
930
928
929
944
925
926
929
917
934
930
937
938
941
944
914
921
924
917
920
915
896
935
943
946
937
949
928
948
945
932
934
935
908
915
917
905
930
933
929
911
926
939
906
929
950
917
924
931
929
950
929
912
924
945
931
924
930
930
927
953
928
917
922
917
937
932
944
928
944
928
933
915
931
943
939
933
919
932
915
948
949
933
939
924
931
935
934
949
927
933
946
933
936
935
925
916
942
919
929
932
921
926
931
931
933
911
923
955
930
920
931
928
951
913
947
936
928
936
943
933
933
931
916
933
934
943
938
908
937
932
921
923
933
902
912
941
918
936
922
910
930
926
924
948
919
926
915
928
917
942
933
925
954
945
938
932
929
959
942
955
920
945
916
914
930
928
933
932
945
948
929
934
937
939
911
932
909
926
930
929
930
935
931
930
951
933
921
913
933
952
930
939
928
939
924
934
944
936
933
929
913
933
923
933
941
939
929
921
935
908
917
936
910
931
929
925
931
937
940
946
926
918
955
937
938
934
956
942
934
918
939
957
934
916
931
946
922
921
927
939
940
935
943
958
925
922
937
941
949
943
928
937
917
924
911
922
939
921
927
939
935
934
947
927
948
926
944
940
945
930
924
942
938
933
938
930
958
958
934
942
934
932
927
939
944
935
929
936
942
935
934
933
926
931
931
930
904
935
950
949
930
911
941
939
939
922
927
923
931
933
920
913
927
939
917
931
934
956
924
943
955
955
933
941
939
950
922
942
925
941
939
929
933
929
927
925
930
914
915
926
924
949
916
937
946
945
937
922
937
931
930
951
956
941
948
919
916
927
929
938
904
906
943
933
907
948
935
966
947
956
893
931
936
933
929
938
918
927
918
922
956
961
946
913
945
925
921
906
928
946
919
925
929
945
917
920
924
935
941
928
932
932
919
934
945
922
943
930
934
928
914
930
932
945
936
915
937
940
922
916
925
938
913
952
932
948
933
948
949
948
953
933
918
918
927
932
933
917
933
937
943
938
932
930
936
924
919
916
937
919
916
924
936
947
931
935
934
928
925
916
925
956
916
928
943
936
923
957
935
963
928
952
926
930
932
916
938
943
917
933
939
948
925
946
929
933
953
935
942
935
938
930
923
944
927
912
936
931
945
927
950
953
939
938
940
921
940
934
910
914
923
931
946
933
907
938
941
939
922
922
945
927
916
924
917
952
935
939
938
942
925
930
941
948
945
951
932
927
933
930
932
936
935
928
933
934
933
931
943
934
923
917
933
911
938
911
920
933
951
948
921
932
916
925
925
937
945
945
949
920
933
943
937
944
947
917
926
950
903
922
937
935
914
941
919
934
915
929
912
920
929
926
949
924
916
936
947
933
922
947
930
936
936
938
925
937
932
912
935
939
912
906
931
910
932
933
930
941
938
945
923
924
931
916
921
935
950
944
935
917
934
925
929
922
934
948
939
910
921
938
917
918
925
938
917
934
929
949
916
933
935
933
937
944
920
935
919
961
924
927
923
932
959
934
930
928
925
942
934
934
945
944
932
948
940
927
945
951
931
909
936
927
925
915
932
927
935
911
918
913
928
932
940
957
942
920
938
934
909
934
928
907
929
935
949
929
911
942
935
933
915
939
916
916
938
934
924
923
947
937
928
910
932
929
936
931
964
936
933
938
921
926
923
932
935
940
928
943
919
931
947
946
921
930
920
920
950
936
909
931
935
929
921
924
939
946
948
936
945
943
928
914
956
927
937
943
932
934
911
937
956
936
931
935
938
946
913
920
919
944
931
930
929
962
934
949
941
950
942
929
934
922
944
945
940
942
944
928
943
938
908
945
921
941
931
939
937
935
927
921
947
957
913
953
930
927
929
941
929
925
919
928
929
929
946
931
947
938
939
918
914
941
942
927
925
908
937
927
932
934
924
924
955
939
929
939
919
930
926
949
944
915
919
951
946
931
922
938
929
924
937
935
945
941
920
925
928
914
943
921
928
944
935
935
924
929
934
925
929
947
942
930
935
940
951
947
940
941
942
924
932
920
941
931
918
930
944
925
918
930
933
937
934
910
925
942
943
929
928
918
950
925
931
934
938
942
921
903
921
941
934
939
928
939
925
937
937
935
949
938
960
943
917
942
924
945
930
929
916
947
926
943
939
930
940
924
930
928
944
939
941
940
925
916
928
918
954
942
940
929
923
928
941
934
918
930
919
907
927
943
944
942
937
929
903
928
919
942
943
940
956
931
934
953
952
944
937
931
916
952
935
930
940
945
929
926
939
913
923
926
919
936
951
918
931
937
926
929
952
958
922
925
914
922
925
942
956
940
926
931
941
937
917
945
940
937
921
939
940
912
928
922
952
914
937
930
919
921
941
924
920
918
947
921
944
923
923
935
949
933
935
937
936
941
930
926
929
921
937
928
954
930
919
951
927
936
930
916
895
924
922
942
939
919
926
934
943
945
939
920
935
917
924
934
932
921
936
947
936
922
926
938
935
938
904
918
924
925
942
925
941
936
934
918
924
935
943
955
918
937
934
935
949
944
947
930
929
929
922
929
934
947
918
943
932
955
936
930
928
934
953
940
924
932
913
936
950
940
943
952
944
911
931
951
915
937
918
945
926
932
931
916
918
965
941
931
941
938
951
945
935
934
924
933
908
914
935
951
943
935
935
931
923
923
940
937
945
956
926
931
925
942
917
933
936
924
924
940
932
938
936
909
953
916
938
917
941
927
920
919
920
933
923
934
928
933
933
918
914
935
942
921
933
951
967
938
927
940
933
933
942
962
911
907
941
940
935
951
914
929
951
939
937
946
944
932
944
929
921
925
938
945
927
929
922
916
936
912
933
926
937
927
939
926
922
930
930
937
920
939
911
954
925
931
924
947
929
930
920
951
931
949
913
927
920
923
934
921
929
927
923
917
923
931
940
929
923
949
932
921
939
944
930
943
930
946
932
924
914
925
930
938
917
923
928
931
924
948
923
923
927
935
952
946
935
938
937
944
931
916
925
930
917
929
951
925
930
938
927
938
924
935
919
934
941
920
929
912
909
909
933
927
923
912
934
938
930
922
937
927
923
929
937
916
924
945
926
938
932
925
945
942
942
933
905
937
911
929
940
922
934
913
924
909
937
939
925
956
943
912
913
918
923
923
936
947
940
943
947
907
939
947
939
926
918
923
939
934
928
912
924
922
924
935
943
939
932
913
929
934
927
935
936
929
947
916
923
939
926
927
934
924
923
921
932
937
921
939
923
950
932
939
939
931
941
942
923
930
924
923
921
934
941
936
917
933
930
942
924
918
924
914
951
944
958
934
942
930
926
936
949
927
933
954
940
936
930
932
918
929
934
936
919
901
941
928
921
946
932
932
918
932
934
951
917
943
927
929
923
951
923
940
930
931
919
935
923
919
923
931
948
915
950
928
916
929
919
923
931
936
934
935
920
922
947
916
943
935
949
937
944
931
904
948
927
939
915
928
941
920
936
935
939
955
937
924
933
938
918
934
917
937
942
929
946
942
934
937
911
951
935
948
917
927
931
941
933
935
916
950
931
900
920
916
955
951
922
924
928
959
936
935
931
919
942
927
916
929
934
927
945
930
942
916
924
962
948
936
944
925
937
937
941
937
928
917
938
930
936
925
925
933
924
943
934
940
930
935
922
915
934
932
933
926
925
917
930
928
942
936
941
936
936
934
927
916
935
940
932
946
945
927
945
913
945
923
908
936
934
928
943
918
933
931
918
921
913
939
924
945
933
937
948
942
924
940
932
928
947
940
935
926
951
933
947
926
940
935
940
908
937
924
936
931
944
953
924
922
920
928
927
925
927
930
942
918
936
956
941
939
938
926
943
935
936
932
913
924
924
931
925
927
926
924
930
934
923
933
944
941
931
937
922
930
911
949
948
927
936
936
939
930
937
917
926
953
925
913
936
905
920
939
948
926
930
929
916
940
937
924
944
942
913
922
929
916
921
923
938
924
926
914
948
909
929
929
940
911
932
944
919
949
911
931
943
917
918
936
955
931
931
921
948
938
941
934
924
936
919
945
926
928
923
910
938
913
930
928
925
921
918
933
929
922
943
925
920
934
922
935
929
928
938
940
909
945
936
927
922
949
947
926
940
923
944
951
925
932
921
933
944
939
929
932
922
941
933
913
946
934
929
928
936
924
925
942
930
939
924
929
946
921
922
951
950
919
940
920
953
927
921
948
937
921
905
924
949
929
942
939
930
929
940
931
924
923
925
936
931
927
922
912
922
908
916
950
931
930
929
933
921
922
923
925
940
930
944
912
921
927
929
908
915
927
918
934
923
932
924
931
931
904
943
916
928
935
936
941
929
949
942
941
948
930
930
927
951
938
931
940
933
934
943
926
948
931
912
935
948
929
959
935
924
950
920
925
923
954
942
936
926
932
932
922
955
940
928
933
943
940
917
927
942
939
910
922
938
938
931
938
906
926
904
935
927
928
946
964
952
938
936
935
946
940
926
920
934
931
934
927
921
936
921
937
943
950
917
955
921
939
941
925
943
920
935
926
927
924
919
921
927
951
951
944
944
936
945
952
944
939
915
932
937
950
922
928
935
926
937
948
920
944
930
942
946
938
925
946
912
925
937
917
943
913
927
940
923
944
934
935
934
944
926
931
923
945
920
940
936
965
946
903
925
919
953
931
938
927
956
927
937
942
941
929
939
912
940
929
940
919
929
927
942
939
921
937
940
926
931
931
920
937
943
939
940
921
922
944
927
932
936
928
933
931
933
916
945
925
934
938
953
926
927
924
942
934
930
924
925
916
946
955
942
933
927
946
944
937
940
923
944
932
941
933
933
936
921
952
936
953
929
900
921
945
953
930
922
923
921
922
922
907
919
913
938
943
950
953
951
942
929
914
934
949
936
903
955
925
919
943
930
938
937
939
927
952
936
910
932
946
945
942
931
913
917
922
924
941
953
936
930
907
924
940
948
906
931
956
943
932
940
940
935
947
913
925
915
930
929
953
954
927
948
920
922
920
941
958
956
924
949
941
925
925
935
914
933
936
921
942
935
920
936
917
943
950
911
947
921
939
949
920
918
953
937
918
937
931
934
937
937
916
946
938
934
941
943
949
933
935
935
932
931
942
919
925
932
944
946
922
936
952
925
942
939
917
943
930
915
926
937
944
933
941
927
967
931
918
928
940
942
932
942
934
919
933
930
925
946
934
929
931
912
931
936
922
929
927
925
922
921
930
934
914
932
912
952
919
899
934
933
923
937
910
928
936
947
928
921
955
933
933
926
935
928
929
928
935
921
940
948
923
934
917
936
929
934
942
934
920
923
935
939
938
918
931
943
936
932
916
932
952
943
939
926
934
941
929
920
909
928
932
940
936
923
938
937
925
931
951
930
915
916
951
932
923
930
934
932
932
946
936
942
936
927
927
939
921
944
948
937
936
914
917
927
930
945
930
934
916
924
943
932
925
925
932
939
974
