1065
924
947
960
946
925
911
942
936
933
928
922
927
929
925
909
912
933
936
925
943
947
918
929
950
935
931
922
927
932
923
923
920
940
924
945
937
933
926
928
933
933
930
920
925
931
940
931
933
944
933
952
926
938
921
942
931
924
947
944
909
935
938
951
943
921
912
935
925
924
928
946
941
946
907
937
936
936
963
920
939
925
947
932
936
931
926
926
931
932
923
939
915
948
949
938
926
915
932
940
949
938
937
946
916
934
939
944
938
935
926
954
938
931
933
923
940
928
929
923
916
910
934
926
933
932
928
924
942
927
914
951
923
922
938
934
933
933
930
931
917
922
925
934
948
935
926
939
937
928
928
923
935
918
936
937
943
936
912
937
936
933
954
921
924
921
945
928
924
932
936
926
934
928
948
925
937
915
917
935
942
947
942
934
941
931
923
934
930
952
928
932
940
938
941
946
925
937
947
940
922
918
938
939
918
949
919
943
946
944
900
944
930
935
922
944
899
934
948
928
923
936
937
915
937
923
918
923
927
931
923
933
944
916
929
926
918
942
919
930
933
918
924
934
938
941
925
932
926
902
929
931
928
925
915
928
940
938
924
941
907
925
942
940
916
936
927
923
947
939
936
925
913
923
932
934
934
912
931
966
950
931
935
939
949
942
937
918
932
922
939
934
943
944
930
934
951
932
944
950
944
926
934
915
945
936
939
947
944
903
914
929
921
942
922
905
929
925
930
924
941
942
933
919
946
933
948
942
928
921
936
920
928
931
939
947
936
926
934
928
950
924
927
939
926
939
940
937
932
956
941
937
922
940
940
928
934
935
926
934
934
930
935
953
938
903
920
944
922
929
930
946
937
927
918
924
948
929
927
910
927
946
950
934
944
943
927
920
936
911
932
928
943
937
948
957
918
919
932
943
927
915
927
940
941
922
933
913
896
928
934
938
943
930
947
931
921
928
934
928
918
917
907
944
937
936
930
944
931
929
946
946
934
932
934
948
938
957
956
941
924
937
927
931
920
921
930
918
916
950
952
936
933
932
920
944
948
934
939
939
936
934
959
935
933
938
913
932
927
953
944
925
928
925
951
930
919
922
933
930
924
939
950
928
937
943
934
920
941
939
933
951
929
929
942
908
953
929
915
936
932
935
933
932
916
933
950
914
939
920
939
945
933
929
915
931
909
935
939
929
929
921
938
942
957
941
942
922
929
910
897
918
931
918
935
920
942
910
932
933
934
922
940
947
925
926
932
934
927
948
926
932
921
942
922
936
937
934
927
942
910
921
918
929
937
913
941
936
917
920
919
947
939
941
941
911
940
947
948
922
930
941
930
950
923
927
931
948
915
939
938
941
933
923
928
926
940
943
927
925
926
955
933
929
909
904
920
930
920
934
928
924
935
919
934
936
927
942
931
950
931
943
915
935
917
916
913
942
941
942
924
912
912
935
918
937
947
959
922
922
936
950
944
928
934
940
921
936
941
924
916
926
923
936
946
932
934
949
938
937
945
923
934
948
952
933
946
923
939
951
934
945
927
946
923
948
930
918
943
931
930
951
925
942
938
929
929
936
918
933
934
938
938
931
924
900
950
934
939
939
940
919
943
923
941
932
944
937
935
927
922
950
940
936
939
913
926
944
918
944
942
915
934
924
927
946
920
925
913
932
917
917
936
928
937
931
929
945
910
917
922
927
939
935
927
920
949
924
926
915
929
928
924
925
910
939
938
931
939
918
925
917
933
921
945
925
913
933
939
928
922
928
930
920
936
920
918
938
936
932
938
923
943
920
928
940
915
949
936
941
931
932
924
936
945
933
929
917
934
941
907
927
942
940
944
934
931
924
936
922
915
945
933
914
943
943
930
942
929
930
927
919
938
925
943
940
920
942
939
933
938
936
948
923
917
923
939
943
939
920
943
938
932
942
930
931
938
927
944
938
928
929
915
911
946
922
942
945
920
932
925
940
904
938
942
926
922
925
917
935
910
921
951
932
941
928
927
951
939
901
930
953
922
936
944
909
943
941
944
927
943
931
937
931
935
931
931
931
918
929
922
925
931
937
940
940
936
930
912
924
943
952
920
915
950
934
949
942
938
953
940
946
917
955
942
934
948
917
957
936
925
930
942
934
952
934
923
941
962
937
934
921
933
930
928
928
939
942
934
914
930
943
923
933
939
936
923
930
936
947
929
929
950
940
930
929
938
931
929
939
949
935
924
941
930
922
930
952
939
941
921
945
934
938
925
935
923
921
944
950
936
918
918
927
932
917
948
923
919
919
948
936
935
931
945
928
938
936
942
934
948
950
912
927
938
929
938
910
942
921
926
935
929
925
944
956
921
958
945
927
920
925
936
938
949
945
928
914
914
942
925
948
941
946
939
937
932
918
932
937
938
930
894
918
942
936
941
926
944
932
946
916
927
926
928
958
942
931
937
945
929
920
943
923
925
941
940
949
921
936
913
919
907
920
939
912
927
940
951
936
926
928
936
928
941
913
913
929
953
926
916
937
922
932
941
951
932
941
927
929
924
940
941
910
954
947
937
940
930
932
938
907
942
944
931
933
937
928
947
928
945
932
906
927
933
925
961
936
916
963
932
943
948
936
931
921
922
924
951
928
947
929
929
939
948
955
931
943
938
941
920
912
936
929
957
948
924
947
927
936
932
945
920
921
943
938
925
929
939
940
949
916
930
941
933
926
935
912
954
931
935
894
924
912
953
921
932
926
932
939
932
928
934
936
943
933
907
938
922
945
941
921
925
933
926
919
943
916
915
928
924
922
922
923
934
917
906
923
915
939
952
937
905
945
915
923
935
919
920
942
934
928
933
966
942
953
926
935
941
920
933
957
929
924
911
914
951
928
951
952
952
933
929
926
931
955
932
957
930
932
923
950
906
939
912
926
939
919
921
923
935
928
925
928
939
929
941
925
935
947
945
920
928
940
936
939
935
947
926
910
913
923
945
930
913
914
927
937
918
936
913
922
940
905
937
937
932
951
921
918
930
907
930
955
924
916
918
930
935
932
938
932
955
936
926
935
939
922
944
929
925
937
930
955
947
953
933
926
939
939
933
920
936
940
926
940
934
927
945
923
925
940
948
933
937
935
933
915
925
928
913
938
934
931
945
936
911
939
928
932
919
960
910
911
922
945
940
927
931
921
916
933
930
929
958
940
922
925
919
928
920
925
928
927
932
916
945
917
931
932
944
910
920
935
926
914
936
920
911
935
909
936
931
952
940
939
930
939
942
942
918
935
930
933
934
940
925
936
928
933
944
940
944
943
934
925
916
941
916
928
941
930
940
947
930
932
925
923
940
935
917
916
940
950
922
926
932
931
964
941
938
927
917
938
936
933
928
930
934
928
936
920
927
904
929
922
918
938
942
933
933
925
931
945
923
931
916
920
914
923
947
958
916
944
930
937
912
932
943
943
923
928
928
927
903
926
928
920
915
923
937
944
926
936
927
925
926
941
947
936
934
935
927
928
918
927
925
936
937
925
926
924
932
947
954
920
933
941
924
935
935
933
939
943
935
912
922
930
909
939
929
935
947
930
926
930
925
963
931
946
939
911
932
927
945
929
949
931
929
941
941
924
945
924
945
921
929
926
911
941
933
938
922
943
940
908
931
924
923
950
944
915
936
927
928
937
922
914
935
919
946
932
948
943
932
920
922
945
945
944
937
898
925
944
935
924
938
927
926
931
938
929
933
942
923
936
935
914
935
936
926
921
931
927
936
922
931
934
923
965
920
905
952
936
922
930
938
924
930
929
924
924
904
938
955
930
920
931
934
943
940
938
936
930
942
934
941
938
926
917
933
919
925
913
936
919
945
939
961
938
939
927
947
915
949
931
932
954
959
957
918
942
916
926
921
938
929
913
934
915
932
949
932
924
922
926
928
934
926
921
928
924
944
912
953
938
936
947
930
917
917
926
923
930
957
948
928
938
925
938
926
932
940
917
941
945
908
932
952
937
940
937
929
934
936
934
929
940
944
918
956
944
925
933
936
916
920
942
912
929
917
925
957
926
922
934
941
957
945
932
930
916
927
930
930
941
922
929
942
930
942
908
941
940
916
910
937
950
940
950
941
946
939
920
936
936
926
932
931
969
918
956
947
925
942
934
945
929
932
935
937
921
936
932
916
930
963
937
928
941
925
921
932
948
947
900
940
923
949
940
931
910
932
928
930
932
920
917
949
920
923
940
922
940
939
941
922
942
922
935
949
944
918
930
922
932
930
917
935
926
932
944
927
938
931
936
939
935
931
945
946
945
936
950
939
919
928
931
938
919
902
934
939
946
933
909
931
945
931
941
925
923
937
924
933
895
942
929
944
924
933
921
921
913
944
932
939
922
947
927
924
923
925
910
940
945
936
924
943
946
930
931
940
940
926
948
908
939
930
914
940
935
940
926
931
932
932
918
945
921
923
928
924
943
933
934
918
915
940
928
920
931
945
931
948
955
927
923
923
929
917
931
929
946
951
925
950
938
928
926
933
932
947
945
918
916
933
916
935
935
945
933
931
928
945
946
930
939
954
933
918
922
938
947
935
951
950
930
931
921
927
938
940
939
920
935
912
919
928
939
925
929
932
926
937
934
936
940
943
934
924
930
942
932
915
934
924
934
917
937
931
942
913
933
920
918
937
924
931
921
924
924
931
938
933
934
935
930
936
942
933
934
927
956
936
940
940
932
919
926
924
938
958
929
932
948
931
924
926
904
937
939
902
917
946
956
945
941
940
934
924
924
927
922
912
923
943
936
928
927
944
927
925
937
936
929
942
941
957
950
917
923
908
928
913
914
943
917
947
942
951
924
935
935
925
934
938
936
903
936
926
942
941
911
940
925
912
917
916
923
935
935
937
927
949
939
925
951
926
934
946
925
924
946
937
926
949
941
930
957
928
940
932
933
939
927
941
932
934
930
937
937
929
933
937
922
945
933
945
951
929
929
947
943
922
936
945
926
947
931
945
919
928
945
937
921
936
938
948
936
931
916
936
954
937
928
921
918
929
949
919
923
917
944
928
908
936
919
936
927
923
927
943
938
925
901
930
928
944
940
925
931
933
932
931
932
935
941
928
942
942
945
941
940
936
936
923
955
944
933
919
932
918
918
945
930
933
928
956
927
925
928
914
919
913
913
916
935
947
926
914
924
916
949
941
917
930
948
927
947
939
940
914
931
921
902
948
918
931
923
940
924
928
946
915
938
937
950
934
933
924
920
934
924
935
944
941
922
917
924
935
904
935
919
932
926
929
920
928
930
937
913
902
909
928
935
943
948
939
947
941
920
953
934
937
931
931
933
944
934
937
919
937
943
930
926
947
917
934
930
935
935
925
927
922
934
943
932
949
928
944
923
943
934
924
932
939
939
932
932
926
936
920
925
956
939
935
939
942
927
943
948
949
909
920
925
950
938
938
919
909
946
926
936
945
923
916
930
942
917
929
946
940
941
936
911
916
939
909
916
921
953
945
955
923
944
905
927
929
926
938
930
940
941
949
925
938
935
937
937
949
938
923
933
940
906
939
935
946
937
939
948
949
937
935
922
924
939
935
936
910
945
950
957
947
925
921
936
944
934
950
924
935
914
927
944
933
949
928
920
950
922
924
920
918
922
924
919
930
920
929
917
918
924
922
927
939
945
923
928
925
924
931
944
949
917
931
924
949
943
974
