1065
920
929
926
952
921
923
916
939
931
932
939
930
935
926
920
937
917
928
927
918
916
935
925
945
924
928
935
911
942
926
934
945
920
932
944
927
945
917
929
935
950
924
944
922
915
923
946
949
947
924
933
926
936
933
962
904
913
910
941
936
934
938
929
941
951
935
922
927
948
941
916
943
926
925
924
939
939
930
930
930
923
925
932
936
923
943
928
924
920
922
936
923
950
928
935
936
923
946
926
945
940
916
946
949
931
913
906
920
930
920
931
936
930
936
948
921
927
946
933
927
924
951
926
924
936
924
935
939
927
924
937
931
933
925
934
936
926
925
930
949
929
929
930
915
914
944
937
927
924
924
953
936
932
940
945
943
937
920
962
935
937
943
936
919
930
933
921
945
937
962
923
926
915
923
941
946
935
915
935
944
925
940
946
927
943
936
927
936
945
945
930
931
938
934
950
930
915
938
942
948
944
917
938
935
929
940
935
930
938
904
939
937
933
955
922
935
935
916
929
932
937
921
944
958
921
923
942
923
920
931
940
933
928
944
922
931
931
940
949
904
935
929
928
943
921
915
935
927
922
944
937
925
935
938
948
916
926
940
938
926
942
931
939
927
926
923
937
910
923
939
934
932
925
921
937
958
925
923
926
916
923
909
915
933
896
941
943
932
926
931
935
944
954
928
946
953
920
917
936
927
935
931
922
921
939
941
952
928
940
935
922
936
919
937
940
948
942
931
926
901
937
906
910
920
923
930
943
943
920
941
930
935
928
917
914
936
949
907
939
948
925
929
912
946
944
930
932
931
948
930
938
956
938
946
939
928
928
908
931
929
913
941
939
935
912
935
914
924
923
933
935
949
944
932
935
924
921
935
945
927
925
932
920
938
948
939
939
940
950
941
937
943
957
940
932
926
928
923
929
933
944
937
937
934
951
928
940
923
942
940
942
924
924
923
950
939
935
944
940
930
920
924
905
933
948
929
933
939
935
933
918
926
934
948
930
948
938
927
926
931
927
938
920
906
937
928
931
936
933
957
930
946
916
949
943
926
916
938
937
917
945
939
938
927
940
949
919
929
953
951
956
931
940
939
919
923
932
937
931
946
918
937
930
926
930
938
939
941
930
931
925
934
948
926
946
933
931
922
920
939
920
938
935
919
953
923
940
924
912
934
933
930
933
940
931
941
934
929
918
930
925
930
918
919
919
952
939
933
937
928
928
915
940
927
934
922
940
912
937
927
929
922
918
930
937
930
934
959
925
922
924
929
948
918
930
930
922
931
922
922
926
950
942
947
930
937
934
947
926
937
915
935
925
932
941
939
939
917
922
926
913
933
924
929
918
935
933
926
940
927
931
940
956
930
923
927
939
917
935
941
946
926
931
929
942
930
929
951
925
944
926
933
939
955
929
924
950
934
894
933
924
931
933
935
926
920
936
917
931
932
941
944
914
948
920
934
928
944
933
937
928
936
943
939
936
941
924
941
943
937
933
948
946
939
941
928
919
930
942
936
936
934
938
957
921
944
927
937
928
910
944
930
919
934
941
942
932
940
934
938
898
922
930
946
943
931
933
948
939
904
929
941
929
930
932
917
943
933
940
908
938
940
947
925
922
932
942
935
937
922
930
919
930
928
925
936
947
935
940
915
916
929
921
920
926
931
949
947
931
925
935
953
933
935
951
953
952
932
929
909
927
922
922
921
933
932
943
940
951
933
944
950
918
933
936
941
947
941
952
936
933
923
952
955
928
939
927
928
950
928
920
910
929
909
921
953
943
948
933
945
936
942
941
910
911
930
928
908
934
930
926
943
951
938
947
916
938
924
941
942
942
944
927
942
907
922
916
940
924
955
937
934
903
916
943
932
941
932
949
949
943
948
946
938
924
952
932
915
939
933
918
905
964
942
909
944
959
953
937
920
941
947
929
935
930
933
935
944
930
944
932
935
927
944
955
932
919
933
931
932
924
934
942
938
928
938
922
918
942
914
935
936
928
940
914
931
916
932
934
929
923
935
939
949
930
936
925
932
944
930
942
931
941
936
938
944
936
938
912
931
942
905
915
937
945
929
950
927
943
924
921
926
931
916
925
915
918
928
930
928
937
928
927
929
926
920
925
936
936
939
929
950
924
909
951
924
913
922
942
944
923
934
934
952
935
923
933
934
928
942
931
924
936
928
934
929
938
964
942
921
932
945
928
938
918
948
920
938
936
943
929
911
927
932
907
945
910
929
943
925
943
929
934
930
931
926
942
929
943
915
922
923
944
920
957
933
929
929
924
936
927
923
923
922
940
914
945
919
941
911
940
927
936
937
934
927
926
934
940
929
920
932
941
954
929
927
922
940
935
939
928
939
940
917
922
939
934
930
925
933
927
919
939
945
925
922
931
948
923
947
951
928
925
938
931
945
931
938
950
939
924
925
936
940
941
927
931
939
943
954
935
930
913
946
935
937
934
931
908
932
933
928
928
944
922
944
919
933
928
938
916
929
923
944
939
947
927
940
923
942
933
934
926
928
928
907
933
921
926
930
936
934
926
912
924
929
916
938
943
951
940
928
941
920
947
934
940
910
936
935
939
921
946
946
961
944
921
918
929
925
944
941
915
923
936
914
925
930
905
917
921
931
936
965
941
936
933
929
920
926
952
929
919
940
935
942
929
936
927
909
931
940
936
948
942
947
936
941
937
936
917
937
944
939
952
942
936
939
941
913
941
943
937
921
933
944
919
920
922
939
945
920
939
940
937
949
941
946
964
922
928
937
925
933
934
917
934
919
952
916
914
942
942
925
928
934
923
923
958
935
951
948
930
937
944
947
947
937
921
939
900
925
951
942
949
935
939
932
936
937
930
922
922
932
930
971
949
938
945
936
939
927
949
935
924
940
910
945
921
918
926
927
941
928
927
947
937
910
944
934
945
942
923
930
928
917
917
927
923
913
930
945
930
939
931
932
941
936
941
933
922
942
942
945
918
941
952
922
908
931
949
919
932
943
927
903
924
937
947
927
920
926
936
935
912
936
929
934
930
948
933
905
928
943
923
935
932
933
919
925
948
927
937
918
933
932
939
921
923
926
938
954
941
935
943
932
935
958
919
915
934
938
944
933
940
942
938
925
916
925
931
963
952
939
938
950
937
945
925
921
919
939
932
907
947
922
929
921
935
937
920
938
927
944
947
918
931
913
910
932
933
949
922
919
923
926
938
929
940
921
935
946
944
944
941
940
944
929
955
926
922
938
923
929
927
938
922
934
940
906
923
934
915
934
933
901
922
915
931
935
940
913
913
952
920
937
936
934
923
917
951
918
939
940
938
936
899
938
929
941
943
946
941
930
934
939
922
919
935
931
938
944
924
933
926
922
913
914
910
927
944
909
962
950
932
918
911
928
925
910
927
938
935
935
933
918
940
946
930
929
916
938
928
917
921
930
917
935
921
919
923
938
945
932
928
939
929
953
942
933
921
925
924
922
938
919
938
937
918
944
935
934
943
911
917
918
942
920
923
910
937
925
906
936
924
920
935
942
958
928
928
931
915
924
913
937
934
931
928
939
934
924
960
937
920
948
954
914
927
931
927
952
933
935
922
924
914
926
928
905
931
939
945
938
932
948
945
947
933
948
935
924
927
942
933
924
930
944
950
908
935
927
939
929
937
941
917
916
944
945
911
934
932
951
943
950
930
928
921
921
934
914
939
930
930
937
914
934
931
933
940
935
920
938
925
935
948
946
918
929
933
949
930
920
933
934
931
940
939
940
930
935
944
932
917
932
925
948
928
933
932
931
940
945
955
951
938
927
927
954
921
943
914
931
944
920
937
930
939
927
925
943
930
941
911
920
932
931
924
926
917
930
931
936
936
947
924
933
931
942
933
939
948
922
938
925
913
947
937
903
937
943
940
936
938
916
942
933
936
940
950
919
922
919
937
941
942
921
934
944
932
941
928
945
945
930
921
927
934
936
939
938
940
938
931
933
945
939
954
921
906
942
937
943
909
914
944
929
933
944
938
934
943
931
913
939
954
915
919
913
940
949
932
930
938
924
934
932
947
928
934
937
942
923
923
960
933
951
927
933
955
956
942
937
940
942
928
934
947
961
961
920
917
915
923
914
933
928
934
939
937
942
925
938
938
933
928
915
931
934
932
937
940
928
937
906
944
924
916
903
915
935
920
918
916
925
901
960
954
954
943
929
931
941
940
945
933
956
938
931
923
925
922
940
939
944
936
955
932
937
907
947
955
935
909
935
936
940
947
930
926
933
937
920
935
937
950
922
918
922
938
943
927
930
927
951
920
948
914
929
931
927
928
935
937
924
921
940
932
938
944
924
911
937
929
948
933
945
948
942
931
923
949
924
927
931
935
933
934
926
938
928
921
931
930
916
919
932
931
939
923
925
934
936
942
928
915
926
934
949
924
948
930
935
916
931
940
908
921
951
938
923
947
942
952
923
930
906
932
916
927
938
917
930
938
931
926
949
955
947
945
937
935
944
932
942
947
917
933
946
933
928
955
948
925
929
940
941
936
927
941
930
932
919
922
930
935
928
928
937
921
948
933
934
934
945
925
905
936
943
924
935
939
933
918
915
922
926
914
935
947
944
957
923
934
948
944
940
943
927
928
937
932
915
931
941
923
930
926
930
916
930
928
920
942
924
904
944
953
937
951
929
934
929
945
932
944
924
930
936
928
942
929
938
929
939
923
927
923
911
946
918
913
922
926
930
930
936
932
903
932
938
928
941
920
944
923
932
947
945
925
934
913
933
915
939
909
918
932
931
935
912
913
922
940
935
945
935
921
937
938
952
935
917
928
910
945
926
940
928
917
931
912
923
921
931
942
915
931
937
930
932
917
954
931
937
923
924
933
939
916
927
923
935
907
931
926
931
958
929
937
932
944
925
929
932
948
941
915
922
918
917
935
952
936
925
937
945
926
931
936
919
916
928
898
927
935
927
932
945
924
909
948
927
920
923
923
938
946
940
917
936
947
925
934
938
931
919
931
938
942
926
914
936
927
934
944
932
932
923
931
906
912
910
921
923
926
944
918
922
921
953
941
940
937
915
924
915
933
942
928
930
915
928
923
944
945
937
943
922
913
924
927
925
934
926
930
926
951
934
938
930
947
904
941
937
911
931
925
935
951
947
920
901
911
936
922
957
932
908
939
937
930
938
935
927
927
920
928
919
939
948
919
928
935
936
937
922
933
923
930
927
936
917
937
924
923
913
920
941
935
919
940
927
945
951
929
938
942
924
930
939
945
939
927
942
924
940
927
925
948
928
913
944
922
927
928
917
942
926
940
928
954
938
917
910
928
933
932
920
932
929
944
948
942
935
928
952
926
934
929
930
943
933
937
923
924
927
914
927
950
920
921
931
942
944
933
932
943
933
923
942
933
926
947
933
931
918
940
943
908
923
935
957
943
942
918
934
943
944
944
908
929
940
935
923
940
926
923
922
920
920
944
936
935
931
924
952
924
916
919
920
909
951
931
927
941
937
941
951
945
948
917
943
937
937
938
939
942
926
935
939
938
917
929
919
948
926
937
915
928
934
930
915
929
919
943
918
917
947
959
918
928
929
938
915
928
928
925
918
934
930
930
934
949
938
946
934
947
920
929
939
946
943
943
911
922
943
929
927
923
939
933
914
925
915
932
933
932
947
935
935
925
948
921
940
954
944
944
979
