1065
922
923
933
934
950
932
925
935
929
920
923
927
921
933
934
930
916
946
930
923
936
916
919
925
934
931
943
925
931
925
926
944
929
922
907
937
924
924
925
938
919
932
945
941
930
931
919
926
959
946
913
937
905
947
921
942
924
937
951
926
947
941
938
911
927
939
934
935
920
932
920
941
951
929
925
946
928
920
910
913
918
921
929
924
923
935
940
939
953
950
938
935
938
937
939
943
915
937
931
919
927
931
923
940
931
959
943
915
912
924
932
923
938
942
925
930
930
924
929
954
948
964
930
953
938
953
919
928
932
936
920
946
932
922
930
935
937
931
935
932
933
950
941
921
927
936
920
922
930
947
947
940
947
958
941
917
925
937
923
932
944
958
925
927
929
935
924
922
940
928
925
924
936
935
932
930
931
940
947
935
921
943
946
939
930
926
951
942
933
939
930
936
924
923
924
945
938
939
905
921
918
936
938
943
925
921
930
923
937
930
957
929
917
936
942
970
956
930
945
935
928
930
944
897
935
929
938
920
951
941
928
912
930
931
942
946
947
935
926
938
929
960
920
928
927
943
917
932
924
957
921
936
934
925
914
913
933
941
924
930
960
939
942
929
946
961
938
941
944
927
924
938
920
924
937
941
933
935
940
940
921
925
939
949
910
939
935
939
933
923
927
920
924
918
917
940
933
927
901
921
927
928
938
928
910
933
939
924
927
933
927
930
918
942
937
931
924
922
954
939
941
939
923
940
904
935
934
937
938
936
943
922
941
931
942
932
941
942
926
927
920
937
924
928
944
929
952
925
929
927
932
942
929
951
934
945
932
924
919
928
942
927
924
927
942
921
930
941
925
923
937
931
936
936
933
919
931
918
941
926
937
953
936
924
935
888
944
935
921
932
922
925
935
939
899
923
927
940
935
933
936
943
930
934
935
932
921
934
938
926
926
917
952
932
945
922
934
935
921
938
926
926
914
933
931
953
927
936
933
918
933
948
951
929
952
931
930
923
961
934
943
947
934
937
935
949
942
943
929
953
923
918
918
941
928
931
921
927
935
931
945
947
926
925
956
921
906
909
927
927
921
937
928
927
930
935
924
932
933
932
918
932
956
924
944
916
939
921
934
929
933
917
922
944
937
928
926
925
941
933
942
931
927
940
934
937
918
927
931
927
922
939
928
929
950
922
934
950
950
918
912
932
919
931
928
934
943
944
952
922
931
956
931
922
918
947
922
921
927
928
928
945
932
943
927
933
931
917
916
910
945
935
932
916
946
944
935
925
943
942
950
929
917
934
943
928
934
930
939
945
936
932
915
930
929
934
923
947
952
932
923
938
913
925
939
923
953
943
916
923
920
907
932
937
943
930
938
920
925
942
925
939
904
929
928
902
928
939
955
945
933
937
919
943
929
918
941
963
919
929
922
950
939
938
927
938
904
939
948
929
938
953
940
926
928
943
915
925
932
901
912
932
928
936
917
917
949
929
947
942
933
936
917
923
932
936
917
957
931
922
930
931
946
923
924
933
957
934
933
942
929
934
926
936
947
931
926
919
908
925
955
938
951
917
921
938
909
939
934
929
910
935
959
940
952
941
927
955
927
922
932
927
933
922
936
938
941
943
940
936
951
933
927
940
937
910
946
919
917
918
939
929
936
942
942
932
942
918
939
948
937
919
920
931
926
942
929
934
935
927
940
937
940
952
927
933
921
939
930
949
944
938
955
927
922
934
930
941
935
937
938
934
946
895
924
938
922
937
930
930
938
914
928
928
927
942
924
947
928
936
934
937
935
927
944
915
939
913
940
929
940
929
918
931
919
929
939
941
929
930
930
931
937
926
935
944
941
940
940
934
912
933
928
935
936
950
942
938
922
934
933
937
929
927
946
934
937
930
912
924
926
923
921
922
927
932
945
926
943
948
933
936
921
927
933
949
948
928
919
929
940
921
913
916
926
944
920
929
928
914
927
924
916
933
937
924
957
953
924
937
927
927
920
927
904
929
937
919
950
939
947
935
925
913
925
928
941
935
920
947
935
928
918
954
943
907
942
926
936
929
920
934
938
929
931
936
931
954
937
942
921
929
936
915
926
949
928
932
946
942
940
935
932
923
935
935
937
930
938
944
927
936
908
921
935
944
930
941
924
915
942
930
941
928
919
964
940
934
946
943
926
940
956
925
927
930
929
918
922
948
921
918
924
913
934
933
927
932
927
932
950
927
932
921
932
928
928
922
924
942
928
915
928
935
941
934
935
940
936
938
911
920
942
933
916
929
929
932
926
933
914
940
944
924
922
924
934
935
941
933
928
915
932
930
918
923
923
927
937
951
932
937
933
941
930
943
921
930
917
950
928
920
947
929
929
936
953
940
941
936
929
937
948
940
919
952
948
920
938
920
950
949
915
914
925
945
928
929
942
925
920
951
918
941
940
935
918
928
915
902
919
923
940
935
940
937
941
924
941
938
922
933
934
929
930
930
940
917
934
952
945
917
941
934
922
929
942
938
918
929
927
926
929
942
920
946
936
953
927
903
945
919
923
948
918
930
928
939
932
921
934
925
949
933
928
924
936
927
920
941
925
932
916
935
937
941
939
948
920
938
942
961
941
939
931
924
937
933
939
921
941
949
956
944
912
920
920
928
925
938
939
924
918
907
945
928
920
928
921
948
928
930
938
946
912
936
940
924
940
927
932
941
918
920
920
917
927
929
913
918
952
929
940
918
930
918
918
936
923
929
933
931
921
911
940
910
925
911
941
941
939
934
952
933
934
937
947
946
945
940
911
928
938
933
925
927
944
931
933
953
939
942
949
932
949
941
923
928
909
928
918
941
947
921
945
941
928
930
930
928
950
915
934
922
947
928
942
930
934
915
915
937
932
927
933
941
938
938
908
926
938
936
952
951
936
932
929
924
912
937
925
938
945
909
921
938
943
923
922
932
941
937
934
923
918
944
932
925
938
945
923
920
948
952
928
934
930
930
925
930
945
938
948
936
958
936
930
930
929
935
944
936
939
932
908
917
905
944
946
939
951
918
940
949
939
939
934
930
940
930
926
954
934
927
940
907
909
923
945
933
932
917
941
929
935
951
905
942
900
933
932
923
937
911
924
927
931
943
932
945
939
932
938
942
929
927
918
910
943
929
941
942
936
944
939
951
926
935
944
931
944
935
924
918
922
920
919
931
956
950
936
930
943
920
949
944
934
936
938
957
929
926
926
937
919
925
936
931
929
920
929
920
924
928
932
932
944
931
955
928
916
939
931
935
940
933
926
935
927
955
919
924
937
956
944
939
954
933
925
922
950
915
916
918
932
920
940
936
922
924
917
916
913
934
931
917
918
934
923
930
922
947
940
926
950
923
942
948
949
940
908
930
945
929
941
933
923
941
932
912
914
936
928
916
927
935
893
928
926
929
921
920
926
932
911
947
942
922
938
942
935
941
935
941
912
921
922
922
915
918
935
912
919
914
926
939
926
924
926
952
924
943
921
938
942
940
939
923
944
924
932
923
929
914
928
930
931
957
923
912
934
920
927
914
937
923
918
935
920
935
937
944
929
922
912
921
952
941
902
942
939
932
930
925
929
918
945
943
946
916
934
925
928
924
930
933
940
923
927
938
927
930
933
934
937
926
928
930
930
951
961
943
933
937
921
929
920
941
931
932
931
929
925
927
934
925
909
925
915
917
924
933
939
943
960
943
937
931
934
966
938
927
934
914
930
923
913
916
929
927
920
922
939
930
949
930
952
940
945
915
936
932
929
910
922
946
937
936
925
935
937
924
951
936
936
927
945
955
934
929
937
917
925
926
909
932
940
936
931
934
925
930
948
925
927
952
919
914
931
944
923
927
916
926
928
912
919
915
907
916
948
922
939
915
918
938
937
960
923
949
941
925
939
942
918
943
929
917
944
940
951
926
920
923
933
922
940
929
935
932
935
944
954
934
946
930
929
936
941
934
934
925
919
950
932
920
927
934
938
945
938
946
920
958
934
928
940
937
932
938
936
923
940
943
923
938
925
933
926
933
952
951
961
944
955
932
937
928
924
922
922
934
937
926
917
918
935
931
940
927
946
927
949
933
921
936
924
929
941
945
911
946
913
925
934
936
931
912
945
933
932
924
933
928
945
924
928
943
936
942
926
936
931
928
922
938
940
953
940
943
944
924
926
930
919
961
933
947
924
936
943
939
930
929
945
930
932
933
933
929
925
926
917
925
912
918
929
933
925
924
921
933
952
922
935
925
934
954
928
951
941
918
933
926
941
936
938
920
939
920
931
919
903
925
911
924
923
921
928
922
926
939
937
932
916
913
925
943
933
940
927
937
950
949
944
938
941
935
927
917
929
946
948
928
938
927
934
936
924
929
932
934
932
923
919
929
921
943
913
924
914
936
920
937
935
942
930
934
915
910
931
919
933
925
935
924
913
923
909
931
926
932
946
916
936
947
932
921
937
956
933
917
920
939
941
903
938
928
941
923
931
930
946
940
928
935
925
933
931
950
939
943
924
948
928
932
931
936
930
933
935
922
933
942
966
953
923
922
927
942
948
929
935
930
928
952
956
924
932
945
957
941
948
926
917
958
935
948
954
929
936
933
925
943
947
946
939
942
948
927
919
922
951
920
917
938
940
923
937
934
927
940
946
921
938
927
946
913
921
934
943
937
931
942
923
932
924
944
926
928
915
915
925
932
913
933
924
921
936
944
920
932
945
951
926
939
926
922
909
917
933
937
950
936
922
946
924
908
927
937
947
932
938
927
928
935
927
937
944
936
936
909
934
949
926
933
944
937
929
944
926
941
929
940
931
926
932
941
912
935
924
936
937
940
934
929
941
921
945
948
935
930
931
933
943
924
931
924
952
931
931
930
927
936
940
932
940
928
931
932
935
948
931
929
940
926
929
951
947
951
931
923
936
942
934
933
926
933
949
921
953
909
919
939
936
927
929
942
914
928
945
936
923
941
941
950
916
942
938
938
942
935
921
933
942
916
927
911
921
932
931
926
938
939
941
945
916
930
942
943
943
928
932
926
929
913
934
924
912
933
934
952
949
921
898
941
932
937
944
942
940
945
923
919
916
937
929
956
954
920
924
930
938
933
918
932
937
929
935
912
922
920
942
939
940
929
930
936
908
932
948
937
953
929
922
924
897
928
939
937
940
929
927
928
935
931
919
925
916
934
947
947
942
940
951
927
929
938
935
931
931
924
920
941
956
909
933
937
952
924
924
933
936
929
910
911
911
919
933
939
938
931
948
949
933
934
939
933
927
934
929
927
931
914
929
927
942
932
931
924
939
914
931
932
922
923
925
923
947
916
922
909
927
913
942
927
936
937
943
924
928
931
911
929
941
945
934
950
930
938
921
933
928
925
916
935
928
925
954
938
932
923
946
947
933
934
937
949
936
930
929
934
917
940
920
934
953
954
927
954
930
927
926
962
934
939
924
923
929
937
935
936
928
921
927
934
936
936
939
925
916
947
932
945
927
926
927
920
919
936
937
925
925
943
892
917
930
923
933
941
953
924
918
925
924
924
930
928
949
926
934
931
922
930
934
924
926
928
949
932
916
934
938
950
945
933
934
909
925
942
949
938
931
922
936
930
936
937
928
949
917
932
941
925
928
929
921
942
922
932
928
938
936
927
924
928
946
949
942
935
935
946
928
942
960
945
942
930
941
977
