1065
923
940
925
929
935
921
925
911
931
933
919
944
918
934
929
935
940
922
929
919
925
935
932
945
944
924
929
930
936
940
950
915
933
924
947
935
932
940
935
934
931
941
924
951
954
955
951
945
947
929
936
911
939
920
942
938
937
923
930
942
930
927
939
948
922
936
927
943
935
942
921
937
955
936
925
925
926
933
913
921
918
937
935
916
941
938
935
930
932
947
948
957
946
967
923
920
939
941
917
918
928
931
928
928
925
940
938
932
942
921
937
925
933
939
920
922
937
923
927
924
949
939
925
928
917
926
914
925
922
938
938
938
967
937
922
934
918
905
937
937
924
929
948
931
937
942
922
933
923
929
947
926
937
930
944
920
931
906
947
934
922
937
928
934
922
941
921
940
946
955
915
932
938
941
940
929
941
930
938
940
926
934
914
935
915
923
931
937
951
937
934
922
925
923
942
913
930
920
923
937
935
909
926
941
936
933
934
923
953
941
938
934
935
918
938
944
941
899
931
923
930
928
933
912
944
932
933
931
923
930
940
949
940
925
927
941
937
945
930
957
942
923
927
942
936
925
923
926
956
941
926
927
930
945
937
925
937
939
918
939
936
918
916
924
908
926
955
900
921
909
915
917
934
936
924
927
922
951
931
908
927
922
941
952
930
928
944
928
951
931
925
917
931
924
934
926
925
939
924
940
936
947
954
935
938
929
947
930
932
941
928
942
920
945
945
941
934
934
939
940
934
946
923
946
928
924
928
938
939
933
943
922
930
911
926
938
951
927
936
919
910
917
934
924
914
935
941
957
928
921
944
927
912
929
906
921
947
917
921
925
929
950
931
960
944
933
924
914
938
944
933
944
927
911
906
947
933
929
946
931
938
935
921
935
927
932
932
917
921
920
921
930
929
912
908
937
928
922
925
930
912
934
942
941
927
951
919
922
944
939
924
939
916
900
938
916
937
930
935
926
918
936
937
931
929
924
943
916
942
938
939
931
922
921
947
936
945
938
934
907
926
938
932
935
922
931
929
923
930
923
934
930
932
933
939
933
923
937
909
942
922
942
930
934
945
921
929
943
940
923
942
931
922
931
931
933
932
931
933
936
915
928
946
937
946
934
926
934
939
915
914
914
934
930
931
925
947
925
932
950
924
933
926
931
927
934
923
917
931
938
926
921
936
932
920
912
945
943
929
935
936
931
919
920
941
950
939
953
956
949
936
918
921
934
930
921
927
933
942
936
925
948
932
947
942
936
902
941
922
904
926
933
926
938
923
920
934
954
938
945
925
948
926
933
923
944
894
932
929
935
942
933
924
932
920
942
937
944
919
943
921
941
949
949
955
927
934
952
925
954
933
941
938
938
943
935
928
940
924
924
931
934
929
934
937
949
931
919
940
932
930
948
940
925
931
920
916
934
932
924
935
946
940
916
910
935
929
936
938
940
939
927
932
935
926
923
934
938
925
936
922
935
931
933
926
931
936
933
918
949
950
937
928
939
917
942
929
940
940
938
949
942
923
925
916
929
933
933
938
927
947
909
950
935
928
933
931
942
927
914
932
938
926
916
941
934
918
931
924
914
940
917
942
928
921
912
915
943
934
933
932
914
938
939
924
939
940
942
915
939
918
949
934
929
917
927
934
933
937
931
940
934
929
938
923
931
937
923
930
925
944
940
935
941
943
921
938
955
924
925
921
926
909
923
940
937
940
923
928
929
924
918
935
928
933
945
926
928
928
936
933
938
937
921
914
935
933
924
941
923
930
948
924
921
960
929
905
925
940
935
929
953
914
933
944
921
911
935
931
925
916
922
924
944
942
950
929
946
927
937
954
933
925
918
940
931
954
940
936
948
928
930
934
933
922
930
923
937
935
929
913
927
934
927
945
925
940
929
939
911
939
936
924
907
939
927
930
928
935
924
948
919
904
921
929
903
934
913
930
948
962
947
948
927
958
933
932
946
922
922
955
922
932
945
934
928
912
919
948
944
930
931
930
944
939
954
955
942
935
946
968
938
932
914
914
920
918
935
933
926
921
930
939
933
929
914
948
931
944
930
940
935
947
940
955
938
951
940
918
938
921
936
927
936
914
928
923
905
940
930
928
936
920
914
920
918
947
927
939
934
923
906
931
938
936
926
936
932
934
926
932
914
937
956
930
939
912
914
939
918
942
941
915
906
921
933
937
940
928
924
934
932
937
938
917
918
920
915
940
939
933
946
929
937
946
923
913
932
944
948
928
910
943
918
946
909
941
933
915
926
920
918
933
931
936
948
941
931
929
911
924
928
931
925
932
931
908
923
909
929
934
926
914
923
912
930
949
931
940
931
937
933
939
913
921
940
931
916
928
922
926
908
923
929
935
933
955
928
916
926
939
920
919
912
937
931
932
940
922
933
928
926
905
913
929
940
926
960
917
942
920
928
926
939
953
959
922
926
931
922
937
932
920
930
941
933
936
944
910
944
932
932
924
941
921
940
936
946
944
911
927
929
949
931
948
933
937
933
937
921
930
930
923
922
933
932
927
927
953
946
930
937
925
920
928
929
935
922
949
929
920
939
932
942
944
916
925
940
928
917
921
929
934
934
952
940
928
937
924
928
923
943
942
934
936
945
942
946
941
937
918
934
904
926
932
937
936
926
922
946
920
927
929
959
928
936
940
936
927
948
952
930
928
941
937
920
947
932
929
930
923
928
942
924
937
940
913
925
949
941
925
918
925
929
931
916
927
942
945
937
941
936
910
927
932
926
945
918
930
925
926
913
930
937
953
929
928
933
960
929
933
916
934
939
942
934
926
902
918
955
938
947
922
952
923
924
935
932
935
933
916
914
927
942
948
929
926
926
937
935
937
934
924
926
937
928
931
923
933
951
927
928
932
916
939
937
951
918
933
923
927
910
936
931
909
911
930
933
926
933
912
922
942
926
917
941
932
931
938
939
906
920
921
934
946
945
939
944
933
928
933
947
934
919
928
933
930
947
927
946
922
943
928
928
924
929
939
941
914
919
930
941
937
940
938
920
919
932
933
945
934
945
932
955
925
925
934
930
934
952
938
929
923
935
929
918
920
926
931
918
921
910
927
948
948
931
928
912
933
914
928
938
917
935
933
936
942
918
921
922
926
932
921
919
917
933
920
955
927
920
936
922
937
941
940
925
913
937
931
932
916
935
939
938
936
931
934
924
940
927
927
919
933
928
940
938
929
927
934
954
955
930
919
937
925
903
940
919
942
952
928
942
941
919
920
927
935
919
926
948
944
934
933
956
928
929
940
928
924
930
931
937
930
923
945
930
918
919
925
940
942
944
932
926
939
941
951
946
925
935
931
938
935
946
939
927
933
931
914
932
925
918
929
928
944
932
924
936
929
934
949
934
921
925
927
935
926
950
922
906
945
928
952
933
927
946
945
935
926
924
929
940
926
930
923
936
919
911
924
930
953
924
934
932
935
945
929
946
934
934
951
936
930
938
936
903
928
931
932
932
908
938
929
923
948
924
924
946
939
937
900
930
936
941
950
936
921
917
939
939
949
914
927
929
932
917
927
927
933
935
944
946
913
933
930
933
946
939
943
937
939
927
922
923
934
925
931
931
946
918
928
933
932
949
920
933
940
926
928
907
919
929
923
923
936
934
930
940
952
953
915
947
943
945
901
923
936
915
933
924
938
944
931
905
950
939
938
932
919
935
944
918
926
910
920
927
952
962
957
947
938
947
942
931
937
945
931
948
938
944
930
930
922
922
956
929
930
928
913
930
937
943
933
930
945
936
907
929
919
931
935
926
935
934
919
932
934
925
929
947
931
928
925
941
921
936
943
950
929
936
953
948
950
928
933
931
928
941
915
921
934
919
911
936
934
929
931
927
958
921
929
925
927
939
932
935
937
918
932
918
921
916
938
918
937
931
927
922
941
931
913
942
933
934
941
945
916
923
945
939
945
923
940
947
945
933
943
946
937
928
939
940
928
927
929
924
904
938
920
942
937
942
933
937
915
915
913
916
931
916
946
927
913
926
944
924
936
925
927
943
929
925
933
915
951
938
937
942
938
947
955
921
930
928
946
908
926
943
929
922
917
935
942
947
928
938
915
937
935
928
933
934
941
935
923
939
919
925
939
935
941
922
925
908
934
935
944
941
932
928
940
933
934
918
921
949
942
936
911
919
945
913
942
943
926
935
940
932
923
944
928
926
934
942
927
927
927
935
933
944
929
940
927
937
925
935
932
918
930
933
923
923
944
928
940
946
935
930
921
942
943
933
937
933
933
930
911
932
934
940
932
926
937
943
938
927
943
933
942
936
915
932
936
946
916
921
927
932
945
925
921
928
932
919
920
906
926
936
939
932
930
913
922
954
926
932
919
932
915
923
950
939
951
916
936
929
946
941
926
929
935
928
922
905
947
922
919
922
937
929
912
941
929
930
933
933
937
933
937
935
949
925
916
942
939
959
943
932
932
940
915
927
931
913
922
919
914
932
918
918
908
917
911
929
942
938
932
927
937
937
942
929
938
938
941
908
921
921
926
922
929
938
933
938
936
938
932
940
924
941
940
942
907
904
942
931
934
949
925
936
935
924
937
929
940
920
930
928
950
934
924
941
940
953
921
937
932
912
932
905
926
943
940
915
932
930
925
930
918
938
933
931
931
913
945
956
942
929
931
928
945
926
911
924
940
939
935
956
928
929
915
922
942
928
927
943
910
927
936
944
930
917
937
926
947
919
935
930
947
942
932
940
913
933
924
941
926
926
930
936
904
910
926
940
940
916
934
952
937
927
944
924
921
923
933
930
923
937
945
925
929
939
931
931
926
917
934
918
917
926
927
923
931
916
931
928
946
924
938
937
941
928
933
942
928
924
921
922
942
932
943
912
942
964
945
937
923
943
933
921
924
939
912
930
929
921
944
918
910
922
934
919
921
930
937
930
920
935
929
940
920
917
941
941
931
929
926
939
910
931
922
944
921
928
936
921
918
948
930
942
929
928
932
954
937
910
947
941
935
932
923
931
925
940
931
914
927
922
952
918
939
924
935
944
936
954
951
941
944
927
948
933
937
926
919
939
925
944
940
928
927
929
949
924
931
926
930
920
930
924
951
941
934
925
909
935
934
930
923
930
940
924
935
924
951
926
946
922
935
920
952
939
924
930
943
933
938
931
935
921
919
922
920
930
941
914
942
925
932
963
943
954
951
932
939
916
913
937
929
934
939
929
933
926
926
937
920
918
939
938
922
917
935
936
940
923
935
927
924
917
929
941
926
925
937
937
936
921
949
944
931
935
921
919
918
945
939
927
909
920
942
927
930
933
942
933
928
935
947
921
929
928
928
915
932
948
911
924
904
940
942
930
937
942
941
950
928
951
932
935
923
927
939
947
920
933
918
934
941
932
929
933
920
934
932
926
923
920
927
934
932
921
928
918
924
925
953
933
910
927
938
929
959
922
922
929
917
933
915
941
914
960
938
937
931
919
914
920
935
944
935
924
928
936
934
956
920
943
953
921
931
931
918
919
929
923
933
948
951
916
947
926
923
927
927
963
927
946
944
938
932
939
931
923
950
941
926
909
924
930
926
911
924
934
908
934
927
932
938
925
930
937
943
920
939
955
956
940
922
948
921
928
951
932
928
932
932
935
933
929
957
928
920
913
916
909
917
927
926
941
935
922
947
941
936
923
937
937
927
984
