1065
926
944
932
927
933
941
915
934
897
912
948
922
948
926
922
933
952
933
925
922
926
928
922
945
944
932
920
936
953
928
949
928
945
922
943
936
937
936
934
925
929
942
934
924
922
938
942
937
948
921
908
931
921
931
915
922
933
949
945
951
945
927
925
912
936
955
927
930
938
941
940
935
928
921
944
930
939
928
931
931
925
914
936
950
928
937
941
940
941
912
936
926
932
917
927
932
945
909
934
943
935
905
912
933
928
935
911
941
922
955
933
945
940
932
953
918
923
936
915
931
926
942
920
926
927
923
934
920
927
914
946
933
932
927
928
940
943
941
948
931
953
929
920
914
949
924
938
946
939
957
949
932
933
935
920
938
927
930
920
933
895
912
931
939
949
924
930
943
934
917
949
930
921
910
918
922
937
931
919
916
938
924
945
934
932
934
938
907
924
931
937
937
942
917
931
929
929
932
941
928
916
955
947
938
924
927
935
935
932
943
945
942
945
930
941
942
922
945
938
918
925
953
923
918
927
941
944
936
942
925
944
937
930
945
947
926
954
940
927
947
928
931
950
921
946
927
923
933
930
928
928
929
934
906
903
939
939
927
928
947
935
934
948
933
925
935
911
920
934
938
930
929
933
942
934
924
937
932
939
939
944
920
940
931
925
929
927
935
927
933
943
941
937
936
946
924
919
924
919
936
931
941
921
921
936
923
926
944
939
945
920
935
940
946
932
918
936
934
942
938
952
947
925
941
930
936
934
931
925
937
920
925
933
938
927
945
938
930
935
917
923
936
951
925
938
935
927
940
915
938
914
949
933
931
938
915
938
931
946
946
928
932
929
930
940
933
917
916
938
939
931
921
918
916
926
948
937
941
941
943
938
933
930
935
916
933
927
923
926
936
932
910
922
936
939
949
917
929
931
927
943
921
946
921
942
915
938
920
954
925
925
947
944
922
939
922
937
934
928
938
930
925
932
925
947
948
930
925
937
931
935
939
944
926
913
931
921
940
956
932
930
931
923
947
913
929
927
934
926
938
935
932
950
944
949
944
948
943
937
927
940
934
936
928
935
939
924
926
924
932
938
927
935
919
922
923
938
925
934
932
915
923
922
929
918
928
930
931
914
921
934
950
923
926
932
927
942
939
930
931
914
959
927
918
930
942
939
924
915
932
927
934
932
932
929
929
927
913
942
927
941
914
927
936
938
924
927
937
931
924
929
904
918
938
940
927
968
918
938
943
942
935
945
928
923
934
903
942
939
924
928
922
946
937
939
934
930
931
921
929
923
948
957
946
935
935
924
939
932
924
936
944
927
933
923
921
933
928
948
939
934
941
921
919
928
941
937
940
933
939
935
923
935
933
940
932
948
925
914
939
948
928
936
921
929
938
908
929
945
952
940
927
927
934
944
940
937
941
937
938
912
927
943
925
927
945
933
933
928
929
908
936
926
924
935
947
947
936
929
921
937
918
903
911
934
925
926
931
935
933
934
928
944
947
905
915
928
939
910
943
919
939
929
941
922
935
941
928
915
945
937
934
944
932
928
945
945
935
949
929
932
939
929
922
930
955
940
933
933
946
914
922
942
925
939
929
936
944
929
923
940
930
942
939
926
924
947
915
931
924
909
925
926
929
931
912
935
929
929
942
938
931
926
925
927
917
931
927
946
919
933
957
923
931
932
930
929
940
932
919
918
927
919
933
917
905
937
921
924
928
943
913
925
924
930
921
921
937
929
925
941
927
941
926
921
919
924
924
918
925
921
933
912
931
926
926
949
910
928
943
943
924
922
933
941
926
935
924
940
941
964
952
931
924
937
937
936
936
929
932
926
935
945
940
926
921
945
927
928
934
941
930
944
938
921
947
923
918
930
933
935
938
929
923
941
926
928
945
943
919
942
948
938
931
945
944
952
944
930
939
927
930
930
927
922
919
915
941
926
936
954
947
932
946
936
937
935
925
916
909
926
923
916
944
921
941
932
942
943
925
945
942
923
932
928
935
930
944
909
932
934
934
936
933
941
953
920
935
933
934
906
930
928
920
938
937
923
919
917
924
943
923
936
927
929
942
901
935
920
928
927
932
920
915
926
923
935
921
941
916
944
939
923
933
934
939
938
920
942
928
941
935
939
930
917
922
923
923
914
921
939
913
914
928
928
933
926
930
942
937
946
922
934
901
937
941
924
911
947
932
899
936
942
938
945
942
927
913
938
940
928
946
924
921
923
931
915
947
942
944
949
951
931
922
916
933
927
918
923
934
929
911
936
933
919
933
915
945
921
928
941
947
938
942
935
927
939
935
947
947
952
940
937
929
942
936
932
939
945
911
928
934
925
934
915
955
935
938
931
913
926
951
933
923
950
945
911
930
918
931
927
931
930
944
906
920
925
919
934
935
941
927
929
933
934
942
915
929
929
920
937
940
936
923
921
918
919
927
919
921
925
926
916
919
917
943
931
905
915
943
931
929
915
932
945
924
927
909
958
931
936
945
929
937
931
936
917
933
923
920
921
942
951
915
929
941
932
918
919
943
924
934
938
920
921
952
920
935
934
931
941
940
929
937
924
946
934
946
943
935
947
916
924
915
936
926
916
913
938
935
933
946
916
924
926
943
937
936
930
962
956
950
935
934
953
929
935
935
929
937
945
946
936
934
939
922
939
944
925
937
941
920
935
931
939
942
919
927
928
919
939
943
932
931
931
920
941
927
946
935
950
940
923
924
950
945
952
929
935
945
956
936
933
911
943
922
936
927
949
930
947
930
934
932
925
929
918
908
929
952
947
940
923
925
911
911
934
933
920
960
931
932
938
923
955
931
941
950
919
930
946
935
923
949
931
940
915
936
952
937
929
943
928
917
924
936
934
939
947
947
932
928
936
916
933
923
934
935
929
932
927
940
936
945
911
933
918
935
914
923
922
932
918
934
927
934
913
918
941
924
899
921
929
942
935
929
940
927
913
910
930
914
920
939
922
914
931
924
908
930
920
930
949
937
916
936
940
923
942
921
951
940
926
936
931
918
937
930
913
929
933
921
932
923
929
934
908
958
932
921
953
931
911
953
921
912
946
932
929
914
927
929
916
927
939
936
932
939
930
924
925
953
938
937
937
926
931
921
941
947
933
920
929
934
933
924
921
917
928
926
941
938
926
943
944
918
928
946
925
916
938
942
929
935
934
925
938
948
947
940
931
891
924
956
943
939
913
931
936
933
944
931
936
954
929
927
932
932
888
933
920
927
916
914
928
922
913
932
921
936
932
947
924
935
937
951
931
949
940
933
913
926
925
931
940
923
926
902
924
951
922
926
940
932
924
933
914
943
916
959
942
903
916
937
911
927
932
930
935
929
945
939
935
921
931
917
926
926
953
922
943
933
921
935
922
939
933
942
930
939
924
915
917
930
930
924
942
933
959
942
952
920
943
935
931
927
920
926
929
921
945
946
936
933
945
944
935
923
942
915
938
938
924
916
920
937
940
952
933
939
935
922
934
929
941
929
950
932
936
935
935
942
931
920
914
924
923
920
924
926
936
939
914
918
938
945
942
938
930
927
925
933
920
926
934
934
928
932
944
920
918
930
954
935
935
942
924
948
931
935
950
961
927
930
923
941
919
935
922
908
927
918
937
926
921
935
925
934
940
922
913
924
954
914
942
943
932
923
949
938
933
934
925
920
923
928
914
930
912
928
927
926
935
939
930
926
933
949
942
931
930
925
944
934
925
933
928
934
953
939
953
927
928
938
933
929
938
929
935
921
933
948
941
930
951
932
943
912
923
928
932
897
939
950
950
930
917
951
942
933
921
922
929
927
926
948
946
929
910
927
925
921
923
941
942
927
933
928
919
926
934
924
921
922
949
938
919
942
911
901
938
931
916
904
944
944
934
937
936
940
940
935
933
951
919
933
943
954
935
933
938
934
936
925
939
931
942
928
939
936
933
918
961
933
948
929
926
932
940
939
935
929
913
936
933
920
918
933
931
939
932
939
923
947
921
932
933
930
927
935
936
932
932
949
952
958
923
925
939
941
920
912
944
937
941
924
930
920
929
959
919
936
946
939
948
925
920
931
940
943
950
942
937
933
922
919
921
930
941
934
909
937
926
910
918
916
939
917
932
925
919
914
923
928
925
930
946
957
935
942
930
946
955
937
949
925
940
925
938
947
945
936
920
905
932
919
936
916
930
918
936
918
906
915
918
928
945
929
914
928
936
929
927
934
933
918
924
914
929
955
935
918
941
947
943
920
931
933
923
929
918
934
923
931
942
926
920
929
930
948
931
923
943
953
955
918
936
926
951
940
940
925
935
912
930
924
932
942
907
934
930
940
930
922
910
922
936
950
931
921
930
939
915
917
937
939
936
939
909
923
932
920
915
933
934
930
943
948
942
935
934
915
905
938
919
927
917
945
921
934
930
934
932
940
942
953
937
921
925
923
941
932
933
898
938
916
937
933
952
923
939
917
938
919
938
919
935
938
918
942
922
929
923
948
934
937
939
922
935
948
934
932
948
928
929
938
932
932
929
915
925
934
924
942
942
944
933
923
928
953
930
942
937
936
944
929
954
936
940
933
936
931
931
911
943
940
935
936
945
956
927
936
910
929
932
927
943
926
917
935
922
923
953
935
946
927
932
937
931
913
929
924
942
950
930
941
938
938
927
938
904
919
938
921
927
920
937
942
929
921
936
930
940
937
929
920
919
924
956
925
940
921
923
926
936
928
940
947
940
919
930
942
922
951
941
946
938
945
937
928
930
940
925
921
925
940
927
916
910
922
931
923
930
913
922
925
929
933
944
934
926
929
938
948
939
925
933
929
930
936
933
911
930
933
936
930
943
948
951
928
942
930
937
924
931
944
945
936
939
929
940
935
948
926
936
932
936
946
943
922
928
918
935
936
935
944
937
921
932
920
937
943
936
953
913
914
937
937
941
923
928
940
923
923
921
940
948
952
911
929
915
933
933
933
919
941
924
946
926
936
952
952
938
928
936
917
956
936
930
918
934
922
951
928
934
914
963
937
935
931
909
930
939
936
947
931
935
930
928
927
942
952
938
935
931
937
936
919
923
909
932
932
931
947
918
938
923
943
936
947
939
934
917
932
944
938
958
954
931
928
924
927
918
954
933
936
922
917
934
927
922
935
928
939
931
941
922
937
934
920
922
945
927
923
956
950
934
926
927
926
921
927
947
951
956
927
933
928
932
913
909
910
929
944
925
947
931
947
935
937
917
948
921
947
937
924
935
921
929
933
931
930
918
913
939
918
925
916
931
949
940
928
929
920
944
929
933
941
917
952
928
908
915
943
921
933
945
934
916
946
945
947
943
940
935
927
933
930
934
952
915
939
942
927
939
916
951
923
932
922
933
950
932
936
930
957
956
927
917
925
915
920
932
949
925
933
931
955
924
943
947
939
927
935
928
931
935
934
925
931
934
916
934
918
952
942
912
954
944
958
932
913
937
934
913
945
947
921
922
927
945
947
913
917
932
939
923
937
954
916
949
934
941
936
937
955
928
926
926
950
936
907
955
938
919
934
939
934
929
916
953
930
923
932
940
942
943
949
931
928
952
937
930
934
937
922
934
922
936
945
929
912
928
945
941
939
927
922
925
934
928
940
934
954
924
942
906
925
921
934
930
936
917
938
926
909
917
939
919
933
938
916
943
925
936
954
931
947
926
977
