1065
922
941
937
948
948
928
934
927
946
941
940
944
937
932
927
930
941
953
938
928
946
934
947
936
930
921
935
927
941
921
953
944
939
920
936
932
934
948
942
939
953
950
953
919
931
956
932
918
940
942
935
909
922
938
948
940
947
923
920
955
949
921
921
933
939
921
937
925
930
921
913
926
941
939
931
920
937
944
933
930
934
924
949
932
925
953
939
927
953
922
934
920
910
936
914
929
944
909
931
929
934
926
903
941
928
930
937
927
929
926
940
931
913
939
926
945
937
923
922
937
905
945
928
936
914
939
941
947
942
927
913
930
935
937
923
953
933
936
914
939
957
929
934
908
928
935
938
934
930
944
936
932
926
953
946
929
923
916
926
931
929
930
918
918
904
928
948
957
919
928
915
934
912
940
948
921
938
926
950
928
947
927
924
925
922
949
935
932
937
939
935
916
940
932
927
938
908
944
925
923
918
911
918
924
911
951
933
919
925
922
956
920
933
948
939
931
934
936
923
925
920
923
912
918
937
929
943
918
940
925
938
915
923
951
917
909
921
935
934
928
923
922
933
942
944
943
926
950
936
926
906
943
944
937
931
932
943
934
946
945
925
943
941
936
938
937
917
941
933
926
931
948
942
906
921
944
927
912
909
928
936
940
953
947
946
931
908
940
931
941
934
931
903
929
931
928
927
917
927
951
934
921
940
930
926
919
924
924
888
926
926
927
935
946
925
948
916
939
944
925
932
936
928
927
944
935
935
954
935
929
943
928
926
934
940
943
942
934
927
907
920
924
912
922
948
937
926
940
945
926
931
958
912
919
923
933
925
940
943
933
929
921
926
941
916
928
928
924
946
933
926
936
938
937
949
939
940
923
929
899
921
938
919
924
962
930
931
929
938
946
940
950
940
919
929
923
928
923
932
930
925
947
919
918
922
916
929
931
929
920
928
939
929
940
920
920
943
947
936
939
914
932
929
940
921
940
933
921
946
924
928
930
908
919
933
934
919
934
947
942
941
948
913
921
936
943
943
928
920
939
933
920
911
927
929
936
932
923
923
956
941
925
931
922
934
908
950
932
946
935
927
932
936
953
945
929
924
935
925
927
918
935
932
910
946
940
930
936
936
937
940
941
929
943
937
935
945
915
937
913
929
937
952
941
925
931
931
940
918
930
926
930
914
946
957
949
942
933
929
943
941
931
929
927
930
934
943
940
937
936
943
926
933
920
930
934
927
938
926
931
923
940
945
947
940
943
947
922
960
925
932
937
922
935
941
930
930
946
933
944
937
925
926
943
914
933
943
934
930
915
942
919
941
934
948
936
914
937
902
929
930
938
916
925
932
928
917
916
945
930
935
937
911
941
935
932
931
933
934
954
933
929
909
947
927
941
931
937
949
912
922
920
933
944
924
948
921
952
946
943
940
920
937
930
941
920
932
941
935
927
915
932
943
927
936
939
921
948
942
954
914
941
943
919
928
931
936
930
926
923
940
946
940
922
926
925
936
923
942
953
949
927
915
927
940
934
925
917
929
941
926
951
925
935
921
928
913
908
924
950
937
912
945
952
931
921
924
934
938
927
936
930
932
931
928
913
920
931
940
938
922
932
912
932
916
940
930
949
927
913
928
929
942
940
940
939
925
957
935
926
932
948
926
928
939
933
940
943
940
922
928
954
928
921
928
927
911
940
939
923
938
924
936
922
919
929
924
924
944
932
932
931
933
924
924
944
927
918
926
915
914
943
936
923
931
932
942
938
943
929
923
933
916
928
926
929
937
922
919
918
946
941
948
940
929
935
924
914
917
932
931
942
943
940
918
907
911
925
931
934
930
915
940
931
924
953
930
959
942
935
923
928
918
909
939
935
931
942
940
924
925
936
941
929
947
913
926
917
921
925
943
934
950
956
929
938
939
944
934
939
925
929
933
938
927
934
938
938
947
934
922
927
931
936
932
937
931
936
926
936
932
923
929
916
919
937
946
932
924
930
928
924
933
927
947
931
946
925
941
936
916
919
932
932
927
921
929
916
911
949
910
925
949
932
910
942
941
941
947
939
920
940
932
919
930
929
918
919
950
926
944
935
932
941
939
943
923
935
911
921
921
914
934
929
927
933
938
929
958
925
954
910
931
928
931
945
925
930
918
940
918
925
950
947
937
937
945
935
942
931
938
920
929
918
937
947
945
931
946
916
924
919
934
935
939
926
931
923
931
910
946
949
924
926
912
922
929
948
942
934
949
935
932
928
945
923
936
905
925
923
935
937
938
919
922
923
911
911
918
934
938
928
943
937
931
915
932
921
940
939
939
913
928
931
921
933
944
933
933
926
924
961
932
938
931
926
951
928
927
937
947
934
948
941
937
910
919
944
916
932
931
949
937
951
944
933
933
922
921
939
927
945
930
954
942
927
945
916
919
925
934
936
933
943
921
940
928
928
911
942
938
928
943
935
928
922
934
927
908
929
943
922
932
942
949
946
954
937
943
927
923
924
929
921
931
933
935
945
928
940
933
935
931
930
926
917
945
922
903
922
935
922
943
942
947
933
927
926
939
914
928
920
920
958
917
920
915
929
931
934
919
943
949
920
937
934
921
932
928
928
913
932
932
929
913
922
931
933
953
936
944
941
930
940
942
936
928
928
933
928
937
924
925
936
943
941
944
943
933
932
929
924
930
926
950
931
929
936
930
952
933
931
927
938
943
956
945
928
921
929
913
942
931
923
938
933
941
952
921
947
916
935
919
921
948
913
913
941
951
943
928
928
919
920
931
915
933
936
927
930
934
936
936
912
924
939
934
950
936
912
924
929
939
930
935
923
935
929
933
920
941
923
929
940
924
929
926
932
928
937
929
921
944
941
911
942
926
936
903
919
926
924
912
934
942
930
927
932
929
926
933
926
935
946
932
933
919
952
921
925
938
929
933
915
922
919
922
940
929
927
936
927
924
934
953
935
928
929
938
935
948
923
921
946
929
926
913
922
936
939
939
954
914
933
919
934
952
935
934
927
953
919
915
917
937
945
941
925
935
939
943
918
940
947
935
941
927
944
938
921
953
942
917
924
947
924
931
907
934
913
914
933
916
944
930
928
916
931
926
950
951
973
938
931
943
936
945
911
930
950
937
939
913
946
939
930
930
933
922
941
936
937
928
940
938
916
936
936
933
926
916
939
936
922
911
918
931
921
948
928
943
953
923
955
947
918
929
934
911
952
951
941
945
920
921
940
933
946
925
943
949
936
934
908
931
915
929
937
939
932
940
941
926
919
943
924
918
933
943
929
931
926
922
917
938
948
934
942
924
932
924
937
938
935
944
945
917
927
937
929
933
938
929
927
938
939
915
942
925
915
932
930
929
932
941
941
903
914
923
937
922
929
937
916
954
954
940
943
935
931
933
944
954
957
947
950
907
929
938
935
928
927
911
920
939
935
944
939
934
920
943
943
940
935
942
932
920
951
948
948
932
914
934
931
951
957
971
941
941
921
933
940
943
930
946
925
914
930
931
931
937
927
896
928
937
921
905
954
915
939
940
920
932
918
932
919
931
932
944
938
937
934
935
940
939
967
936
922
945
941
931
941
939
928
949
934
940
941
935
928
925
925
942
946
932
937
940
949
909
923
911
939
919
913
934
925
957
942
945
939
929
918
937
917
936
925
924
917
936
941
934
935
945
932
926
924
948
934
914
927
949
941
953
947
925
927
948
948
917
933
949
929
943
937
936
940
945
943
950
917
936
923
930
937
927
932
929
930
941
917
928
919
927
929
929
938
945
913
925
928
936
934
924
925
934
952
938
922
922
931
941
929
912
921
919
926
925
942
911
926
937
926
912
926
901
928
938
925
941
944
921
919
933
929
931
921
945
916
920
921
925
914
940
939
930
928
937
939
924
922
907
946
917
933
923
945
935
948
934
937
930
943
946
911
932
945
927
948
930
948
945
929
926
923
936
939
933
924
939
928
949
942
917
911
924
927
953
922
921
924
934
926
937
911
935
946
927
926
928
941
940
929
911
930
924
941
917
926
929
925
928
930
911
924
926
937
944
944
934
940
952
922
927
920
913
906
906
934
932
945
909
938
954
931
928
933
923
943
942
905
933
913
929
930
920
922
920
941
941
931
951
934
926
931
935
934
921
950
929
914
925
931
937
940
925
939
935
927
947
921
921
943
938
945
916
933
932
945
929
936
920
929
912
935
932
943
947
926
928
895
934
940
924
929
911
926
925
938
922
945
907
943
937
928
925
921
960
940
925
941
955
935
945
934
947
927
927
935
934
932
939
942
943
932
923
917
929
943
947
938
924
929
915
922
942
930
908
945
931
939
947
926
930
919
926
937
924
912
953
945
936
930
945
924
938
923
930
944
947
930
931
927
922
920
945
940
912
937
928
927
931
932
930
938
945
927
947
950
940
942
939
950
935
933
936
940
937
936
926
936
937
943
915
933
928
948
913
929
938
938
942
941
920
924
950
917
934
937
910
918
953
925
929
919
940
944
951
936
934
926
946
939
928
934
937
957
930
937
928
925
926
942
960
942
924
920
940
943
941
916
929
938
935
911
930
926
921
938
936
935
945
952
933
911
936
907
928
931
925
942
929
926
933
920
925
921
929
943
924
935
924
941
935
934
924
929
929
951
922
924
940
940
910
915
920
924
923
923
931
937
947
952
926
926
937
910
941
914
913
940
933
939
926
930
928
949
930
935
931
936
929
939
940
911
920
935
929
937
937
943
947
924
930
929
939
946
936
924
934
942
929
924
935
943
920
927
945
937
931
957
930
930
938
946
919
934
948
934
943
940
937
944
952
916
951
927
923
929
935
941
928
926
915
933
933
915
918
914
947
935
933
926
955
930
938
931
932
949
932
937
910
947
910
937
922
922
905
940
934
924
938
911
916
932
942
940
934
941
923
937
928
939
941
933
930
941
948
922
934
925
946
948
927
927
950
940
941
935
939
949
927
911
933
936
936
938
929
930
913
940
937
947
918
913
935
928
927
946
931
915
943
905
935
948
935
922
918
928
936
927
934
924
915
933
957
947
931
941
929
945
937
932
923
935
946
913
938
938
928
935
935
937
914
961
924
939
940
925
943
929
940
930
916
920
938
918
925
921
932
948
941
911
922
934
914
936
950
923
950
929
925
940
932
938
933
935
939
944
921
925
904
932
914
943
957
939
906
920
936
955
928
954
950
941
949
919
938
938
927
944
942
931
920
940
921
941
940
931
938
910
932
947
937
949
921
946
925
943
931
909
932
932
946
918
927
910
914
952
930
936
927
942
943
922
911
932
931
928
945
939
934
951
941
914
941
928
932
932
924
951
926
947
918
938
925
935
928
951
957
929
926
950
955
923
926
938
927
942
943
941
937
926
939
943
933
943
925
935
915
928
926
932
950
936
935
944
926
927
928
911
911
928
924
947
935
927
931
927
921
923
930
920
931
949
932
923
915
942
927
948
934
918
943
934
921
926
937
947
938
935
946
922
955
905
925
936
943
930
926
953
914
930
911
911
937
920
938
930
911
941
932
908
952
943
942
932
914
936
913
916
937
936
947
937
929
942
937
934
929
933
924
929
914
913
916
903
912
949
939
942
952
927
932
931
915
930
940
928
934
938
942
917
944
939
932
937
931
937
928
916
932
941
937
924
930
944
932
924
921
906
925
909
910
906
898
926
907
929
915
978
