1065
924
948
926
929
943
928
936
938
954
935
924
909
933
912
958
948
926
944
917
935
931
927
952
927
913
927
940
942
942
938
909
933
937
934
925
932
934
927
931
937
930
940
920
923
924
931
924
919
928
912
908
935
937
918
929
935
942
931
958
951
932
938
931
942
944
924
924
941
929
924
916
914
926
927
925
924
929
929
916
921
927
927
926
933
925
921
929
938
928
940
937
939
937
943
929
928
898
930
945
943
948
918
940
926
922
918
931
919
927
903
931
911
943
923
908
940
943
926
900
939
929
934
925
938
914
942
939
927
942
930
936
934
904
942
944
916
929
942
913
920
912
949
926
950
917
919
936
915
938
920
938
923
937
938
929
933
935
940
926
916
921
929
947
958
911
922
914
946
941
920
929
933
923
912
928
953
950
950
932
948
929
932
943
945
939
928
922
943
919
919
933
933
951
924
933
932
939
936
935
933
932
927
939
915
936
949
938
932
942
932
949
931
913
943
927
922
920
931
916
921
935
941
919
938
921
931
919
952
919
921
939
935
937
940
942
923
940
912
916
946
943
927
934
915
932
942
933
953
938
938
923
940
926
917
926
932
943
936
939
950
937
931
934
927
933
944
933
950
928
933
926
913
932
926
929
916
928
954
914
920
936
934
925
942
947
916
924
928
932
948
940
951
940
932
927
937
916
919
936
936
949
924
908
929
927
941
940
931
937
938
923
946
922
924
948
906
922
969
931
947
948
928
929
935
942
931
933
944
929
947
924
922
927
926
937
937
933
926
934
946
941
948
934
929
932
929
939
939
946
930
924
919
928
942
965
921
943
932
964
920
917
932
927
918
929
933
935
944
943
934
931
913
922
938
914
950
934
918
937
936
914
950
928
923
938
933
960
963
946
930
915
945
925
932
927
917
931
952
918
938
949
926
908
940
950
915
947
929
928
915
924
934
908
939
936
943
939
936
924
940
926
952
930
957
941
928
925
924
928
934
934
932
920
916
916
928
938
943
935
931
930
936
940
942
939
933
952
929
912
914
933
946
927
941
925
923
933
941
940
933
934
942
929
933
931
920
928
933
929
937
932
931
927
913
930
946
944
934
924
940
930
914
913
918
897
944
926
921
929
921
943
941
940
949
931
931
939
949
922
925
928
941
936
932
928
933
936
920
936
936
922
920
916
930
942
954
931
934
926
941
941
934
914
939
923
947
931
922
939
932
917
940
931
947
931
929
905
936
938
942
943
929
939
923
915
916
936
903
941
954
944
936
938
926
923
950
921
938
936
928
937
925
931
936
952
916
933
918
950
927
924
951
931
929
931
922
944
935
935
945
941
943
932
935
920
951
931
912
927
923
927
942
934
935
923
935
929
941
953
934
947
926
938
936
930
913
936
958
933
929
943
924
917
915
943
928
936
931
947
917
924
930
951
939
936
918
929
938
948
943
939
922
927
942
947
957
931
922
942
927
936
926
941
957
932
935
929
926
933
946
925
938
921
935
925
936
924
931
913
930
943
912
927
940
936
926
922
933
940
938
932
923
944
955
935
932
922
924
928
932
897
939
939
905
912
933
946
950
918
929
944
936
933
911
939
928
915
941
934
926
916
934
932
928
937
935
932
936
927
930
937
913
938
926
950
922
943
932
937
944
944
934
938
935
923
923
924
921
941
936
920
929
933
941
930
909
919
906
940
938
926
929
945
945
935
925
924
935
926
929
922
947
938
922
929
903
923
944
929
922
943
907
924
912
931
941
922
932
934
932
937
937
947
911
953
931
904
916
928
952
940
934
926
935
940
940
943
956
950
917
946
945
945
936
911
944
934
933
954
930
925
929
937
931
939
922
935
929
962
925
956
914
921
900
957
933
939
945
920
941
923
933
932
922
943
933
926
942
934
942
926
916
921
926
933
940
915
925
935
920
948
935
931
944
929
936
921
919
912
929
933
934
929
933
918
913
928
951
936
935
950
929
942
961
926
939
930
952
927
944
920
934
918
931
925
924
943
918
930
927
934
943
946
950
937
923
940
935
928
948
933
927
931
923
907
930
946
946
949
926
918
915
940
939
934
924
922
915
941
913
947
922
942
917
942
934
945
937
927
926
932
945
942
913
946
929
917
934
961
935
936
921
926
925
922
937
922
944
932
941
926
920
937
937
912
931
940
927
932
938
941
907
928
923
929
936
945
936
946
924
910
942
920
940
945
946
923
934
927
942
931
948
923
912
933
949
928
932
923
932
927
926
931
942
937
933
924
911
947
912
933
924
924
928
926
941
937
946
928
918
944
947
926
951
931
931
940
932
930
920
952
934
933
936
952
944
943
924
932
933
929
919
931
929
941
933
923
913
939
936
922
938
936
924
935
937
929
941
937
946
925
890
919
944
937
936
906
918
929
937
911
918
938
916
941
925
945
942
951
946
921
940
915
934
937
941
947
914
932
939
931
931
911
934
932
928
944
927
932
933
920
935
930
939
932
938
921
945
931
926
930
934
915
911
922
943
923
924
928
935
939
932
928
933
913
939
911
922
921
908
921
939
925
948
919
939
924
965
923
933
927
933
948
940
932
945
933
943
920
918
934
935
949
931
922
905
917
950
951
948
898
922
931
954
934
937
934
941
931
932
961
948
930
925
934
925
919
936
935
921
935
911
934
919
929
939
942
937
939
925
909
934
911
916
933
942
932
928
948
928
931
933
930
948
912
935
921
963
941
934
928
921
930
918
952
929
937
947
940
943
916
936
929
932
916
913
929
924
928
916
923
932
944
937
927
914
952
927
914
933
938
947
920
924
942
939
938
910
927
934
925
905
937
923
920
913
951
936
929
938
921
915
910
946
955
928
930
918
930
928
935
935
932
934
927
927
938
934
940
927
940
928
936
949
930
946
942
924
926
921
922
941
927
946
940
930
929
946
907
941
945
934
931
940
920
923
924
913
942
935
925
934
926
932
935
941
932
939
933
933
915
938
930
945
916
944
919
942
940
939
936
946
931
942
936
939
929
940
932
917
913
922
949
918
915
924
935
933
933
948
929
946
923
933
940
910
932
927
939
936
919
939
936
912
934
933
927
933
935
923
920
919
936
939
929
941
937
919
927
933
924
934
926
941
933
933
935
937
920
937
932
927
940
938
930
941
934
921
926
950
927
943
940
932
927
946
937
935
924
929
927
935
947
947
945
923
937
916
947
926
932
955
927
935
904
920
940
941
929
945
936
927
930
927
933
940
938
924
931
927
922
925
932
939
935
932
932
938
950
932
955
935
941
927
930
936
936
950
929
945
928
937
935
923
948
916
939
942
927
939
946
946
935
919
923
927
916
961
939
959
939
925
943
934
940
930
908
919
921
935
943
924
936
943
937
926
919
938
919
907
933
922
947
921
954
911
919
930
947
919
934
913
929
936
956
929
942
923
919
912
914
936
943
927
934
932
946
949
943
923
922
918
931
922
934
938
927
956
924
914
928
935
907
908
919
927
902
947
927
924
930
929
925
930
923
934
943
923
934
931
931
937
946
935
926
932
920
933
941
940
946
928
928
928
943
926
945
941
938
932
939
947
927
927
935
928
921
925
942
932
928
913
929
928
937
931
927
927
930
941
935
938
941
938
930
933
931
908
930
933
929
932
947
917
921
925
935
935
924
927
936
928
919
935
936
941
924
920
909
925
921
954
944
918
916
923
931
923
924
918
943
936
909
951
946
931
917
914
928
919
922
928
916
947
933
936
917
951
944
952
935
949
939
924
933
955
926
937
942
948
935
922
925
931
946
933
938
914
932
928
928
927
910
936
927
924
939
937
940
939
926
917
927
924
952
946
919
941
914
924
935
929
904
929
922
929
924
932
934
939
934
953
943
940
917
909
944
932
928
944
923
956
951
951
937
930
921
916
940
941
958
942
948
953
923
930
941
931
917
949
928
959
945
926
932
926
901
953
928
938
930
924
934
923
932
915
934
929
949
916
954
951
927
942
927
919
936
933
933
929
934
956
917
933
924
926
941
932
930
940
950
925
932
929
920
943
928
925
925
934
935
936
926
933
935
911
927
938
925
916
940
928
914
921
938
911
934
909
921
919
919
943
953
933
926
933
924
933
928
921
923
915
935
937
930
926
925
969
937
938
920
916
915
951
948
930
928
936
927
916
895
905
930
931
944
928
936
931
937
912
928
937
918
934
921
915
938
922
953
951
934
924
935
923
929
926
922
947
904
918
934
948
940
929
924
937
919
946
933
956
941
965
938
935
929
959
930
915
916
922
928
937
933
915
931
919
918
956
934
922
921
914
908
905
934
926
948
946
932
934
925
936
926
917
921
927
929
934
931
920
933
938
947
933
923
945
917
924
915
925
928
936
939
928
943
925
933
937
926
919
915
934
950
947
949
932
916
912
944
915
928
948
926
934
928
914
936
922
921
937
917
955
930
955
939
941
928
930
906
922
904
922
939
939
935
932
942
942
945
939
940
939
927
924
930
939
929
933
929
930
930
931
951
934
922
940
915
944
945
929
923
934
913
948
935
930
932
924
939
917
949
925
940
945
921
920
931
932
952
924
928
915
947
939
920
946
931
917
924
933
938
930
937
914
930
934
947
927
924
921
920
947
937
944
914
921
917
929
942
937
931
922
940
953
935
928
942
943
908
929
937
946
941
933
949
933
927
926
955
920
936
918
943
931
927
933
950
926
932
919
922
939
920
915
909
917
943
910
922
937
931
930
951
926
933
928
934
913
928
934
921
933
951
936
929
939
930
921
925
942
938
931
922
943
947
934
932
929
909
918
935
925
937
915
937
929
916
918
920
928
918
929
922
930
910
925
932
928
944
946
931
934
937
946
934
938
940
927
927
929
947
941
922
929
932
930
950
927
920
935
934
922
925
933
927
920
955
934
924
920
921
946
926
935
943
926
919
933
926
929
927
928
943
937
929
935
909
929
900
922
918
939
916
940
939
919
933
918
939
949
923
931
927
934
947
943
922
929
916
944
923
946
950
934
947
921
929
954
926
924
927
918
923
932
942
924
933
910
926
929
932
936
928
941
922
915
941
943
922
918
932
935
950
917
916
933
926
931
922
934
922
936
959
943
949
943
950
931
924
928
939
948
918
920
924
938
926
941
918
920
941
952
935
930
931
917
924
918
946
945
947
926
922
911
942
933
949
932
928
932
934
924
928
921
925
925
914
917
924
920
929
923
939
937
934
909
924
940
948
935
939
925
922
934
922
940
944
937
919
921
929
925
937
915
938
922
933
917
951
934
918
935
943
958
934
929
929
918
917
930
936
903
941
942
942
926
928
921
935
936
921
918
945
936
971
944
938
933
929
934
927
924
926
949
939
928
925
948
935
930
925
920
939
947
917
925
923
902
925
947
934
914
944
930
930
933
916
938
926
937
933
915
940
910
902
945
925
944
944
929
937
937
920
940
943
944
926
941
911
924
927
912
931
926
936
934
926
962
927
934
946
929
932
920
928
926
940
915
927
920
930
930
934
955
904
945
921
933
938
917
941
937
927
907
933
912
924
925
920
918
915
949
935
939
949
952
966
923
921
912
948
944
953
930
943
932
927
916
945
916
913
927
927
937
926
931
918
920
933
934
928
922
939
907
917
938
945
917
922
931
948
918
919
925
930
949
922
929
939
953
939
933
932
948
931
931
946
934
932
937
923
933
948
931
921
952
948
928
932
985
