1065
922
932
963
928
924
943
911
932
947
921
936
928
952
956
917
913
937
926
949
956
916
944
925
918
923
918
940
940
921
947
922
932
919
919
929
954
926
956
919
916
922
926
930
932
947
937
943
932
926
914
947
970
949
950
934
939
924
942
916
922
929
912
928
932
926
929
934
929
929
929
941
955
941
934
931
947
903
932
920
947
933
933
919
939
932
946
941
919
941
937
932
930
931
926
926
953
940
941
939
936
938
945
934
934
938
945
936
934
932
906
931
936
921
938
936
927
926
944
939
933
923
914
934
938
946
945
948
936
919
933
936
934
919
939
942
932
918
942
916
929
938
920
931
946
936
940
932
922
947
928
937
924
927
923
915
946
926
926
927
927
950
925
924
945
946
922
928
943
932
926
933
944
926
934
921
932
933
943
942
926
933
942
908
927
932
946
934
927
918
938
937
947
928
940
913
932
915
961
933
952
925
942
916
941
924
921
935
921
926
937
929
936
952
934
937
937
929
934
933
932
948
894
950
922
932
926
931
925
945
929
942
942
925
943
943
920
932
938
935
933
955
933
931
925
922
914
956
939
946
931
939
928
931
942
951
932
940
938
909
953
921
918
931
928
941
950
935
923
923
937
922
941
946
924
934
922
916
921
935
922
922
945
918
934
919
931
942
904
909
927
921
935
919
929
943
930
930
926
940
925
902
932
935
929
934
943
940
923
942
934
924
931
950
923
921
921
921
933
933
938
933
934
934
936
963
934
945
921
943
922
941
936
951
927
933
947
936
908
926
942
918
929
945
939
958
933
930
934
938
931
942
938
931
925
928
941
925
920
934
947
938
940
933
926
943
939
926
915
942
928
945
947
936
946
928
923
931
925
933
944
921
918
930
933
952
942
946
954
949
944
938
929
927
935
927
919
940
936
922
941
935
921
926
939
936
930
930
936
928
922
924
899
920
923
934
953
946
927
923
939
935
924
937
933
936
948
917
928
930
951
926
914
918
929
933
928
920
930
953
928
932
906
944
949
933
937
931
930
930
924
941
930
916
920
933
919
917
950
939
921
945
911
937
925
926
946
938
940
923
923
938
927
928
938
931
926
923
943
936
925
948
929
944
927
942
949
928
909
943
937
934
947
938
932
948
923
928
919
931
938
931
931
957
912
916
935
935
947
938
944
944
935
947
940
937
926
936
944
934
958
936
936
933
952
947
937
947
929
938
915
946
926
937
933
924
929
921
914
943
933
927
912
924
939
936
918
925
922
938
930
926
919
928
946
926
918
909
937
932
943
923
924
928
938
931
925
930
935
950
924
919
943
935
929
937
923
919
933
916
954
936
929
933
932
936
938
917
932
951
951
931
923
947
936
944
945
919
922
912
934
904
920
932
943
939
936
917
948
915
943
940
937
936
934
949
930
914
937
924
925
931
938
929
922
922
926
929
930
944
914
941
948
940
929
911
952
946
913
925
911
934
949
931
925
947
933
931
936
914
913
919
935
931
952
940
924
932
900
926
915
935
919
923
935
941
913
917
918
936
937
935
934
938
938
931
928
928
935
940
931
937
919
912
945
937
910
938
935
942
907
938
930
948
918
926
928
929
930
930
947
929
929
928
914
939
918
943
942
935
947
945
911
916
924
946
954
943
935
932
955
929
918
933
933
932
944
928
944
930
948
929
957
913
933
928
936
928
941
930
925
923
921
932
921
941
930
944
923
923
927
926
938
919
942
941
931
929
920
941
951
930
927
920
914
949
932
942
934
927
937
929
937
932
945
908
922
927
934
937
939
927
925
913
930
943
934
926
925
934
956
922
941
946
949
919
923
924
922
944
938
929
943
942
931
924
949
944
945
933
942
923
929
927
915
933
914
925
926
942
924
938
912
943
945
927
942
931
936
924
926
934
923
928
922
921
925
944
920
951
935
932
942
939
933
921
920
934
930
930
940
936
920
936
942
929
931
931
925
948
934
940
916
928
942
939
942
929
930
919
925
943
927
952
930
931
931
944
951
918
943
926
954
908
924
915
933
933
942
932
928
919
967
939
930
923
951
926
920
911
920
936
934
927
927
939
927
918
932
967
941
919
937
948
944
939
926
928
945
924
929
938
925
940
929
941
941
933
915
919
925
933
932
945
931
935
928
919
917
929
938
915
935
930
926
914
930
933
942
935
939
941
923
930
925
935
948
926
920
941
932
938
935
911
926
936
926
931
932
925
939
898
937
922
936
943
945
936
960
957
938
922
956
913
933
949
935
951
934
930
933
931
947
935
936
946
930
923
928
929
945
930
920
938
929
927
933
915
930
927
937
912
932
926
920
910
924
926
930
920
937
949
945
938
928
933
938
933
918
935
935
936
917
927
947
950
943
946
949
921
929
927
949
956
937
917
933
941
943
942
928
937
931
952
931
950
946
912
935
931
942
934
944
920
916
935
940
960
922
937
918
920
954
931
919
922
936
939
926
930
925
938
949
944
946
942
915
949
927
929
944
919
924
924
933
927
941
942
935
931
936
925
929
928
927
936
913
927
939
941
921
931
934
942
934
908
936
911
938
936
947
923
930
932
938
932
929
942
947
914
940
929
912
939
937
929
927
956
927
912
929
941
946
931
933
924
927
939
920
944
955
939
938
941
951
944
919
931
930
946
928
936
921
948
929
938
933
937
939
950
945
930
921
941
960
916
943
935
924
941
933
946
939
936
937
925
932
943
926
940
923
926
938
941
937
936
933
942
933
926
929
931
936
928
919
920
950
938
931
940
917
936
929
928
914
919
931
940
942
921
950
929
925
937
913
927
919
935
921
948
920
933
933
934
924
956
918
939
953
926
942
941
951
927
921
961
932
920
913
945
942
942
945
944
926
941
921
923
950
946
946
937
937
945
940
942
938
934
928
937
901
927
928
941
938
924
923
910
938
930
915
943
926
922
927
933
932
933
926
935
933
929
931
931
936
929
912
932
927
935
942
947
940
922
947
933
929
942
899
947
930
937
906
934
931
932
944
942
928
931
938
938
932
928
925
948
918
926
942
942
932
925
928
944
930
939
929
922
920
932
939
928
934
943
940
928
929
945
940
943
929
942
944
922
935
942
941
930
934
949
919
953
932
931
942
941
940
943
917
925
952
935
925
934
947
937
921
928
921
925
942
927
936
924
926
913
918
929
927
926
920
937
926
933
937
933
932
943
951
937
930
936
939
946
948
935
920
918
924
928
916
913
937
940
923
930
939
957
931
928
921
919
931
939
928
933
919
925
923
939
909
935
931
934
940
927
935
937
916
932
937
931
943
952
934
932
951
952
930
927
925
922
947
948
914
925
932
916
930
938
946
921
940
929
926
936
947
934
927
934
920
913
931
943
950
954
950
928
925
928
947
961
929
911
929
928
914
946
937
939
927
915
917
932
918
933
926
917
945
942
918
934
947
918
931
941
926
926
916
926
945
941
933
943
916
944
929
941
924
934
934
943
936
921
918
917
933
947
924
932
946
944
919
916
924
931
910
919
914
930
923
945
937
923
923
924
935
926
919
919
919
948
916
936
938
952
929
918
925
922
917
941
946
936
940
952
914
946
949
955
920
923
954
924
926
924
895
930
931
952
912
929
937
939
939
925
931
924
937
923
919
924
919
903
925
929
925
946
936
949
939
956
945
916
924
917
938
927
939
925
922
913
924
915
939
918
937
936
928
920
918
914
945
933
925
925
948
945
931
950
914
917
920
928
949
941
935
927
936
934
912
919
935
915
942
919
923
932
931
938
935
928
943
906
915
934
959
941
940
926
933
912
912
925
923
944
945
924
929
941
938
931
924
934
909
934
930
931
927
945
944
912
928
931
933
935
926
927
922
929
920
948
927
948
930
953
946
940
935
943
929
942
922
914
921
925
924
924
945
925
914
904
937
936
932
934
933
932
942
930
925
908
943
900
929
934
933
950
939
954
935
946
929
933
941
960
932
934
922
944
957
912
910
920
921
937
940
929
924
932
948
926
924
938
943
942
926
913
935
937
933
912
923
924
916
917
927
940
919
956
922
939
938
931
936
933
948
940
936
914
916
930
936
918
917
912
934
932
947
915
925
932
925
927
931
928
916
932
944
933
919
919
938
927
917
920
932
939
938
958
946
898
959
942
950
918
926
929
925
933
934
950
918
932
941
943
945
927
927
946
932
939
944
934
943
942
919
922
923
934
921
913
912
928
925
919
932
936
933
921
951
925
926
913
918
917
918
925
942
927
916
934
942
916
918
924
915
925
911
925
942
923
917
942
945
925
944
928
944
945
938
913
933
917
911
933
926
939
939
951
932
921
948
941
929
939
910
944
962
945
929
905
926
923
929
948
938
946
922
951
927
926
917
948
919
923
930
933
916
931
935
932
922
919
945
944
927
927
937
935
933
940
932
922
939
935
939
942
926
950
924
934
935
917
926
939
932
931
955
943
933
927
938
927
915
916
938
927
911
917
950
938
951
928
930
950
944
944
931
928
930
934
923
938
925
927
937
937
931
927
937
923
931
913
919
929
929
935
945
920
932
932
947
936
940
922
919
949
926
909
915
942
916
909
921
924
935
944
918
957
946
925
944
936
926
933
927
921
922
933
936
930
927
912
918
931
921
919
916
942
948
937
928
936
932
935
939
935
949
938
940
938
932
914
938
957
937
931
942
958
922
919
933
930
929
937
925
934
928
926
910
938
956
949
922
934
916
941
931
935
932
924
927
944
950
916
932
940
933
962
927
922
928
925
924
931
932
926
930
921
947
925
937
935
930
940
944
920
943
939
936
925
921
916
923
936
934
921
924
927
940
948
926
914
925
948
921
932
925
908
931
941
944
953
952
930
939
937
929
926
932
933
928
939
942
932
922
928
936
935
929
932
919
938
930
916
943
926
938
928
921
930
955
919
921
930
927
940
948
928
933
934
944
934
935
930
951
942
902
935
934
914
932
929
917
918
945
925
937
930
913
950
927
942
925
935
919
937
930
949
945
912
939
941
920
940
922
897
945
934
922
945
922
935
923
931
941
930
938
929
899
935
943
922
938
936
931
927
933
941
925
933
923
946
941
943
914
938
937
931
946
946
934
922
915
909
938
912
939
933
903
920
922
943
913
927
924
928
945
932
918
926
941
902
935
933
943
919
924
911
932
936
939
926
954
927
930
934
938
933
919
926
926
947
941
942
961
943
934
933
936
939
938
918
923
942
943
918
940
924
935
919
929
922
905
944
921
915
915
930
908
921
941
930
947
923
920
937
922
919
938
930
944
922
941
935
931
937
930
925
918
924
918
896
941
927
938
939
936
923
927
931
918
924
938
935
942
935
939
944
937
938
926
923
924
942
927
922
935
950
937
935
922
932
939
935
935
922
943
959
943
948
944
934
917
936
939
939
926
927
936
935
934
927
929
939
921
925
924
942
958
924
927
928
933
935
940
945
939
948
940
927
921
941
925
932
935
922
929
936
928
925
929
920
943
940
898
959
936
947
940
936
929
902
951
936
941
927
942
929
936
927
945
927
923
932
938
944
934
936
924
928
949
943
937
930
930
949
916
924
938
921
919
929
938
924
931
917
936
928
935
944
918
951
949
919
941
928
928
919
939
915
914
916
941
930
939
947
924
931
933
957
922
920
935
943
924
928
935
929
904
951
928
925
930
927
939
919
936
952
959
927
925
954
930
917
925
926
922
945
973
