1065
918
924
939
920
926
925
917
948
927
922
918
925
937
931
935
932
926
935
936
929
929
940
945
928
939
913
918
917
921
922
929
963
939
932
935
935
935
933
911
919
947
914
917
925
919
921
947
943
951
938
959
932
923
952
938
918
923
928
938
944
937
932
934
946
919
931
929
931
929
934
934
928
941
934
918
944
946
928
934
934
936
948
946
942
941
913
924
925
946
925
941
923
943
929
928
928
928
929
929
928
938
937
933
926
929
930
944
933
951
922
913
940
939
932
918
932
942
936
926
928
934
954
961
942
938
940
929
936
932
939
912
925
937
950
951
928
946
930
952
941
918
921
926
931
934
924
942
910
918
938
919
943
919
947
944
923
932
958
935
928
934
930
947
923
927
932
938
917
968
954
964
935
924
939
925
928
921
930
928
952
924
935
914
918
923
931
931
925
923
950
939
940
942
934
950
942
911
928
923
928
942
930
921
943
950
923
914
932
938
941
930
942
934
923
943
935
944
928
948
935
932
936
965
942
924
937
928
920
941
919
923
942
934
935
939
937
917
940
909
933
928
927
932
941
933
945
932
933
936
938
926
919
930
938
922
914
949
952
931
945
940
928
934
942
936
938
942
928
926
906
930
934
925
936
924
935
930
930
938
945
925
940
931
937
941
947
924
924
932
914
947
947
935
938
921
953
946
937
924
933
925
924
935
941
936
949
928
933
934
918
925
921
916
937
944
950
930
918
918
935
940
933
932
927
937
938
933
913
948
937
930
934
922
950
930
905
931
925
922
921
953
930
934
926
923
921
919
938
914
934
947
938
940
939
925
917
927
936
930
910
957
926
924
917
936
939
958
940
933
938
933
949
937
919
945
944
931
935
925
937
936
909
939
941
916
918
928
933
959
935
937
940
952
936
932
926
932
931
943
928
927
933
943
933
944
926
930
928
926
939
926
934
944
933
955
928
925
924
943
930
934
937
939
914
930
927
925
946
933
943
932
950
939
920
915
925
943
958
927
930
927
934
927
928
940
935
950
926
934
927
917
932
931
914
927
949
924
938
924
923
924
929
933
931
909
933
926
931
933
922
906
927
935
942
949
940
906
931
914
930
912
957
942
925
934
929
931
951
936
929
923
946
928
921
932
923
922
945
922
966
941
937
943
947
929
936
943
927
935
931
941
939
925
920
942
933
938
959
930
936
928
919
931
918
934
928
918
948
938
939
932
959
953
949
928
937
957
934
917
932
915
928
940
935
914
924
935
925
931
946
925
941
958
929
918
917
926
930
932
926
921
929
934
943
937
912
924
931
924
941
927
913
957
944
931
928
926
952
918
946
939
942
937
930
934
934
914
935
934
950
927
916
939
941
943
936
924
948
942
938
939
932
935
928
914
948
934
927
928
925
928
945
927
942
935
935
935
951
925
926
926
923
948
950
929
946
924
912
924
941
922
934
917
945
936
934
925
926
935
937
935
931
959
914
933
949
944
938
935
924
934
928
936
918
925
941
942
928
928
927
924
936
933
930
938
944
929
949
931
946
920
921
935
911
935
918
927
922
914
933
935
939
930
932
932
944
934
935
950
930
923
955
923
948
944
945
921
940
929
940
910
923
935
914
918
918
942
937
933
924
942
939
927
942
922
952
947
926
930
925
927
934
927
934
918
915
949
945
931
927
936
944
927
947
945
952
945
941
917
939
919
922
950
925
950
937
912
928
934
930
940
897
924
947
923
921
951
925
932
923
918
930
941
951
930
938
944
926
937
918
938
934
924
929
940
938
938
945
949
938
929
941
943
922
949
929
918
944
953
932
939
925
923
952
919
897
936
931
922
945
935
934
925
930
932
925
943
913
935
917
929
928
933
925
952
928
925
937
914
919
931
912
925
957
931
949
934
917
931
931
935
940
944
912
934
933
925
952
935
935
938
943
924
947
935
962
927
928
932
911
924
933
928
931
922
937
918
918
926
942
937
941
937
929
937
950
919
943
937
928
932
944
943
922
948
920
960
942
931
933
925
935
923
920
931
931
932
929
934
924
934
932
935
922
931
933
928
926
928
923
930
922
946
943
939
945
939
917
922
933
916
933
934
920
928
929
940
949
930
953
932
924
960
924
920
905
933
931
946
928
959
939
954
932
901
941
911
945
913
925
938
909
930
957
949
938
935
941
915
923
950
930
916
938
929
935
944
925
931
933
931
936
911
945
939
932
925
917
935
916
932
936
939
951
944
951
938
936
941
896
945
949
950
922
944
935
921
940
941
933
926
925
939
920
918
921
929
921
952
948
939
937
927
931
919
940
939
926
943
937
923
949
908
946
947
912
926
934
925
919
927
957
946
932
950
930
920
939
939
945
920
931
934
932
912
914
929
940
945
940
916
957
950
948
957
956
909
920
936
930
932
929
914
932
919
937
932
926
930
937
932
920
930
934
924
929
941
929
944
924
921
929
931
939
927
929
931
930
913
944
941
940
930
944
948
923
918
916
929
944
929
924
940
918
939
901
937
934
921
944
931
922
948
929
929
957
947
947
932
934
936
930
938
925
931
924
932
937
925
952
928
935
932
924
911
953
930
915
929
941
950
939
966
947
926
941
946
946
938
945
917
918
925
937
936
920
940
937
922
940
934
934
929
919
919
923
917
923
943
926
927
913
926
937
915
921
914
934
938
942
936
938
928
945
941
926
930
930
944
915
938
926
956
951
923
933
941
930
926
935
937
940
936
916
939
925
931
921
911
914
926
924
922
911
919
923
913
921
949
927
922
929
910
931
942
947
920
924
938
919
929
936
925
944
922
938
921
930
910
951
948
918
930
918
948
940
936
933
921
928
911
922
927
924
929
934
924
919
940
936
930
942
920
934
939
945
933
927
941
933
945
928
929
926
936
925
950
930
926
930
931
941
929
896
925
924
929
952
927
933
949
948
938
926
958
937
934
935
928
957
932
936
943
928
939
923
923
929
940
923
923
926
935
908
927
929
943
930
930
932
922
937
939
944
950
938
951
926
929
954
926
923
926
947
926
929
917
919
936
943
930
920
951
933
940
944
930
929
935
952
939
908
933
933
941
952
951
932
928
935
926
931
911
932
922
926
936
959
926
928
940
907
918
941
939
922
948
937
921
924
942
928
925
935
945
933
933
938
919
929
929
945
904
930
911
936
940
938
926
941
926
906
937
931
916
919
937
941
942
927
931
963
924
944
946
931
950
920
917
940
946
946
938
923
923
932
928
921
925
945
940
928
929
922
957
944
926
946
945
926
920
946
940
937
934
916
919
933
945
933
915
927
925
925
927
932
935
941
929
947
947
953
922
927
934
941
946
913
930
926
918
929
954
952
942
938
937
908
943
925
928
919
961
932
928
937
914
958
914
916
939
953
950
920
924
945
952
934
929
932
948
941
933
938
922
926
920
948
944
921
938
937
945
932
900
933
908
949
917
932
928
932
932
946
922
954
944
933
929
940
950
946
942
936
926
931
930
926
940
940
933
922
904
935
935
924
931
923
925
945
930
938
955
947
932
942
917
946
923
953
945
934
914
942
926
931
941
925
944
930
933
907
900
934
939
931
926
932
915
934
928
914
940
920
921
932
939
911
951
928
935
927
930
957
944
938
935
946
911
929
916
932
955
917
929
908
931
930
932
937
942
919
931
927
923
930
940
920
952
941
914
949
940
915
916
942
911
915
912
925
941
933
928
943
936
949
935
926
937
919
945
954
922
915
914
938
927
919
937
932
920
910
938
929
938
921
921
939
945
937
912
935
927
920
908
934
923
913
930
892
930
923
918
957
932
953
949
936
926
942
937
941
928
938
926
945
921
935
927
932
930
924
922
933
929
932
935
949
940
923
933
932
942
929
949
924
925
921
926
925
909
939
930
933
928
936
938
944
928
913
936
929
920
931
930
928
935
936
932
948
912
934
925
928
927
950
929
919
930
916
933
948
928
920
942
942
929
918
937
941
936
937
930
914
943
928
944
914
918
935
941
927
942
908
938
920
927
934
934
918
919
933
908
940
940
907
904
959
936
933
927
952
935
941
943
930
940
928
923
943
932
934
936
933
915
924
924
929
947
934
924
923
920
946
927
931
938
952
930
952
956
945
948
942
931
927
931
942
932
919
941
945
941
921
932
943
926
938
919
929
935
942
948
918
927
930
923
951
928
929
936
928
941
912
937
915
937
918
938
949
927
924
932
933
932
924
922
932
906
910
933
931
929
934
910
921
941
943
950
929
936
934
958
919
934
947
926
927
941
928
910
900
922
943
929
934
928
941
907
919
946
933
917
920
924
939
937
942
927
917
940
937
940
931
940
938
924
907
931
921
918
922
924
949
934
939
927
949
941
941
947
917
920
940
952
940
925
945
939
953
937
939
931
930
924
913
934
937
920
926
930
931
932
940
927
919
931
931
935
944
925
937
931
937
939
950
932
902
951
927
945
946
943
942
946
934
911
951
924
941
934
929
936
940
940
926
941
933
936
916
924
910
928
949
935
943
938
936
945
928
933
929
939
915
927
914
950
953
922
936
924
936
935
941
940
940
940
940
932
934
941
948
941
919
935
936
930
930
936
953
944
935
922
941
929
939
951
925
942
928
924
935
929
944
932
909
923
920
922
935
927
932
946
938
934
924
942
920
928
927
924
937
925
923
907
940
932
918
915
932
944
942
923
924
948
940
901
952
931
932
933
921
920
928
935
919
944
926
941
928
940
954
949
931
934
914
932
952
945
921
924
946
951
930
907
934
949
943
923
943
937
929
939
920
924
923
942
942
920
935
945
917
949
926
916
919
922
922
927
919
928
930
944
956
932
933
941
939
926
948
932
930
937
932
936
925
929
941
932
941
930
938
924
936
926
919
938
941
922
932
926
934
930
931
929
934
950
935
945
938
928
931
940
944
928
909
933
943
928
940
934
936
933
936
930
920
915
936
927
934
935
947
928
923
946
921
914
934
953
924
937
920
932
918
904
943
917
952
947
921
926
936
930
925
924
935
922
921
945
920
926
955
926
961
934
959
950
943
945
942
949
919
915
936
924
936
918
921
931
913
935
931
929
925
905
944
914
909
931
913
912
951
914
927
929
929
917
926
903
931
917
921
917
937
948
920
944
944
931
953
917
914
940
912
942
924
940
932
948
915
936
942
925
937
930
915
933
931
916
944
913
935
927
927
928
937
952
927
925
920
948
936
942
923
916
916
921
948
931
939
918
922
910
919
935
930
906
917
940
917
956
930
930
932
907
938
912
921
930
936
909
925
933
950
911
928
910
920
937
929
927
920
954
934
929
935
953
952
935
907
935
949
917
915
935
926
934
942
940
917
932
935
954
920
921
902
913
948
931
958
912
909
932
930
925
939
920
946
924
928
923
923
925
940
930
914
927
924
924
899
926
949
927
937
954
925
939
941
942
925
943
953
932
940
942
928
928
950
938
925
960
900
945
925
930
905
921
939
933
919
924
914
909
948
936
923
930
955
952
913
915
932
920
939
927
920
937
935
927
904
932
926
933
917
930
914
924
928
910
951
948
943
927
933
933
944
927
935
926
923
941
914
921
928
917
939
932
944
929
921
945
935
942
939
944
921
936
922
913
935
936
934
932
911
930
944
927
957
936
931
940
927
925
944
910
911
923
937
941
937
918
936
922
904
920
925
938
935
918
921
933
930
935
937
940
923
934
930
917
973
