1065
920
926
931
939
945
936
914
931
923
923
939
921
949
918
911
917
924
927
924
928
945
954
926
918
949
929
924
946
953
956
923
941
929
924
947
935
941
913
944
932
934
934
926
937
936
917
947
940
921
924
939
933
937
960
934
942
947
920
918
927
919
932
929
930
917
918
935
915
928
943
936
937
929
952
958
927
943
946
926
927
929
935
943
931
933
940
951
936
898
953
952
927
935
940
911
930
906
951
938
940
939
933
927
918
921
920
926
940
932
924
918
936
930
934
928
926
941
918
928
937
928
922
919
931
905
940
939
935
915
928
950
903
918
903
948
936
943
919
919
925
912
919
949
921
951
939
939
934
931
925
937
944
919
910
951
929
918
937
945
917
926
927
936
927
918
941
928
916
934
914
921
914
928
917
929
936
937
925
931
941
925
938
912
943
913
926
935
932
922
953
928
936
919
933
947
919
912
925
934
945
940
939
927
934
912
928
940
925
933
925
938
948
924
915
944
950
934
926
943
939
924
929
926
930
942
941
922
935
940
949
920
952
929
925
937
932
945
919
923
947
936
926
946
940
912
932
929
941
916
937
923
946
946
927
940
927
931
910
934
957
919
937
936
937
925
941
946
933
941
941
942
942
919
954
935
930
948
927
924
931
946
939
953
950
931
929
933
934
948
944
910
930
925
927
953
918
931
916
937
931
916
945
930
927
918
930
927
929
925
935
930
921
931
940
936
945
923
901
910
951
920
944
931
914
940
962
937
928
921
931
909
903
924
944
928
935
949
960
937
917
910
941
939
935
935
929
949
939
960
929
937
941
930
950
922
909
940
934
944
933
934
935
922
934
929
945
936
926
934
932
922
935
926
935
921
932
949
937
948
929
926
928
929
941
925
946
927
944
934
947
928
939
919
932
927
933
949
947
948
939
920
933
957
933
950
925
927
932
929
907
919
924
923
912
946
938
942
941
923
931
928
912
941
924
941
920
940
949
943
930
913
917
927
912
934
936
920
923
932
923
938
930
933
934
927
923
936
945
949
927
936
922
933
937
960
925
925
928
924
935
932
935
927
943
930
932
950
941
932
927
926
934
949
936
930
931
926
939
927
940
914
946
928
935
928
937
926
945
950
923
913
943
941
917
929
935
928
938
935
937
933
942
922
935
927
949
928
919
915
945
928
944
949
925
911
922
930
925
938
940
962
938
929
928
944
929
920
915
936
921
926
911
886
920
924
946
917
942
915
927
926
942
941
929
924
940
916
943
932
938
929
919
923
927
943
907
928
953
919
932
943
892
930
920
901
918
930
931
927
930
943
949
924
931
923
948
916
935
920
918
943
933
938
919
926
934
925
924
941
935
917
922
924
920
944
931
910
909
931
930
941
922
936
938
927
932
922
949
942
941
956
926
926
924
930
909
912
915
924
924
946
937
952
929
952
940
945
932
946
923
915
917
924
918
937
948
939
931
945
930
948
944
940
918
926
944
945
921
926
942
931
905
938
949
931
955
942
921
923
910
932
939
925
932
910
925
937
944
947
919
926
922
940
927
932
929
948
930
942
933
949
934
945
941
926
932
948
927
942
956
932
921
934
930
942
932
926
955
948
949
932
931
920
928
935
941
922
942
919
923
954
925
908
926
948
938
916
933
906
919
939
927
926
940
941
927
934
926
948
909
931
928
939
919
931
939
919
936
918
932
930
947
938
947
922
937
915
950
920
940
944
927
944
921
950
944
937
924
916
928
935
925
932
918
942
947
932
921
915
935
933
934
925
922
938
921
945
927
934
929
919
920
942
938
931
935
943
914
937
930
947
931
941
940
944
935
930
939
913
919
932
924
944
942
927
945
938
948
937
944
931
930
915
959
929
906
935
949
911
912
933
944
932
936
932
939
944
934
930
931
895
963
921
916
908
920
916
939
962
942
937
907
944
933
934
940
931
931
933
932
919
924
928
914
928
935
915
941
932
935
924
937
928
928
930
938
946
932
946
940
935
921
940
938
920
924
938
919
925
937
916
932
911
936
917
939
935
921
938
928
920
937
927
928
915
902
950
945
938
936
931
923
927
908
937
915
931
933
938
926
927
931
948
931
933
928
919
929
928
915
927
937
926
935
955
932
932
937
927
923
940
938
945
923
955
933
952
935
907
918
943
935
928
929
918
934
926
947
938
935
930
922
914
934
931
922
939
946
932
921
917
928
940
924
927
932
929
906
910
932
916
911
938
935
938
950
935
936
951
945
939
937
940
954
920
932
940
923
933
948
938
949
924
915
933
930
943
926
939
937
934
906
920
927
949
944
931
928
941
930
921
921
924
932
928
940
920
939
947
948
931
940
922
951
921
920
920
913
941
954
908
937
931
937
931
959
908
926
915
929
923
934
924
920
945
930
968
937
924
922
922
956
925
940
946
943
933
928
913
940
922
944
945
948
929
930
928
929
934
910
928
938
915
941
946
953
948
923
948
940
951
932
927
952
931
937
941
930
926
918
949
942
939
924
919
939
921
940
947
940
939
910
926
938
934
920
909
934
947
928
939
937
931
899
931
942
930
934
930
924
933
937
936
929
929
891
933
918
939
930
952
931
909
944
946
932
948
924
918
924
920
921
926
944
938
923
933
925
939
929
939
931
946
934
923
944
945
926
930
918
923
954
927
933
920
941
939
937
925
924
957
934
944
940
931
924
938
927
962
929
916
935
933
935
955
936
942
942
925
914
928
933
941
913
931
947
934
915
937
924
926
918
945
939
933
927
956
930
934
922
931
922
892
917
946
942
915
928
935
932
921
937
948
940
938
930
943
938
900
927
930
915
929
909
929
928
923
932
940
938
935
936
927
932
924
923
935
927
927
914
923
940
950
923
928
937
947
950
936
949
938
940
938
944
928
934
938
929
936
910
915
940
927
924
947
943
926
936
925
911
922
928
921
932
917
938
929
932
925
935
927
921
946
907
939
938
927
943
914
927
921
921
940
944
938
929
947
923
935
931
923
955
944
922
946
920
927
937
931
933
948
929
918
917
931
922
927
941
913
937
944
941
941
924
937
903
939
942
917
945
938
940
926
910
922
954
938
938
928
928
929
926
929
940
937
934
934
922
915
931
942
926
932
926
934
942
940
936
910
921
935
930
954
934
937
924
926
921
927
946
956
957
933
939
903
918
927
955
951
935
943
921
941
925
929
928
942
914
925
894
915
937
932
925
932
931
945
910
922
908
944
925
941
931
933
927
968
948
929
939
928
950
922
925
917
933
934
927
929
940
938
929
940
933
934
937
948
932
941
930
921
917
925
935
934
934
941
940
939
944
932
926
912
949
932
934
932
928
932
940
942
933
931
930
936
935
936
919
938
925
930
915
931
928
921
938
949
935
934
916
919
946
936
935
918
932
920
916
897
926
938
939
920
939
947
933
919
911
927
933
927
929
949
932
936
935
947
917
936
929
959
925
938
938
936
933
928
918
938
953
932
919
949
950
936
954
942
930
921
937
953
938
954
932
918
921
933
927
926
937
929
909
926
949
943
921
924
913
922
927
938
938
936
948
914
949
932
961
934
922
934
938
927
926
919
935
941
940
925
953
928
933
943
942
939
947
943
931
935
944
945
932
942
920
933
913
940
923
916
948
926
931
947
941
920
921
936
937
951
941
936
928
943
920
928
930
935
920
928
939
938
921
946
913
917
936
933
936
938
916
927
938
941
943
926
938
937
927
946
932
936
917
930
926
920
932
933
937
932
931
927
941
931
918
941
935
930
925
937
926
927
926
942
926
940
918
939
906
931
904
913
922
941
920
921
904
911
926
943
953
948
944
937
943
928
927
944
935
927
940
941
910
921
947
938
940
948
953
904
928
929
918
933
937
949
938
928
937
925
924
919
931
942
909
937
927
927
915
941
934
945
934
938
950
941
941
915
950
953
936
928
926
928
948
944
939
926
946
926
937
915
923
929
924
944
943
939
936
928
933
926
925
923
914
920
933
921
940
939
928
942
924
930
951
939
926
950
955
934
936
941
928
931
933
935
920
929
915
931
925
935
952
933
923
936
928
927
943
919
940
923
943
920
944
946
947
944
931
920
939
947
930
935
950
943
948
948
934
927
922
928
951
923
936
947
924
938
953
950
920
939
956
924
937
921
935
948
947
929
938
934
909
937
948
932
931
939
935
926
925
936
925
922
935
948
936
935
922
938
915
954
923
921
910
937
925
924
919
944
917
926
941
948
929
932
931
967
936
942
945
930
937
937
921
932
924
911
930
964
931
927
934
928
929
919
914
935
923
932
939
929
934
935
934
924
943
932
910
936
940
933
925
931
933
927
942
945
936
897
939
930
945
939
905
933
920
924
907
927
933
922
944
909
942
922
922
929
926
943
914
920
930
921
933
917
924
907
932
938
947
933
914
930
930
915
940
936
931
935
945
946
930
919
941
933
933
940
938
937
922
935
942
911
908
917
918
926
935
934
945
933
935
924
940
938
937
937
936
922
925
915
953
932
909
933
951
923
928
929
921
938
916
921
928
944
925
934
910
932
937
927
928
937
940
926
910
944
932
926
932
926
935
928
927
936
939
928
923
914
934
932
942
948
928
933
933
906
934
921
933
935
936
932
929
926
939
919
933
932
947
935
930
961
939
929
932
946
934
905
937
941
922
942
959
953
915
927
946
942
931
940
931
924
924
926
921
904
923
946
948
929
927
940
930
920
939
925
940
909
939
935
950
930
946
934
927
919
927
929
937
920
941
935
934
945
914
924
928
919
925
923
945
933
931
934
941
923
946
941
935
937
936
923
925
933
935
938
955
939
938
950
941
914
918
935
936
943
933
926
924
920
917
922
924
938
937
916
926
919
928
932
926
951
937
934
926
936
946
938
931
936
920
930
926
942
935
929
922
924
935
926
923
912
939
940
932
926
924
942
938
913
926
929
912
938
934
927
928
943
926
920
944
945
938
931
927
924
943
946
939
930
929
948
925
931
940
943
927
937
931
933
925
932
939
945
921
959
940
920
921
931
927
916
933
909
917
935
931
913
917
905
935
917
951
934
911
931
941
939
929
908
916
931
931
931
905
920
932
928
932
913
941
937
927
930
921
948
936
933
946
946
922
928
944
930
932
944
945
937
930
952
946
909
942
937
921
924
935
934
951
942
923
949
940
908
930
948
920
918
925
945
932
954
926
926
921
914
938
941
937
938
944
920
924
929
928
929
945
940
959
951
927
916
949
933
919
926
923
907
921
924
934
911
945
935
923
929
924
920
945
920
941
930
941
946
924
924
923
923
936
931
913
936
921
918
944
927
925
942
935
924
929
942
945
932
944
918
928
921
937
920
934
919
945
915
922
929
911
914
918
904
930
916
934
924
928
929
913
951
934
925
945
924
942
932
960
943
932
936
928
952
928
941
917
941
935
931
917
926
914
938
944
929
949
924
912
944
936
943
953
960
929
927
939
908
940
929
930
930
924
919
929
918
904
914
928
944
927
949
933
927
939
941
944
930
932
934
936
932
940
937
934
946
945
920
936
928
921
937
930
945
928
921
924
939
914
938
924
931
935
926
927
936
923
944
931
945
933
917
914
933
925
948
940
949
946
934
926
955
945
936
947
942
937
931
925
932
913
915
931
941
951
931
932
930
935
921
929
951
933
915
946
928
952
946
948
921
931
943
933
932
936
925
921
913
935
917
934
932
976
