1065
922
925
925
946
930
954
928
913
946
927
945
927
925
918
935
940
924
914
934
965
952
937
938
934
938
935
925
925
930
939
918
931
933
931
917
912
932
927
934
936
946
920
945
937
921
940
915
932
945
932
931
937
953
942
936
927
934
934
931
925
927
951
925
917
923
946
925
937
942
936
941
934
946
925
949
921
936
923
936
938
954
915
932
918
933
909
919
947
934
928
926
931
947
934
935
927
924
942
921
942
926
952
930
933
928
928
921
943
938
921
924
937
950
922
932
938
940
935
942
923
941
961
943
934
928
938
914
922
934
937
950
930
934
924
951
944
929
938
927
911
937
929
946
941
933
935
926
946
914
927
937
944
927
935
931
930
918
938
903
942
933
927
928
940
917
938
932
940
936
949
926
944
948
934
918
955
946
921
930
941
926
944
935
944
944
936
926
909
939
942
922
910
936
930
925
918
923
928
926
920
928
925
926
933
941
954
924
905
940
922
943
952
944
929
933
940
936
931
927
935
938
927
927
931
929
937
924
936
937
916
940
910
933
931
948
925
943
949
921
932
929
936
928
916
937
941
936
954
938
937
927
926
937
937
946
913
939
929
925
940
942
939
922
915
931
926
938
929
931
919
939
954
940
948
936
927
922
941
929
937
958
937
930
936
929
916
936
927
939
926
933
934
955
945
924
941
935
933
922
911
938
917
928
919
922
907
940
920
930
922
925
931
930
929
923
947
950
924
946
923
928
946
955
926
932
928
920
942
940
928
942
932
951
931
928
929
923
934
940
952
937
931
933
953
946
932
940
922
938
941
930
930
919
948
922
932
924
931
933
944
940
914
912
926
922
930
932
938
924
922
935
944
921
913
926
911
938
926
941
928
927
933
956
943
922
933
941
945
944
920
935
930
939
917
939
935
924
922
939
938
935
934
932
934
923
920
935
957
954
928
928
911
926
926
925
931
962
943
936
953
952
929
936
935
921
936
937
929
914
930
924
917
932
944
941
932
938
937
923
932
929
922
917
934
945
946
930
951
939
931
933
932
947
937
929
921
938
935
915
922
922
947
947
932
921
939
945
918
933
933
926
932
937
951
913
920
923
939
922
935
935
935
921
941
951
928
940
926
930
955
929
936
905
937
915
929
922
923
943
967
947
908
909
913
926
942
934
928
945
944
928
930
928
933
930
935
933
923
927
925
940
919
947
924
942
941
921
917
914
916
937
913
939
927
951
929
923
929
939
940
912
919
940
905
930
921
937
953
948
934
919
926
914
935
944
934
941
928
923
946
939
928
936
920
914
929
935
920
937
929
941
926
919
945
914
936
920
938
928
934
929
929
923
924
926
922
928
935
918
939
945
933
939
922
941
918
927
904
925
944
944
932
953
931
912
955
937
938
928
919
930
924
943
941
939
939
935
935
946
935
953
935
932
946
920
918
927
936
919
927
953
926
925
918
908
910
936
926
937
953
920
915
938
935
930
941
941
940
934
924
947
947
943
930
939
917
917
913
930
939
937
922
936
937
935
932
914
945
931
941
949
922
964
946
955
927
942
928
923
938
942
944
928
939
935
950
941
932
950
923
927
942
950
942
945
925
921
929
929
924
938
948
923
937
917
947
934
945
950
926
948
931
926
915
932
934
941
916
923
934
917
920
927
931
940
914
947
937
937
918
959
931
937
937
936
948
931
945
937
930
919
915
921
914
921
932
930
924
962
939
930
935
949
920
929
950
901
931
926
907
944
935
921
915
946
946
940
928
929
935
939
930
928
937
935
931
937
929
910
936
926
939
935
945
920
916
908
934
924
913
940
918
935
923
926
922
926
935
916
935
940
948
935
929
928
918
942
924
939
925
923
911
946
941
940
915
926
936
933
932
934
931
926
909
914
899
917
953
920
927
923
931
928
937
924
941
932
943
947
934
941
939
917
907
918
928
936
943
933
939
944
938
934
926
933
933
926
934
919
916
923
923
907
946
922
920
938
939
935
944
906
937
921
918
916
935
911
926
925
946
943
960
932
936
916
928
932
949
895
937
943
928
931
938
909
929
915
952
939
940
924
952
928
924
941
925
911
944
935
927
937
923
917
938
942
924
934
932
931
924
927
916
909
930
922
940
928
920
933
908
931
936
921
949
950
937
935
942
952
944
914
928
926
954
930
913
943
935
913
932
947
935
917
936
935
927
933
926
937
935
940
928
925
928
933
948
918
952
923
936
926
940
932
923
924
931
933
930
918
922
932
910
935
901
936
930
921
945
929
936
928
931
925
912
937
924
925
920
938
927
947
913
931
912
919
919
918
919
932
932
939
931
951
938
928
934
939
929
939
947
949
922
949
952
934
927
925
933
929
932
927
928
931
941
940
931
912
919
926
947
925
925
922
941
915
929
946
928
929
926
927
940
929
929
929
948
931
923
925
929
930
926
951
912
942
928
937
926
934
925
941
916
943
925
912
921
925
938
931
943
933
931
937
939
944
926
940
928
911
915
923
931
950
935
933
933
934
933
919
930
923
926
942
922
941
937
922
932
937
942
940
948
917
928
941
938
958
948
917
910
914
929
948
951
916
936
927
932
928
939
940
944
952
942
920
912
937
933
933
931
916
929
931
938
893
940
944
919
910
943
944
938
928
915
932
942
921
905
925
919
935
938
923
911
918
917
927
947
931
918
917
944
924
931
925
948
945
913
928
925
916
947
939
944
939
930
921
922
934
928
946
935
934
947
931
947
934
925
943
932
929
933
940
948
953
944
950
937
945
929
932
938
920
929
934
932
933
924
938
918
920
912
923
912
928
929
930
950
915
927
942
924
951
951
950
932
938
940
935
952
919
939
925
927
921
942
940
921
930
924
934
935
936
923
922
937
950
946
941
940
938
913
924
893
931
925
924
929
927
950
934
933
946
936
944
960
945
925
922
922
946
917
941
902
926
924
963
916
925
940
930
946
937
936
907
934
941
949
938
911
934
938
939
935
915
932
926
922
932
934
950
911
930
937
918
935
937
943
937
955
934
934
917
934
931
957
940
946
925
930
931
923
922
926
932
911
928
933
936
926
896
941
920
949
940
931
945
939
916
941
921
932
927
933
922
930
940
943
925
934
945
932
944
923
934
946
932
924
913
948
931
937
931
914
945
921
893
921
932
930
930
935
936
929
940
928
923
955
934
950
926
936
952
927
938
952
936
925
943
921
934
932
924
929
931
930
928
932
920
913
907
938
945
922
923
931
916
926
930
932
931
942
935
938
945
911
942
927
929
927
924
930
945
934
939
922
908
945
932
921
919
916
929
943
944
930
938
931
920
945
936
946
917
939
953
944
913
920
940
940
948
926
948
930
927
911
943
944
925
943
927
945
940
947
933
938
940
927
938
930
935
924
917
916
922
929
936
934
930
923
918
936
933
935
925
902
930
946
937
925
945
947
940
925
929
933
938
942
956
942
910
926
939
929
928
934
921
940
923
939
927
945
942
933
935
941
921
926
946
932
932
939
934
928
923
928
931
924
934
940
916
921
933
946
949
929
916
934
934
949
931
932
938
945
953
906
928
945
912
922
960
931
921
937
938
951
929
939
938
932
946
936
928
924
946
924
927
940
918
940
926
929
920
930
935
939
934
929
934
935
938
934
945
935
947
933
941
927
922
925
914
930
948
914
933
908
933
941
949
930
936
931
937
928
947
934
941
935
916
934
941
938
938
939
923
935
954
922
931
947
934
920
941
942
919
911
919
923
940
928
932
927
942
906
920
941
925
964
927
942
943
926
924
926
915
933
946
935
902
922
914
929
927
936
941
929
924
924
921
924
942
923
931
925
933
927
945
934
938
918
940
927
913
950
951
945
923
932
941
928
944
938
940
926
939
910
929
925
933
925
924
921
910
938
921
953
904
956
936
932
942
942
917
934
931
929
937
948
920
927
921
942
933
900
934
945
928
908
928
931
960
936
938
926
939
934
921
937
948
927
937
930
921
933
921
924
953
922
944
936
939
927
930
938
934
911
907
922
945
925
918
936
927
949
929
926
930
935
948
926
927
920
944
955
943
936
946
932
921
929
932
946
932
936
938
947
951
934
929
925
947
934
944
950
947
932
933
932
940
941
907
928
917
922
925
917
937
948
948
936
929
920
944
938
922
938
934
926
949
915
947
918
920
913
932
903
930
927
943
946
934
943
931
954
942
924
925
955
940
914
922
916
930
934
947
918
934
938
944
950
928
926
911
933
944
933
921
933
934
921
930
944
921
944
936
927
920
923
922
936
943
939
925
937
942
943
907
933
922
924
930
923
935
944
915
933
923
931
927
925
921
943
912
929
938
913
929
919
945
947
931
951
939
921
914
929
941
936
950
928
930
917
949
935
951
933
937
934
908
937
932
927
921
943
939
898
947
935
942
935
911
917
949
929
934
946
928
915
917
943
928
924
947
930
930
936
944
947
961
944
928
960
935
924
939
929
932
923
938
950
936
934
941
943
952
943
917
927
957
946
909
922
912
943
937
916
915
936
943
928
936
915
931
947
950
935
941
935
919
927
935
935
950
956
939
941
932
947
928
941
919
919
934
943
950
952
952
919
928
945
915
920
924
937
916
944
908
932
929
928
930
926
940
929
920
943
938
920
921
932
945
934
947
936
945
940
901
929
925
947
914
938
936
925
933
922
910
932
922
925
929
908
912
919
944
941
918
945
925
923
934
925
917
933
919
945
949
920
924
939
945
922
934
922
932
924
932
944
923
912
913
929
936
942
927
936
921
935
931
935
927
928
938
927
940
944
948
946
946
931
935
937
932
933
944
924
938
940
903
933
923
937
935
944
942
937
924
932
924
932
920
898
934
922
933
941
927
937
942
927
932
949
901
920
941
923
932
927
924
922
941
934
912
940
930
921
931
939
947
913
929
930
926
899
950
920
910
918
910
923
939
946
922
948
934
935
955
923
936
930
924
929
930
936
925
948
919
957
939
943
917
926
949
924
931
931
934
925
915
920
939
935
920
943
925
913
934
915
942
912
918
927
926
924
922
920
926
934
945
927
934
940
935
915
935
930
942
903
927
918
938
942
906
937
947
952
938
930
915
946
934
912
937
921
933
917
937
924
943
922
956
939
934
916
951
927
937
949
931
934
921
918
929
902
930
945
937
941
929
938
948
925
938
919
944
926
926
923
936
914
910
923
937
935
943
938
946
935
932
932
936
930
934
940
934
923
931
917
919
909
945
918
929
927
920
924
944
945
923
941
949
937
949
945
940
916
925
922
928
927
911
913
921
950
934
917
932
941
932
946
953
950
938
929
920
932
918
935
933
932
944
926
929
940
908
932
942
947
936
935
918
931
920
941
949
940
934
949
947
955
912
940
940
903
907
937
928
945
926
913
926
932
944
955
945
933
942
919
915
915
927
948
924
927
929
920
920
927
923
933
901
914
933
924
932
931
921
906
927
928
937
939
920
928
927
948
928
907
915
919
939
932
944
954
926
934
943
908
934
919
930
921
944
944
923
937
944
924
933
945
935
939
926
942
912
945
936
932
931
939
935
944
953
919
937
936
955
929
919
929
916
949
952
926
940
931
932
926
937
935
930
912
933
905
941
925
922
931
906
934
927
943
940
951
956
914
928
932
933
944
920
943
923
939
933
952
935
958
941
944
945
964
938
936
930
926
919
924
939
950
931
940
939
940
914
924
928
935
919
976
