1065
922
932
941
933
926
930
936
928
921
929
933
920
925
940
935
923
925
955
919
935
928
931
933
932
937
938
903
905
927
928
922
937
917
928
934
923
927
902
948
947
928
939
937
939
921
923
938
947
933
949
920
905
925
924
941
932
919
924
946
920
918
931
931
926
929
925
949
931
942
944
921
929
936
920
937
941
927
920
928
926
935
940
954
912
904
950
932
928
948
933
907
916
942
917
929
936
929
936
940
944
931
932
934
937
943
934
930
923
936
922
932
932
921
929
922
924
945
931
925
922
923
935
942
934
907
942
937
928
938
931
928
939
912
935
943
934
924
918
938
934
933
909
913
927
925
925
927
911
947
938
922
924
945
943
942
932
945
940
936
931
922
937
943
937
942
934
932
919
945
929
922
946
922
946
925
931
925
913
939
920
933
937
952
912
939
922
939
928
936
932
950
926
932
937
917
923
943
951
939
925
931
924
932
932
918
928
961
921
930
928
924
932
953
930
934
938
921
926
915
937
932
927
935
941
923
922
938
940
945
911
934
927
925
934
919
945
906
924
921
924
948
931
920
944
945
950
925
936
943
911
934
923
937
907
935
918
949
922
912
940
938
922
908
943
922
912
915
916
918
913
945
919
930
931
948
939
927
927
931
917
935
929
940
950
932
927
926
938
944
925
930
942
935
932
922
932
942
939
939
931
927
900
916
933
905
928
925
931
925
921
936
926
908
936
935
935
912
922
942
927
950
934
931
947
941
924
941
933
926
932
930
943
925
923
922
938
949
935
943
915
933
923
914
942
925
918
920
933
919
938
946
920
921
919
918
939
931
932
941
925
947
933
919
922
923
937
948
922
934
934
955
949
927
924
941
924
940
919
941
932
946
955
933
943
942
936
936
928
920
926
923
927
923
928
942
935
944
947
912
943
920
928
930
930
949
931
947
944
942
928
928
939
937
936
925
949
943
935
909
925
920
919
931
945
947
939
912
943
936
945
941
933
933
936
926
949
926
937
921
930
904
912
927
929
939
934
947
908
922
932
916
931
940
916
914
918
939
951
923
922
930
918
906
911
946
936
946
933
920
933
926
934
931
925
929
919
939
903
929
914
924
933
922
929
916
929
949
943
925
939
926
926
933
940
934
955
912
915
927
933
923
929
943
917
929
945
943
924
940
925
934
920
943
953
925
919
934
951
942
925
939
937
944
935
952
934
916
922
923
947
940
928
920
933
927
932
936
940
930
928
928
932
930
927
928
950
958
951
934
928
941
922
928
928
936
939
927
937
935
956
932
935
943
926
933
923
931
949
943
931
946
941
927
935
936
933
909
957
941
939
946
943
930
917
926
940
913
928
923
916
936
930
938
910
930
925
936
939
929
930
941
907
919
916
933
940
928
930
917
912
915
931
931
934
905
937
939
908
923
948
935
927
948
926
903
926
929
941
941
939
934
928
954
933
942
922
942
925
923
947
934
929
938
932
931
946
933
919
934
931
922
949
914
938
950
931
927
922
945
944
942
921
928
929
934
940
951
925
933
953
942
933
922
940
945
934
931
944
929
945
928
944
932
960
918
932
940
936
925
952
911
941
924
935
923
943
924
927
912
927
928
935
942
911
932
941
922
933
932
924
949
926
925
932
942
928
952
938
938
935
935
924
943
913
936
913
919
922
920
919
943
936
920
925
930
935
918
949
928
930
931
941
930
931
941
919
949
920
942
926
930
933
929
945
938
917
904
932
943
938
940
930
914
939
960
938
950
934
927
938
930
943
954
934
950
927
945
944
923
928
923
944
932
925
941
911
917
925
932
917
922
921
915
945
943
918
927
922
926
924
910
944
943
926
927
957
956
913
950
931
928
937
919
923
908
929
939
936
942
924
934
909
916
945
924
945
948
950
942
950
928
948
943
925
932
943
953
930
939
919
924
908
928
945
928
945
926
902
929
936
938
923
929
922
941
948
939
924
929
919
935
918
940
941
937
929
918
939
944
942
924
916
932
926
945
934
921
956
937
927
919
919
928
929
937
943
938
928
932
942
923
950
956
941
938
938
939
949
918
942
931
921
936
921
920
925
951
935
936
950
948
932
920
938
926
950
939
928
940
950
946
942
935
937
945
943
935
926
928
940
933
942
930
931
924
945
943
957
941
949
947
936
939
927
932
952
944
932
933
928
934
924
940
919
947
929
943
932
937
923
939
923
921
943
938
936
953
933
913
935
944
958
923
945
923
927
932
965
931
943
927
934
933
936
943
929
944
928
918
926
926
953
926
924
920
928
934
944
942
941
954
940
946
946
959
930
914
933
961
927
924
924
937
945
935
941
945
922
936
912
945
942
936
912
919
932
933
926
935
958
926
929
934
940
922
922
928
925
922
920
937
940
917
933
941
947
925
923
948
929
929
922
950
928
927
926
925
939
950
932
926
927
941
939
942
930
925
930
938
948
918
913
931
938
939
939
910
915
919
929
934
927
921
942
941
948
930
899
910
953
913
940
926
928
927
917
929
937
928
956
928
922
913
906
941
916
916
944
935
928
936
931
933
958
947
927
934
933
924
922
945
944
954
911
927
921
904
935
927
924
933
937
938
885
949
926
942
947
938
919
914
948
929
939
937
945
925
935
939
929
925
913
940
923
952
959
932
946
931
928
939
944
943
914
916
945
951
945
941
936
950
922
913
933
928
933
945
957
934
938
929
922
924
941
942
930
937
930
925
917
937
930
918
930
934
906
934
957
938
957
928
936
944
926
949
938
919
939
934
923
934
929
945
931
955
936
926
925
932
930
940
952
926
930
921
954
938
935
942
949
940
932
926
938
944
935
920
935
929
944
916
924
927
911
933
945
953
954
946
950
928
954
924
930
933
927
919
927
940
925
935
913
916
949
917
923
941
928
936
938
956
932
932
924
921
922
901
933
931
921
932
930
931
941
937
915
921
936
954
918
932
926
947
934
925
925
912
922
940
917
937
952
957
941
933
913
926
933
928
951
930
946
945
921
941
943
941
923
955
933
924
915
935
937
932
945
944
950
943
930
953
916
925
934
924
930
924
938
907
930
933
930
922
928
932
933
939
941
929
930
921
944
931
921
921
936
934
920
921
916
911
914
935
958
929
925
946
930
941
945
919
946
932
929
945
925
918
923
920
943
931
929
926
944
921
921
927
937
929
922
933
908
930
944
924
939
926
925
935
935
948
926
917
943
937
941
922
941
944
927
953
944
956
917
924
925
915
932
929
912
929
930
934
925
933
932
949
934
928
942
943
930
943
917
938
937
937
935
912
920
929
942
929
922
927
906
930
924
948
912
935
931
931
929
941
930
940
909
929
921
937
941
947
946
922
929
926
915
914
935
945
943
936
945
938
913
927
922
923
938
921
929
907
936
951
939
903
930
949
951
949
934
933
930
923
943
939
944
933
938
943
929
941
966
923
927
932
914
936
929
925
937
925
913
939
950
939
945
959
932
922
922
925
935
927
923
936
930
928
937
929
932
938
945
932
933
936
931
927
920
924
920
910
916
941
933
927
925
933
934
935
919
929
939
926
931
936
930
936
910
915
917
936
929
910
936
931
933
925
942
904
933
934
943
923
941
914
929
938
912
932
951
924
938
920
920
908
932
934
935
933
928
931
922
926
936
922
924
945
921
940
926
920
937
928
928
946
932
945
948
923
939
934
913
936
930
913
929
923
916
941
919
925
932
915
941
950
941
917
914
921
916
947
943
939
933
942
935
939
919
950
949
946
900
922
919
953
958
943
939
946
921
914
938
936
948
927
939
933
926
929
939
941
940
942
919
923
943
935
942
918
935
942
935
955
938
943
923
933
936
926
908
916
935
950
933
941
941
926
942
939
925
921
939
923
938
946
919
932
942
919
948
928
924
926
924
927
921
938
920
935
952
931
948
946
936
941
931
933
923
947
936
906
948
932
939
924
936
937
947
930
945
923
938
947
948
943
944
930
937
916
921
940
934
936
931
922
923
929
918
958
933
920
914
916
950
949
915
927
938
899
946
922
931
942
933
936
941
940
924
933
933
933
947
924
930
913
934
929
922
914
926
913
946
927
936
925
966
934
921
923
936
942
940
938
940
924
919
940
916
944
929
935
926
942
935
925
933
938
925
928
908
918
921
938
949
929
920
921
928
929
915
911
942
927
932
930
938
940
923
950
917
945
956
941
938
947
930
905
930
929
928
928
931
914
935
938
931
934
917
921
928
947
947
936
943
928
927
940
929
930
947
935
948
931
931
934
932
919
909
927
939
929
922
918
915
925
944
945
934
925
926
945
941
915
923
915
926
923
939
934
930
949
953
939
936
942
951
925
921
911
949
922
912
920
926
945
932
918
926
943
935
953
960
943
936
932
933
939
909
929
956
924
934
926
937
930
939
941
928
942
932
928
937
930
937
919
940
936
901
931
914
923
918
929
930
943
919
929
926
931
902
944
935
916
940
917
933
943
942
913
948
939
923
913
930
937
936
932
934
929
947
917
927
916
941
930
918
942
924
926
939
924
946
935
925
954
914
938
912
943
927
933
956
929
945
934
912
944
935
954
937
934
942
946
939
931
918
946
939
933
937
918
928
923
945
932
933
942
929
941
950
933
937
926
928
935
926
922
944
949
931
933
926
924
932
933
937
933
928
925
938
922
918
935
933
934
928
945
939
930
924
943
942
915
935
926
939
928
934
935
943
933
911
942
945
923
932
919
922
938
924
931
927
933
948
936
947
941
923
935
925
923
942
940
946
933
951
926
935
935
945
912
943
945
928
948
929
931
925
921
934
919
934
919
932
928
951
933
954
921
923
932
920
956
937
935
933
951
932
934
928
923
925
921
927
940
936
939
894
924
921
944
945
945
922
929
925
946
935
930
919
919
939
934
927
913
933
919
924
938
939
929
931
943
914
931
922
932
948
933
930
939
938
944
937
908
957
932
942
936
944
944
931
938
926
927
898
931
932
930
934
927
937
935
931
921
941
920
928
922
929
932
951
931
917
916
924
930
929
930
951
948
943
920
933
935
896
933
939
941
909
935
921
942
939
942
927
938
920
933
931
928
914
924
945
943
923
924
917
925
924
927
938
919
933
938
939
938
929
914
927
933
944
945
941
917
940
903
943
925
926
928
928
951
947
953
938
925
931
941
939
944
915
935
928
932
942
928
931
943
936
941
917
921
949
929
933
940
933
931
898
933
925
926
941
927
928
937
923
932
927
941
929
939
922
912
928
928
920
946
946
929
925
931
939
932
936
946
953
909
930
931
928
919
936
945
927
935
914
933
943
933
933
945
927
938
949
924
953
936
938
923
945
927
935
934
927
932
935
936
956
935
921
947
937
932
920
921
918
934
936
940
933
916
919
943
934
939
931
939
941
922
916
928
939
943
926
943
914
931
946
942
946
950
911
934
929
942
928
935
941
922
908
920
938
925
920
936
929
929
934
926
945
943
917
944
926
933
928
934
942
943
915
919
944
925
935
935
932
917
952
940
920
932
926
940
921
949
927
929
916
926
923
916
948
945
908
907
928
922
914
935
920
913
912
928
918
923
927
902
917
954
943
930
920
933
937
944
938
918
934
934
940
916
925
917
928
932
920
914
938
959
923
925
934
940
920
952
939
925
920
934
929
922
917
948
922
948
911
934
932
928
936
940
935
926
941
908
934
937
956
953
943
923
946
936
942
941
978
