1065
919
938
929
932
938
919
934
943
936
945
937
940
931
923
935
926
922
942
934
913
931
923
939
943
930
940
932
941
942
920
925
944
913
926
935
928
933
925
936
942
928
920
942
941
933
928
930
914
926
920
929
943
937
939
917
936
931
946
935
920
925
934
920
930
913
948
924
943
941
918
958
925
943
936
924
899
926
934
926
924
921
909
941
922
937
944
918
927
940
924
954
946
926
915
938
934
940
944
938
928
939
931
929
934
930
918
964
940
951
918
915
939
938
923
924
932
940
935
936
928
933
950
934
941
909
940
921
954
934
939
931
920
931
926
935
933
928
933
933
946
917
928
923
921
912
944
915
918
928
933
942
916
934
938
943
938
931
954
941
918
935
928
940
944
926
903
931
906
935
934
927
913
894
930
919
926
936
946
924
936
932
920
927
933
909
910
941
930
925
925
925
923
927
942
940
924
942
931
932
927
930
948
947
925
937
932
939
941
945
941
939
924
915
941
947
916
934
932
914
914
943
915
954
934
936
920
925
935
941
930
956
936
931
939
947
924
923
954
938
927
936
942
928
935
939
918
917
906
936
925
939
929
928
916
925
920
923
932
925
931
934
951
919
948
935
955
933
923
959
952
921
933
929
925
937
938
934
927
931
930
938
930
924
941
921
944
943
944
939
928
923
936
933
921
924
928
949
936
948
933
932
945
926
943
925
924
942
918
926
937
926
928
913
929
927
948
948
945
937
913
910
916
922
933
913
942
931
929
938
933
915
944
930
934
950
947
910
919
919
940
936
931
916
946
921
921
938
925
923
940
942
940
938
922
929
939
926
934
931
932
950
929
933
933
929
938
937
927
928
940
923
948
915
920
966
911
940
929
933
951
936
919
913
935
911
917
902
930
928
920
946
930
936
931
929
924
925
953
931
945
922
937
939
931
921
920
931
943
938
935
934
931
940
947
907
927
924
923
936
946
933
928
946
913
955
939
931
949
960
939
931
935
927
929
947
912
925
933
944
915
941
940
911
933
940
941
944
935
927
946
925
926
922
924
941
929
918
919
919
943
931
940
930
950
933
917
936
940
927
906
936
926
935
949
934
934
947
926
942
922
929
914
928
930
942
941
939
926
924
926
943
927
935
935
919
928
945
923
940
946
946
943
945
909
948
935
951
934
937
931
939
926
925
922
913
920
913
918
931
941
923
941
937
927
917
942
940
932
926
929
919
934
944
953
933
931
927
936
946
938
940
925
929
943
939
935
937
917
920
943
945
938
931
935
936
909
927
937
924
926
934
925
927
938
933
943
917
939
924
934
927
928
932
965
937
955
942
926
943
932
932
924
927
938
933
945
944
922
935
934
926
931
920
922
918
947
923
932
936
909
916
937
932
922
932
954
949
938
938
911
922
923
920
930
940
946
939
950
940
918
931
937
932
925
932
948
934
925
925
937
926
929
925
963
935
936
921
921
930
926
937
905
940
919
940
943
943
942
932
942
935
935
916
911
932
942
939
930
921
939
931
934
936
918
942
939
940
935
922
939
911
940
939
924
937
917
945
925
941
939
929
932
929
942
948
928
920
931
928
934
938
946
914
942
935
938
933
934
931
908
935
955
924
933
942
952
941
952
934
940
940
924
918
925
922
935
923
930
932
930
923
931
941
919
945
963
956
932
935
920
936
930
906
900
923
927
929
925
952
934
934
934
951
939
940
938
931
935
940
932
929
935
934
915
933
925
939
930
930
951
928
920
913
938
928
921
933
932
943
939
943
934
939
935
929
938
936
926
929
918
917
936
922
935
930
924
941
920
921
930
950
931
930
918
929
935
926
931
939
946
939
940
929
936
928
927
926
949
938
915
922
927
940
941
930
912
938
942
937
926
917
945
931
930
943
925
946
927
944
923
931
933
948
938
940
926
910
952
937
951
937
932
932
938
941
920
923
908
926
931
942
944
939
937
933
920
920
923
922
927
935
917
911
927
929
927
939
950
915
925
936
942
926
935
922
935
933
926
923
943
919
944
942
900
907
927
938
943
935
943
916
938
948
922
922
927
920
927
933
940
947
921
910
924
936
937
948
946
935
914
939
920
924
962
930
936
923
934
933
926
934
936
906
912
918
937
944
913
916
930
941
925
918
929
937
922
938
930
952
934
921
926
934
944
943
934
929
932
926
931
924
913
949
925
922
930
921
924
947
942
930
919
920
934
908
955
947
925
930
923
938
935
934
934
913
946
932
942
934
937
934
941
943
923
923
941
941
913
914
944
937
929
926
930
924
933
940
944
926
942
939
931
933
915
950
939
917
926
920
938
933
930
932
946
932
950
920
938
925
936
924
933
922
923
927
934
942
949
914
923
934
923
925
934
906
932
912
959
926
927
947
944
916
941
925
923
947
953
931
933
925
924
929
936
953
945
942
920
933
940
937
926
934
945
934
922
934
919
939
945
942
943
956
935
926
932
933
917
932
931
953
925
939
927
916
919
914
916
948
926
960
948
934
930
941
940
940
921
938
929
932
938
914
940
943
933
927
902
920
915
911
927
921
937
932
927
918
925
935
934
905
923
946
928
922
941
940
960
941
951
923
917
927
936
919
937
936
936
934
930
932
937
938
931
953
923
949
952
946
922
923
948
934
945
931
941
940
937
928
930
942
946
922
939
919
925
956
932
928
909
913
923
930
926
926
940
944
950
930
936
946
925
955
924
946
949
943
949
953
927
934
919
914
944
930
938
934
928
930
921
908
951
936
952
938
929
951
925
919
904
934
929
919
925
921
949
920
941
926
942
932
936
918
912
939
915
928
929
943
941
936
928
932
906
933
923
919
923
928
931
901
937
935
929
936
916
938
924
914
930
934
949
929
917
937
930
941
925
930
904
939
916
935
938
962
926
895
928
936
923
917
939
943
943
933
931
937
951
942
940
941
948
936
931
943
965
930
927
918
921
928
927
941
937
941
936
945
943
957
899
925
927
921
937
929
924
924
940
942
915
953
928
903
943
934
920
950
939
913
923
921
922
928
936
923
954
923
928
920
938
933
937
956
949
940
904
913
907
939
924
943
942
939
929
927
918
916
915
928
932
929
947
957
928
933
939
905
950
924
951
929
938
910
926
929
936
947
934
922
936
918
950
912
925
920
934
927
933
914
922
931
934
931
915
924
935
935
928
925
929
939
942
927
917
939
952
920
939
938
940
926
923
938
929
941
915
935
933
941
936
951
952
927
917
926
930
906
932
920
925
930
941
944
926
919
930
932
922
935
920
937
949
956
941
930
919
929
936
929
928
928
946
939
933
927
922
929
926
925
920
912
933
942
926
918
927
920
945
919
954
943
930
932
936
906
946
935
930
921
929
921
941
918
928
941
921
933
937
921
928
938
934
923
926
935
933
924
931
933
942
929
949
917
918
916
924
929
924
928
951
934
929
943
912
936
943
934
941
917
926
939
930
941
947
943
945
923
935
924
941
927
936
951
935
951
930
927
930
945
936
950
929
931
929
936
938
939
934
929
919
911
928
933
909
922
930
934
944
918
925
924
926
941
926
912
931
934
915
928
937
930
940
933
941
967
940
941
928
939
946
930
912
920
945
921
940
930
912
930
925
941
938
945
957
946
956
949
929
926
933
923
923
919
940
935
929
923
930
931
943
943
928
957
956
918
935
943
934
940
904
942
941
940
916
916
928
933
924
963
933
944
949
927
936
915
930
933
949
928
942
929
937
905
925
942
936
931
917
928
920
943
956
945
947
942
946
936
934
933
923
924
919
940
919
918
926
909
932
919
934
928
925
949
956
950
923
927
924
929
938
914
922
933
919
939
939
946
920
938
935
934
928
936
920
923
940
938
951
935
944
925
935
942
917
932
943
925
926
934
936
946
929
913
921
918
942
920
934
945
921
926
933
948
915
930
909
936
916
920
932
926
926
924
924
934
935
949
949
918
936
928
947
934
959
913
923
935
945
933
941
947
943
933
925
932
925
920
924
924
933
926
929
938
937
919
933
920
927
918
934
930
941
943
933
926
930
918
950
951
938
934
923
928
935
914
910
936
941
921
933
935
941
928
910
940
924
946
941
941
940
899
950
932
936
934
933
941
945
944
942
935
939
954
934
935
913
939
942
936
941
935
915
945
922
925
932
924
947
934
943
944
937
928
947
936
926
924
934
935
930
929
927
936
948
922
932
929
938
923
927
929
920
920
937
944
925
928
924
949
926
940
930
931
947
924
935
915
944
930
932
933
950
933
945
939
942
940
950
927
947
953
922
939
932
948
949
930
937
929
923
948
930
934
942
940
936
914
937
930
931
931
929
928
938
902
906
938
918
898
961
923
945
927
927
924
929
925
918
941
938
934
932
927
928
899
932
940
924
931
923
923
931
925
932
936
935
922
946
950
946
935
942
943
915
927
928
923
930
928
944
935
948
950
947
928
943
938
938
935
937
929
929
930
928
925
946
965
953
919
932
919
922
925
932
936
948
934
942
923
932
943
933
947
923
932
944
931
932
954
925
929
914
914
916
917
946
940
948
936
923
915
950
927
942
917
949
948
920
928
932
942
934
920
951
931
915
927
918
923
924
914
942
936
928
936
941
925
945
913
929
908
933
935
953
921
936
924
938
924
917
937
939
935
925
943
941
913
940
931
941
946
934
918
931
932
910
920
900
932
914
932
939
950
938
931
943
928
931
929
930
935
924
916
926
945
929
942
915
944
951
938
916
926
929
928
934
925
945
932
942
941
940
942
948
930
940
925
935
938
946
947
929
930
921
938
905
945
936
933
917
926
937
933
930
936
936
931
964
927
959
940
927
944
918
932
937
928
926
930
928
932
939
921
924
917
908
920
937
940
924
934
927
923
917
932
935
936
951
927
935
925
909
923
945
951
949
943
925
919
924
922
936
900
937
926
925
934
942
931
951
938
942
939
938
930
927
956
920
923
926
927
928
909
936
932
918
934
940
922
926
929
941
932
933
931
945
912
907
929
932
943
935
943
944
919
937
925
928
908
944
932
919
945
923
924
900
925
934
915
929
922
919
949
952
909
941
948
919
927
943
931
929
949
921
941
911
930
909
926
942
940
945
917
941
932
943
936
943
901
924
916
934
944
924
939
938
933
937
940
915
923
939
948
933
940
926
940
932
926
930
952
938
940
933
909
933
949
932
929
936
909
951
938
953
938
926
924
937
947
939
961
917
928
924
920
932
937
933
920
929
936
936
946
953
929
934
902
920
955
932
925
925
924
909
923
914
930
944
936
928
930
924
940
926
928
941
948
924
918
940
942
938
936
921
929
947
924
942
924
945
934
938
950
922
931
936
938
939
960
928
919
935
934
927
919
947
923
947
943
938
959
935
934
933
919
952
938
954
919
932
913
927
937
925
933
913
934
928
921
935
921
931
941
911
951
929
926
941
926
938
922
937
947
948
940
948
934
924
923
946
929
943
939
952
949
945
931
939
939
935
936
918
934
930
940
952
948
917
923
939
920
945
911
919
938
935
931
928
916
918
945
944
929
928
939
922
910
904
939
950
927
914
935
940
951
916
931
917
913
932
929
933
931
920
942
942
939
929
918
926
903
906
923
918
931
946
932
931
932
914
931
923
939
946
948
925
938
936
940
929
940
947
921
929
928
948
927
923
942
934
912
919
932
946
931
956
921
929
952
930
917
950
934
921
929
918
935
944
941
978
