1065
918
918
936
926
912
905
911
943
919
943
929
942
935
920
939
935
965
935
940
913
917
940
919
939
913
932
934
937
939
924
938
941
935
922
950
948
924
926
939
929
939
919
945
914
943
935
931
934
933
943
943
929
940
928
932
944
922
927
922
946
902
915
943
949
932
939
928
944
942
941
933
943
935
937
938
913
916
910
919
938
923
935
937
930
937
928
941
907
915
924
942
919
920
953
951
944
951
933
944
935
930
931
929
937
924
947
911
915
921
920
930
923
914
937
933
923
933
959
910
929
943
951
931
937
933
931
957
952
937
930
936
934
949
944
919
924
938
932
918
926
931
928
915
938
934
925
928
926
923
962
928
943
934
946
914
936
926
926
934
924
935
921
904
952
934
909
920
930
921
936
946
932
924
934
951
935
922
941
935
919
928
926
949
930
911
911
925
912
943
901
915
946
937
940
929
943
944
935
937
927
914
925
934
935
913
929
914
930
936
947
938
935
932
930
921
949
926
930
933
935
939
926
954
936
942
935
944
938
916
926
936
938
935
945
928
919
948
948
911
951
931
941
929
942
923
945
945
932
930
956
924
933
934
935
916
929
933
943
921
907
924
922
947
924
936
952
928
929
938
928
942
925
908
947
940
945
936
920
945
940
938
950
952
948
921
926
929
936
921
934
929
934
923
922
941
933
929
925
930
938
922
947
918
942
913
957
941
948
908
918
942
939
919
948
943
940
927
932
908
947
944
922
921
919
933
918
936
932
907
921
940
945
923
925
926
931
917
927
919
939
934
937
956
934
927
920
926
928
926
941
926
938
928
914
935
923
913
926
927
918
925
924
927
932
933
935
930
940
928
937
934
926
931
936
934
933
949
934
918
945
930
943
932
924
927
940
906
928
938
951
941
949
902
935
925
938
936
935
931
943
925
920
912
924
933
930
931
937
939
939
932
915
925
941
939
916
909
953
931
946
943
924
936
913
934
929
932
925
928
946
907
924
920
931
946
944
949
907
926
941
929
922
931
925
926
931
928
930
927
922
918
940
945
925
952
949
928
928
920
913
934
932
938
935
927
931
932
949
932
931
923
941
919
904
936
931
933
933
944
935
915
927
940
921
934
927
930
937
935
949
929
951
948
939
932
923
926
955
925
931
934
932
920
921
938
916
911
947
934
944
923
935
905
939
927
925
946
940
930
939
939
949
912
945
933
925
942
939
925
912
940
931
946
945
947
961
941
937
919
947
936
946
941
935
925
937
945
916
948
938
939
934
921
932
924
929
924
940
942
907
924
933
954
939
946
941
929
939
942
934
934
924
939
928
942
940
943
920
918
933
921
935
937
927
938
931
936
933
929
900
937
937
930
921
931
925
951
946
925
937
931
915
932
918
945
937
953
932
947
960
938
948
916
942
934
945
920
925
923
928
912
917
942
935
939
954
934
930
930
931
933
941
926
934
947
924
944
954
942
935
951
939
923
936
937
921
930
932
934
930
926
939
938
932
943
936
922
922
936
925
946
933
925
922
921
926
924
932
928
923
932
925
934
935
935
924
920
926
936
938
932
960
957
945
921
938
931
954
938
943
929
946
920
927
935
930
959
927
933
925
942
903
936
915
944
933
944
945
916
923
949
938
941
932
922
931
951
911
913
947
917
933
943
932
925
948
915
926
926
933
938
954
935
950
927
923
915
938
919
943
923
919
952
947
928
959
933
945
960
935
948
937
944
943
969
931
914
938
949
933
927
941
925
921
936
927
910
942
916
922
944
943
912
935
939
919
912
907
935
941
936
942
942
933
918
913
932
908
933
946
924
925
928
927
902
912
922
910
931
906
910
934
934
906
936
944
942
958
925
911
936
926
933
930
907
923
936
941
938
916
918
930
921
943
975
947
945
942
918
933
941
923
928
924
919
920
924
938
921
923
940
937
925
920
910
937
936
942
928
936
950
922
925
943
920
940
937
929
938
941
955
949
909
936
920
915
927
923
925
953
940
942
934
938
952
934
924
914
938
945
931
924
941
940
934
944
944
939
944
951
912
901
903
912
937
942
934
955
929
930
918
952
908
929
950
912
915
931
936
922
922
958
929
923
925
918
933
915
934
909
933
925
924
943
948
926
934
933
932
927
910
939
926
926
957
916
924
916
919
947
944
922
923
916
921
933
920
920
943
930
930
933
939
896
915
928
938
920
917
935
943
941
909
937
917
943
915
929
928
910
932
930
939
942
929
947
938
930
912
925
926
915
907
949
940
928
929
921
924
931
924
942
928
947
926
938
924
941
932
917
948
947
925
939
933
933
912
933
946
918
942
921
933
963
931
928
924
941
927
933
936
923
934
935
913
919
916
920
932
922
944
943
933
922
938
933
937
946
939
921
932
937
927
945
937
932
936
941
930
940
942
943
917
936
918
935
942
926
937
931
927
927
931
934
923
938
916
914
934
927
941
950
929
933
946
937
923
948
916
919
918
902
932
941
966
918
912
928
927
923
922
925
945
939
949
938
934
922
920
929
940
934
933
935
933
925
948
948
920
934
927
937
940
908
921
939
938
932
935
939
914
937
937
936
921
946
923
919
931
947
932
922
939
934
933
937
933
938
953
948
943
930
933
928
943
937
932
926
929
933
929
938
934
932
929
921
930
931
924
941
922
932
931
932
928
944
937
949
928
949
946
917
928
921
934
940
943
957
920
956
950
937
908
941
922
949
947
927
936
932
957
919
945
923
937
903
910
925
930
940
929
940
941
916
953
929
933
939
930
914
929
932
925
917
928
934
951
918
910
921
924
918
936
932
929
920
927
943
914
945
927
920
933
936
922
917
927
922
936
923
943
945
924
916
927
925
919
932
931
942
928
939
944
934
925
916
921
934
926
930
948
928
933
944
903
951
919
933
937
942
935
935
942
934
952
934
946
905
930
923
922
917
947
914
944
927
931
936
947
939
921
933
951
931
920
934
928
929
929
937
919
951
942
949
948
926
934
928
935
951
934
917
941
936
928
928
929
937
938
952
929
914
926
913
933
943
957
939
930
957
937
945
935
936
940
912
919
923
936
930
935
930
922
927
905
925
940
956
919
924
938
917
934
926
934
915
918
930
930
941
937
920
924
918
915
941
949
927
947
922
931
925
936
923
942
912
947
921
928
934
938
922
929
932
928
920
925
905
926
943
925
939
918
938
939
910
927
921
934
926
930
935
931
937
947
914
933
940
943
947
947
934
954
933
929
930
936
953
935
939
924
927
928
942
942
937
929
939
940
935
935
917
913
928
927
926
906
931
930
938
941
939
939
941
932
917
930
938
916
926
935
940
927
925
919
951
937
945
935
920
919
920
938
942
933
926
921
934
915
948
946
930
939
949
929
908
920
940
925
919
936
926
912
923
917
933
945
931
937
932
942
926
917
940
942
936
948
939
933
898
937
939
936
931
939
931
922
932
918
950
952
933
936
938
935
935
952
932
937
927
913
955
922
937
935
925
919
930
930
933
941
952
928
923
943
938
924
927
917
912
924
924
920
943
944
930
930
947
937
940
928
925
937
936
933
934
938
939
937
937
929
923
936
933
942
938
937
951
925
933
929
931
898
924
931
930
926
917
935
923
937
927
917
921
918
931
933
937
937
929
932
917
935
935
943
928
934
923
929
937
919
922
918
933
935
915
952
922
924
934
910
938
954
926
939
953
933
939
920
909
933
937
939
930
939
939
924
936
930
932
910
929
922
955
950
927
925
940
916
936
946
935
928
949
920
933
943
913
935
940
934
925
940
931
928
943
939
937
933
939
934
951
925
918
926
943
911
931
937
948
925
928
912
930
914
908
903
910
954
934
929
944
918
922
924
934
934
906
930
941
939
935
929
947
948
941
940
927
925
932
926
947
934
932
922
913
915
934
951
936
937
938
940
940
932
913
923
936
942
941
925
931
915
943
927
932
947
942
934
916
924
933
943
936
928
940
940
945
948
933
929
941
933
930
954
906
915
946
922
925
915
928
943
940
932
929
956
940
962
942
956
921
914
946
902
922
915
945
960
926
930
931
929
937
950
942
911
941
940
923
949
951
931
938
920
934
930
918
920
919
936
930
923
937
929
933
938
930
917
900
918
927
937
933
935
932
917
934
933
924
941
916
940
941
931
931
928
925
945
941
947
939
936
942
919
934
917
933
937
921
920
931
941
927
925
929
925
933
935
932
936
927
925
923
932
918
927
923
943
921
921
941
945
930
915
941
934
932
923
914
938
938
918
932
934
917
923
911
930
928
938
929
935
935
942
935
922
949
919
921
936
911
923
925
921
937
928
938
934
933
944
935
939
944
941
929
927
904
917
924
935
944
936
963
934
915
933
911
942
943
934
931
925
917
927
937
923
943
924
914
931
948
929
934
946
926
914
920
938
932
936
922
915
946
919
920
948
945
927
925
931
935
925
930
928
933
917
929
918
946
929
933
926
945
950
912
930
918
944
915
929
926
921
926
922
920
935
925
928
942
945
922
925
930
919
930
906
926
926
924
943
925
941
946
918
944
902
948
938
948
921
924
928
948
937
940
947
938
947
936
934
933
923
934
929
938
953
937
950
921
920
927
925
929
940
927
944
949
930
944
945
919
939
930
920
920
924
951
928
915
943
936
936
944
939
938
941
922
937
919
898
945
934
931
920
923
944
935
932
938
940
931
941
926
946
943
921
936
937
930
919
937
933
916
915
921
933
952
934
923
930
948
912
919
922
943
946
963
944
941
928
929
946
913
934
940
932
918
941
956
928
939
920
928
921
901
930
953
943
949
958
942
932
936
957
925
955
938
922
927
912
909
932
935
938
938
914
927
939
922
937
916
930
936
934
918
948
957
943
944
951
929
927
922
929
953
929
939
932
916
923
954
935
936
927
921
923
944
923
922
944
924
944
939
926
940
920
916
938
938
933
921
945
925
939
940
915
925
928
925
926
935
935
912
932
934
921
948
929
914
937
916
938
931
931
924
927
956
950
931
929
927
931
923
926
919
929
939
912
946
949
929
909
924
928
926
937
930
938
937
945
943
934
934
941
937
931
938
926
931
943
940
922
944
941
932
921
966
921
929
938
925
924
922
933
953
941
938
930
930
938
910
926
932
930
946
936
941
935
919
925
931
933
923
926
943
937
953
924
930
925
905
951
919
942
927
935
934
935
927
918
923
942
925
916
927
923
940
941
931
937
941
951
929
910
918
951
928
933
941
939
921
918
919
944
930
935
937
926
946
941
943
943
934
922
928
927
939
949
935
945
934
909
933
923
922
942
954
930
924
921
914
933
940
931
921
925
924
933
929
930
929
923
942
944
937
956
927
916
918
921
910
931
927
919
922
924
934
948
947
951
926
938
942
936
932
928
913
927
949
944
938
922
943
926
916
944
939
918
922
934
936
924
922
932
933
927
912
932
920
928
919
930
938
929
934
934
953
944
930
936
909
915
944
940
933
912
926
928
931
935
938
935
940
932
925
937
900
915
927
921
934
923
930
929
935
950
932
923
925
929
941
928
921
936
928
909
923
923
924
942
949
932
953
935
925
948
906
930
940
940
937
930
944
933
913
938
928
925
933
944
935
914
942
920
948
929
925
934
927
933
915
920
936
924
921
937
916
915
921
932
927
909
920
919
942
943
934
926
935
935
933
943
933
922
934
904
951
944
945
934
918
915
941
928
908
915
938
944
978
