1065
918
932
949
938
941
938
922
924
921
929
943
935
933
934
946
934
931
942
930
928
922
933
927
932
923
926
922
919
930
925
924
924
926
911
921
910
929
929
935
943
957
936
930
924
925
933
937
922
953
941
915
932
924
920
937
934
917
941
914
925
938
929
925
927
930
950
907
945
936
910
937
930
932
938
913
924
940
929
937
920
907
929
936
927
935
932
942
935
926
933
947
937
941
937
943
940
938
945
916
929
913
933
947
950
942
937
942
938
950
921
920
934
953
942
924
930
914
926
947
900
928
933
931
932
928
925
930
929
926
937
947
943
913
925
950
949
923
927
925
934
935
935
931
925
932
927
940
930
932
936
916
927
945
935
940
941
934
920
934
926
917
920
931
943
958
939
937
926
939
926
933
941
931
906
942
934
927
945
933
921
925
917
922
932
915
934
922
945
944
943
953
917
911
944
932
943
917
930
942
933
933
917
941
936
929
928
927
931
940
917
931
934
933
935
919
949
943
923
924
938
948
927
948
933
932
947
930
916
926
938
969
932
940
936
947
949
934
934
926
925
922
955
932
920
948
925
932
921
912
930
950
912
917
933
929
936
927
917
921
929
919
924
943
940
925
929
937
935
917
942
926
926
910
945
926
949
911
920
923
926
936
929
939
943
922
915
930
929
908
942
925
928
936
925
913
928
943
945
925
936
940
930
933
943
943
928
947
940
944
940
915
946
947
930
917
932
917
948
930
924
943
950
939
953
954
921
912
955
915
924
933
920
940
941
944
938
937
945
926
952
935
927
940
938
925
937
929
937
921
923
931
922
927
935
948
932
928
915
927
936
921
942
931
951
959
930
925
928
942
917
927
949
940
932
922
905
935
945
926
932
932
937
942
921
941
922
935
942
922
928
932
930
929
931
941
933
936
925
937
911
936
935
929
932
951
946
924
926
944
936
917
926
952
952
921
933
940
940
923
918
947
916
913
931
946
937
929
923
942
931
931
927
934
941
938
915
914
933
939
922
941
930
917
950
930
933
934
920
934
927
935
933
923
935
946
935
914
925
919
933
935
951
932
936
944
932
926
941
923
960
939
935
938
921
941
947
913
912
922
929
928
920
943
946
953
928
937
921
930
945
924
943
917
928
958
937
937
937
928
921
944
927
932
942
936
940
944
912
932
927
930
928
928
932
937
932
929
919
927
921
934
953
944
930
938
945
930
935
932
938
941
917
927
928
939
930
917
927
941
921
939
931
932
929
921
929
929
944
934
928
951
926
932
951
941
949
951
942
933
933
937
954
924
943
935
939
947
935
917
939
931
939
944
943
943
941
953
939
920
930
936
932
944
951
936
952
948
928
911
934
948
926
944
935
943
934
918
912
933
927
935
936
941
938
918
941
936
934
939
921
911
934
956
934
937
927
917
929
942
916
929
935
942
945
934
922
904
932
930
933
922
928
938
946
939
945
931
918
948
938
927
925
945
937
945
924
934
924
937
917
906
940
945
942
924
926
931
923
932
935
924
916
923
924
941
930
942
931
917
933
924
932
932
931
926
962
950
931
927
925
933
918
913
931
937
929
917
932
923
923
931
917
898
936
926
943
938
935
956
918
919
940
942
935
929
925
912
932
919
943
934
926
933
926
928
939
933
929
924
936
918
930
917
936
934
926
923
921
916
915
912
927
908
930
934
946
951
932
933
929
957
929
921
922
933
939
920
934
936
933
949
930
902
940
931
943
933
944
923
921
932
928
926
942
925
941
912
934
935
933
937
936
927
947
943
933
934
940
939
939
905
928
925
937
908
929
943
909
946
927
915
926
929
911
907
911
939
937
939
922
930
923
929
926
916
933
941
925
922
926
922
924
925
950
945
926
919
952
944
948
931
932
944
925
927
919
921
929
958
941
936
921
930
927
946
950
940
936
938
924
952
921
930
934
939
934
938
948
936
934
939
948
942
910
915
911
942
941
920
936
926
920
940
932
932
939
921
931
927
938
911
949
940
918
932
901
943
943
946
949
939
928
935
936
928
926
940
948
945
939
950
951
935
935
933
909
933
934
933
943
930
932
913
928
923
931
924
923
938
950
935
914
935
930
930
940
935
930
936
937
923
929
928
934
914
926
922
911
930
941
934
931
935
919
932
931
927
924
922
943
936
926
940
930
939
948
938
938
913
940
912
944
927
928
933
929
932
936
923
919
913
925
934
945
948
945
948
941
920
935
947
940
941
932
930
946
918
952
949
939
909
923
930
909
923
932
934
920
942
922
937
931
931
932
938
942
946
940
929
918
929
951
933
940
943
928
934
953
954
922
923
918
930
940
934
943
943
933
928
924
933
940
925
909
927
929
942
935
935
934
935
941
922
935
941
944
936
928
920
919
917
942
943
928
929
929
931
933
934
945
941
948
927
922
945
942
920
930
946
923
938
926
918
936
918
934
913
913
939
935
932
944
929
940
941
956
928
934
941
937
921
931
931
922
938
946
937
940
951
933
924
941
942
942
944
919
917
932
935
938
940
923
929
938
933
929
916
920
921
937
930
944
898
945
934
923
946
931
930
952
917
922
917
928
957
932
952
922
935
928
940
931
929
928
928
943
933
931
949
927
935
940
945
910
942
929
940
917
924
933
931
920
926
950
923
926
932
944
930
948
931
933
948
929
942
925
906
926
921
940
950
933
931
927
942
928
926
927
924
919
938
922
931
924
923
912
937
931
920
937
943
961
941
932
937
931
937
922
924
935
933
944
914
926
903
917
949
951
931
936
930
905
922
924
931
947
909
921
930
932
934
929
935
928
924
909
917
937
910
913
924
907
917
909
934
928
934
941
939
945
930
915
957
956
941
934
926
946
918
916
923
919
931
948
935
946
933
924
943
912
930
939
956
931
924
936
908
931
945
926
931
952
931
926
930
910
931
948
944
930
943
930
939
935
922
939
928
956
936
931
951
936
932
920
926
924
950
933
922
930
938
916
913
935
925
936
935
933
942
927
916
935
940
953
949
963
945
930
943
922
927
942
939
918
930
948
927
922
923
923
918
938
942
915
941
927
928
947
940
915
943
919
941
940
933
927
946
939
942
927
915
926
929
942
940
916
929
928
913
935
941
915
930
917
932
956
913
927
942
943
931
902
929
926
919
941
931
933
948
934
933
940
931
923
927
926
938
939
914
913
932
916
935
917
906
928
930
935
930
947
927
928
943
937
924
945
923
938
939
931
922
927
932
931
936
935
929
926
930
928
942
937
918
934
935
921
928
924
932
930
916
921
923
936
924
930
942
936
940
921
902
907
939
929
928
935
937
930
928
917
930
926
920
917
933
928
938
942
944
916
947
938
928
928
926
942
912
932
946
936
914
930
959
938
948
926
932
943
930
907
940
920
921
936
926
928
928
954
921
941
925
946
944
921
951
912
941
927
938
928
947
949
945
940
945
923
934
942
926
942
937
935
950
955
930
929
944
928
925
935
920
924
929
927
937
929
924
952
950
938
927
923
929
925
950
927
928
925
930
926
924
935
900
942
935
938
938
922
948
924
914
946
912
936
938
932
952
930
929
937
946
936
936
936
918
934
940
926
936
937
937
949
920
925
931
943
924
911
944
956
945
944
937
941
924
945
931
937
919
925
938
941
929
932
925
932
929
918
930
947
922
935
925
927
947
914
936
918
931
939
941
951
939
921
938
936
927
952
919
934
916
919
929
941
919
931
937
933
958
909
930
939
941
930
925
928
936
935
942
939
925
942
918
936
923
940
944
921
955
932
923
940
940
944
928
925
913
925
934
946
938
929
935
936
935
930
932
929
926
926
933
937
935
939
916
936
930
936
926
942
933
929
917
935
937
941
915
920
914
944
932
930
941
927
934
924
941
929
917
948
936
923
931
911
943
939
942
942
940
941
942
902
929
931
918
943
945
952
936
919
944
943
924
912
938
940
930
934
929
913
957
947
940
929
925
952
931
949
945
927
938
935
940
916
933
923
924
916
919
933
943
941
946
939
933
912
945
941
929
938
927
927
921
964
933
926
928
941
960
938
951
965
941
960
950
922
946
936
916
917
932
955
912
937
945
938
942
916
931
925
944
929
904
929
930
929
922
935
935
934
927
937
903
942
919
939
956
930
928
939
921
928
938
926
924
924
936
922
930
923
925
927
938
931
923
942
926
930
938
934
918
941
940
941
911
929
908
939
938
946
927
939
945
925
936
927
938
909
943
918
955
928
926
916
941
920
916
935
931
933
940
932
937
925
928
921
924
949
917
921
932
928
938
939
952
925
923
921
924
939
916
940
926
920
919
945
949
954
947
921
950
926
936
953
952
932
929
921
929
940
934
934
926
949
918
932
946
938
924
938
922
958
921
937
896
941
916
922
944
923
937
932
946
932
943
933
920
926
924
937
933
940
932
928
911
933
921
939
944
937
931
921
937
918
935
935
918
928
931
928
925
940
932
921
926
944
938
940
941
922
946
942
936
937
934
921
933
927
952
920
945
934
932
908
941
917
920
936
927
936
916
950
939
940
940
914
933
923
936
943
954
954
954
922
917
917
909
948
935
928
920
935
910
927
918
940
939
929
927
945
945
946
932
936
920
936
925
937
949
938
946
952
941
939
945
910
940
924
927
927
934
942
921
935
909
941
934
940
933
926
919
924
947
939
927
937
933
936
946
931
937
942
932
948
933
937
926
904
931
941
920
916
933
923
918
939
933
921
937
924
942
936
944
944
936
915
928
939
935
944
934
937
935
946
965
940
937
941
933
924
938
941
932
941
930
926
913
924
935
925
944
925
927
925
917
920
944
941
935
927
934
931
920
947
927
950
921
942
921
906
942
911
914
949
928
927
926
926
922
922
938
948
921
921
934
930
908
933
955
947
932
935
915
934
929
920
934
920
942
934
911
944
946
918
929
931
928
909
928
929
925
941
921
920
925
931
897
921
941
915
944
949
919
934
941
950
931
924
917
932
932
933
917
921
939
922
935
928
938
940
943
922
936
957
947
933
907
921
936
926
927
923
927
921
932
921
940
937
926
944
937
935
952
914
933
912
926
920
903
933
939
927
909
932
932
942
926
932
932
946
932
930
944
930
915
922
931
928
916
927
921
929
942
931
940
932
931
930
921
920
938
915
902
946
927
921
910
934
914
919
900
933
922
924
952
934
929
945
954
937
928
930
937
946
939
946
932
935
941
922
928
934
936
928
928
924
946
914
927
919
924
935
914
924
946
937
935
914
922
939
938
925
931
930
932
927
935
916
936
912
918
928
942
947
929
932
943
926
912
955
949
936
943
928
930
930
941
941
943
929
941
927
931
940
945
929
929
942
941
923
913
935
934
946
923
920
952
935
930
923
940
938
941
925
909
920
925
926
930
932
926
923
921
932
932
916
943
938
932
922
920
942
935
920
911
910
931
935
920
938
930
938
928
942
938
924
944
945
935
916
926
935
938
937
924
945
953
922
927
934
947
943
936
947
949
955
924
960
925
953
948
933
917
934
927
926
917
935
922
945
908
947
935
923
916
936
921
943
921
920
914
922
934
932
928
927
949
952
940
939
921
928
937
903
946
928
930
940
928
945
948
928
941
929
934
931
942
952
924
916
915
936
932
918
927
929
935
936
934
932
937
937
946
930
921
952
929
946
920
934
943
941
925
930
931
939
937
955
925
946
941
940
944
943
934
945
948
919
931
978
