1065
921
931
922
960
928
927
919
922
922
921
936
910
941
934
915
938
936
944
930
934
950
942
942
948
930
917
930
937
933
925
944
940
941
937
930
910
915
929
906
937
927
917
904
934
934
926
939
942
940
946
905
925
947
915
946
925
956
941
946
918
929
941
930
942
935
936
933
942
936
946
937
929
932
906
922
933
926
928
948
948
930
931
931
940
942
944
915
923
937
931
936
941
925
928
925
900
916
955
936
951
943
950
938
945
949
927
923
927
924
922
924
957
927
933
919
913
928
936
950
915
943
928
948
927
938
934
955
922
932
940
930
934
922
947
938
921
919
919
906
927
930
926
943
937
934
933
938
915
930
911
927
944
941
932
942
940
938
938
940
923
945
935
931
940
943
945
917
935
935
932
955
941
944
920
926
937
942
958
944
927
933
945
943
933
936
919
920
916
920
937
943
935
916
926
935
936
919
932
932
940
942
934
945
949
915
924
939
921
917
957
934
947
927
934
922
922
914
929
951
942
940
937
930
953
948
933
920
927
934
929
927
943
941
942
928
923
932
939
935
941
922
938
926
938
927
930
923
946
944
942
932
945
927
942
931
909
936
920
932
936
935
952
913
942
935
944
946
917
938
918
932
938
946
945
938
939
910
927
911
937
930
934
930
940
939
951
925
939
933
921
920
951
934
944
920
941
956
936
930
940
942
927
931
933
963
924
947
906
918
934
927
920
926
931
928
926
945
932
920
937
920
911
924
924
953
936
946
945
961
952
928
937
932
945
957
920
932
948
930
926
927
924
920
918
929
943
919
950
934
939
934
960
915
938
926
926
916
929
941
927
932
942
940
915
950
945
948
930
886
930
937
934
927
935
927
934
935
927
915
932
937
925
934
916
934
921
932
941
945
932
923
925
916
920
909
923
939
941
949
928
928
933
921
929
938
929
923
950
950
931
946
916
920
930
929
925
941
944
946
924
943
945
938
943
926
943
925
948
923
926
960
944
934
949
922
937
922
908
922
914
915
949
920
920
913
914
943
928
934
917
938
927
937
930
929
919
940
925
933
929
921
916
919
926
927
930
938
929
917
944
941
934
910
935
934
916
943
951
930
942
924
933
931
942
934
950
929
940
936
942
935
944
946
909
930
942
943
928
927
932
920
935
920
931
942
931
934
941
933
904
927
915
934
949
930
915
931
920
929
927
938
937
950
930
937
940
951
938
923
924
924
935
928
936
950
928
924
931
921
933
947
929
939
920
909
922
917
925
922
923
915
916
941
925
922
933
914
932
942
938
918
927
931
940
934
935
937
933
958
919
921
939
944
927
918
938
937
940
934
934
937
930
931
924
939
923
937
940
945
935
929
939
939
926
930
916
913
921
926
922
951
940
931
922
937
937
921
932
910
948
935
932
934
938
923
934
935
939
934
905
916
927
931
923
922
922
921
950
924
923
934
933
928
912
929
956
949
940
910
922
925
931
919
941
928
901
926
916
928
921
919
931
923
927
916
926
930
917
920
936
939
915
932
915
908
936
924
937
910
916
938
923
939
953
928
926
922
940
935
943
940
926
916
931
942
938
926
919
948
939
941
937
937
945
926
941
950
933
929
940
922
947
941
945
937
936
918
946
926
931
927
934
937
929
916
925
938
935
937
931
942
927
926
923
924
942
912
919
916
915
942
939
931
934
934
930
941
934
930
956
947
917
931
917
914
926
943
953
919
927
948
938
928
915
938
943
956
936
933
933
920
924
928
928
913
924
952
921
935
924
935
946
921
940
940
936
938
932
909
939
921
949
928
923
929
931
924
940
910
930
949
952
927
923
935
941
943
934
929
923
915
933
933
945
935
935
932
938
920
945
929
917
907
925
934
920
921
936
935
927
926
930
941
955
923
932
917
911
924
928
943
931
924
901
927
931
917
935
916
946
919
920
934
941
945
928
941
943
934
948
941
951
930
929
931
932
936
936
932
945
935
929
943
919
937
937
924
935
942
937
937
931
928
911
933
947
915
933
934
943
905
925
939
905
936
926
926
945
939
925
951
941
938
937
939
921
928
912
937
945
951
933
930
938
925
922
942
944
930
935
940
925
942
933
933
933
941
944
920
936
923
926
956
937
925
913
929
929
943
932
918
932
937
937
934
941
951
922
920
940
938
926
910
925
916
930
931
922
937
909
932
919
925
937
945
940
919
928
923
946
929
936
937
944
960
934
927
934
929
943
937
947
938
922
929
926
929
918
915
912
944
944
931
937
948
942
923
938
941
924
933
943
935
926
918
930
929
929
950
944
924
935
925
933
946
926
934
918
936
934
928
933
921
927
927
930
939
928
945
931
938
942
951
934
917
954
930
926
925
925
930
937
924
928
952
927
923
942
944
923
923
940
933
959
940
940
936
934
914
934
955
932
945
915
915
926
956
942
944
915
930
942
934
938
940
934
938
935
933
903
936
925
918
926
923
913
936
943
922
938
942
926
909
933
933
948
921
951
928
927
944
926
924
945
918
935
927
919
934
941
933
934
896
914
938
935
939
917
925
928
932
925
925
928
934
936
941
938
922
909
966
945
943
922
921
949
937
947
939
921
934
949
926
956
937
905
948
925
932
926
929
926
930
920
931
939
944
939
932
936
948
940
916
923
924
941
912
930
929
921
935
957
939
913
921
937
933
935
939
943
939
930
949
925
940
937
939
936
941
920
932
929
945
952
947
932
911
937
947
935
937
937
925
934
933
954
926
934
938
929
930
941
916
944
945
938
917
919
943
920
943
921
941
920
916
949
931
921
925
928
937
938
941
930
934
932
909
934
916
951
928
940
950
926
941
914
926
895
941
938
924
930
942
933
928
927
930
919
959
911
932
926
947
929
920
916
938
924
923
930
918
936
918
927
945
948
925
930
932
942
945
918
929
937
930
927
915
934
926
927
944
967
940
907
909
930
904
940
931
942
941
910
933
955
929
941
937
933
922
912
911
929
910
915
912
921
926
920
932
955
927
932
951
928
947
936
935
937
932
941
945
921
946
948
940
943
910
925
939
935
941
941
933
931
941
925
955
936
929
925
932
931
932
934
924
939
909
916
923
949
939
931
959
955
944
934
931
944
932
948
922
945
933
938
927
920
924
911
900
932
935
931
921
934
927
919
935
918
931
929
937
910
923
942
944
935
927
936
961
927
945
913
959
918
911
927
926
926
936
929
930
925
911
918
929
940
915
917
952
927
951
937
929
928
931
934
927
935
954
926
936
940
918
924
939
933
945
928
905
938
937
938
934
919
920
929
921
942
920
924
945
927
927
942
931
893
920
943
916
939
939
927
951
920
920
938
926
942
963
914
940
925
929
914
932
945
948
916
942
934
903
930
926
956
934
909
927
955
935
924
931
931
941
940
932
943
938
916
943
933
943
925
929
924
908
923
929
935
941
948
942
934
930
922
935
933
937
937
944
931
946
956
920
933
936
926
929
932
935
930
930
928
924
932
921
933
912
919
937
905
922
913
936
936
898
945
912
919
920
940
916
944
943
948
944
920
942
932
919
923
937
934
935
893
942
918
935
942
931
936
931
915
935
924
922
936
937
913
917
920
931
936
920
937
942
950
965
942
931
927
951
939
917
908
949
900
936
921
928
920
923
936
934
926
934
940
924
920
926
933
942
958
926
923
930
942
931
931
934
930
928
934
926
945
938
921
926
942
936
938
932
944
953
928
939
953
937
930
925
931
943
926
920
936
950
934
919
942
935
940
941
922
931
925
963
938
935
950
944
944
943
942
927
948
932
926
938
943
925
935
934
931
936
944
935
942
941
928
910
913
931
920
947
936
942
946
954
931
915
926
915
940
932
922
935
935
911
938
938
946
937
922
946
938
912
957
925
917
946
930
937
936
938
916
965
953
916
945
928
930
914
933
939
952
924
934
928
938
940
939
927
900
924
951
932
935
937
929
932
923
928
933
919
938
936
940
914
930
935
941
935
936
926
946
923
944
931
938
940
917
942
931
926
928
942
932
941
922
934
921
941
933
928
942
937
953
947
934
907
932
917
958
930
930
948
945
953
951
935
934
918
926
931
952
951
914
927
935
937
906
939
933
926
952
939
927
943
931
922
928
934
944
911
929
916
925
949
948
938
918
941
928
941
934
930
931
924
922
924
939
923
938
936
916
939
910
919
937
935
947
917
941
925
935
930
922
931
939
939
929
922
923
958
923
931
932
917
943
911
925
920
917
952
937
954
932
953
929
935
912
928
937
943
932
934
939
918
920
941
944
925
931
941
947
929
925
934
928
923
951
941
941
902
925
921
944
927
914
927
936
946
962
925
921
932
939
935
941
942
927
941
930
937
934
921
897
906
956
922
931
946
932
924
920
932
932
938
934
945
939
933
933
941
928
929
919
943
926
938
936
949
926
945
928
949
933
929
925
926
947
936
965
938
940
930
903
920
916
920
930
944
937
924
940
946
934
944
921
934
931
943
942
914
929
928
939
951
927
928
933
934
930
929
924
917
936
946
934
933
932
929
921
908
920
927
926
922
914
938
946
915
924
943
935
930
928
937
917
938
913
927
927
911
921
920
909
925
939
908
936
938
931
935
937
953
927
958
930
940
940
937
938
940
933
932
928
938
952
917
917
940
954
927
927
915
919
942
920
938
918
930
935
926
916
931
931
950
939
929
956
923
919
925
936
915
933
928
933
935
936
938
934
921
925
932
937
942
941
917
943
937
920
941
926
928
948
937
953
936
931
939
923
907
939
924
945
942
925
907
918
934
928
924
930
921
943
922
941
944
931
919
922
915
942
929
921
931
914
921
945
919
970
937
935
946
926
939
931
934
922
922
942
925
926
925
931
931
941
935
941
926
934
933
933
924
921
924
944
924
925
910
935
924
911
923
923
905
926
938
925
929
921
941
938
955
910
923
946
927
928
925
939
924
901
943
937
939
932
950
936
930
937
928
939
940
932
921
947
923
945
924
943
931
920
931
931
949
956
938
927
941
928
932
914
931
923
925
950
911
923
943
929
916
933
938
944
920
947
915
920
955
931
947
917
941
930
939
907
922
951
941
952
931
944
932
944
930
951
948
933
942
920
921
933
931
909
930
929
926
914
941
926
944
945
933
950
931
926
937
940
923
913
920
932
933
950
927
938
942
940
917
922
926
937
958
940
935
922
946
925
938
935
930
923
921
923
940
937
942
943
937
925
939
932
937
920
918
943
936
926
922
943
940
940
946
926
922
927
939
942
944
931
938
911
929
947
924
940
932
915
945
924
933
924
927
945
935
922
949
946
928
946
935
941
933
946
923
918
946
949
940
954
939
927
930
924
929
939
947
944
924
950
929
908
926
930
936
928
932
927
944
920
927
941
936
930
926
939
932
941
929
926
938
928
920
938
938
911
940
934
939
943
931
938
937
934
939
947
926
935
920
938
939
945
953
915
940
949
941
922
913
932
932
939
937
938
926
921
925
941
928
898
921
942
935
909
936
935
916
936
920
919
929
932
948
922
914
939
940
955
944
945
942
939
928
936
943
937
937
934
932
949
944
929
918
922
939
911
914
913
912
927
934
924
932
914
928
927
927
939
938
953
924
916
940
910
936
940
943
929
951
941
935
914
908
941
937
948
931
938
951
930
923
939
946
923
921
905
925
928
923
934
930
927
932
924
943
954
948
951
915
944
944
929
919
921
925
940
939
981
