1065
926
927
935
939
949
964
916
931
937
934
944
909
908
930
932
926
937
913
924
928
946
932
940
933
926
912
928
931
926
922
944
934
931
945
921
933
933
930
922
935
946
938
926
931
926
926
938
946
950
928
942
932
927
904
949
930
942
947
915
943
934
942
932
942
935
951
927
932
928
931
967
934
941
946
924
933
937
945
937
944
909
925
944
944
942
927
941
926
950
903
935
924
941
937
940
940
929
937
918
931
917
927
922
942
956
931
936
922
945
948
907
928
927
917
955
942
925
940
952
947
931
925
943
912
941
925
937
927
930
934
947
926
923
933
930
938
946
927
951
953
945
937
949
937
950
935
931
924
951
945
950
950
928
939
959
933
941
914
931
917
944
952
946
928
931
926
925
927
926
938
946
930
914
924
950
945
943
943
940
936
914
929
939
935
923
911
938
944
927
942
939
960
918
933
925
937
938
914
918
942
937
896
951
938
941
917
933
921
943
937
948
933
922
935
933
925
933
933
918
939
917
945
919
934
934
921
936
927
954
943
921
925
931
922
928
917
942
937
940
936
930
908
914
920
937
966
928
926
932
954
948
919
926
951
927
939
929
926
949
922
924
937
929
944
936
926
933
915
914
927
937
937
948
912
930
925
907
925
944
918
895
942
924
923
910
936
948
919
925
925
930
924
919
921
924
916
927
926
944
938
949
909
916
935
928
936
937
933
945
938
957
927
932
911
903
926
947
929
939
915
930
932
917
941
923
928
944
931
934
929
950
941
916
919
944
927
945
923
926
913
945
939
931
949
915
928
926
935
912
934
920
915
948
958
942
927
927
933
921
939
928
926
925
924
946
918
939
935
927
934
946
933
932
932
928
919
945
920
928
941
937
915
933
932
912
926
929
924
930
929
934
930
917
920
924
937
934
920
931
930
928
926
934
946
936
937
931
937
928
931
928
933
930
907
930
949
909
933
931
932
909
936
940
942
930
919
955
915
938
932
937
917
935
930
944
943
935
936
941
922
927
909
901
940
949
920
931
937
937
931
936
945
926
950
905
922
913
929
919
919
916
955
942
933
952
944
933
934
927
937
918
916
926
949
934
943
934
929
935
928
934
944
927
940
945
927
927
916
944
925
927
939
965
921
936
932
942
934
941
906
921
934
929
935
945
956
936
928
945
937
941
910
947
920
931
936
916
922
946
935
921
944
936
946
925
894
946
939
931
945
936
921
918
934
915
917
919
917
934
936
938
912
923
930
926
955
937
922
939
910
932
940
939
930
911
935
943
909
932
916
937
944
917
943
934
952
940
923
935
947
938
921
926
914
949
915
926
932
941
933
934
918
932
933
924
939
931
919
911
925
917
929
923
927
923
901
939
944
930
938
911
937
930
922
917
910
939
941
906
945
923
926
910
915
920
935
928
934
927
920
946
935
919
940
920
923
942
940
939
926
946
919
939
924
940
921
915
937
919
933
937
913
943
934
919
924
930
952
939
921
934
938
939
945
951
935
928
939
919
927
946
932
936
926
917
929
948
918
943
926
948
938
929
950
938
943
930
930
924
945
935
938
942
952
938
932
917
909
937
926
928
939
925
946
942
937
953
914
940
931
944
910
937
948
925
928
948
923
925
934
940
915
923
932
947
928
935
945
942
938
936
932
953
932
949
930
918
919
929
931
932
911
933
936
939
937
930
937
937
928
942
918
928
944
939
926
948
934
930
929
929
930
924
919
940
941
931
924
913
927
915
930
933
932
931
948
921
914
922
930
931
937
955
917
952
938
947
926
913
912
919
928
933
916
941
938
939
944
934
934
915
934
934
940
925
944
924
922
944
924
938
948
941
917
933
923
939
942
920
949
923
935
926
914
921
924
942
937
925
958
924
923
928
927
927
924
916
920
936
917
924
939
933
942
935
939
931
922
915
909
956
930
922
934
924
927
926
938
930
936
938
932
931
926
938
914
930
937
940
950
924
943
939
918
936
921
934
929
939
931
922
929
926
918
932
944
945
937
942
940
940
942
943
944
924
947
923
935
928
933
938
951
926
917
918
929
912
917
950
906
919
931
919
928
917
933
952
940
940
931
947
943
938
913
937
951
929
948
940
938
942
927
925
934
941
921
934
916
939
928
940
925
948
939
928
927
921
922
931
939
922
945
956
935
932
934
917
935
913
953
929
928
926
931
939
914
924
932
949
949
933
923
943
922
950
921
941
932
918
930
929
931
946
933
942
933
939
931
931
912
937
949
918
941
962
922
909
929
943
951
928
909
928
913
929
940
961
931
903
931
913
920
919
927
931
927
941
941
926
914
906
920
924
935
941
930
920
914
916
938
925
934
908
949
930
914
923
929
921
945
915
926
937
938
936
912
935
933
922
919
918
929
927
921
922
940
911
936
940
907
940
941
949
927
928
911
923
952
915
932
940
932
935
920
939
951
924
923
931
943
930
940
940
936
938
945
934
937
948
924
930
933
936
912
929
930
932
946
954
944
952
934
952
912
940
923
929
940
934
934
935
916
957
928
942
953
924
936
920
932
916
940
946
942
918
929
926
917
914
935
936
930
909
909
941
927
936
907
946
927
939
938
938
951
942
916
944
924
929
930
925
949
929
938
954
938
923
942
935
916
922
968
949
942
941
937
914
913
916
926
926
925
930
940
926
945
930
923
936
953
919
929
949
927
953
921
933
936
933
941
953
927
926
928
920
916
923
932
921
951
957
921
939
926
925
950
949
953
948
927
926
929
921
934
926
910
935
921
949
939
928
919
933
944
928
933
930
935
919
903
940
927
928
945
939
928
951
948
928
933
940
939
930
956
922
916
937
943
922
939
924
931
920
937
938
928
942
942
938
932
941
953
932
938
940
943
954
915
909
932
921
923
918
925
935
939
951
930
927
954
938
907
929
928
932
936
929
939
945
942
929
942
969
935
935
926
940
953
926
935
930
940
927
925
924
922
945
924
946
928
930
925
920
935
932
938
933
950
927
922
938
945
927
945
911
928
919
920
919
957
923
936
952
934
909
926
946
935
940
957
929
939
937
932
934
922
921
930
934
925
933
918
950
949
935
933
945
935
929
916
945
930
927
924
937
935
926
932
952
940
938
926
914
924
918
927
934
933
935
931
919
940
935
925
941
935
927
925
952
928
929
947
953
935
929
950
930
935
938
940
937
955
923
924
919
933
935
926
926
921
946
935
948
948
942
921
936
940
922
949
942
941
947
937
933
950
953
944
938
920
942
927
931
923
923
918
939
924
936
941
919
918
914
935
942
935
937
933
930
931
926
935
937
919
929
939
920
927
931
922
925
928
921
931
919
924
956
922
937
936
938
935
941
935
915
926
936
933
935
929
922
918
948
912
935
917
944
916
917
919
934
941
927
918
921
931
930
934
919
953
934
943
951
940
930
923
942
925
933
935
943
929
934
945
911
933
927
937
922
945
932
912
941
904
919
932
910
911
922
925
939
931
939
933
931
927
929
934
959
931
946
931
929
934
930
930
931
931
939
928
934
916
937
940
943
916
927
927
939
922
933
939
935
943
929
919
924
923
946
924
929
927
931
907
945
913
928
941
933
941
926
928
924
909
929
919
938
939
937
938
947
937
922
926
917
939
942
943
937
931
919
921
925
928
948
945
920
923
922
915
928
914
944
936
936
937
928
937
927
938
943
922
940
931
958
926
940
937
932
941
924
929
920
939
951
925
915
928
930
928
945
939
931
930
899
949
942
923
921
939
934
954
931
936
929
932
915
916
904
935
943
947
931
941
945
915
929
930
923
919
913
916
921
927
936
931
925
948
945
933
937
946
933
922
945
914
931
923
926
938
938
937
956
941
929
943
939
944
939
941
937
923
934
920
945
971
933
934
927
950
952
949
929
919
927
918
940
919
932
920
915
925
934
940
931
944
934
933
934
939
937
921
931
943
942
922
934
938
930
937
936
943
939
937
947
925
934
931
944
925
926
913
930
952
940
954
937
913
956
950
918
921
928
951
916
926
943
930
940
916
926
943
940
916
912
939
918
942
924
934
930
924
952
922
944
936
944
941
920
933
924
943
930
915
943
954
933
920
932
912
936
933
929
932
935
928
914
932
936
911
910
932
920
922
933
925
932
929
929
942
925
917
932
911
932
945
934
929
948
929
926
952
941
936
941
937
933
921
916
931
928
932
947
931
925
932
911
920
931
930
912
939
944
939
918
918
937
917
922
925
928
937
936
935
928
935
931
940
922
928
935
929
922
938
933
930
924
929
923
945
954
924
942
937
928
916
936
918
932
930
917
948
938
951
915
959
924
939
917
947
920
940
946
913
931
944
925
934
936
948
924
925
935
928
911
932
939
919
942
932
919
919
921
933
950
939
916
920
929
933
927
931
942
943
946
935
928
941
948
935
941
925
925
948
919
933
941
924
949
930
937
913
917
953
944
932
939
931
925
936
934
919
927
923
950
938
936
936
922
918
947
937
934
937
931
937
936
921
918
928
926
941
924
927
941
941
935
937
948
937
920
938
935
930
924
920
940
914
932
950
940
924
922
942
939
942
950
917
927
955
944
921
921
932
936
940
916
943
914
940
935
934
911
928
931
927
928
935
941
936
928
926
941
931
928
945
952
923
938
947
946
945
919
943
937
929
929
941
927
946
936
934
933
931
930
922
940
927
929
909
942
920
925
919
935
937
946
940
932
941
947
937
941
941
921
940
930
936
946
950
931
948
941
941
934
938
959
945
926
918
929
921
930
928
933
939
959
941
939
920
936
932
926
922
926
925
929
924
923
918
942
940
928
926
929
945
936
950
951
929
936
927
940
944
938
939
932
945
940
936
961
945
939
936
945
918
939
919
934
933
917
931
927
928
952
937
915
924
931
932
937
958
930
946
944
933
938
944
934
945
904
910
948
913
939
925
952
926
936
931
923
925
935
928
932
943
946
936
945
956
941
925
929
943
936
931
930
940
920
938
930
937
931
928
934
910
926
928
930
937
949
914
926
928
934
934
926
950
937
936
937
941
937
947
918
940
939
915
936
940
917
955
936
936
926
917
928
931
956
936
921
938
926
934
934
917
903
930
963
939
944
940
936
924
924
921
915
937
924
956
919
942
934
928
925
937
942
935
921
929
929
938
921
939
945
934
929
914
933
932
925
937
948
935
929
938
927
933
934
947
934
925
925
947
933
926
933
943
928
923
923
914
936
928
936
930
951
945
932
930
957
927
929
932
944
937
939
928
925
920
919
938
938
941
929
921
912
943
949
957
945
946
930
932
935
939
929
931
936
944
947
923
940
946
941
939
920
942
925
938
929
926
918
944
938
922
932
911
916
947
923
925
923
941
928
947
929
953
922
920
930
929
938
922
939
913
933
921
927
953
935
938
930
938
933
941
937
945
940
946
931
930
931
943
946
929
919
907
927
919
922
926
936
948
938
948
953
924
946
936
936
945
924
944
935
950
929
916
933
925
930
945
928
947
941
935
954
946
944
945
929
937
931
926
943
923
924
917
917
918
921
936
907
938
938
936
934
910
917
926
934
933
925
937
916
927
924
924
947
935
933
918
941
942
927
911
920
929
922
942
933
937
933
941
936
919
921
938
947
945
912
932
935
954
945
946
926
936
931
929
937
944
930
940
937
946
921
933
939
943
928
938
918
920
943
937
923
924
944
946
918
921
914
944
938
933
939
921
930
977
