1065
922
944
936
927
920
944
940
920
964
937
913
916
937
904
934
917
926
927
927
931
931
923
940
946
942
936
927
920
939
928
929
928
932
930
925
931
942
933
924
938
924
946
935
942
925
951
925
935
919
931
944
922
934
940
935
937
924
935
941
931
929
936
912
915
923
942
943
907
933
940
928
946
911
924
943
948
925
937
939
938
946
937
924
927
942
922
927
945
921
958
942
925
922
935
943
935
916
929
920
937
938
926
920
917
917
935
929
929
936
948
941
914
940
916
917
948
910
932
925
945
933
933
940
945
933
915
935
922
932
927
931
919
935
929
928
926
930
945
937
939
914
931
924
917
926
946
918
939
954
944
933
930
919
917
933
930
921
954
936
947
939
936
934
931
931
920
926
923
936
918
918
925
933
921
926
941
943
944
930
926
950
930
926
934
909
916
958
933
928
932
941
922
925
934
914
937
949
927
928
924
928
921
922
932
932
932
933
927
902
943
939
924
913
923
936
951
928
931
927
939
944
938
943
945
946
955
941
922
927
924
909
927
916
913
950
927
940
948
924
949
900
921
945
912
940
922
918
952
937
951
937
919
940
943
926
928
925
930
932
936
955
935
936
920
944
938
921
950
948
947
933
925
935
922
935
936
931
926
910
922
943
937
921
930
932
928
936
915
918
916
943
945
928
914
937
926
921
926
923
955
923
922
919
909
936
929
939
933
938
942
948
923
933
947
934
920
943
963
930
927
912
929
937
921
942
931
945
943
916
902
915
919
949
936
913
932
922
920
938
941
925
938
923
928
930
936
941
937
932
940
917
935
927
914
929
944
938
926
954
943
939
939
948
934
926
910
926
932
940
951
934
923
952
930
928
928
945
927
920
937
924
927
933
922
931
926
948
932
927
923
949
931
924
932
935
941
945
929
939
951
930
929
919
954
939
936
920
933
940
932
921
930
953
941
939
936
930
903
920
935
931
940
936
939
923
924
926
951
940
948
930
921
930
938
929
930
925
941
945
917
945
925
925
933
930
931
936
935
928
909
942
945
926
938
928
928
944
942
947
924
925
938
938
927
922
930
930
943
931
923
948
945
928
918
914
919
919
944
928
929
938
933
942
940
924
931
925
931
953
915
930
939
938
927
946
926
938
930
946
928
941
944
945
929
936
906
926
932
947
933
926
941
950
922
924
907
926
930
933
929
949
923
928
943
937
922
940
934
918
930
926
924
933
914
947
913
935
929
928
949
956
931
956
943
913
945
958
936
937
912
947
923
931
943
941
953
897
926
950
933
920
922
935
924
938
951
930
921
924
913
918
941
923
913
917
921
930
930
937
939
942
948
943
924
925
942
936
941
950
913
925
938
969
930
936
943
937
943
935
931
925
935
936
933
923
916
921
915
919
932
918
942
943
948
923
937
925
926
930
937
926
923
937
925
941
950
924
935
937
934
936
934
925
943
953
927
921
921
933
946
923
937
927
917
932
942
944
934
946
934
926
933
911
913
943
934
909
912
935
935
910
913
924
928
937
932
934
927
931
923
957
944
942
936
943
936
950
941
929
936
932
927
922
916
947
931
925
936
903
929
935
950
932
925
917
915
955
956
935
926
945
933
934
940
930
935
954
936
932
936
927
943
940
931
933
959
934
943
947
928
939
933
937
922
943
917
932
934
925
918
915
929
934
944
934
956
914
933
936
941
940
925
930
940
933
925
922
948
912
925
929
928
939
925
937
928
931
949
933
929
926
932
912
923
900
933
917
940
904
936
907
939
948
919
924
919
932
937
930
912
919
935
923
928
933
932
929
927
918
931
943
943
922
929
941
940
939
940
949
927
928
929
929
922
935
920
927
913
929
933
920
932
939
946
952
941
944
933
944
921
922
941
945
933
933
918
926
946
929
938
938
929
909
938
920
918
902
924
946
953
945
934
956
944
941
938
946
912
923
924
965
934
906
949
932
927
935
926
909
929
942
942
926
946
940
922
915
940
947
940
928
948
904
922
931
930
945
941
931
934
919
929
942
916
967
944
937
926
928
908
937
925
919
925
936
925
953
928
931
936
929
906
936
919
931
932
928
937
917
957
932
928
939
933
946
933
926
916
945
918
935
923
928
939
945
924
932
926
915
920
924
941
920
934
941
923
927
937
937
914
954
930
925
933
929
925
936
922
920
915
928
924
931
931
946
949
930
934
948
939
952
925
924
928
914
923
943
936
952
933
912
918
939
950
942
941
936
929
943
930
938
946
929
941
936
936
939
937
943
923
927
920
923
928
942
949
935
943
937
942
918
939
928
919
919
909
935
929
934
931
938
901
927
945
922
944
924
926
934
934
930
929
935
943
930
935
933
927
922
943
930
940
945
929
949
954
897
940
928
927
941
935
936
930
929
934
949
947
933
944
937
946
931
918
924
921
941
928
928
925
938
933
947
916
931
932
935
934
928
923
951
927
938
941
951
931
930
930
927
930
921
928
947
936
932
940
932
930
917
934
937
943
924
931
940
929
931
931
910
938
940
940
952
929
911
951
918
908
916
937
909
935
942
953
934
937
945
952
921
937
934
914
932
925
950
946
950
951
934
933
937
934
936
917
919
939
927
942
937
942
921
941
906
929
944
950
936
940
939
957
941
932
936
919
931
962
914
938
932
909
904
928
941
955
921
926
945
927
898
926
930
957
940
938
928
932
929
907
946
952
927
932
942
923
946
924
953
925
941
947
934
940
931
911
918
928
925
957
919
936
927
922
936
914
922
924
934
937
925
946
933
924
933
924
925
935
934
921
930
923
932
941
925
929
930
924
915
929
930
920
937
913
919
915
918
914
934
927
930
916
925
955
929
943
940
936
953
928
943
938
944
921
935
928
939
924
927
948
946
925
920
932
946
920
940
945
930
924
917
932
933
934
926
928
945
934
925
920
925
929
934
943
921
931
932
906
933
929
944
918
930
928
930
949
942
926
913
934
929
911
934
953
931
932
940
938
948
921
929
924
946
934
933
935
923
944
936
928
935
950
946
931
928
948
933
921
936
938
928
931
936
934
935
940
923
927
928
944
935
941
930
946
923
931
930
913
922
917
939
929
938
924
945
921
922
939
937
920
941
913
950
926
923
942
917
925
936
935
942
930
940
942
935
926
938
918
934
934
932
931
930
927
927
935
925
923
932
942
956
925
929
944
934
939
925
931
918
931
944
948
927
933
939
931
932
950
949
950
927
940
931
912
916
928
922
938
934
945
934
909
941
931
937
950
926
926
923
931
949
949
956
940
911
937
926
918
942
923
915
958
949
920
930
932
965
914
930
929
940
925
923
926
937
939
941
937
921
926
950
933
945
933
944
937
951
935
921
909
924
923
945
935
916
944
913
921
911
909
907
923
922
931
947
924
934
926
920
909
941
930
947
941
941
925
909
950
952
919
938
922
922
922
917
938
934
935
921
907
937
939
940
933
922
935
937
947
936
931
935
949
939
939
905
929
910
914
933
932
925
932
930
918
903
917
934
935
937
919
945
928
940
954
938
927
936
927
935
943
946
934
934
933
935
936
911
927
938
920
942
941
930
919
923
929
933
926
922
932
919
929
942
935
932
913
953
928
940
938
920
905
935
935
939
909
921
935
941
929
923
935
912
935
928
947
937
899
942
931
919
925
932
929
924
931
936
939
907
946
932
954
933
929
931
941
940
929
932
939
933
925
935
917
941
902
941
960
944
912
919
948
914
918
931
945
930
933
926
939
931
924
925
921
935
933
934
935
910
960
929
927
942
924
935
950
948
921
937
930
949
933
917
932
932
898
937
928
934
926
923
943
932
941
928
937
929
944
919
927
928
936
943
918
926
931
946
907
935
918
917
928
918
911
916
916
941
933
927
918
933
942
933
931
915
922
917
937
939
932
957
953
943
931
950
946
945
943
947
950
929
942
924
942
944
915
940
934
926
948
917
923
915
950
911
922
934
942
938
925
925
939
947
932
922
930
931
933
926
945
941
930
931
920
946
910
920
951
928
939
924
933
946
920
913
934
910
916
941
929
957
939
921
926
920
924
955
941
952
929
930
944
936
936
938
932
915
926
928
929
920
924
924
933
946
927
925
918
940
934
941
927
919
921
930
934
902
952
943
926
937
914
946
940
935
934
948
926
905
927
939
923
933
923
923
938
947
913
922
934
937
910
926
930
912
911
932
926
943
937
932
926
925
920
919
932
935
929
930
931
945
941
940
931
928
919
938
914
931
931
929
928
943
936
919
929
941
946
940
937
931
950
926
932
923
933
936
949
910
930
915
933
941
932
917
948
927
959
944
937
936
948
931
934
937
927
938
941
904
939
922
929
931
947
930
929
915
937
944
939
947
934
937
932
922
911
924
928
919
938
952
914
937
941
949
951
929
934
925
925
929
917
919
947
939
921
927
952
949
932
915
926
930
940
934
922
933
917
919
928
934
937
941
926
944
918
944
948
943
926
923
928
939
931
912
944
942
929
929
933
922
920
935
939
937
920
947
932
939
949
930
931
930
931
936
934
956
954
904
932
919
922
918
910
917
922
950
939
925
928
916
918
924
936
925
928
918
915
933
936
928
915
931
930
928
931
930
929
924
940
936
924
943
966
924
929
941
927
929
932
930
945
939
931
946
947
943
942
934
926
931
945
936
944
931
950
898
928
924
948
937
933
912
921
936
933
925
919
928
943
944
943
937
922
933
923
920
952
926
924
942
930
933
936
942
920
934
924
924
933
935
938
928
941
944
934
920
945
934
915
935
914
926
940
943
910
942
921
937
945
948
947
909
914
915
926
922
928
922
937
915
928
910
933
942
916
930
935
942
932
927
928
923
940
947
946
926
930
924
941
924
930
932
925
909
918
924
953
909
959
930
942
932
949
930
924
929
928
943
952
943
939
945
938
922
916
946
917
937
940
929
926
924
924
945
936
939
933
913
919
941
932
925
935
940
937
948
935
934
936
935
928
940
931
928
929
936
933
963
946
923
942
940
928
934
926
929
931
928
943
929
937
932
932
926
929
909
928
930
936
941
938
940
921
951
932
936
926
919
964
956
930
920
930
952
935
919
904
920
929
943
927
945
935
929
941
947
932
936
921
929
950
942
924
937
935
936
922
923
899
938
937
935
937
948
938
940
919
924
926
949
918
925
933
942
926
945
930
927
920
920
941
939
923
929
915
933
941
927
953
931
922
929
926
940
951
938
941
932
926
927
943
954
946
941
930
932
908
916
932
923
911
919
944
955
930
928
922
944
939
929
919
947
950
940
915
926
936
914
942
944
943
923
928
944
912
919
937
930
942
942
924
935
945
932
950
940
918
930
931
939
924
918
926
926
937
935
920
951
947
927
951
929
930
922
954
939
939
922
910
943
952
926
918
925
941
944
943
946
939
921
929
939
922
933
928
942
912
952
929
922
925
946
933
910
933
923
931
936
922
953
928
936
929
925
924
956
925
921
958
930
914
948
937
944
935
946
945
916
939
940
913
940
939
927
941
934
921
934
936
937
930
918
924
931
932
959
933
930
923
950
928
932
950
926
914
915
924
945
931
909
917
928
928
919
953
907
924
937
937
929
926
942
916
939
938
965
922
910
954
950
925
924
955
940
941
954
938
930
936
932
913
939
931
921
918
949
917
944
928
933
929
934
949
932
940
931
941
941
923
926
946
931
924
902
920
933
951
924
911
927
977
