1065
921
925
941
936
954
932
926
942
941
937
943
927
940
945
932
921
932
937
935
926
908
928
955
923
917
944
925
942
913
940
921
930
947
931
941
940
913
927
924
939
926
916
940
922
948
945
938
913
910
940
954
938
937
943
949
935
934
932
922
912
930
929
933
913
924
921
942
928
935
932
936
937
919
923
934
927
926
922
916
926
928
927
945
925
931
939
937
940
950
953
928
917
935
921
933
920
934
946
935
938
928
941
952
933
923
919
943
939
927
932
910
919
926
910
935
941
938
936
923
921
955
939
920
938
925
937
926
927
923
929
936
924
930
935
940
941
926
943
930
936
912
909
930
912
920
931
928
921
942
939
926
935
930
935
927
925
917
931
936
934
951
932
920
945
914
932
925
951
944
942
922
932
904
936
943
933
929
933
929
941
920
919
951
910
937
920
909
913
945
939
949
911
920
914
928
929
926
930
935
945
943
920
929
955
930
929
935
924
932
900
932
927
917
921
932
948
943
924
926
951
937
943
941
939
928
944
923
922
943
914
913
948
938
920
919
913
932
927
927
926
916
935
910
945
937
943
927
948
914
938
937
915
925
926
933
914
934
940
932
930
940
958
940
938
931
946
942
948
933
934
942
925
929
947
941
912
933
921
917
912
925
941
940
933
947
926
925
940
939
931
918
923
917
947
950
952
938
934
934
935
923
926
918
944
931
932
945
920
924
918
918
927
925
929
940
919
919
922
928
932
924
933
922
924
956
927
930
927
926
928
942
942
930
948
940
942
923
931
917
934
940
939
934
928
928
925
906
927
932
938
929
937
941
935
924
929
933
931
938
934
918
931
931
943
948
925
924
939
940
935
926
935
907
928
928
917
944
941
941
937
966
950
912
912
927
932
926
917
916
932
948
936
900
934
940
926
930
954
945
947
927
941
954
924
928
937
921
925
918
934
921
947
936
921
936
941
917
937
925
922
939
934
932
940
921
926
930
934
930
932
926
930
948
919
918
935
940
932
937
930
954
934
910
917
929
959
932
936
920
932
914
928
932
908
938
943
917
922
920
929
923
913
934
913
929
935
912
936
930
927
904
936
930
934
938
915
915
923
940
933
952
926
933
941
926
919
905
918
936
927
947
919
923
949
941
945
936
922
919
940
939
935
928
922
924
916
937
939
949
932
906
911
916
913
935
939
940
929
936
933
924
933
961
950
928
941
945
933
930
936
924
935
915
929
932
923
932
942
928
931
951
928
927
931
909
927
921
937
948
931
908
929
928
930
938
929
922
936
934
933
947
923
936
933
925
945
917
941
943
925
937
941
942
949
915
922
918
919
929
936
940
929
928
942
943
929
915
934
946
932
941
927
928
930
931
927
938
932
941
938
930
936
950
927
945
938
936
932
937
932
941
932
924
928
920
920
944
943
943
935
942
945
934
930
916
933
929
907
922
910
936
917
936
936
933
951
926
951
947
937
929
945
944
938
931
925
936
919
940
923
912
925
940
928
931
934
941
936
952
936
933
920
930
942
943
924
938
929
938
949
945
955
960
930
946
939
926
933
936
952
933
938
923
943
932
928
954
957
931
944
938
930
939
944
941
920
929
935
934
947
934
924
937
933
946
936
922
942
942
934
931
926
946
918
938
946
934
950
919
940
933
926
929
917
945
951
942
916
947
935
928
943
929
937
932
943
935
909
925
913
914
920
939
931
944
936
897
933
918
925
927
923
939
917
932
915
928
944
917
933
927
916
937
931
942
924
933
948
939
928
914
934
947
907
934
923
932
937
931
938
920
942
933
896
920
936
945
931
941
932
918
944
942
934
923
925
912
927
923
942
922
926
934
936
911
936
948
928
936
947
930
931
927
950
942
934
942
925
938
930
920
918
944
942
930
943
926
929
942
919
936
932
945
929
926
929
950
924
933
916
933
940
930
930
935
936
920
926
931
940
944
944
944
917
926
929
950
924
928
928
915
942
932
936
958
926
940
936
939
930
932
948
954
948
939
945
940
948
934
938
954
944
938
923
929
928
932
927
926
934
923
914
945
937
941
934
951
926
950
919
919
934
937
933
918
915
946
928
920
950
934
945
923
955
922
915
917
915
926
907
928
927
956
945
930
923
923
945
936
920
924
923
923
917
918
923
943
938
937
943
926
941
937
947
946
928
931
928
921
945
960
951
942
916
916
931
934
919
947
922
925
916
946
928
921
933
956
946
922
924
962
919
912
939
936
945
924
935
937
933
933
934
911
907
931
947
930
934
913
942
928
942
924
924
923
922
946
936
945
944
937
950
936
936
929
933
931
945
942
926
931
939
942
930
935
944
912
916
938
921
938
917
939
921
936
933
942
938
917
927
941
933
922
916
938
927
956
945
946
940
920
915
923
930
918
943
943
943
926
926
936
925
939
937
928
924
937
928
955
921
920
930
948
947
943
936
940
961
936
913
936
931
933
931
931
938
935
920
930
933
943
930
924
924
921
935
939
927
918
909
914
925
920
908
929
935
930
935
934
918
930
936
920
927
935
935
925
921
926
933
919
913
916
927
938
926
921
934
928
940
937
929
910
941
936
932
935
938
929
950
936
913
931
932
940
938
951
937
960
930
939
930
920
934
936
961
941
935
919
929
954
925
928
919
936
931
912
946
943
932
921
950
932
940
944
942
929
925
951
939
939
938
927
949
928
921
945
948
926
934
939
933
956
932
928
921
927
922
922
917
894
903
912
946
944
912
917
942
925
934
936
929
938
921
922
923
914
906
936
941
929
935
934
919
941
937
951
923
932
926
930
918
922
933
946
935
907
919
945
931
951
935
935
938
951
934
915
948
945
939
946
954
930
924
919
929
923
915
936
933
925
937
943
932
941
935
930
923
940
923
928
946
939
930
918
924
946
946
944
928
928
949
948
921
939
924
916
903
911
927
948
923
939
924
926
926
940
944
951
924
927
932
915
923
921
930
925
923
940
934
917
925
952
936
948
934
927
941
939
929
924
939
915
934
938
928
923
920
931
921
944
932
910
921
937
941
924
926
920
942
919
933
934
941
898
920
934
929
926
936
947
928
911
915
928
928
929
941
940
936
945
937
928
943
921
923
938
943
941
928
925
928
919
949
939
935
924
938
945
946
913
942
930
943
941
931
926
940
938
945
915
948
956
937
931
926
931
943
932
936
917
929
932
942
929
937
952
935
931
929
949
943
934
930
946
927
937
928
907
924
935
942
963
941
931
948
911
935
929
923
929
932
954
926
931
927
923
925
934
927
947
925
948
938
934
931
934
948
932
933
945
937
931
942
938
935
927
961
934
938
947
902
941
920
901
927
929
934
933
934
931
917
948
951
932
934
921
945
929
908
924
930
939
944
943
953
937
924
931
937
960
941
930
927
927
932
934
945
946
919
928
950
930
929
933
955
946
947
933
928
925
908
940
950
905
898
934
935
947
936
941
932
920
924
931
924
926
935
924
950
927
923
941
913
936
907
921
938
948
941
930
942
945
925
914
950
907
947
942
925
915
939
936
931
936
934
937
939
931
939
944
937
934
923
931
935
952
928
920
949
928
958
936
925
928
968
950
927
930
948
936
944
923
920
920
923
944
924
934
936
932
916
940
949
939
937
935
934
919
920
917
923
933
940
931
931
928
925
933
925
943
919
935
921
927
927
943
939
940
929
898
933
923
924
933
938
932
925
949
935
903
920
917
928
942
922
935
930
944
926
925
932
938
942
947
941
946
921
941
929
941
920
930
949
931
938
943
944
923
936
936
952
927
949
935
930
930
945
943
934
942
947
936
927
934
951
941
900
936
937
943
943
911
933
918
946
931
930
946
923
906
924
919
915
939
947
942
928
939
917
928
943
947
915
943
925
943
936
927
942
963
929
942
936
938
925
934
919
933
910
929
921
918
937
941
955
945
913
944
937
941
954
946
942
911
927
927
926
938
938
947
948
950
936
911
930
934
927
927
937
920
940
938
930
952
935
936
932
922
917
914
908
921
961
925
926
946
919
919
917
906
911
920
925
927
944
931
943
924
899
923
924
929
944
925
936
936
947
949
933
922
934
936
954
920
941
914
932
927
948
941
928
939
942
950
956
955
910
929
924
922
943
939
933
943
912
939
925
949
918
946
927
932
938
913
924
956
929
941
940
941
942
941
950
942
939
920
926
938
957
939
912
931
937
937
939
930
944
936
930
913
925
940
938
922
923
946
921
935
938
921
902
909
929
942
925
938
941
908
917
930
928
951
935
933
921
945
926
928
947
923
922
947
940
949
924
919
925
942
921
945
936
935
936
920
943
951
918
945
936
938
928
935
944
923
929
953
931
937
936
939
934
919
922
942
946
916
937
942
934
924
937
936
939
936
923
934
924
940
924
937
934
929
923
939
936
943
932
933
935
926
940
943
944
932
944
939
942
921
930
922
919
928
934
925
941
930
929
953
925
928
940
933
932
936
943
927
923
925
951
955
929
949
940
942
922
954
940
942
931
923
901
943
952
930
922
952
927
945
954
929
935
940
939
944
958
923
944
907
942
929
938
906
913
923
934
944
927
925
926
941
926
931
934
939
939
944
944
922
933
919
904
940
925
908
936
940
948
951
934
936
930
924
918
923
918
932
930
916
916
933
924
918
933
912
930
921
941
939
939
954
936
941
932
932
916
944
935
948
954
965
937
937
946
932
921
899
925
945
941
925
950
948
938
945
940
927
935
947
933
918
934
944
903
958
943
935
937
919
943
932
932
930
934
921
949
941
936
944
946
931
937
957
914
933
944
926
931
951
935
951
942
930
952
923
922
921
948
952
908
925
946
913
910
924
940
952
951
936
930
936
948
936
944
928
922
949
928
935
912
925
921
908
934
915
924
947
933
921
929
939
938
931
943
931
939
934
928
946
926
926
945
923
948
904
933
931
944
939
933
935
957
929
927
953
935
934
934
949
920
926
945
948
908
929
941
943
904
943
911
930
897
934
924
917
942
924
936
918
963
937
934
929
919
915
934
921
928
945
926
918
935
930
929
944
932
938
934
932
941
946
925
947
922
940
936
944
922
925
928
935
939
943
930
928
929
943
933
942
952
920
917
929
949
910
934
932
932
914
935
925
958
941
928
920
912
943
935
961
948
922
945
913
935
937
949
927
941
934
931
936
930
943
921
938
948
936
956
945
909
919
935
915
947
932
942
913
933
944
923
943
942
949
953
914
925
925
932
945
941
938
924
925
925
927
933
909
936
926
938
934
930
926
944
944
945
925
930
951
947
944
934
949
935
940
930
957
927
933
938
910
895
941
927
936
916
937
932
935
933
930
923
915
944
934
920
938
941
931
932
945
944
939
935
935
918
933
932
927
936
939
927
930
937
931
928
918
925
928
950
937
925
925
941
930
946
950
941
932
937
941
914
929
937
933
926
937
946
923
923
928
916
917
944
939
918
936
926
944
921
947
926
928
925
937
950
928
924
940
904
942
938
959
952
944
948
936
926
923
932
932
950
949
947
930
933
931
947
921
912
934
906
941
913
935
935
935
936
941
926
920
916
939
932
941
930
947
948
940
944
923
927
937
930
934
940
921
922
937
937
927
936
927
918
943
924
946
946
934
913
929
947
943
940
944
933
931
921
933
949
939
948
939
923
927
935
936
931
921
937
917
917
935
936
939
942
950
942
948
936
930
915
913
933
941
948
935
905
944
978
