1065
923
918
924
909
921
938
931
938
957
920
924
950
940
933
922
932
946
929
935
940
930
940
941
927
942
916
928
941
941
922
908
912
935
932
937
932
926
942
944
927
941
904
921
914
913
945
928
928
932
940
926
935
944
924
947
930
937
917
935
930
937
926
935
914
952
943
925
916
921
928
939
943
953
937
935
934
946
935
937
938
950
953
938
917
922
931
926
934
938
927
934
916
944
941
937
929
923
908
925
935
929
918
940
938
921
928
929
924
933
934
922
925
915
930
935
933
936
934
916
926
915
942
934
947
930
927
921
916
914
931
910
921
933
928
938
931
923
924
943
926
930
915
926
936
927
931
923
912
918
946
922
926
942
935
941
931
949
923
934
935
929
924
917
928
924
936
923
923
930
924
935
955
932
946
930
944
939
933
928
940
932
928
951
933
920
922
927
934
924
922
912
929
934
941
942
938
941
937
940
966
937
918
940
918
953
919
931
931
933
941
933
927
933
931
956
921
931
930
940
928
921
936
927
922
921
929
909
959
944
934
926
938
929
942
934
933
946
947
947
936
953
928
931
939
926
936
940
934
919
922
937
917
937
938
923
928
948
932
940
933
938
937
938
901
919
933
936
933
918
921
931
929
916
935
914
942
924
922
917
940
941
921
929
933
929
924
906
954
924
930
943
944
939
926
919
915
925
932
938
910
937
922
934
938
908
928
924
934
942
934
939
947
946
932
921
921
936
910
949
947
942
926
918
921
932
937
936
932
929
946
941
913
921
931
925
927
932
918
938
949
919
944
924
946
923
918
932
932
941
932
903
951
942
927
940
933
929
937
934
918
925
925
936
919
931
955
911
921
929
918
927
930
927
945
921
934
933
929
929
936
921
910
910
941
923
936
933
949
923
938
932
935
916
931
929
946
945
962
921
938
934
944
933
922
938
944
941
935
940
949
943
932
945
923
937
943
954
958
944
930
924
931
938
928
919
945
928
944
931
921
953
915
934
933
926
926
940
933
945
935
934
937
942
931
914
916
927
933
937
938
931
914
932
934
945
900
913
951
920
932
920
921
965
949
948
938
922
951
945
925
925
936
938
932
951
937
947
922
930
922
943
932
924
934
929
923
935
933
929
937
934
927
932
936
913
935
930
932
952
966
940
927
908
925
912
931
936
943
927
933
918
948
928
931
928
917
939
919
926
936
932
926
924
935
957
922
925
923
930
933
942
942
925
941
925
927
924
942
930
921
922
934
936
935
939
932
942
927
946
921
906
940
932
933
916
916
920
923
939
911
923
924
952
970
923
940
945
924
940
932
929
952
933
925
926
903
934
921
945
937
943
930
923
941
934
956
913
916
930
903
902
938
938
896
918
932
953
948
942
940
935
936
923
909
928
919
938
919
929
914
935
924
933
922
923
907
931
934
914
917
908
939
922
919
929
917
925
946
926
921
930
938
947
942
929
916
933
916
913
949
941
933
930
926
930
948
924
916
910
934
928
932
937
935
940
944
933
929
924
920
950
971
932
926
964
937
909
954
934
941
925
933
925
929
941
930
925
925
941
943
921
928
928
925
946
940
938
928
944
937
925
943
930
935
940
921
925
914
926
945
930
943
936
939
920
926
938
936
929
920
917
925
948
932
946
944
948
921
930
937
932
938
938
929
919
953
934
924
923
924
926
933
932
927
936
934
915
941
934
905
908
943
925
908
929
926
929
946
945
923
940
926
928
922
910
933
962
904
945
923
935
930
931
928
937
931
928
914
945
923
951
923
920
937
938
938
940
940
920
929
926
943
915
915
927
922
925
942
929
947
933
940
930
940
929
931
916
933
935
930
928
941
949
941
934
933
921
948
930
920
950
936
925
958
940
921
936
923
918
940
944
930
934
941
924
937
959
905
923
923
938
922
913
918
936
930
923
926
921
931
936
912
938
941
941
911
936
923
930
930
930
920
956
921
938
915
938
923
924
926
913
925
943
939
941
928
935
919
936
927
931
911
955
933
911
939
937
943
959
942
950
932
930
926
919
909
922
918
934
939
939
919
934
923
922
937
937
936
935
925
933
930
917
952
948
954
928
927
938
929
922
913
923
925
910
928
919
938
955
919
919
932
933
940
915
924
939
934
921
920
927
938
921
943
941
948
934
923
936
920
934
931
931
930
926
928
939
920
928
937
926
938
922
944
937
946
924
923
929
932
941
948
930
934
939
937
900
926
913
922
954
940
930
925
914
936
949
951
948
922
938
944
934
921
930
922
937
928
937
939
959
948
961
956
930
945
926
934
924
926
940
933
933
955
950
950
944
898
933
939
926
924
932
925
919
930
938
923
940
914
939
927
929
930
920
939
932
907
930
923
939
945
922
928
932
922
927
940
948
942
915
929
917
938
938
928
922
927
953
944
955
937
927
938
915
937
935
937
930
925
925
929
916
950
935
929
910
937
928
929
916
932
938
923
922
910
927
917
909
920
927
923
923
934
916
929
925
955
926
934
918
941
936
936
916
943
954
929
920
938
931
910
931
941
929
932
933
931
939
928
924
938
932
937
928
930
934
923
940
930
963
935
908
936
939
958
956
932
923
926
938
909
917
944
925
912
932
936
927
939
942
937
954
921
913
921
929
952
928
916
936
942
937
934
928
933
938
942
929
951
936
931
926
926
941
932
898
943
929
942
942
930
928
931
923
923
935
940
926
941
941
948
925
942
944
925
939
935
934
935
934
943
934
931
929
931
935
951
946
942
940
907
939
941
942
945
941
929
902
920
927
956
930
949
945
936
953
932
935
932
956
920
947
923
916
927
940
944
941
927
915
924
925
932
913
934
918
944
933
924
914
936
916
920
933
946
938
936
940
932
912
927
917
931
939
922
931
931
931
917
927
935
934
940
933
931
931
925
918
911
922
946
923
920
915
942
921
903
930
934
941
935
942
924
935
926
913
928
929
935
950
957
938
923
957
900
934
932
925
912
951
939
930
949
948
943
913
937
943
917
939
920
939
932
918
911
933
946
950
946
957
930
936
925
935
901
926
942
933
945
927
926
946
941
933
911
913
934
937
933
944
933
924
915
936
933
941
942
936
925
928
937
940
920
928
933
927
932
921
928
929
948
942
923
922
915
944
943
920
938
930
920
945
926
931
931
938
941
918
939
945
941
948
920
941
931
941
947
901
921
942
921
936
942
934
928
931
950
932
933
928
925
944
934
924
940
939
928
926
941
920
944
953
940
922
933
928
925
935
933
943
913
927
958
934
935
946
925
945
917
936
923
939
946
938
925
933
926
915
914
934
931
923
927
921
924
948
932
947
943
937
918
948
918
924
936
928
927
931
938
942
931
930
929
941
938
895
916
940
930
924
921
939
934
927
935
945
922
933
923
929
913
907
930
927
927
930
941
939
922
934
920
936
917
920
924
924
930
938
919
934
937
917
945
945
925
938
924
941
921
935
930
930
939
937
917
923
912
934
927
932
946
929
938
934
945
949
932
932
927
906
945
940
937
932
931
933
926
936
933
952
925
942
933
925
931
915
927
929
927
938
946
945
915
942
947
928
921
944
930
938
944
930
930
946
927
935
919
936
941
941
920
913
919
927
939
931
921
944
940
936
922
934
938
937
932
932
907
933
914
921
928
935
931
921
924
928
900
937
927
943
931
922
939
925
939
937
940
929
911
940
938
924
943
937
933
939
924
925
937
943
927
924
921
919
951
925
932
934
942
938
931
917
920
923
954
951
942
928
942
935
924
939
929
921
943
950
909
928
919
917
926
897
924
923
931
938
940
900
950
915
905
931
945
951
933
954
930
923
928
932
936
941
932
933
932
926
942
941
939
946
934
934
951
940
921
928
952
926
936
942
917
944
948
918
950
944
940
926
923
905
944
948
941
942
932
922
918
929
908
926
929
934
939
933
926
928
949
947
950
937
922
925
949
932
930
957
905
907
929
921
945
955
917
940
940
910
935
931
922
913
926
921
935
943
941
941
934
949
936
939
934
929
933
923
938
929
934
928
952
935
937
945
948
939
938
954
920
934
904
950
942
922
941
926
945
930
932
941
929
926
933
935
929
934
918
918
939
932
920
929
935
954
926
931
933
908
932
935
930
945
923
925
956
912
931
945
949
942
925
945
941
934
923
931
911
927
937
936
917
943
957
936
934
938
948
924
917
920
953
928
909
933
943
916
949
957
926
933
924
930
911
945
929
934
927
923
936
938
923
942
948
937
936
927
940
943
937
937
924
931
938
930
945
931
939
941
935
918
940
921
926
932
930
903
937
928
924
915
928
920
947
919
939
938
911
923
930
921
949
917
930
920
933
937
925
925
925
943
943
945
926
911
937
930
949
926
931
945
928
937
940
927
921
933
910
929
926
937
950
917
951
930
929
920
934
923
916
939
923
915
923
931
927
929
943
917
917
936
952
950
949
952
946
934
920
929
917
926
924
937
950
929
939
937
928
948
931
942
928
932
915
953
940
933
922
936
927
916
918
942
942
925
907
939
930
911
929
919
935
943
925
924
933
924
941
937
939
920
948
943
930
930
923
924
931
941
935
946
932
930
927
932
917
933
920
934
946
941
955
929
940
933
938
942
941
940
932
934
929
922
951
945
921
912
934
938
920
935
946
921
924
929
925
918
914
940
933
929
938
942
931
952
929
942
926
937
935
917
932
931
926
931
945
938
933
933
921
968
935
937
948
918
928
920
939
926
952
920
921
928
928
924
930
928
926
944
952
919
926
922
924
933
932
943
915
924
926
940
923
920
935
932
934
943
944
915
938
917
925
920
935
952
921
920
919
929
924
922
913
934
932
935
925
924
941
946
929
933
933
940
936
944
940
933
923
928
907
944
940
940
946
939
921
923
948
940
920
915
922
916
945
938
933
931
936
921
940
921
960
943
925
933
913
916
923
941
941
953
928
920
944
945
933
936
921
920
937
943
956
945
932
946
947
938
937
935
924
936
946
942
929
920
931
939
931
928
950
946
940
925
949
941
922
933
945
910
919
925
928
924
921
938
923
938
931
920
940
922
928
935
924
917
955
928
939
928
927
920
917
933
930
924
927
915
945
937
930
934
930
917
933
918
930
935
937
930
935
948
935
936
928
925
909
918
925
935
919
939
936
916
942
926
923
925
927
950
937
935
935
930
934
957
939
933
919
935
925
925
923
947
913
923
928
917
911
929
924
932
928
934
937
946
941
933
928
925
930
940
931
921
943
939
935
946
921
918
938
926
939
937
920
938
950
927
943
938
924
912
931
918
918
923
919
943
930
915
934
918
938
919
924
935
916
916
932
905
940
923
935
927
918
935
915
923
940
919
926
936
934
936
924
955
929
955
929
921
939
934
935
947
936
924
937
942
924
939
922
923
934
933
927
926
942
919
931
938
926
917
922
925
929
938
924
936
935
925
920
922
920
952
936
928
926
914
939
927
926
934
931
935
938
925
958
926
929
923
925
950
929
933
935
918
911
931
913
926
920
935
935
943
913
927
945
925
932
922
931
945
935
932
934
929
894
937
931
927
946
947
907
923
936
927
922
932
946
943
944
942
923
935
917
936
930
940
914
925
916
922
931
954
922
907
917
929
925
933
941
938
927
940
937
923
946
938
929
932
945
913
927
933
929
930
926
921
947
943
930
925
943
925
929
950
931
951
937
932
948
953
936
912
925
942
936
925
937
917
918
930
976
