1065
920
930
912
909
934
935
939
940
948
944
939
923
931
928
943
942
927
920
928
931
938
932
940
905
920
927
926
923
936
944
939
912
917
921
935
927
945
932
912
915
917
936
951
945
948
928
931
931
935
939
933
934
922
943
946
927
932
931
919
923
953
932
918
903
915
940
937
930
939
941
927
919
943
919
935
933
945
921
913
929
927
931
947
926
927
925
947
937
915
934
930
936
929
929
928
915
937
935
938
925
941
926
921
941
946
926
935
928
943
935
949
930
934
933
911
917
923
903
933
939
947
944
939
922
935
929
946
924
918
930
930
933
942
921
937
947
950
917
926
933
948
943
935
923
920
944
913
932
924
939
936
934
940
924
946
935
945
943
928
942
924
926
932
925
919
921
933
923
926
923
946
920
952
937
934
920
935
927
927
953
926
958
927
933
926
939
931
937
933
926
931
927
917
928
947
922
912
927
909
927
944
929
949
933
929
950
925
932
922
914
927
917
916
936
941
922
931
923
928
953
920
942
931
929
927
940
925
931
931
931
921
938
921
898
924
928
931
936
947
943
938
913
928
964
934
925
925
934
929
936
946
917
928
935
930
970
945
923
943
912
926
927
933
927
951
934
931
936
918
930
928
935
932
932
932
938
935
926
931
919
934
915
927
936
925
908
913
954
914
924
936
937
939
944
926
933
926
935
942
936
943
924
941
937
927
933
913
910
942
939
932
919
942
955
916
917
932
931
928
932
932
923
939
923
933
911
936
955
928
927
916
917
951
933
942
929
938
919
921
913
938
946
943
925
947
925
933
931
937
964
932
933
939
909
932
928
940
923
945
934
926
927
955
928
947
930
925
914
926
917
939
905
945
917
936
910
924
920
941
940
925
940
912
913
927
933
948
955
918
944
924
907
937
932
917
942
937
955
923
946
911
929
917
945
953
913
922
937
957
951
939
931
946
934
934
937
937
934
921
933
936
938
947
954
903
938
944
945
959
931
929
941
925
937
907
935
924
927
929
930
945
911
925
939
918
929
932
923
936
929
916
942
935
911
927
950
918
935
915
953
928
924
929
913
923
925
949
936
920
928
932
931
937
924
937
931
936
922
923
931
909
938
934
915
955
925
960
934
930
925
925
942
935
932
934
939
933
926
947
924
932
933
922
934
917
939
923
931
929
914
930
931
929
937
936
912
920
937
935
908
932
936
927
925
936
925
928
920
914
928
934
919
927
937
918
925
915
949
938
918
919
919
927
930
932
934
928
938
928
936
933
933
919
948
928
908
921
914
928
945
937
922
927
911
926
919
937
934
911
944
927
932
922
926
932
951
927
926
929
937
931
912
917
943
929
920
942
930
925
931
939
918
921
911
940
946
919
948
924
948
929
915
948
942
939
949
942
940
920
926
939
941
944
934
914
936
923
926
957
948
940
916
931
935
910
922
924
916
925
927
932
936
938
935
911
913
925
932
914
935
931
938
930
936
946
933
953
934
929
941
933
935
921
937
917
949
932
936
920
933
923
940
905
940
935
927
943
914
952
936
939
927
929
923
949
931
926
922
937
914
930
934
900
937
965
933
930
948
920
936
937
939
921
922
925
921
930
944
932
939
937
950
943
927
948
941
949
927
936
932
931
931
932
933
938
916
937
931
945
949
929
956
936
940
913
925
940
919
924
920
926
935
937
937
951
936
912
923
939
933
910
927
923
947
931
945
950
932
943
937
922
959
932
941
938
903
919
936
933
937
939
939
945
940
921
928
937
933
926
948
934
953
928
953
955
942
938
941
937
930
914
935
928
935
927
945
925
921
932
941
924
930
935
922
949
932
949
940
922
950
931
933
913
945
941
939
930
928
918
930
937
910
913
941
927
926
938
931
936
939
928
950
933
911
948
941
922
923
927
941
940
938
921
942
920
947
926
928
936
928
945
925
931
934
942
943
931
913
917
928
927
940
930
948
944
931
933
926
943
936
930
923
954
922
928
948
932
943
910
931
937
937
935
920
914
920
939
930
927
914
924
941
923
916
907
927
936
925
915
926
934
932
921
940
928
942
935
914
919
931
926
935
936
935
923
927
908
932
919
932
946
939
933
936
942
911
916
921
928
933
926
938
918
919
939
941
935
922
952
932
923
948
929
937
945
930
929
940
924
936
921
920
937
947
929
931
927
941
924
914
940
913
953
935
926
918
918
913
936
938
938
937
935
928
917
937
941
921
935
944
924
930
925
939
927
940
951
907
942
916
942
917
924
931
943
930
921
902
941
933
944
962
940
953
934
950
914
913
946
936
930
926
910
916
933
921
946
939
942
911
948
924
939
937
912
928
942
928
944
928
923
930
936
948
948
939
943
935
928
925
963
952
937
940
924
928
949
929
933
935
926
929
933
913
924
935
943
951
934
933
942
950
928
928
941
931
938
940
924
939
914
923
930
931
929
930
924
945
941
959
928
939
935
946
922
936
940
946
954
943
910
926
920
934
931
939
936
929
935
928
908
940
942
913
940
930
926
947
958
954
935
932
925
932
941
922
926
930
908
903
942
936
912
945
935
941
920
925
934
927
953
911
926
924
935
954
933
921
928
920
920
930
922
946
934
914
924
941
934
941
928
928
930
949
936
914
918
919
932
947
930
928
946
936
922
943
933
949
941
930
946
926
920
908
932
945
922
929
920
943
939
951
938
932
913
917
931
944
952
938
949
937
950
918
948
947
934
938
910
915
949
924
936
936
925
928
944
925
961
925
942
925
936
942
955
932
931
931
921
917
913
951
937
938
941
923
925
950
931
927
921
935
929
936
951
909
931
930
952
930
935
921
934
959
946
933
914
931
931
938
934
929
913
921
942
924
937
934
927
936
938
919
931
930
930
920
940
943
926
943
944
927
916
906
922
923
946
941
928
933
936
925
950
933
924
933
933
936
940
927
922
925
930
923
923
934
920
933
936
919
927
926
940
934
931
926
915
930
940
940
928
954
938
935
923
916
940
926
924
923
947
936
935
940
938
942
920
906
931
914
938
936
925
933
941
929
948
923
938
913
915
944
928
924
932
915
933
929
909
949
944
946
932
949
919
924
925
933
928
932
930
929
940
956
926
940
939
945
934
948
936
927
930
929
920
930
920
927
932
936
935
933
956
946
943
923
935
928
915
944
952
953
925
923
921
930
928
930
946
940
928
925
928
930
932
922
951
939
928
935
945
930
929
918
921
936
929
950
928
921
931
929
931
941
937
949
922
937
934
942
927
923
942
943
937
922
929
930
935
911
926
912
919
944
945
939
932
921
934
933
933
928
955
950
938
921
939
931
926
937
939
925
944
945
945
922
922
930
917
928
933
946
938
927
925
933
927
921
928
938
912
925
926
927
924
937
916
929
923
913
924
938
938
932
912
912
916
916
923
928
920
939
950
951
927
935
946
927
952
920
934
918
891
915
912
905
935
922
934
948
926
940
937
940
940
927
909
916
938
943
924
938
938
947
921
947
936
932
923
923
932
926
934
940
935
910
936
942
949
940
928
916
932
917
934
921
930
916
922
946
926
931
924
936
948
947
920
938
938
926
930
914
925
946
945
923
929
914
940
922
933
913
922
898
937
954
920
940
926
938
938
925
937
936
946
936
930
934
945
934
928
931
938
917
926
923
914
919
932
927
929
908
931
928
926
934
933
928
925
920
938
925
918
936
934
941
916
937
914
945
945
939
927
942
945
947
937
945
924
963
929
929
918
946
930
936
923
950
942
945
930
923
915
929
915
933
914
937
932
916
926
943
903
923
924
920
922
927
930
953
941
932
949
963
934
948
916
933
922
933
918
949
933
950
930
936
954
908
932
913
930
921
939
941
923
958
944
940
962
922
928
937
931
940
943
939
905
935
942
912
925
934
924
946
959
947
947
930
926
939
948
942
942
937
920
928
925
920
939
941
948
953
939
930
932
932
923
940
929
935
927
940
932
935
925
928
950
925
916
915
915
954
920
934
929
933
933
941
952
940
956
956
928
945
931
927
915
925
932
915
934
924
944
918
931
929
918
944
917
935
928
930
944
940
922
932
947
942
942
937
946
928
914
926
939
940
923
939
926
939
937
924
944
952
925
911
920
928
929
935
940
941
939
932
930
926
931
934
940
937
931
933
916
940
953
909
921
938
945
942
921
932
942
936
925
944
950
923
932
937
919
920
931
931
941
932
962
947
935
939
935
926
951
917
932
938
938
924
933
945
936
922
918
940
949
920
937
923
921
915
924
941
941
937
936
927
925
915
942
944
933
937
941
939
941
917
946
910
934
923
939
941
923
924
939
917
929
933
925
937
922
943
931
951
928
941
937
914
940
918
911
928
943
944
934
924
935
944
934
934
947
931
933
938
943
941
939
926
933
935
933
923
932
922
940
929
925
912
925
921
912
922
944
910
934
917
935
940
918
904
923
919
926
932
940
934
944
928
943
923
942
938
923
941
934
941
922
913
914
955
937
944
940
934
939
921
951
934
933
944
930
938
931
943
927
935
929
946
926
929
961
931
928
944
939
941
941
930
935
933
920
943
934
945
930
942
936
930
950
928
932
949
924
924
951
954
935
920
921
940
937
934
934
928
925
928
947
942
922
905
923
938
921
921
907
943
938
929
935
938
940
909
938
943
935
910
937
937
945
940
928
919
930
912
927
950
935
934
928
942
944
927
951
923
927
930
926
939
930
920
920
923
931
943
946
943
918
938
933
942
930
937
956
946
919
927
934
950
924
942
953
939
923
940
928
942
933
938
935
939
929
939
948
956
942
937
931
931
928
953
940
948
930
923
936
929
921
934
925
911
945
932
942
947
936
934
949
938
934
959
928
932
935
923
918
939
949
907
937
941
914
927
938
936
928
931
922
909
922
923
928
950
935
932
924
935
932
941
948
930
956
936
922
916
936
966
937
963
961
946
930
927
946
919
939
949
939
937
957
927
939
929
912
935
942
926
942
917
931
920
923
939
935
937
926
947
906
932
937
936
917
938
937
916
916
959
908
944
925
918
908
935
957
928
918
943
928
930
924
925
928
930
933
924
936
938
927
941
924
937
940
910
944
938
922
936
933
944
935
936
938
937
927
931
920
915
948
929
939
916
932
930
939
927
923
920
916
935
930
945
946
942
928
933
929
926
935
942
922
925
931
934
932
925
916
942
924
934
931
940
945
914
931
930
936
928
927
928
932
941
940
945
950
932
925
931
943
929
932
931
933
926
921
934
909
927
930
931
930
914
941
931
935
929
921
917
928
922
953
955
923
927
923
921
922
933
930
940
938
942
944
948
920
924
928
949
936
930
936
929
919
931
934
941
937
931
944
929
934
932
924
921
931
941
928
957
941
938
925
916
919
936
930
955
953
925
924
933
920
943
923
921
942
932
950
924
912
956
927
932
938
948
929
941
940
950
938
945
945
940
950
944
920
928
921
943
934
931
960
928
933
918
938
935
947
920
947
948
952
928
935
929
929
935
917
924
909
942
948
931
930
930
934
959
929
921
931
936
930
933
933
945
946
915
920
933
947
929
942
933
933
925
919
922
919
916
925
927
943
924
943
938
951
924
955
953
964
922
916
936
948
946
929
931
923
912
923
934
928
942
934
942
960
932
932
933
925
943
936
922
922
937
914
917
937
952
945
932
921
946
927
935
935
934
923
925
938
940
930
933
932
918
931
938
928
923
940
931
931
973
