1065
918
915
941
943
929
945
908
921
940
947
942
940
948
954
939
939
921
925
909
939
932
918
913
927
941
914
912
917
924
927
932
945
931
916
955
929
949
919
924
949
907
913
921
893
924
937
926
927
942
927
923
930
933
931
942
942
956
937
924
921
908
915
936
944
932
943
938
925
935
947
931
918
917
922
908
927
945
923
938
937
918
939
907
919
910
936
926
947
923
926
926
906
921
916
923
929
920
937
950
935
948
924
918
924
933
937
928
936
951
925
920
932
906
922
931
934
912
925
935
952
940
932
923
933
930
944
926
944
907
960
929
938
919
933
921
922
930
944
931
940
930
935
931
944
935
931
933
927
912
922
932
932
933
942
942
933
914
927
930
938
912
939
926
944
940
958
917
930
920
934
941
946
910
964
935
943
925
930
938
936
947
926
926
912
922
940
926
933
930
910
907
947
952
916
923
929
942
938
938
951
931
929
932
946
919
930
920
910
901
940
950
933
953
918
928
931
945
935
921
930
938
941
922
927
920
929
938
928
907
947
942
922
930
953
924
934
918
954
943
925
942
940
921
930
939
959
942
937
933
934
933
920
918
939
910
933
930
943
924
938
928
932
930
925
931
944
937
946
932
938
936
932
926
939
949
933
936
942
940
947
916
930
941
938
950
923
929
936
938
933
936
944
925
939
928
907
938
943
910
910
932
918
924
947
948
927
941
958
936
941
942
936
920
944
903
957
923
906
934
938
950
946
921
931
933
950
938
924
937
941
946
935
930
950
931
929
923
931
919
933
928
949
934
945
924
915
933
947
922
945
935
931
933
936
927
942
946
927
946
927
935
929
933
939
935
935
944
945
945
940
932
932
934
935
938
928
935
928
939
927
937
926
925
928
950
937
907
918
941
918
931
940
947
932
918
944
934
934
949
935
942
931
924
936
943
928
934
928
945
945
930
914
912
933
903
908
920
949
927
907
929
906
928
939
925
928
937
936
928
929
941
936
918
918
935
929
966
944
946
924
928
920
938
909
932
908
925
927
937
919
901
909
941
940
922
937
940
943
927
923
930
925
941
924
929
934
926
928
918
923
950
923
934
942
922
937
941
911
938
916
927
941
949
939
936
936
930
909
933
950
945
932
921
950
938
948
931
936
926
930
933
926
938
948
935
928
951
930
934
923
929
944
919
920
918
926
953
914
921
930
924
914
934
930
923
924
918
911
918
936
942
934
947
933
942
927
940
924
927
911
930
924
925
914
943
929
939
939
918
925
936
918
927
929
926
957
942
938
927
910
931
914
918
929
930
941
941
927
917
929
932
944
928
932
905
941
936
942
958
929
942
945
920
944
940
933
926
928
906
948
919
944
921
930
936
937
940
949
946
926
939
941
937
926
935
928
935
921
939
923
920
928
936
931
942
937
952
924
931
934
944
933
933
927
926
933
912
954
930
920
929
938
925
952
944
929
929
940
928
954
918
931
945
943
929
915
920
929
918
938
926
909
924
939
915
936
919
940
924
932
916
951
951
938
931
939
937
939
937
937
933
948
939
933
935
915
918
911
928
934
946
936
926
928
926
945
930
928
940
907
954
946
938
949
942
934
927
949
932
923
926
928
949
943
944
916
929
937
916
934
932
934
936
935
920
952
940
942
947
949
943
934
952
931
929
951
918
936
930
936
929
921
932
917
917
915
926
949
919
924
923
937
942
933
919
910
944
934
956
942
932
895
926
935
935
948
918
930
941
941
917
941
925
917
929
917
938
932
936
939
953
936
934
930
931
912
926
920
932
909
926
941
960
938
928
938
938
953
925
943
962
935
916
934
939
935
935
923
926
926
938
941
956
935
912
920
935
941
933
929
922
943
945
924
910
943
939
925
928
935
919
930
928
922
916
928
930
929
937
924
943
924
916
897
931
962
940
932
932
926
933
931
925
932
932
919
915
945
938
933
940
902
929
914
931
935
942
936
927
925
940
914
931
919
946
942
923
922
914
920
935
942
941
922
920
915
921
945
914
914
936
916
930
951
946
924
932
935
941
937
946
932
934
938
935
911
933
911
931
949
942
927
934
932
931
932
929
926
932
925
940
915
943
933
937
925
945
927
915
910
916
916
930
918
932
947
946
942
946
928
928
928
938
948
947
913
920
913
940
938
918
934
942
906
932
941
917
905
931
940
929
932
939
939
924
949
911
911
941
957
924
923
931
940
938
945
932
933
921
926
954
930
935
947
933
925
908
942
951
952
923
940
909
928
937
951
924
934
918
926
925
921
933
929
919
942
932
923
939
948
946
941
950
918
940
926
932
940
928
939
944
918
944
926
955
944
941
938
934
917
931
929
947
917
950
918
907
918
946
907
916
929
916
941
944
930
953
917
936
937
922
942
922
918
929
927
928
934
945
928
945
940
934
938
931
935
948
918
924
929
926
937
932
938
933
944
947
935
937
935
936
916
915
955
950
949
910
943
935
933
930
924
937
918
938
916
939
922
920
933
940
947
940
953
946
954
917
946
934
928
930
936
938
916
931
948
934
945
940
926
958
936
936
929
938
926
936
909
918
932
938
924
898
934
928
944
930
929
942
948
922
931
926
949
935
939
950
937
938
932
926
935
945
927
946
939
943
930
921
926
934
935
946
930
928
920
939
936
945
925
928
941
936
943
935
933
922
943
940
916
943
899
927
939
928
954
941
918
917
949
924
920
925
935
930
922
936
922
935
935
920
939
945
940
943
938
937
908
927
905
947
940
920
957
943
926
931
940
920
938
934
921
923
930
934
945
945
928
936
940
933
927
909
931
924
927
932
946
921
943
927
939
933
912
908
931
941
944
949
941
938
941
942
930
943
948
933
931
914
944
919
927
934
915
919
933
926
927
952
927
941
937
939
925
919
924
928
921
914
917
940
923
936
930
929
916
933
946
905
910
910
900
927
917
934
947
918
939
913
914
928
955
911
914
941
935
919
923
934
924
932
925
930
961
924
924
944
937
936
951
935
945
938
944
921
940
929
940
934
921
941
907
939
942
943
949
913
940
937
929
949
937
927
944
935
932
960
941
945
924
931
914
929
926
937
906
936
931
928
949
945
929
923
948
919
931
929
928
947
944
936
944
951
927
916
919
914
947
901
935
950
934
925
926
924
946
938
952
934
948
926
936
924
916
925
941
922
944
954
958
929
918
949
958
952
936
946
925
935
934
953
939
918
921
914
911
945
930
931
952
929
913
923
924
959
950
931
919
929
924
938
926
906
939
928
944
932
926
926
927
930
935
922
931
946
938
948
926
936
947
929
945
954
943
943
930
931
921
942
921
924
959
927
916
930
927
917
919
937
943
951
943
931
940
925
931
915
951
929
928
940
951
926
917
923
948
937
932
942
943
937
909
942
950
940
914
941
930
913
920
926
944
926
936
927
912
936
928
932
930
926
939
941
936
926
933
944
934
916
931
929
920
949
920
926
922
918
942
930
931
933
919
936
937
949
923
945
943
910
930
921
935
943
906
935
939
935
943
916
964
954
919
929
933
933
910
935
940
928
936
945
943
937
936
912
931
931
930
923
938
927
937
927
926
944
926
925
927
948
926
918
931
938
934
934
926
943
926
938
910
933
953
932
922
934
913
943
939
931
941
910
937
938
931
935
934
934
929
935
938
926
928
939
933
941
933
922
931
942
937
933
926
945
941
947
946
925
929
944
920
933
938
927
932
917
947
939
930
930
931
927
922
915
942
940
921
937
932
937
926
936
929
931
919
929
949
933
924
946
939
947
925
912
927
935
927
925
942
937
913
940
958
924
930
913
943
913
933
935
948
921
935
901
934
947
929
933
931
929
930
915
914
936
942
951
934
940
953
921
939
931
923
930
924
932
941
935
935
917
942
938
939
932
915
928
936
919
916
924
922
923
915
950
924
958
936
943
924
924
931
928
930
952
938
923
901
920
940
926
922
930
947
924
945
932
936
934
933
945
929
926
925
916
928
906
930
937
957
922
927
921
946
917
923
930
938
929
920
934
966
930
934
927
947
946
919
918
942
926
919
942
928
918
923
922
934
941
938
918
915
923
939
933
953
918
904
957
932
936
950
931
946
927
931
920
906
917
925
932
937
928
912
944
938
930
928
923
934
919
925
940
935
937
941
944
939
925
929
940
926
934
917
942
942
930
929
940
952
919
927
909
914
916
931
931
922
934
936
947
933
924
929
939
926
916
943
936
912
935
924
938
922
915
934
931
935
924
939
941
939
925
946
932
924
944
937
941
911
927
930
934
953
910
922
931
938
945
949
927
918
944
926
920
943
932
912
923
929
941
928
932
932
914
928
935
936
923
935
945
933
926
927
930
934
939
947
960
936
948
936
936
936
953
957
926
906
936
931
941
920
929
926
904
927
946
936
930
932
947
919
917
941
929
925
950
933
939
923
914
924
922
930
924
931
930
915
944
917
934
921
939
920
936
934
922
940
920
954
927
928
930
935
944
917
938
928
940
925
941
922
958
960
935
928
934
914
908
932
958
939
955
936
926
952
930
946
922
947
941
947
922
913
922
926
934
931
939
936
898
929
916
933
931
928
939
927
959
949
940
919
940
939
947
941
938
921
936
933
944
933
917
948
931
922
941
916
942
928
948
936
922
920
928
934
942
925
923
919
924
953
932
936
924
932
935
920
928
945
922
917
933
926
943
933
930
932
938
944
906
938
919
920
935
946
965
935
930
934
927
907
943
892
925
935
952
942
928
939
919
933
934
929
940
941
944
936
933
930
934
922
930
918
929
926
921
914
926
922
946
939
939
924
925
928
934
944
928
932
926
930
948
938
940
929
918
948
933
933
916
936
940
942
941
921
931
942
924
915
927
934
925
923
941
928
925
925
937
939
928
935
904
939
947
926
936
938
923
930
941
939
934
946
939
946
946
933
941
951
918
933
939
933
937
919
951
923
937
920
939
941
928
929
932
934
931
924
931
923
931
943
928
921
927
940
923
935
926
942
944
920
941
933
930
937
935
928
935
936
919
932
914
922
934
917
937
910
914
934
935
966
929
932
937
927
932
913
935
920
925
930
917
903
919
937
926
941
922
905
938
927
936
946
943
944
940
910
949
929
929
937
949
930
935
931
947
931
933
916
933
920
943
928
922
939
934
921
943
918
934
920
930
938
908
925
930
940
952
947
945
930
911
912
939
914
938
930
931
937
940
932
931
920
924
920
926
930
922
932
911
936
945
946
923
941
937
942
934
947
941
931
939
930
924
932
951
935
928
926
933
932
936
931
933
924
903
920
932
930
923
936
945
940
949
930
935
928
930
935
904
918
937
926
939
936
942
950
931
944
917
949
925
937
918
922
926
945
908
934
930
931
946
935
942
938
925
939
944
926
956
932
937
945
926
904
939
934
925
935
951
939
946
954
923
932
930
914
937
949
942
951
904
933
931
957
926
913
928
947
913
920
941
944
931
955
924
954
928
928
932
943
941
932
919
931
916
919
924
926
912
939
939
922
927
910
907
940
926
927
928
937
950
929
929
943
920
937
926
943
936
921
936
936
931
922
949
925
933
920
935
952
935
933
937
947
933
933
934
925
943
931
924
932
951
918
931
933
946
967
934
957
926
929
940
921
917
937
927
925
949
928
946
928
945
934
929
947
943
945
927
900
922
944
942
936
957
934
930
922
928
933
946
926
934
937
934
919
928
947
938
975
