1065
926
928
945
924
914
938
922
953
923
930
936
939
933
918
917
931
907
925
934
950
942
920
935
910
941
932
927
918
914
942
949
950
928
924
952
924
914
935
953
938
917
946
920
920
941
927
909
941
926
929
926
911
933
930
923
932
918
931
944
913
931
937
931
929
936
909
932
942
934
932
946
941
953
924
920
919
930
923
908
940
944
930
931
926
924
936
928
927
946
938
938
932
914
916
925
936
917
943
931
936
927
935
955
939
938
949
938
942
935
919
932
932
934
933
925
949
942
957
942
921
954
946
927
926
923
929
947
922
935
922
935
913
926
922
928
930
950
935
939
926
946
925
924
913
932
935
940
931
939
926
950
920
937
927
933
942
928
948
941
943
935
919
919
933
932
933
925
931
957
925
941
925
908
920
915
928
942
918
922
920
935
919
925
932
921
947
927
937
914
939
939
932
928
934
929
936
934
921
938
942
932
941
928
922
936
941
917
944
932
932
941
940
940
945
912
927
926
929
926
938
930
910
934
949
918
933
937
938
914
935
926
947
923
945
947
932
931
947
958
943
928
936
931
943
928
910
933
935
937
934
957
948
932
926
940
932
935
934
935
938
933
963
916
940
940
926
926
936
929
939
923
940
923
932
933
928
926
935
925
933
954
951
927
942
938
937
896
929
946
915
933
928
921
925
911
906
918
947
930
928
943
935
929
942
925
927
933
947
923
905
909
921
938
946
922
946
930
917
964
928
924
943
939
945
935
941
951
927
935
934
919
919
930
915
924
928
907
933
930
908
905
932
942
943
942
928
946
926
936
928
922
914
924
936
917
949
925
929
932
945
936
934
938
919
949
911
943
961
926
923
932
925
929
948
951
928
935
926
926
925
920
938
933
925
939
915
918
936
940
922
942
926
923
937
936
917
941
916
939
928
921
918
919
917
940
937
933
913
910
942
922
928
947
934
920
923
928
928
944
938
924
939
911
934
947
923
930
933
937
934
923
915
932
947
919
910
917
921
915
953
945
948
938
932
939
918
935
924
934
924
925
924
928
937
930
923
951
952
913
936
924
918
926
915
925
913
935
945
931
929
927
924
931
926
939
931
931
937
940
924
926
928
916
919
946
928
929
947
903
929
932
950
928
940
943
935
946
932
947
938
931
937
929
938
934
924
953
938
935
933
935
942
937
928
933
939
912
926
931
940
918
929
938
920
931
920
924
931
929
933
934
942
948
954
935
929
914
938
950
930
949
937
930
938
925
935
911
890
948
932
944
944
926
942
944
932
942
933
948
915
936
935
928
918
911
941
925
931
932
936
942
942
926
933
936
928
950
921
939
947
929
938
942
965
922
932
936
924
918
960
927
935
929
930
933
927
935
928
916
938
917
931
923
930
932
942
920
924
950
929
945
935
931
913
938
936
933
950
924
915
919
910
941
942
910
930
942
937
944
934
929
945
931
926
935
911
923
933
922
929
943
920
938
919
938
954
955
933
933
922
929
926
960
941
947
924
942
932
927
943
928
934
948
928
914
927
940
926
930
934
939
924
933
932
938
903
930
929
947
922
920
933
940
928
925
940
945
913
928
920
949
925
934
945
924
930
913
936
911
946
914
939
920
931
899
941
921
949
940
917
944
957
940
938
931
921
944
928
930
931
937
948
934
934
934
929
923
917
931
907
926
920
921
941
935
933
942
927
927
939
908
946
949
952
922
929
935
936
924
943
935
942
941
921
918
942
934
928
954
930
922
923
939
927
935
938
927
927
918
927
936
930
921
923
930
907
931
923
942
937
955
943
933
956
940
918
929
924
936
950
931
931
921
919
923
905
925
932
915
917
924
905
940
931
916
916
933
934
916
927
917
937
933
948
921
935
935
949
958
928
920
951
930
902
924
927
921
924
908
936
925
952
942
926
926
939
942
935
926
937
946
930
921
932
933
932
934
924
919
928
944
943
925
952
922
910
920
931
946
936
917
944
931
933
949
932
922
938
942
936
912
945
907
911
941
938
944
922
936
928
925
929
940
941
932
928
945
923
917
923
931
922
935
945
938
938
939
949
939
956
935
939
928
920
930
937
937
948
936
914
941
929
947
947
945
940
953
925
948
928
923
927
956
934
938
949
933
948
916
941
937
944
931
945
937
944
945
933
932
927
934
946
938
929
938
934
922
918
939
937
927
936
923
938
938
932
949
937
960
935
912
931
952
940
935
923
918
937
908
940
931
929
942
929
927
944
922
921
930
937
926
922
956
924
926
940
955
911
933
934
924
942
915
935
926
956
929
935
937
922
923
948
929
943
936
934
936
918
935
935
914
926
930
925
930
952
933
935
938
925
931
902
927
936
922
940
918
913
955
922
928
921
925
914
922
936
923
933
917
953
933
930
937
948
914
916
929
936
921
924
933
946
910
943
937
932
936
923
932
928
928
929
936
945
928
923
913
929
939
956
915
937
941
924
952
958
953
938
947
940
945
930
927
920
939
922
926
935
929
940
936
953
947
920
933
942
938
948
932
937
939
940
950
933
918
946
917
918
919
952
941
905
940
926
920
936
915
928
924
918
956
947
931
934
948
942
937
941
918
932
927
936
929
928
936
941
927
924
922
929
924
941
928
919
936
933
932
929
942
930
939
942
926
940
926
926
929
934
933
933
941
930
925
926
917
921
923
922
941
936
938
924
938
931
943
927
944
940
932
939
915
929
930
935
943
926
939
922
918
938
934
928
935
944
923
951
935
922
928
941
920
934
945
946
939
930
922
944
933
942
930
945
933
934
928
933
930
933
941
936
951
925
942
935
943
925
953
927
923
923
941
918
954
930
930
937
934
931
929
922
919
927
916
925
924
938
932
948
940
947
928
935
932
933
936
921
923
928
929
909
929
904
935
939
929
925
942
936
932
936
926
943
923
922
930
919
930
938
936
931
934
939
945
940
937
926
940
932
942
925
945
904
933
933
914
938
929
934
933
939
941
944
918
937
928
927
936
917
945
932
920
919
929
925
938
932
917
943
943
939
918
947
936
926
910
916
909
932
928
941
934
930
929
927
915
928
916
931
938
937
911
919
912
926
931
927
932
935
941
940
947
922
943
948
956
938
940
938
922
922
932
925
920
928
918
925
915
907
932
926
954
935
904
941
938
938
922
931
928
932
929
926
919
935
920
926
933
930
950
929
941
935
938
931
930
936
930
922
939
942
952
924
912
940
940
943
929
951
931
946
935
912
937
938
940
941
929
914
933
922
936
941
935
921
920
940
940
936
926
923
930
929
932
950
936
923
926
946
946
942
950
939
953
934
919
927
944
935
937
900
899
933
927
946
946
945
930
929
938
934
933
924
918
937
948
912
905
933
933
943
931
935
957
941
932
938
914
930
934
928
939
918
933
927
936
937
934
936
929
928
940
937
928
923
927
939
926
931
939
922
934
920
923
931
932
943
921
938
909
934
933
932
929
931
953
939
932
945
928
923
924
937
944
941
941
921
929
945
928
928
931
920
949
918
926
924
952
946
936
934
931
932
928
920
935
917
933
927
933
949
942
941
936
927
930
932
929
940
932
929
946
925
932
952
933
932
929
949
925
930
932
935
922
940
949
914
932
913
922
939
940
927
924
940
935
928
930
935
933
927
916
935
949
921
937
952
946
937
906
917
941
936
932
935
923
928
936
935
933
931
940
917
913
921
937
943
923
927
921
929
967
940
921
924
937
922
918
935
925
934
932
945
943
931
933
936
915
932
939
941
945
931
929
951
911
928
915
931
939
949
911
932
941
923
916
933
915
945
937
938
954
927
930
930
932
912
942
931
948
939
930
922
932
939
953
955
923
944
921
933
925
931
951
935
935
926
935
932
911
950
927
930
947
952
929
921
932
941
939
941
923
938
932
914
950
916
945
936
951
923
922
935
926
930
956
937
941
936
949
927
912
922
944
928
929
939
934
913
921
938
930
930
935
931
919
939
925
951
955
938
940
946
907
939
942
947
909
948
940
937
941
939
927
928
938
944
947
938
908
931
927
935
952
934
928
947
895
916
932
948
930
918
931
920
914
933
929
926
940
929
951
939
934
928
944
925
942
935
931
929
942
919
947
925
931
937
939
940
927
916
941
932
941
922
935
946
937
922
925
951
912
936
927
927
927
925
922
927
944
951
937
947
910
936
954
953
921
934
909
914
948
946
923
919
916
914
937
916
932
911
915
929
932
950
946
933
945
921
904
915
935
919
926
946
939
925
926
911
942
925
941
932
927
917
926
926
921
937
923
940
925
935
924
934
931
931
929
917
910
934
927
924
937
942
941
930
934
923
911
933
943
941
935
927
946
934
935
928
917
930
939
925
921
943
913
938
922
940
930
914
936
916
914
935
945
921
945
925
921
963
933
915
913
916
930
924
938
926
946
931
937
939
916
920
940
923
922
933
948
922
940
942
927
946
925
935
925
929
909
933
928
939
933
925
939
931
933
935
929
948
938
929
922
938
929
916
911
920
933
908
930
946
946
950
943
944
941
918
951
936
931
939
950
948
941
936
932
937
932
930
931
938
939
927
918
923
936
943
941
929
937
941
920
958
927
944
929
921
929
930
941
930
923
938
937
922
912
937
944
934
933
933
939
923
917
924
919
914
928
932
934
952
932
945
928
932
931
934
948
924
933
932
923
923
935
927
930
917
941
917
925
933
919
911
940
933
935
929
915
923
955
942
936
927
919
910
931
923
929
921
925
942
922
950
939
933
931
936
937
926
938
914
928
934
947
937
936
951
952
929
927
942
928
923
939
926
936
937
938
950
921
922
941
943
950
941
924
942
954
932
936
937
920
944
938
930
919
936
923
937
942
936
938
925
928
934
935
941
942
936
947
940
953
917
929
940
903
922
920
938
902
920
910
939
925
943
943
930
935
953
925
929
914
917
925
927
924
928
925
940
936
944
952
938
937
941
924
927
939
921
946
936
905
950
938
943
930
941
946
937
937
946
934
922
938
925
949
921
937
943
935
948
943
934
932
928
917
915
932
929
931
934
927
950
940
957
936
920
931
933
929
936
932
911
936
931
934
920
915
940
934
946
947
951
914
915
920
940
954
925
934
946
945
909
930
919
941
929
917
920
918
921
936
939
942
938
940
931
905
910
938
924
910
961
928
935
914
922
925
919
933
913
934
911
924
938
934
941
932
937
933
933
938
947
935
942
943
948
927
929
929
921
930
934
945
944
948
946
926
930
925
917
937
916
941
935
951
935
932
935
930
938
917
928
927
930
930
935
934
930
918
927
937
922
939
943
926
938
940
959
932
949
950
945
930
925
928
953
919
930
923
936
918
919
939
920
913
937
949
936
931
933
936
933
952
949
933
918
938
941
927
929
926
942
933
930
947
951
944
934
933
949
943
922
921
932
930
958
929
940
900
933
935
928
933
934
932
920
939
923
957
940
924
933
947
942
923
925
940
937
936
943
942
942
956
938
944
921
913
921
927
920
945
933
937
907
922
918
922
929
922
940
911
932
946
929
915
922
930
914
943
930
954
928
944
920
951
940
942
917
932
929
953
934
931
916
924
938
933
934
931
929
939
930
909
917
946
943
932
950
921
947
943
943
947
927
940
928
931
920
924
938
930
915
947
932
948
915
931
947
926
935
933
936
949
939
946
928
936
947
931
935
942
925
935
915
929
948
933
925
945
947
951
947
949
929
926
918
931
979
