1065
926
932
927
933
920
946
921
944
932
944
920
951
930
904
946
938
952
935
919
935
907
922
921
914
919
941
952
949
907
937
930
923
934
931
930
932
938
928
941
929
927
914
953
951
950
940
942
942
914
911
935
935
938
916
935
918
921
932
936
931
927
932
923
927
918
942
943
942
921
931
941
949
932
924
917
933
932
932
926
943
912
921
933
901
946
938
946
928
948
919
944
931
927
927
944
942
946
940
913
933
903
935
930
941
924
935
923
930
933
925
934
942
943
934
924
920
903
907
935
938
940
918
942
917
928
923
943
938
904
919
935
940
914
922
939
925
946
941
923
948
907
915
932
932
913
913
918
934
935
929
925
923
952
945
937
954
916
924
938
933
937
931
935
959
928
922
939
900
928
934
941
925
945
934
941
926
918
935
918
909
929
929
942
927
926
936
923
939
931
934
920
922
933
924
926
959
933
941
941
951
929
938
930
949
932
926
937
937
934
914
934
910
932
937
936
937
924
917
926
936
941
931
922
957
932
936
938
939
937
957
940
938
920
927
935
934
922
938
939
921
939
934
914
925
929
912
938
951
928
916
930
938
925
939
930
907
929
932
931
926
938
922
938
952
917
930
931
919
925
919
911
919
932
952
948
947
936
924
931
938
929
923
914
927
929
915
941
926
936
944
948
933
931
930
925
954
931
919
932
932
927
943
926
937
933
933
932
942
945
911
938
928
928
935
915
940
933
924
950
934
929
945
926
911
918
937
942
931
924
926
917
941
919
932
914
927
922
940
923
920
942
942
939
925
919
947
921
908
945
922
933
915
940
931
953
925
937
930
897
940
922
927
953
950
937
943
952
936
928
905
926
937
939
922
929
928
924
933
920
941
926
928
932
944
932
939
926
931
932
918
931
930
913
929
910
935
929
928
941
936
938
933
950
941
930
934
921
918
953
913
937
938
939
918
915
919
922
932
942
944
922
946
926
930
919
928
936
938
952
924
933
950
925
922
938
930
951
923
942
939
934
925
938
924
941
925
931
936
947
923
933
925
938
940
941
931
928
926
931
939
925
932
919
943
929
935
927
934
949
941
921
941
936
940
939
955
936
930
914
904
943
918
943
930
929
945
948
945
932
951
926
945
932
936
944
941
937
920
931
928
934
945
949
926
920
946
941
932
917
915
937
925
938
927
938
918
906
913
927
929
933
909
934
945
942
939
926
941
938
923
921
916
937
944
910
919
946
928
930
925
915
926
934
941
939
937
925
944
924
927
908
941
931
942
931
942
926
938
927
960
922
929
930
928
924
925
928
937
923
934
921
920
921
932
910
935
931
940
915
928
920
931
930
937
937
924
931
937
920
940
906
913
925
904
933
936
929
926
937
938
950
931
926
913
928
919
937
925
932
916
935
947
934
941
946
906
950
946
946
950
929
933
926
932
929
941
942
949
936
928
933
938
925
932
915
926
919
924
941
939
956
929
937
927
943
942
916
925
935
939
947
911
923
922
905
935
936
936
938
939
935
922
937
946
956
936
940
935
953
930
940
943
919
934
939
939
945
938
942
923
944
928
941
929
930
922
913
936
930
919
928
952
950
930
949
953
946
930
914
937
952
937
939
927
916
912
926
931
923
941
914
927
944
941
940
942
924
925
928
927
933
904
930
953
940
926
952
927
940
944
924
945
931
929
937
947
953
950
938
954
940
918
931
914
927
914
908
936
935
937
928
964
925
918
934
932
948
917
936
925
924
899
924
937
942
941
931
937
905
924
921
920
933
936
934
942
948
939
934
929
926
935
908
941
963
929
931
937
931
934
943
932
940
946
941
916
932
935
924
932
925
929
926
922
937
923
910
924
928
925
942
930
921
941
935
926
943
925
937
938
918
921
936
933
921
933
930
941
945
943
935
940
962
937
904
910
938
939
928
917
941
928
939
932
942
940
940
899
931
929
929
936
929
923
931
935
926
915
927
950
930
928
930
932
937
922
932
949
928
947
940
927
916
911
940
924
934
946
920
901
931
933
934
935
924
921
936
928
937
922
926
916
936
935
944
931
923
933
949
948
949
925
934
927
952
919
928
927
933
937
954
930
925
902
927
934
934
918
903
943
940
929
900
927
931
941
938
925
933
937
931
930
932
917
919
934
937
931
909
939
938
934
946
938
947
934
908
943
926
950
926
933
924
948
942
937
939
937
937
930
924
942
933
930
932
949
936
933
940
928
946
924
949
944
961
929
927
927
940
942
924
931
922
931
923
942
934
938
922
910
928
930
938
943
951
914
929
914
937
922
929
938
928
946
929
918
941
922
922
931
908
936
924
941
934
946
921
938
919
914
939
929
941
936
941
936
936
927
940
941
940
945
941
934
926
921
907
918
940
935
926
933
943
935
934
919
955
943
932
930
928
928
936
930
932
940
933
930
913
957
935
921
915
941
947
935
923
937
955
928
920
935
928
945
931
933
950
943
929
941
927
913
944
938
930
934
927
930
932
943
933
920
943
947
946
907
916
918
937
934
951
927
942
919
937
924
933
926
944
943
954
929
923
939
929
932
924
940
930
923
935
936
926
921
942
921
931
944
928
926
946
917
921
938
933
917
937
944
940
927
930
937
921
938
934
965
934
938
925
940
947
917
926
950
939
944
932
925
934
936
940
941
929
942
939
940
948
911
913
926
928
948
937
922
910
949
948
916
932
934
936
900
938
933
921
935
916
916
938
941
942
922
931
946
923
934
935
946
917
925
940
931
959
927
941
932
923
930
930
922
954
926
932
914
917
963
916
941
948
914
910
921
930
931
931
920
941
946
931
915
945
940
945
926
943
938
940
943
924
932
920
942
933
925
943
939
910
942
948
950
912
938
907
933
942
958
954
928
946
947
925
912
950
928
926
934
917
941
948
919
924
935
926
931
912
945
942
931
937
923
926
926
922
934
940
924
937
936
922
934
943
924
942
945
954
947
917
917
923
941
931
959
947
917
919
943
896
923
942
922
925
930
918
947
943
921
921
940
935
919
919
949
933
958
928
945
929
920
942
927
934
938
934
935
919
942
931
926
940
933
923
935
936
925
915
950
935
948
933
930
934
950
901
922
931
940
924
941
923
929
936
914
926
916
927
942
937
925
935
935
948
932
920
922
945
932
933
943
936
948
933
944
931
948
931
916
935
948
945
934
935
929
939
941
937
923
940
936
947
948
930
930
941
907
921
931
947
944
944
939
924
931
928
941
936
921
904
944
939
930
931
917
934
937
962
934
939
934
939
948
945
941
924
928
949
948
939
934
934
926
930
941
933
950
935
955
929
931
927
921
919
937
943
928
921
925
950
909
946
931
925
938
950
934
943
936
922
927
924
924
957
935
939
944
942
921
934
921
923
925
942
948
920
926
937
944
934
906
909
942
941
952
949
944
932
916
952
925
944
935
933
944
921
935
915
938
933
927
944
936
931
941
935
922
939
935
929
925
919
928
951
914
927
926
922
933
912
955
919
909
928
939
906
932
926
919
933
922
931
943
944
933
928
942
935
919
941
918
934
927
928
908
926
938
935
928
942
926
958
924
930
916
934
935
938
947
917
931
935
926
947
944
946
921
932
931
920
919
944
938
929
927
931
910
933
937
956
936
941
933
933
934
930
925
903
941
937
935
924
918
910
931
940
923
917
923
913
935
931
916
898
916
949
908
901
932
924
937
936
925
933
930
923
939
934
956
933
915
926
925
949
924
919
951
942
929
935
929
929
933
940
955
948
926
937
915
918
923
939
950
940
942
934
922
935
940
927
925
945
943
922
913
932
918
936
930
927
923
913
932
927
932
913
937
914
935
910
931
937
928
933
943
912
926
957
956
934
925
931
945
931
929
926
901
931
946
944
941
923
935
917
943
946
937
921
923
919
931
930
935
923
920
930
951
930
949
933
939
921
916
931
937
926
951
931
933
957
920
924
922
917
925
917
956
938
931
938
929
943
929
932
925
950
936
925
924
927
941
928
939
909
939
929
927
931
924
923
925
931
951
945
932
930
936
940
942
928
915
927
941
956
931
924
932
908
932
937
953
928
934
944
937
935
933
923
938
946
938
938
946
936
924
920
930
922
926
905
921
934
917
912
954
929
925
909
935
929
930
940
913
928
915
935
921
940
921
939
931
951
936
935
943
934
925
922
914
931
925
921
937
944
927
930
934
931
936
925
925
950
937
918
946
935
942
922
934
920
939
948
927
914
936
945
937
936
936
936
921
921
933
937
928
939
952
927
931
930
911
938
936
939
942
932
941
929
936
938
949
941
943
940
927
927
943
937
929
933
935
928
914
934
919
940
940
927
942
956
922
905
926
919
926
933
944
929
920
923
932
915
894
932
929
926
947
935
929
935
912
926
931
915
927
932
927
946
935
922
932
942
907
918
932
939
920
937
946
935
940
929
943
934
950
924
933
941
926
930
943
924
926
935
938
920
920
947
935
918
944
933
941
922
930
924
941
936
933
935
917
942
930
947
929
918
941
945
936
937
930
929
941
927
929
925
924
930
922
945
938
940
934
930
934
947
920
941
950
934
936
942
954
932
920
932
922
954
941
948
940
924
932
930
921
912
940
936
935
921
938
921
924
943
929
935
954
931
950
937
945
939
945
944
924
948
939
928
934
915
917
927
939
918
928
912
948
946
924
926
931
935
934
927
938
943
947
929
940
941
938
935
927
931
922
937
917
932
940
942
926
944
917
938
927
939
935
953
936
921
956
904
920
941
942
929
946
948
957
926
927
931
924
920
935
916
923
914
926
937
934
928
915
938
948
944
922
946
936
935
949
929
930
944
939
928
941
935
933
950
940
935
942
924
935
929
937
918
943
937
926
936
933
929
942
935
942
948
949
932
932
933
941
922
930
921
921
939
937
914
933
917
932
938
936
924
937
940
928
938
939
935
918
938
944
926
945
945
919
932
918
936
946
962
939
934
945
932
926
920
914
936
939
928
929
944
925
941
921
938
917
931
935
934
910
942
940
939
950
937
926
922
944
929
950
954
944
936
933
923
928
928
903
917
928
913
928
933
936
931
941
933
954
936
948
897
941
931
903
929
921
928
923
939
926
915
947
929
929
930
932
950
915
926
954
923
926
938
918
921
938
943
934
924
940
935
919
932
922
926
934
938
948
943
936
925
933
920
936
935
939
927
941
932
919
930
909
922
943
938
933
933
928
956
931
939
923
917
932
932
922
929
919
932
947
939
935
922
921
935
938
950
932
942
948
931
934
932
923
940
962
920
918
936
958
934
932
933
917
922
942
929
914
944
930
938
944
935
932
934
932
929
930
937
912
924
934
954
938
936
944
933
939
927
919
941
908
947
943
947
943
929
923
934
943
912
925
922
945
940
940
945
945
936
922
942
918
927
921
920
909
942
921
919
919
943
916
916
931
922
929
929
924
930
948
940
932
935
940
919
941
951
927
934
931
897
928
924
930
956
956
922
943
915
918
932
922
941
928
940
929
927
926
946
921
934
931
924
933
926
928
946
938
938
955
935
937
930
919
938
944
927
936
917
938
919
940
931
925
922
921
911
934
920
926
917
914
927
941
928
916
943
936
939
924
921
926
928
936
946
934
940
930
935
940
933
957
954
902
948
941
928
923
946
950
930
932
918
923
940
943
921
924
929
941
918
925
932
918
950
942
948
933
911
929
919
936
933
958
925
932
942
976
