1065
921
940
924
954
944
948
917
919
938
936
934
943
912
933
924
944
930
912
936
937
932
911
938
931
914
920
932
937
955
947
930
921
949
931
924
940
925
947
926
945
942
922
944
918
944
938
911
941
942
934
928
941
930
940
925
940
934
927
910
922
941
944
893
943
943
942
935
919
922
916
922
925
924
933
919
939
932
929
927
945
927
920
923
921
943
919
907
937
925
943
937
948
939
936
932
925
927
937
943
943
940
949
921
926
939
942
923
921
920
922
927
952
941
920
939
940
949
936
947
915
934
902
924
925
927
944
933
920
934
922
917
927
925
933
938
925
936
930
929
936
924
922
932
937
928
948
929
921
947
944
937
932
937
905
933
909
909
936
945
933
917
912
936
925
950
935
934
931
941
940
935
968
926
932
933
947
933
944
936
937
935
946
942
936
942
940
920
954
924
928
920
923
929
915
943
916
935
914
935
920
942
939
936
929
944
935
941
924
916
924
922
917
916
914
936
937
920
945
932
948
925
942
944
930
927
930
923
926
927
914
948
919
930
938
929
925
917
924
933
924
937
922
941
934
931
933
927
938
911
935
934
931
916
944
942
940
941
911
921
907
912
950
946
933
930
935
925
931
946
944
943
937
922
931
939
955
930
931
943
933
926
923
950
948
926
934
948
905
926
925
932
926
924
927
922
938
951
936
915
927
928
918
923
921
932
941
932
948
928
941
931
911
924
928
907
931
950
934
935
958
923
939
927
938
925
936
933
949
918
914
929
947
910
918
943
935
933
937
923
943
937
947
918
929
946
930
922
936
937
927
918
942
929
941
930
920
939
918
937
930
929
926
941
948
923
926
934
929
932
920
924
925
921
926
908
916
932
944
944
957
947
920
916
932
942
926
921
924
944
934
954
924
923
924
941
934
949
921
927
926
923
925
947
940
931
925
926
942
926
935
926
926
936
946
932
929
936
911
927
940
911
911
913
929
920
947
930
938
924
924
899
921
924
926
937
939
929
922
929
916
930
936
933
942
910
928
919
932
928
920
948
935
912
937
932
917
909
924
930
927
934
932
943
948
954
938
925
926
947
937
929
934
919
900
931
941
945
938
936
924
923
929
935
927
929
925
943
929
930
926
929
921
936
945
912
914
933
907
934
925
921
914
922
923
957
935
935
922
944
917
947
934
919
927
936
910
919
937
955
930
937
923
928
913
938
933
929
939
932
922
941
947
929
936
939
915
920
941
952
943
921
938
917
930
935
937
917
939
911
929
923
945
935
904
932
917
925
929
930
917
931
920
934
946
954
926
950
934
937
921
938
938
929
918
929
933
925
929
928
917
933
951
949
948
947
928
932
943
950
926
938
915
941
941
937
921
912
926
933
918
948
950
932
923
924
925
927
935
939
932
920
933
940
937
920
930
910
940
937
917
936
919
907
918
935
935
933
923
929
937
937
937
930
946
936
923
930
943
929
930
920
913
925
935
926
942
915
914
953
932
928
941
905
933
945
911
945
939
942
924
933
913
934
953
944
925
902
935
921
914
910
914
942
943
936
948
934
935
921
941
939
927
936
913
928
940
917
932
931
929
931
922
950
946
935
938
963
926
933
934
923
934
932
922
931
949
922
917
936
921
936
937
954
940
940
934
947
932
924
939
937
932
949
938
929
926
943
947
938
928
896
933
924
950
927
955
916
944
943
935
928
926
949
941
931
918
938
917
922
945
929
946
943
920
945
932
932
922
958
937
940
926
922
941
912
939
940
942
933
905
938
933
920
941
935
935
935
938
915
921
941
945
941
937
924
956
931
934
956
913
923
909
942
933
934
902
933
927
920
938
942
934
949
940
929
912
932
943
948
947
927
938
929
923
920
947
937
933
947
936
923
936
939
929
941
937
933
938
932
930
923
917
939
957
938
926
929
934
940
935
926
927
950
934
939
925
926
934
931
940
935
932
953
939
934
935
925
933
921
948
932
930
918
937
963
935
933
937
937
917
928
918
936
940
941
889
949
924
946
917
947
940
946
918
931
935
935
916
959
923
935
921
937
921
922
960
944
938
932
943
929
940
917
936
929
940
935
926
932
910
918
916
940
940
928
931
926
943
918
929
936
930
947
922
929
927
920
942
945
933
924
947
929
916
948
967
914
939
925
931
930
945
954
937
939
933
939
936
935
928
937
922
933
919
937
931
915
913
941
940
937
940
924
924
928
961
925
934
932
937
932
936
938
930
912
934
935
943
955
932
929
937
924
938
956
920
909
927
937
914
937
950
938
944
939
906
942
939
936
912
936
935
924
927
936
941
930
932
932
948
946
939
921
946
936
934
939
939
953
928
933
927
919
955
924
923
912
924
942
933
952
936
939
941
942
934
945
936
927
943
934
925
927
923
948
939
918
929
944
956
931
912
934
927
939
938
935
927
933
925
922
922
935
916
951
919
913
930
923
935
946
920
945
931
928
929
943
921
931
942
960
934
928
937
944
950
920
931
933
941
932
923
933
936
930
905
911
934
924
926
932
927
927
933
904
922
944
946
931
940
933
939
925
919
933
917
934
945
937
946
944
928
942
926
929
936
935
940
927
918
934
920
932
928
950
929
944
929
923
916
932
935
934
931
932
919
918
913
920
920
918
946
930
930
941
921
936
931
933
925
928
941
935
943
937
936
943
932
930
933
941
910
917
941
939
927
929
934
909
916
916
922
931
929
914
929
935
935
934
933
922
934
927
933
916
929
927
928
933
927
934
934
897
913
920
942
911
923
922
903
934
940
922
925
939
934
932
890
941
931
924
930
952
962
940
931
937
954
918
931
906
929
935
933
921
927
920
926
930
925
933
919
950
937
913
914
922
946
930
956
938
928
918
953
920
923
922
923
942
930
940
959
924
929
947
943
946
919
934
921
913
918
944
927
913
938
927
929
929
937
932
941
918
932
928
933
927
938
920
937
937
936
922
955
923
936
923
934
904
949
946
940
938
934
918
924
931
932
934
934
915
924
913
940
913
926
907
935
926
916
931
924
911
942
933
942
939
925
932
916
929
938
911
936
921
942
940
931
924
937
932
933
938
939
952
931
939
930
934
921
933
933
920
922
935
934
942
921
936
927
939
941
920
935
931
945
945
946
930
926
928
941
940
947
919
930
930
931
920
934
926
907
940
939
920
943
927
955
942
937
939
937
936
937
924
920
945
950
926
948
942
933
930
918
941
944
916
938
938
908
930
954
935
932
933
933
947
918
936
941
909
935
941
945
920
914
948
933
944
942
926
915
949
942
921
937
924
932
939
935
949
932
929
941
941
936
913
932
955
940
951
948
918
932
933
960
954
938
918
931
945
940
936
918
920
938
938
919
919
937
918
915
937
939
936
926
933
937
920
931
932
936
936
906
940
919
947
941
918
905
918
939
937
923
934
935
922
928
926
935
939
935
926
934
933
947
933
928
937
924
931
924
941
945
925
923
939
931
929
929
917
908
918
927
917
926
921
922
935
941
950
925
924
951
956
950
926
929
920
926
962
953
936
932
930
934
945
940
927
912
928
926
939
928
930
926
935
932
929
924
930
925
919
921
931
948
955
923
939
937
941
947
919
942
932
898
954
933
926
934
938
951
934
909
937
932
931
934
923
935
951
950
924
936
930
924
947
933
931
929
954
917
937
921
925
927
951
928
954
940
921
936
928
918
930
916
925
930
935
925
919
940
917
924
936
923
908
956
941
935
946
927
929
947
959
928
934
930
932
917
907
932
945
925
925
930
928
907
939
950
936
929
915
908
917
928
937
933
910
934
934
923
925
921
930
929
937
943
930
931
945
935
945
952
925
936
920
916
935
930
943
939
953
937
892
907
935
927
918
943
928
939
930
933
930
933
929
950
910
911
932
924
927
931
921
931
942
925
933
926
934
943
925
937
938
948
935
930
942
935
929
919
916
926
943
921
952
929
934
931
921
921
938
938
935
947
913
939
913
932
946
916
937
926
952
926
933
914
936
937
935
936
944
941
936
941
923
915
942
934
917
957
919
942
936
949
942
938
900
941
930
929
926
940
926
931
918
930
944
924
933
922
924
929
941
931
918
919
932
945
939
953
946
918
941
927
953
926
939
941
935
916
917
945
923
941
940
933
929
938
942
922
931
931
918
918
901
935
940
930
936
933
925
943
936
909
921
920
926
959
944
943
935
920
946
937
937
922
928
939
943
918
935
931
946
924
938
936
912
928
939
935
938
928
934
936
947
951
930
937
938
942
923
936
919
931
933
913
915
947
911
937
919
933
917
931
943
947
936
915
906
927
933
903
927
929
938
928
918
913
950
930
936
946
922
937
937
924
937
941
918
938
940
930
930
931
940
926
930
934
933
940
946
932
938
940
937
916
932
937
924
938
933
926
963
931
946
944
920
925
948
919
921
924
930
931
934
926
946
933
926
938
924
946
924
918
927
945
926
921
937
940
914
927
920
953
913
929
926
926
935
915
931
924
932
942
956
936
945
938
922
934
928
927
925
953
923
934
936
934
943
940
919
942
928
945
936
910
938
935
930
925
961
928
926
936
940
927
924
911
949
936
940
935
938
936
945
939
943
956
927
925
936
927
931
937
941
938
939
926
927
942
932
910
929
914
926
930
939
926
946
944
956
940
939
935
918
916
917
933
933
943
949
941
932
924
926
946
960
938
926
930
925
949
950
933
910
936
929
930
944
927
938
934
936
924
951
914
942
921
931
941
923
942
943
936
916
927
909
932
926
924
940
940
926
933
929
940
943
935
938
921
942
915
946
937
928
915
940
923
945
927
920
935
945
926
926
941
921
930
915
924
911
916
941
951
953
920
926
936
928
936
950
914
921
924
927
959
938
934
938
929
939
937
926
931
937
926
924
920
921
914
938
914
914
926
932
937
931
931
907
937
924
898
946
929
944
929
939
926
940
933
927
946
933
931
939
928
937
943
926
918
930
937
947
933
928
915
949
940
939
914
938
924
928
941
927
927
938
933
935
921
943
942
920
938
933
940
917
930
924
945
940
916
937
937
926
931
923
926
919
921
949
925
936
951
922
938
918
944
932
917
915
921
941
947
932
925
927
930
908
949
922
938
927
914
925
929
942
926
925
932
926
930
925
929
951
949
933
939
932
920
927
918
937
924
930
919
934
928
919
943
937
935
928
935
914
929
952
944
935
934
914
936
953
930
916
905
911
924
911
933
918
929
938
927
939
940
924
926
916
926
925
939
945
925
925
948
945
947
933
938
921
944
938
929
931
935
950
945
915
924
931
931
942
935
908
946
922
925
931
935
946
928
909
933
945
918
936
932
937
946
942
943
949
915
938
930
927
937
918
925
926
931
921
938
934
934
937
922
926
940
933
927
942
933
924
934
932
927
927
927
937
905
910
924
918
927
939
939
945
931
928
931
913
941
946
930
911
925
920
946
948
936
922
937
954
914
940
919
917
933
946
927
932
934
945
921
922
931
941
930
936
946
940
918
928
927
915
925
913
924
933
932
947
896
934
946
911
949
937
922
942
926
932
948
940
946
929
946
943
932
912
927
943
944
934
946
945
933
937
924
933
936
935
926
939
943
928
939
941
936
939
922
939
930
949
932
929
947
925
945
935
909
925
925
917
948
918
927
920
941
931
925
928
919
941
937
916
929
948
929
920
949
941
938
925
919
941
928
925
913
926
956
927
927
907
955
919
979
