1065
919
934
940
941
940
924
928
943
935
934
922
920
927
941
914
906
922
932
935
931
929
918
922
933
926
937
940
950
923
944
946
919
934
915
936
941
922
935
938
927
928
924
918
943
942
949
951
941
929
924
934
920
935
923
935
927
941
927
924
939
944
918
917
921
922
908
950
934
951
943
933
927
930
937
910
928
918
943
955
928
950
945
932
923
921
924
932
920
921
919
936
909
926
924
953
930
919
925
917
930
926
930
935
925
937
915
926
907
938
934
931
931
939
937
927
937
921
943
924
942
930
924
938
944
950
928
926
921
917
906
945
931
940
953
931
928
939
946
918
925
935
929
925
938
935
925
930
930
916
925
939
929
913
912
940
941
926
913
933
934
936
919
933
919
944
931
927
924
925
937
937
929
939
911
923
942
931
937
946
919
930
934
921
935
918
909
928
919
925
932
927
960
938
941
931
929
936
938
926
918
931
925
947
915
914
917
927
926
924
946
935
930
919
926
909
926
941
930
928
926
916
933
946
926
935
922
929
933
944
930
936
939
940
949
939
926
939
940
938
942
948
952
943
934
900
911
936
947
941
937
935
922
938
936
956
950
932
941
939
924
926
931
925
933
918
937
940
933
949
958
944
942
949
927
935
922
940
934
921
945
914
927
934
910
937
922
924
923
948
938
945
931
934
938
940
930
918
931
917
929
946
924
931
915
924
953
946
920
931
930
940
939
930
928
919
924
919
920
927
942
922
931
942
923
939
921
924
924
923
925
926
949
947
936
939
933
926
937
933
935
911
910
918
924
938
907
941
932
908
940
922
936
914
931
917
926
934
932
914
923
932
931
926
931
926
934
943
916
911
930
933
904
923
942
924
934
923
908
946
934
940
933
936
939
944
944
924
931
949
947
932
937
940
923
928
937
932
912
932
927
925
915
932
916
918
934
926
930
930
939
936
916
919
912
938
932
929
943
940
934
927
945
942
921
948
927
916
915
931
918
948
922
936
929
935
949
917
916
940
919
936
926
940
928
925
933
937
931
946
911
944
936
916
924
926
920
949
918
908
926
931
931
953
944
935
937
941
917
965
921
917
929
933
939
955
929
926
947
924
934
943
934
953
930
918
932
923
924
931
920
936
912
927
926
929
926
936
948
949
937
912
936
936
927
938
949
926
915
930
928
933
923
912
934
934
919
933
934
939
923
925
933
931
929
939
926
941
932
932
932
925
931
923
938
927
942
931
928
930
938
923
925
916
950
923
937
939
933
930
934
931
939
923
918
923
945
928
938
942
934
949
946
940
935
926
931
931
922
932
940
925
927
926
939
918
937
938
931
932
945
939
920
936
945
955
933
937
934
939
917
930
922
926
944
918
927
950
919
937
948
943
922
945
913
912
930
937
922
943
942
936
950
945
938
943
932
924
949
923
907
942
936
934
939
946
924
954
930
919
947
949
941
928
937
941
944
934
963
906
935
928
952
930
927
938
925
938
911
945
896
935
952
910
934
955
933
910
929
943
944
934
945
933
929
906
926
946
922
940
911
918
898
932
938
937
922
938
914
921
929
918
919
935
928
926
930
937
915
941
931
936
943
927
928
940
917
927
935
901
910
919
929
940
915
929
941
918
930
940
941
950
941
940
936
929
932
937
953
941
929
934
928
913
928
935
920
910
917
917
938
936
942
938
941
940
937
940
947
938
925
919
931
915
916
934
936
941
939
925
931
933
915
924
954
937
920
914
937
923
944
935
934
934
936
906
919
926
933
920
943
943
950
911
937
936
935
923
903
952
931
942
938
941
942
917
924
947
924
927
934
936
930
915
932
940
934
932
923
926
905
911
937
925
953
937
912
936
938
919
936
932
919
929
936
942
934
944
919
927
928
948
941
937
935
932
932
922
934
933
931
936
923
931
951
925
936
932
917
929
944
915
935
930
935
936
936
940
944
940
939
922
949
932
925
928
932
921
935
948
935
932
927
938
925
913
910
924
905
916
950
921
937
922
923
935
924
943
953
937
920
938
949
913
949
940
934
926
929
933
920
943
942
930
929
949
927
936
926
911
923
948
937
944
937
953
917
922
921
941
946
935
935
933
924
929
946
943
940
939
929
945
932
945
944
939
928
940
945
948
938
914
923
925
947
916
943
924
942
926
930
920
945
937
918
930
932
946
936
928
926
948
935
943
921
918
922
932
927
922
939
921
939
934
934
917
948
942
929
918
919
933
921
940
931
927
959
933
926
912
922
920
919
947
952
909
935
924
912
911
901
923
903
934
922
942
937
932
923
928
950
934
919
921
932
928
938
927
932
917
917
953
931
938
930
923
931
925
950
941
926
915
937
917
935
926
911
921
941
930
926
938
937
934
938
916
932
913
927
946
930
930
928
946
915
934
923
945
926
921
943
916
936
911
904
934
911
904
940
924
940
923
936
926
925
921
920
927
949
953
936
947
937
925
944
951
935
948
929
922
938
931
929
916
933
927
933
956
948
940
939
926
913
957
953
930
920
941
946
928
911
940
933
943
924
930
925
930
916
926
926
908
919
926
939
929
939
929
955
922
924
941
926
937
926
926
938
931
935
943
915
920
953
945
956
936
941
911
944
942
945
958
927
938
911
926
939
946
941
924
938
926
933
934
927
934
931
920
955
939
925
943
934
944
940
942
920
924
926
924
907
946
923
930
932
918
939
935
927
922
926
925
932
935
934
924
936
952
946
936
909
926
922
947
943
916
907
929
918
937
934
955
925
917
929
932
916
939
930
925
938
926
914
919
934
934
920
938
938
927
932
943
918
908
938
943
927
947
950
918
907
925
921
933
932
930
942
952
935
939
961
944
937
929
944
926
924
947
934
914
935
936
921
952
956
931
932
914
910
935
934
933
941
944
922
913
950
940
935
910
920
914
920
931
926
953
932
923
929
932
931
942
942
919
930
934
934
904
914
941
929
929
944
932
926
947
904
928
936
912
916
927
947
945
928
929
920
951
932
932
946
944
943
932
926
947
927
948
932
947
931
956
936
952
938
935
958
903
925
937
937
966
917
923
923
923
930
924
897
923
938
938
940
935
937
950
926
939
926
947
946
926
925
958
931
947
939
929
929
909
933
946
928
926
929
914
943
954
911
945
923
923
917
913
923
922
952
922
941
909
952
954
937
936
917
906
935
932
942
929
941
951
941
920
947
930
931
932
928
944
920
919
920
949
942
934
954
912
932
928
930
938
942
933
936
941
944
926
928
927
925
943
938
928
912
945
945
929
909
909
930
925
945
936
932
924
932
930
932
919
917
935
933
939
938
933
937
921
941
920
944
943
924
937
919
937
931
909
932
919
945
946
945
934
927
934
943
958
944
938
938
940
935
926
932
938
928
921
929
929
922
966
947
951
940
932
926
939
950
929
944
918
932
924
942
927
926
917
929
936
922
938
932
940
938
939
933
928
957
921
924
929
930
923
939
929
920
925
911
933
943
926
942
939
942
930
940
933
915
949
941
912
939
932
922
916
911
926
947
926
916
920
929
920
945
942
938
939
935
943
934
925
951
946
943
930
928
931
938
943
913
936
938
924
942
938
913
937
911
939
930
946
939
930
920
945
920
925
946
947
942
944
940
923
925
927
943
920
931
949
960
930
931
935
927
922
938
940
921
931
923
931
954
940
946
941
939
938
942
918
935
920
924
945
923
912
939
942
932
913
927
921
912
931
934
932
939
936
921
924
936
918
935
933
939
939
935
941
946
944
906
932
923
936
915
926
937
932
923
913
934
941
933
938
933
950
941
939
928
944
948
930
914
948
929
939
936
938
940
945
940
929
930
933
918
916
923
935
927
918
947
931
910
925
908
922
915
936
932
926
932
939
960
923
918
944
944
923
912
941
952
946
927
929
956
915
929
941
929
924
929
923
935
925
907
944
950
922
950
925
945
942
931
938
928
934
910
935
914
917
923
927
936
936
933
935
928
929
930
936
924
931
937
919
929
934
941
920
916
927
918
939
914
939
942
930
942
937
920
940
934
935
931
928
933
916
940
935
928
926
939
923
921
942
912
929
941
938
926
946
950
926
908
946
937
938
928
919
935
933
922
941
923
936
921
954
939
918
920
928
938
954
932
913
920
949
927
919
931
936
936
936
948
955
947
928
924
941
926
915
947
934
931
936
907
931
932
926
923
927
930
943
921
911
933
924
932
928
939
924
942
936
926
927
923
950
939
936
935
936
927
932
963
951
956
926
940
937
945
931
941
944
944
931
916
932
908
917
931
929
932
923
915
924
936
926
932
929
931
916
915
933
926
926
939
948
930
953
941
936
932
923
911
942
918
902
926
942
944
919
924
923
933
925
940
934
947
929
930
913
920
953
929
939
926
921
949
933
945
928
934
947
919
947
955
935
945
947
936
931
921
929
925
916
930
934
933
936
918
935
926
933
942
944
937
931
914
920
921
945
935
932
916
941
939
929
936
953
924
941
924
925
920
939
913
946
958
925
941
927
937
944
928
921
929
925
944
940
937
950
935
948
942
934
949
933
934
925
939
921
941
939
926
951
922
947
914
916
940
939
951
939
898
935
931
940
951
933
925
932
936
943
907
945
921
922
949
942
928
953
922
924
935
955
946
920
937
926
946
928
937
933
942
923
947
925
939
945
950
923
931
909
932
915
936
934
946
931
912
938
933
925
914
941
918
951
930
937
946
934
921
926
910
918
936
928
919
951
944
948
932
928
939
940
929
939
955
932
914
911
905
925
940
925
923
943
929
934
941
935
918
932
924
924
920
920
952
948
923
942
939
934
918
941
951
938
930
918
941
945
927
933
952
942
924
957
949
943
931
927
918
931
938
935
954
960
932
945
924
940
950
929
941
935
938
925
936
934
931
941
937
942
932
925
934
913
955
926
941
926
940
944
936
941
947
926
943
931
921
921
939
934
935
912
923
912
950
932
925
918
925
940
949
945
935
947
927
913
910
933
943
940
925
966
947
939
919
925
917
950
921
935
931
906
934
944
935
953
925
928
915
933
925
929
916
922
931
925
951
939
937
929
921
943
910
939
921
928
924
922
928
929
940
917
925
911
930
935
946
944
951
932
932
942
941
902
924
926
915
927
932
943
928
935
922
924
920
920
922
939
926
914
918
932
926
931
932
927
943
918
917
930
935
921
932
925
913
931
917
929
938
925
929
942
928
906
930
922
950
920
938
910
947
925
922
914
933
938
926
925
934
927
933
935
934
917
922
937
957
935
922
944
928
932
914
938
931
940
938
917
939
938
919
931
948
950
954
944
927
944
928
938
916
930
940
931
919
930
941
939
907
924
936
928
923
933
941
937
924
931
923
948
921
926
939
935
930
937
934
921
925
924
963
916
920
911
935
938
958
945
923
953
945
919
925
936
929
929
928
921
941
936
942
952
943
942
928
923
954
930
936
906
929
920
930
923
937
924
932
921
932
923
929
947
948
906
937
933
919
954
918
933
944
946
943
934
939
917
941
930
943
933
909
924
916
927
938
943
937
918
923
934
931
937
935
919
949
943
910
936
925
939
932
946
948
930
950
907
927
904
928
939
943
911
956
909
935
942
916
936
925
942
931
920
933
956
938
970
930
907
941
919
924
935
915
927
927
922
924
914
922
940
931
938
931
944
921
930
935
933
949
927
915
920
913
926
936
954
934
942
938
942
924
936
918
928
955
931
927
935
980
