1065
918
920
948
905
931
930
937
946
923
942
932
932
933
946
923
935
923
940
939
934
941
940
938
920
936
936
937
934
927
925
953
931
939
939
947
922
920
915
948
932
933
920
925
931
917
953
924
925
906
926
934
927
925
930
939
932
932
925
913
932
933
933
922
937
934
924
940
930
950
912
943
939
941
934
929
925
925
930
932
935
930
945
941
942
938
940
925
933
931
944
934
931
945
940
918
926
923
923
933
945
940
920
926
936
941
939
937
931
945
933
931
917
937
932
952
942
938
930
930
925
930
939
915
940
921
940
928
940
952
946
931
941
926
921
925
909
930
928
940
923
931
910
929
932
928
928
922
927
921
923
934
916
907
927
935
936
944
915
955
929
923
950
937
910
946
924
931
932
925
935
945
927
937
943
936
925
933
928
929
931
951
915
933
961
938
927
949
942
915
925
928
925
918
935
924
952
929
937
959
911
935
939
941
961
951
899
935
931
943
933
939
948
912
940
948
937
949
924
934
923
935
911
940
919
936
913
958
931
929
951
918
932
935
927
928
921
928
939
938
939
944
911
919
930
925
953
930
932
915
938
940
930
942
936
915
931
948
937
926
917
932
947
936
958
939
936
919
933
945
926
909
955
921
927
933
927
916
920
921
931
932
947
922
933
937
944
945
935
929
937
939
936
937
930
924
959
936
929
935
932
941
927
916
934
929
918
935
927
922
922
919
909
928
920
937
953
930
929
957
915
931
915
944
942
923
927
928
917
943
943
938
923
948
915
937
944
935
925
937
931
938
937
927
927
956
924
922
926
910
932
924
919
931
920
926
931
928
925
910
933
926
933
936
924
903
928
927
938
946
937
936
945
942
927
947
926
941
956
938
943
954
966
917
936
935
926
938
927
910
932
917
918
926
942
937
943
941
936
933
921
939
966
936
929
930
926
908
919
913
931
914
911
919
950
933
933
956
922
925
918
935
947
939
931
941
938
944
939
934
924
945
956
925
933
933
917
936
939
940
916
900
931
922
935
910
896
942
923
908
939
926
944
947
952
941
931
927
916
937
918
925
922
941
937
952
930
946
927
937
936
940
946
933
919
909
911
944
916
922
936
937
954
928
938
930
922
952
961
949
930
922
926
940
946
928
927
935
944
920
918
928
914
940
937
939
948
924
946
928
949
924
926
900
931
948
945
929
944
924
918
922
937
934
904
919
920
939
925
939
942
920
934
925
936
954
932
918
927
926
932
945
953
930
929
932
945
926
911
919
943
923
942
903
924
919
953
928
933
933
906
955
935
936
913
933
929
946
943
931
929
936
910
923
919
940
930
933
943
937
933
936
943
925
936
928
943
930
927
938
925
933
926
922
946
941
940
955
950
928
941
927
934
929
928
927
960
942
933
925
931
923
920
925
926
929
922
917
930
930
934
913
931
963
938
924
921
926
922
917
923
920
932
916
958
934
921
926
921
926
912
918
941
953
925
937
924
929
911
941
943
940
935
916
940
919
944
935
933
939
942
925
919
941
923
931
935
936
945
920
935
949
931
936
936
928
925
928
926
942
942
943
932
933
937
915
923
940
938
936
932
927
922
924
934
941
934
926
927
915
935
940
942
949
933
929
971
948
935
928
931
924
948
947
951
928
926
937
929
946
942
918
932
934
935
938
950
942
930
920
932
926
943
926
924
937
913
906
928
933
939
949
914
931
943
915
910
926
924
923
928
943
918
934
918
913
912
936
918
953
933
926
919
926
914
946
945
952
932
925
919
945
935
945
928
933
924
941
947
929
932
918
945
925
946
927
945
931
922
924
926
931
941
933
932
931
924
918
940
925
930
926
930
945
929
921
922
933
927
933
930
921
945
945
940
939
936
949
937
913
918
936
946
937
936
925
928
924
950
918
912
906
930
939
908
933
925
927
924
918
946
945
930
940
935
946
939
952
930
933
932
935
947
928
938
907
916
935
901
939
922
929
931
923
929
939
929
926
923
942
935
931
935
913
924
938
941
940
928
900
937
938
910
942
933
932
921
925
933
933
927
923
921
939
925
930
936
945
925
933
939
939
935
936
905
918
974
948
937
937
936
939
912
963
935
946
915
944
926
944
942
943
930
917
930
919
927
923
930
941
913
933
928
925
930
928
935
928
931
937
912
928
940
943
951
931
933
929
937
922
909
933
911
916
906
929
924
937
911
929
931
942
948
927
915
916
940
928
927
935
939
925
916
929
936
939
932
930
958
937
941
919
952
946
946
925
942
939
919
928
929
922
927
933
953
942
936
925
937
946
925
927
932
933
916
924
939
932
912
924
933
939
927
939
927
914
934
953
937
921
939
931
903
937
924
931
922
947
927
921
929
918
928
925
949
921
918
944
911
926
936
941
928
920
936
918
927
937
933
931
923
941
915
949
943
936
932
927
932
927
925
941
939
940
935
935
935
937
923
931
934
935
939
927
940
949
922
906
922
918
941
953
936
919
923
928
959
933
934
916
936
925
914
949
944
936
937
916
942
939
941
931
946
922
907
934
928
940
934
931
931
946
926
921
921
928
928
909
934
934
928
941
944
923
935
921
933
921
932
946
946
932
941
936
936
925
928
909
914
928
941
921
943
942
953
923
932
934
931
926
950
942
941
900
924
916
921
925
909
939
926
911
906
921
937
932
949
920
918
949
926
950
931
932
941
943
918
927
931
913
919
922
934
932
939
923
922
932
937
930
951
947
939
921
925
935
930
921
936
917
931
940
943
935
944
939
940
921
929
945
941
951
917
937
930
923
948
920
934
942
929
924
945
928
946
939
930
918
927
940
942
949
933
931
932
930
932
927
956
941
926
940
938
941
924
946
930
934
944
952
921
928
920
920
924
925
941
953
929
928
937
940
940
926
921
928
925
950
938
930
931
926
932
935
943
926
929
919
935
927
958
919
918
916
926
925
930
940
925
935
938
929
923
942
954
922
935
932
946
932
937
926
934
936
948
957
933
927
942
937
932
912
919
922
946
940
941
923
927
925
923
934
940
929
924
931
933
925
915
933
935
916
923
912
916
926
929
933
946
925
940
940
927
929
942
918
933
938
929
936
930
949
949
934
937
935
921
926
947
934
927
930
955
938
939
951
939
935
923
949
922
939
924
938
943
936
935
933
950
952
932
943
914
915
933
928
942
935
951
935
939
948
943
954
962
925
946
950
937
923
929
926
932
936
935
919
912
919
955
935
925
934
942
920
940
921
956
931
942
940
943
926
939
927
934
951
922
934
935
943
917
908
925
917
929
938
930
939
939
938
916
933
929
926
927
919
939
942
942
928
924
943
912
944
913
932
925
931
936
918
945
921
932
935
913
936
939
939
889
936
930
941
946
946
938
931
921
929
944
950
934
944
929
926
930
914
928
910
919
936
913
917
909
924
944
923
924
951
922
932
923
925
945
946
946
934
945
909
921
924
930
943
940
917
934
931
931
945
933
924
927
945
940
935
950
914
934
940
929
929
940
933
922
909
935
947
948
932
936
912
944
943
924
932
923
904
918
944
917
945
933
929
916
930
934
923
928
923
928
952
926
928
906
924
920
943
942
929
943
928
933
956
914
931
952
929
939
933
937
923
915
926
947
907
932
924
947
916
919
947
925
953
927
935
912
927
930
917
927
927
931
929
938
929
938
921
912
926
934
925
913
937
920
928
936
950
915
933
933
938
923
947
920
930
912
923
928
951
938
940
936
936
924
923
905
925
924
948
933
948
950
910
940
916
897
910
931
924
929
925
934
911
923
942
923
913
951
933
924
922
918
941
917
931
947
927
918
923
926
923
938
922
938
926
910
925
943
949
924
938
935
939
929
944
933
921
935
926
928
935
924
937
920
917
934
925
944
928
940
932
941
929
928
929
932
935
914
941
939
929
919
921
929
930
931
902
934
913
941
937
906
929
933
934
935
940
935
952
946
949
936
944
926
950
935
936
941
935
943
946
927
931
945
934
923
908
937
949
936
951
938
930
942
912
932
953
918
926
927
937
914
923
930
930
931
932
922
952
922
935
945
931
949
941
928
940
924
928
920
959
946
920
932
933
919
912
949
968
925
940
933
928
924
937
925
935
937
948
933
939
917
925
930
941
925
913
920
939
926
955
930
924
923
924
937
941
931
933
929
935
902
911
936
948
927
919
936
907
931
919
909
942
923
913
926
932
922
934
939
930
918
924
945
945
944
936
942
934
923
941
937
925
930
922
923
917
952
930
929
930
915
927
950
922
932
927
932
924
941
942
942
932
932
942
948
916
929
936
912
908
931
924
941
952
942
930
927
936
949
927
919
927
949
923
932
922
936
928
948
921
929
933
931
932
922
919
930
924
951
926
956
936
944
918
947
945
934
937
933
937
930
927
910
933
916
933
924
921
941
924
938
948
936
942
926
944
942
932
926
939
934
927
923
935
939
929
942
910
935
940
934
914
926
933
940
929
909
910
928
933
918
926
921
947
936
919
930
926
935
923
912
931
935
918
914
930
931
934
931
917
911
924
930
910
916
952
941
918
944
919
940
939
935
940
937
905
937
931
943
923
939
925
913
939
938
933
940
941
930
913
926
932
934
944
921
929
936
940
943
929
943
961
955
938
937
940
936
918
929
942
923
931
937
930
948
930
928
928
902
916
933
929
930
933
942
921
944
911
937
930
932
929
929
939
927
923
947
930
953
944
935
930
916
927
935
926
918
920
934
924
930
932
934
928
951
938
936
935
922
919
939
949
949
954
938
936
943
937
923
926
923
932
951
944
936
905
940
908
943
929
934
930
931
939
919
911
936
932
943
935
935
941
933
917
949
927
937
902
905
931
938
937
926
912
944
911
938
933
940
919
925
925
935
925
939
941
928
926
925
928
932
922
933
932
923
932
922
929
923
945
923
936
934
916
917
928
937
926
952
920
935
935
929
936
931
937
927
936
936
948
913
935
936
935
919
941
913
924
941
929
904
939
915
923
950
940
935
933
945
920
931
940
946
938
948
947
929
932
937
923
921
925
921
927
942
926
929
939
940
932
924
940
943
950
918
918
939
935
930
915
925
912
936
940
916
929
935
940
934
940
940
927
933
937
939
923
931
919
916
936
938
920
941
936
930
929
953
926
921
948
916
931
916
936
938
918
935
925
926
921
919
938
933
961
932
937
932
940
932
927
915
918
927
941
936
926
920
936
938
951
950
946
940
913
960
924
922
922
925
929
939
921
931
925
931
944
940
932
933
932
943
953
920
915
934
926
944
933
908
931
934
942
945
929
943
955
942
938
920
925
923
933
944
921
917
944
916
939
948
952
945
942
937
932
919
935
925
921
923
944
927
925
936
934
935
924
940
927
919
924
933
946
933
916
937
945
923
936
920
940
949
914
913
932
921
908
932
940
930
929
918
925
939
934
945
925
923
924
905
930
944
947
934
921
933
939
926
929
943
926
940
919
927
938
928
932
937
932
932
925
946
939
910
935
931
931
907
944
933
930
935
928
931
931
940
928
939
934
930
934
937
910
903
923
912
948
918
928
935
915
937
940
948
939
928
914
936
940
937
919
940
927
915
928
946
940
919
928
936
928
932
925
935
958
939
951
941
937
931
920
929
925
954
934
943
935
931
924
960
941
918
948
929
936
928
942
929
937
930
920
910
942
930
927
941
936
952
935
931
922
912
925
930
951
948
944
927
938
936
934
977
