1065
923
951
947
949
935
931
931
928
937
932
939
918
926
936
920
915
939
946
912
929
935
919
938
918
929
940
934
916
934
922
933
929
929
938
921
941
921
923
948
927
937
916
935
922
947
920
922
925
938
930
940
924
941
943
923
941
943
925
917
926
921
934
935
910
940
922
956
925
917
920
955
930
931
919
919
937
920
939
936
920
945
933
939
919
931
948
937
929
923
922
934
929
931
936
935
933
932
937
932
917
934
945
940
921
925
931
928
932
911
910
928
914
915
935
929
936
919
914
925
929
938
944
944
956
942
929
932
927
917
927
925
936
940
934
931
930
930
956
940
933
945
949
944
917
938
947
941
932
922
928
913
940
919
926
940
927
935
936
914
925
940
947
933
931
925
927
917
915
926
926
946
919
929
931
927
945
927
958
940
944
942
943
922
931
938
929
939
933
936
928
923
918
940
940
936
921
929
938
927
936
929
911
928
922
939
917
950
947
937
930
928
915
916
935
935
933
925
932
916
909
919
923
928
949
916
925
936
941
947
928
949
922
934
928
942
925
942
925
926
939
923
929
921
922
924
932
955
952
931
942
959
946
950
937
923
942
896
919
934
927
932
950
949
939
956
939
935
935
928
941
920
926
933
932
938
919
921
921
933
952
904
934
931
931
934
916
940
957
925
944
941
937
935
950
927
920
943
934
944
940
950
946
952
936
935
919
929
898
928
925
950
929
932
913
922
935
945
913
921
923
902
940
943
939
945
930
947
943
931
942
926
944
947
929
929
921
943
930
940
938
944
948
931
931
931
931
944
934
912
924
946
923
954
929
928
917
927
944
921
926
906
955
936
920
923
954
941
931
951
928
938
946
939
925
936
942
936
932
929
935
925
915
910
928
934
953
915
939
926
941
922
935
933
916
952
938
911
943
951
929
932
927
926
932
936
945
936
938
915
911
939
942
949
932
927
926
935
945
931
914
940
921
927
927
930
938
930
933
910
912
924
942
947
917
937
941
936
916
926
920
931
947
947
921
940
941
944
935
939
933
930
934
923
926
939
926
936
950
937
925
935
950
945
928
941
921
928
935
927
914
913
929
943
937
931
929
932
935
927
934
933
905
939
938
945
938
926
925
935
935
927
930
931
906
925
932
935
928
907
934
943
932
943
916
920
927
944
936
926
910
945
935
944
934
942
959
921
936
923
918
916
918
926
909
945
913
938
919
934
945
932
932
929
922
932
937
937
942
938
954
937
923
937
919
917
953
939
919
940
932
940
932
940
933
928
921
926
925
923
914
944
928
941
940
949
923
940
956
927
948
946
943
957
918
915
927
938
915
913
932
938
938
939
938
935
938
943
934
948
941
925
944
939
944
943
940
932
936
922
927
914
945
933
928
923
941
925
925
928
931
935
939
939
928
941
934
929
946
922
915
921
939
928
926
904
935
949
923
937
930
944
935
912
923
933
942
928
937
952
945
931
925
911
918
931
939
947
921
951
917
938
928
930
927
938
932
914
915
940
941
921
923
936
934
938
916
909
930
939
943
922
940
939
937
915
917
936
942
933
923
927
937
932
941
951
941
934
947
946
916
934
930
930
921
929
915
920
930
920
931
911
918
945
948
937
918
920
942
932
922
938
953
935
934
946
934
928
942
935
949
934
933
930
936
955
922
953
939
939
921
930
925
937
928
943
925
934
944
963
921
941
934
920
937
935
956
941
937
926
927
923
920
937
922
926
933
932
941
930
957
929
919
938
927
942
923
929
921
926
928
931
935
938
919
928
946
932
939
928
941
935
948
933
931
947
917
916
938
934
916
936
918
936
949
947
936
928
927
933
940
950
925
929
925
924
925
925
933
942
934
934
918
918
924
924
940
924
937
910
928
925
903
929
943
939
936
930
951
942
954
928
937
926
929
936
930
927
915
932
934
941
926
938
931
927
939
948
960
934
923
928
901
929
945
926
944
935
943
930
944
925
919
916
927
937
929
938
932
927
925
938
909
922
933
915
931
953
908
917
933
931
929
932
930
921
937
938
919
939
919
925
957
921
935
933
917
921
928
928
965
934
922
956
940
954
919
924
930
937
939
956
934
944
918
918
927
955
923
921
927
945
935
921
934
924
925
917
917
945
938
929
925
928
943
953
944
917
921
940
933
929
941
932
922
922
936
941
951
921
938
932
953
941
913
934
957
937
946
915
937
929
933
935
935
938
924
931
939
945
936
936
928
920
934
944
939
948
941
914
938
936
935
935
951
939
939
926
943
926
949
930
946
913
941
936
927
910
927
949
933
953
940
925
934
918
922
926
938
940
942
944
948
942
897
919
932
944
947
942
921
914
923
931
933
952
919
920
927
945
929
905
927
930
919
950
939
941
933
948
924
921
937
940
928
940
935
940
933
932
942
942
945
932
936
919
938
924
938
921
923
937
945
919
912
912
934
906
926
933
928
942
937
918
932
958
922
905
951
918
931
944
946
942
936
913
927
934
935
927
944
925
934
912
931
913
925
929
927
923
932
928
929
927
931
935
934
942
927
934
935
931
924
934
934
929
916
914
928
923
941
939
935
942
938
945
936
912
918
941
942
910
916
921
921
917
940
933
927
926
931
942
919
922
921
935
925
932
923
934
927
921
933
925
933
915
944
924
957
920
941
921
945
927
939
924
945
938
949
930
934
934
937
929
940
931
947
947
943
928
919
927
946
917
957
943
933
939
929
941
950
924
925
946
947
938
928
930
903
936
924
915
933
923
939
926
948
924
928
957
927
919
953
927
923
924
930
916
946
939
922
918
930
937
955
933
918
932
920
941
936
937
932
958
950
950
932
926
943
928
935
946
957
927
943
950
922
933
946
926
945
937
921
939
925
928
937
932
937
958
910
930
942
917
935
934
933
929
946
930
922
923
925
939
929
938
923
931
930
918
934
933
938
930
940
912
948
926
937
926
918
952
950
934
929
934
927
941
946
930
928
937
936
901
921
932
929
923
947
944
936
952
925
938
929
930
913
938
918
932
937
950
938
939
931
948
942
943
951
933
927
928
937
923
915
920
917
927
927
948
932
946
932
933
932
946
920
940
923
941
931
930
941
923
920
936
918
922
922
923
935
934
933
943
957
953
934
934
925
943
941
945
948
910
918
908
939
927
932
945
938
940
932
927
934
920
937
924
951
919
933
917
931
908
933
934
930
924
911
927
943
923
953
925
927
939
940
917
937
939
942
938
935
944
921
947
950
936
938
943
935
929
916
925
938
943
932
940
911
937
956
941
941
944
914
928
933
936
922
933
928
917
925
928
935
949
947
925
931
921
937
908
935
953
930
945
929
923
930
930
926
926
933
931
928
933
954
934
922
933
931
942
935
929
940
923
943
918
932
932
929
933
935
909
934
936
939
928
942
960
944
951
932
941
941
934
925
932
925
936
936
946
944
941
933
946
919
946
930
929
941
940
924
921
937
926
935
934
933
927
941
944
926
921
913
920
941
926
946
918
922
935
919
932
940
925
935
936
924
949
940
920
931
944
923
920
919
939
925
933
921
932
933
927
932
933
926
942
936
918
939
929
940
928
925
940
936
927
935
917
938
947
956
928
942
932
939
924
935
933
943
935
940
934
927
932
944
955
930
921
942
954
930
921
930
928
894
926
926
907
911
926
922
903
945
932
956
941
938
920
943
930
944
910
927
925
926
927
942
933
946
920
938
930
924
922
922
925
938
934
927
923
928
933
927
946
923
917
929
915
928
940
940
911
937
925
931
931
925
949
936
923
930
945
919
925
932
937
916
919
944
924
911
929
943
944
914
932
938
948
920
929
935
930
917
926
939
928
932
922
919
936
924
923
933
930
921
928
934
937
938
939
934
939
941
935
930
923
928
927
931
925
928
930
941
928
932
939
940
929
922
947
915
947
948
940
941
931
916
928
945
935
928
943
919
946
955
936
938
928
930
926
957
953
937
912
937
923
933
946
946
938
935
913
936
953
917
937
912
906
936
912
945
928
925
924
939
942
950
916
931
955
933
936
919
918
931
936
928
942
960
923
927
933
943
923
927
930
942
913
943
934
915
923
919
929
938
923
931
923
929
927
927
935
922
939
937
932
947
939
928
936
944
926
937
937
931
932
926
937
939
911
929
927
933
940
930
930
932
923
941
928
939
935
919
950
934
942
945
952
927
926
935
929
950
931
933
940
942
924
947
942
922
937
942
929
932
935
945
934
923
943
923
916
929
936
938
950
936
944
923
934
924
931
928
932
906
939
957
948
928
938
947
935
924
928
942
918
912
919
933
937
926
937
928
936
933
926
931
924
928
908
936
943
932
901
950
915
928
946
920
920
944
932
953
929
948
931
941
914
934
938
926
940
930
913
915
930
936
932
919
933
928
930
936
936
934
922
935
931
940
915
932
932
959
930
943
946
925
919
940
934
909
939
935
933
929
926
934
940
929
940
925
940
935
933
909
926
929
931
935
941
937
934
930
935
930
952
910
913
913
921
914
934
932
910
924
916
929
931
928
939
923
941
937
952
930
922
952
932
941
922
943
935
941
915
918
928
937
936
925
942
925
930
919
936
941
932
928
922
935
906
936
924
925
907
913
929
935
936
956
941
945
946
937
908
922
930
951
949
936
938
932
922
936
930
909
907
929
941
931
932
933
943
926
931
950
914
921
917
932
914
936
932
944
925
901
940
931
935
911
913
937
947
938
942
924
916
924
934
925
924
932
926
926
934
917
919
935
946
932
923
937
946
945
939
931
918
922
941
925
945
940
912
925
941
917
934
928
946
929
925
952
930
924
932
948
927
935
926
906
939
930
936
922
930
932
926
937
928
934
943
932
945
933
909
938
934
935
913
939
941
938
916
937
917
898
926
929
917
933
917
944
929
921
925
937
930
918
926
936
940
921
916
937
957
945
939
943
926
924
927
930
933
927
925
944
933
941
930
928
930
943
942
929
929
919
926
925
923
942
924
933
911
944
928
942
925
935
940
930
945
950
935
929
917
932
924
931
934
949
946
939
911
928
933
932
916
944
942
928
924
931
917
897
920
914
926
924
933
938
943
934
921
928
924
932
932
956
957
913
911
905
934
920
932
891
939
925
932
930
936
938
929
933
933
923
929
943
941
930
930
897
956
935
937
910
909
940
934
939
955
924
938
912
914
932
921
923
900
932
935
931
918
931
929
933
927
930
928
925
918
934
933
932
948
933
943
940
937
926
937
925
922
924
913
926
931
938
932
947
931
941
937
934
917
929
927
941
931
920
944
945
938
927
937
942
954
933
942
917
943
921
909
935
935
918
938
946
930
937
920
941
931
940
922
911
928
942
945
948
924
914
917
941
947
917
938
927
938
947
943
937
938
921
916
918
927
935
962
944
940
945
927
931
925
931
933
919
938
936
944
946
913
947
938
930
907
909
937
944
942
943
937
925
930
930
927
918
932
951
929
939
926
926
925
926
941
945
937
937
936
964
938
929
926
935
946
939
944
919
925
919
950
940
930
950
929
924
925
936
926
939
935
929
931
920
936
922
930
922
929
943
933
925
913
943
930
946
921
916
935
927
927
932
928
934
932
924
905
912
937
915
929
927
955
929
944
922
915
935
935
952
945
914
927
923
924
948
928
944
942
913
910
949
929
912
957
913
951
919
921
931
918
923
937
926
938
929
918
931
919
926
923
932
936
956
926
910
919
977
