1065
919
940
933
940
936
932
921
918
932
937
946
942
931
948
934
941
932
927
937
941
958
937
941
932
937
932
929
918
925
938
937
929
936
947
943
937
934
919
918
936
923
950
937
943
933
936
943
963
930
931
928
927
940
940
916
931
937
940
932
899
935
957
929
905
920
932
934
943
941
935
948
938
945
913
932
926
916
932
929
913
930
929
925
923
941
912
913
921
926
920
928
940
925
929
917
945
903
933
951
936
948
930
944
931
911
911
954
924
948
926
935
925
921
916
952
943
919
945
932
918
935
922
938
930
927
946
931
933
924
939
951
927
938
933
928
913
922
918
919
911
931
958
914
938
937
923
928
950
905
931
947
950
931
941
952
932
941
940
939
934
919
926
932
932
941
953
927
934
929
938
936
936
922
942
947
949
933
928
929
923
945
919
936
919
927
942
918
939
950
916
926
936
924
947
922
929
932
935
942
958
939
938
930
931
936
934
929
928
939
926
927
917
926
922
940
932
933
940
932
928
931
955
943
940
925
923
942
939
925
947
922
928
928
936
931
938
928
918
923
940
931
940
934
922
931
919
928
931
942
939
932
918
928
929
948
925
943
935
955
958
939
921
927
922
924
914
933
941
959
915
929
923
916
906
910
904
931
931
923
942
932
926
936
910
923
918
926
943
939
937
930
938
916
919
927
916
926
935
913
946
921
921
932
920
921
922
918
929
936
945
927
924
918
934
903
920
910
933
918
928
929
938
944
929
931
930
920
949
935
948
920
953
925
934
932
913
938
940
924
932
904
907
939
926
921
937
920
936
928
952
926
921
943
937
941
927
923
917
919
949
948
922
926
915
937
935
935
916
927
938
940
938
932
934
935
916
924
930
907
920
917
933
935
947
927
932
930
925
940
930
936
956
921
954
946
934
923
955
938
920
914
923
942
924
932
941
928
920
926
911
935
918
925
916
930
943
940
946
942
938
942
950
930
937
922
954
941
940
902
941
934
929
938
928
930
926
933
937
922
928
930
911
924
923
963
929
913
929
931
919
949
945
933
931
919
924
937
945
946
923
936
944
948
927
939
933
913
932
912
925
927
939
928
940
929
935
945
919
942
932
947
943
935
934
930
932
915
912
940
935
920
922
924
922
947
926
918
926
935
943
926
932
928
929
927
919
946
944
922
933
939
949
907
940
937
952
942
926
947
919
945
912
928
933
939
947
930
931
942
933
936
935
932
927
928
927
942
937
940
926
929
940
936
951
918
932
942
930
933
938
945
951
916
945
920
924
928
934
945
933
935
933
954
921
938
925
950
922
938
911
937
920
940
943
914
936
911
918
901
944
938
913
936
922
942
906
949
938
928
936
926
928
921
936
941
919
938
927
932
932
937
934
917
918
941
921
929
916
916
915
926
925
942
914
929
939
923
937
909
925
933
932
934
931
936
946
945
921
941
925
946
949
944
933
948
911
923
934
941
928
934
914
950
952
923
950
934
918
937
928
924
941
929
938
926
966
931
948
932
929
940
950
938
929
930
919
924
926
928
926
924
940
912
931
936
925
929
915
935
926
935
955
930
905
936
921
918
937
936
920
929
934
924
937
939
933
930
932
929
923
918
918
928
916
933
911
933
911
932
926
925
929
940
929
936
955
920
960
964
931
925
953
926
928
907
943
915
919
946
923
936
910
932
935
931
933
941
933
916
929
947
914
938
916
930
937
907
917
936
926
934
918
941
940
944
952
932
927
927
931
937
946
942
948
935
913
953
929
920
919
946
922
916
920
948
927
928
924
928
920
934
920
924
922
934
929
921
926
939
935
924
913
940
935
929
948
939
923
922
939
919
948
918
941
940
937
930
926
926
942
930
928
930
916
922
927
934
916
946
917
918
915
925
932
922
924
942
917
931
913
918
932
926
922
938
934
935
950
933
923
924
918
925
914
905
914
937
955
925
918
915
929
933
947
920
926
920
938
924
919
928
932
933
956
927
932
936
943
915
955
934
942
932
934
940
934
951
936
938
928
945
936
922
920
922
927
919
923
926
919
928
935
935
931
921
927
917
916
929
943
932
962
936
926
921
938
946
913
944
922
950
910
936
920
933
914
939
950
934
922
917
934
932
941
933
927
912
927
933
932
926
933
938
913
926
923
952
941
932
926
918
941
942
934
920
910
922
939
937
937
935
924
929
928
939
942
938
932
933
931
925
947
934
939
938
936
938
919
940
920
923
917
941
940
921
942
934
913
943
933
909
944
937
947
960
906
916
932
927
902
911
929
969
914
946
943
912
939
924
959
928
924
934
943
933
951
945
925
932
963
924
929
931
925
921
914
915
945
937
918
925
929
928
932
929
922
937
931
932
951
946
939
951
931
948
935
917
912
939
932
935
934
929
943
932
940
935
958
937
936
932
955
950
935
919
910
931
925
924
915
923
926
932
924
939
928
946
931
946
938
931
937
943
932
926
905
948
905
938
935
924
941
926
962
922
930
929
949
932
932
926
918
940
928
932
930
949
916
931
935
942
925
931
933
947
935
927
937
955
918
925
914
936
936
913
923
932
934
923
919
938
918
927
932
918
945
949
952
932
932
937
918
908
941
937
946
929
930
932
938
925
929
943
941
929
944
921
945
938
939
918
899
924
941
926
913
931
923
926
933
930
938
940
946
936
915
910
937
959
935
933
916
928
919
926
912
914
919
914
927
921
936
912
940
919
934
931
937
919
943
928
919
930
933
942
942
939
915
932
930
929
913
926
927
914
922
943
939
947
939
946
932
935
957
954
942
939
931
950
925
930
943
945
940
934
930
946
943
944
941
914
943
927
949
916
904
933
912
945
926
936
924
947
944
934
929
924
943
925
941
929
916
923
937
922
935
921
917
935
935
933
918
932
929
948
952
929
943
947
948
929
937
923
909
919
941
900
943
932
904
927
950
942
940
934
945
924
915
951
931
927
916
930
928
942
913
946
929
928
956
944
940
919
949
896
908
929
925
933
930
926
934
926
909
929
922
929
928
924
933
928
919
934
933
927
924
933
945
936
951
930
937
932
924
913
927
936
939
929
955
932
944
944
921
932
937
940
916
923
936
920
938
920
929
933
934
944
946
927
930
942
922
934
934
932
940
931
950
921
956
931
940
943
960
932
914
918
938
922
916
928
925
946
921
933
952
943
944
938
920
943
926
944
927
938
934
955
927
930
916
927
951
911
930
942
920
941
941
916
909
930
941
935
924
913
902
924
923
925
927
926
921
936
910
936
922
937
951
948
943
937
922
939
940
945
935
932
934
951
917
931
918
925
922
920
907
915
926
915
934
936
928
934
945
935
922
926
923
925
936
944
925
928
913
931
957
919
917
949
912
944
939
922
934
942
921
942
921
919
925
938
946
931
936
945
924
933
930
918
931
943
929
929
922
936
917
917
929
928
943
907
943
935
933
949
921
942
909
917
943
923
943
941
938
927
949
945
944
912
924
935
929
947
932
944
925
948
933
927
940
922
939
931
942
915
953
924
915
922
931
935
904
932
958
929
943
945
933
914
931
930
940
936
922
930
938
932
941
930
954
948
945
919
928
932
912
942
933
936
927
954
944
944
928
927
914
925
929
935
952
944
929
939
918
923
906
926
924
917
934
937
929
937
950
940
919
929
932
945
929
930
935
925
919
945
939
925
929
946
937
931
941
941
915
934
927
918
909
929
939
929
931
937
938
941
934
913
929
927
913
925
923
935
935
926
945
934
946
940
936
935
914
939
943
931
935
923
919
937
934
936
933
946
941
924
927
904
918
928
939
931
931
951
945
933
922
932
910
941
947
919
935
947
938
939
928
950
940
927
952
944
931
927
972
918
922
906
920
920
933
915
934
923
915
927
954
933
932
930
928
936
936
918
917
927
937
914
935
933
948
938
940
911
942
935
931
917
920
936
918
919
928
940
926
931
945
949
942
931
926
926
925
931
959
951
928
932
940
925
936
933
929
942
947
924
935
945
921
930
939
933
923
935
941
926
922
915
926
952
931
924
928
934
921
932
918
936
932
923
945
938
928
925
911
948
935
927
964
939
939
944
932
925
941
937
940
933
933
912
916
937
921
920
946
925
934
941
930
921
933
920
931
925
921
941
927
937
931
933
938
914
916
935
918
932
942
930
938
941
912
931
949
929
923
950
923
948
925
936
920
925
936
931
935
935
924
935
940
939
923
935
949
919
920
936
937
916
929
949
926
943
941
942
935
935
916
922
930
940
932
933
940
929
912
933
927
924
943
912
939
914
946
931
934
929
913
928
953
933
927
917
915
922
945
928
947
916
912
942
923
941
914
946
912
927
942
944
928
923
940
921
937
954
943
936
936
918
931
919
957
935
925
952
920
928
929
949
937
936
930
940
930
934
923
938
933
939
942
932
938
931
934
931
916
943
929
922
930
941
935
932
924
933
909
930
921
937
949
939
927
930
942
938
944
912
932
930
944
933
932
931
946
945
953
939
932
949
926
935
932
941
934
935
913
935
925
912
919
941
916
924
938
950
942
962
938
940
926
923
918
926
932
910
930
929
941
957
922
923
946
930
935
942
919
929
946
930
948
947
922
938
935
918
929
943
930
949
926
944
922
940
910
919
934
937
930
935
920
925
922
923
934
947
927
906
931
924
917
941
942
929
953
927
924
943
940
943
915
922
925
936
941
927
931
930
954
914
936
928
953
937
926
896
929
924
924
939
925
932
933
923
926
942
942
936
926
918
942
936
944
930
936
928
937
932
950
921
929
946
927
929
931
928
921
922
921
928
943
948
922
923
912
930
909
936
935
934
920
912
927
933
925
938
932
907
946
933
927
923
921
923
936
920
949
934
944
923
927
927
926
907
936
933
919
912
933
932
924
927
933
944
937
942
941
943
938
947
941
929
925
918
936
926
928
934
937
928
930
920
942
935
928
925
931
914
953
928
923
921
940
937
921
937
925
925
940
934
929
938
915
935
926
932
933
938
938
940
930
933
937
931
927
910
931
949
929
915
927
924
929
927
936
942
930
954
926
929
924
918
924
938
935
943
927
933
929
955
941
930
946
930
943
926
937
919
930
935
920
927
930
943
907
924
939
929
920
927
935
945
944
938
928
920
924
918
943
911
921
943
929
930
952
921
917
927
906
940
935
915
929
918
956
922
931
931
949
935
932
928
948
927
930
930
937
932
947
947
931
921
900
942
940
942
935
939
923
931
956
935
927
944
952
946
943
934
942
942
931
920
925
937
952
941
942
921
924
949
934
936
931
923
925
925
920
937
928
934
925
947
932
926
927
926
929
934
943
916
909
943
920
926
921
919
918
927
931
944
920
909
938
928
928
917
916
919
936
927
921
935
937
940
946
936
924
890
931
918
929
915
950
933
928
909
941
943
933
946
914
920
933
939
942
939
923
924
924
928
924
955
931
938
929
927
925
925
932
914
949
925
938
939
928
909
917
931
939
934
935
929
925
914
910
913
928
957
927
919
926
922
955
914
933
929
940
919
952
927
928
952
950
931
944
910
943
946
925
937
922
943
942
944
941
941
930
906
928
935
894
943
935
929
919
950
915
935
923
944
959
941
944
947
925
916
935
944
915
945
948
934
940
936
942
935
928
922
936
927
938
934
940
923
927
931
939
928
923
941
917
934
929
940
937
938
924
931
925
948
946
934
929
935
932
927
935
936
941
932
948
936
980
