1065
921
936
927
939
933
931
937
913
937
935
944
921
932
934
925
944
928
936
929
944
908
922
943
937
929
927
932
919
906
936
949
928
934
933
934
933
948
945
935
930
951
942
930
931
932
945
921
925
937
939
941
925
945
918
940
932
937
953
917
925
918
935
934
950
931
942
940
943
931
948
945
919
935
932
907
945
949
938
929
938
927
935
931
936
904
935
918
934
915
927
932
936
957
920
941
911
928
936
935
928
907
930
936
931
934
941
946
929
929
929
950
924
933
933
925
926
923
931
917
927
943
932
938
918
933
915
946
919
939
937
931
938
955
923
926
940
931
932
939
937
906
913
932
945
934
929
958
937
931
909
924
943
939
922
919
921
919
925
933
945
936
942
947
914
953
929
933
924
933
952
925
906
914
948
926
916
926
932
926
932
923
924
923
936
933
939
938
937
940
932
924
929
949
950
940
942
933
936
920
936
938
936
929
943
925
925
923
941
948
911
947
932
925
920
939
936
939
933
944
922
931
940
936
953
913
921
952
933
937
946
930
938
934
923
933
927
942
923
936
910
942
935
944
915
928
918
939
908
940
923
931
923
936
910
941
933
902
910
931
915
915
918
936
930
922
919
950
956
920
927
934
932
926
948
933
938
928
925
936
944
936
927
938
942
956
939
935
948
934
924
934
940
921
945
951
928
931
946
932
918
917
923
962
942
946
927
947
940
923
925
916
937
940
941
939
924
916
907
930
937
926
932
927
939
927
934
939
934
941
939
935
934
921
940
917
943
950
929
908
918
934
921
931
933
906
945
931
922
921
932
934
923
938
937
917
952
947
924
929
947
933
945
924
940
926
930
948
936
920
928
932
946
925
926
943
935
928
951
943
938
910
931
963
927
936
924
949
926
932
932
933
938
940
925
947
930
920
904
951
930
951
945
941
925
945
938
940
945
955
945
934
919
927
920
928
919
948
951
943
941
932
949
930
926
933
927
935
910
901
925
935
906
943
935
923
925
923
948
923
944
911
926
931
928
929
938
938
945
944
910
903
924
934
936
913
914
941
905
932
910
930
946
942
926
938
934
936
943
936
942
929
918
907
932
918
941
929
916
913
928
938
946
920
924
936
911
907
933
907
915
919
914
911
930
924
931
918
920
919
911
934
942
939
943
941
951
930
941
935
920
926
933
948
919
929
931
938
924
940
944
935
934
929
933
935
908
938
933
924
959
944
921
940
934
908
931
926
917
925
927
917
938
917
925
916
956
929
938
934
938
934
955
929
934
934
937
938
934
934
961
925
930
949
931
927
935
946
925
934
942
936
921
944
916
941
930
913
924
936
943
936
911
939
940
927
946
918
924
945
945
945
925
954
943
922
936
942
926
929
940
937
929
928
926
940
938
927
930
935
928
944
923
935
917
923
930
910
939
915
942
953
932
935
937
935
949
919
946
950
930
933
922
935
915
927
941
940
936
931
925
918
928
915
913
926
939
933
931
923
944
951
921
923
926
917
931
949
932
954
932
925
924
932
941
939
941
943
955
933
949
944
958
944
939
946
935
938
919
927
923
937
926
925
923
939
908
924
915
914
931
926
934
916
943
941
940
919
943
929
925
913
919
943
937
950
946
935
935
930
922
925
938
942
907
917
929
927
933
923
939
945
939
932
938
939
913
926
929
939
947
926
902
927
936
939
956
929
918
918
950
933
918
925
941
938
930
955
926
942
941
923
927
932
934
918
929
936
925
933
936
953
928
929
933
936
946
948
950
928
950
925
931
894
929
939
910
933
918
925
925
943
934
923
938
942
947
930
923
933
932
949
938
922
916
938
949
951
929
919
933
924
935
938
935
930
944
915
938
909
910
934
951
929
962
942
940
914
933
935
931
951
933
938
938
927
917
935
933
947
909
936
939
932
925
943
943
934
923
931
931
939
935
938
950
913
944
949
922
941
929
932
931
939
910
923
941
932
934
941
920
931
923
924
939
932
932
926
926
943
931
931
936
945
918
927
947
927
944
946
928
931
927
910
916
954
926
934
934
938
923
928
935
964
932
933
926
922
929
936
921
916
944
931
931
918
937
940
935
925
913
931
931
928
914
919
940
932
938
934
956
939
951
926
934
933
930
941
930
931
928
960
925
938
921
935
944
927
932
946
943
927
950
932
932
918
933
925
945
948
912
926
935
913
924
929
938
914
939
950
940
941
943
925
929
942
923
953
949
929
947
939
939
938
932
936
921
937
927
926
939
921
932
928
908
929
933
936
947
934
940
915
935
931
928
937
921
921
942
934
919
933
938
938
933
943
922
953
929
914
945
949
922
922
945
914
954
949
926
921
935
914
930
929
917
921
925
934
925
955
958
938
934
936
940
931
934
929
895
923
935
915
928
943
940
938
929
916
929
929
919
951
925
927
942
948
928
945
938
949
949
949
945
920
930
931
924
953
941
955
908
920
928
945
933
916
941
948
938
925
945
924
938
926
938
929
927
930
932
958
920
928
923
932
926
930
906
931
955
926
942
932
924
934
932
936
919
949
957
926
932
935
933
921
943
923
926
955
939
935
943
916
924
931
937
945
897
941
936
935
941
931
951
919
924
925
911
930
918
948
930
935
937
921
921
933
928
931
913
929
925
912
921
938
923
943
947
936
908
933
944
932
941
919
929
938
925
923
935
942
922
921
945
929
941
951
928
907
929
919
934
937
930
935
938
937
915
929
928
946
949
952
925
913
920
937
900
920
936
920
925
932
924
929
935
933
944
931
941
927
931
937
937
926
929
940
921
939
942
945
903
920
949
953
946
954
946
932
937
930
947
934
916
961
932
929
946
928
926
938
938
934
929
936
939
921
946
927
946
932
930
925
903
911
944
927
946
949
928
921
952
932
918
923
925
901
914
928
929
928
931
941
935
932
914
929
931
932
957
930
928
918
941
923
938
925
927
914
928
925
917
950
940
932
943
919
932
924
929
944
939
919
935
936
927
940
923
923
927
938
938
945
928
926
938
920
936
942
942
922
915
938
922
924
930
932
947
932
918
929
926
930
964
911
939
934
936
920
953
919
944
930
936
936
927
922
960
937
925
945
930
923
939
936
948
950
937
944
934
941
932
901
928
913
935
953
934
944
947
926
936
946
914
945
936
945
946
934
940
950
942
934
949
924
934
945
936
905
951
934
936
952
930
931
945
931
947
943
935
915
941
937
922
929
939
938
916
940
940
916
948
908
917
938
944
924
938
942
916
935
945
944
927
935
945
933
908
925
922
930
938
938
948
940
936
937
924
933
918
934
932
940
929
927
942
924
941
936
921
929
934
923
908
934
945
939
937
935
938
929
936
931
935
945
931
943
912
934
953
933
929
919
911
927
925
946
925
933
918
943
924
923
941
925
914
932
932
915
939
924
930
939
937
919
919
938
943
936
924
933
947
928
946
922
936
935
929
939
937
925
936
942
920
940
941
926
933
924
918
938
931
916
937
916
915
945
953
925
942
945
935
934
942
921
937
942
941
934
937
939
927
936
933
942
938
942
937
943
950
937
938
934
939
938
945
910
932
936
938
929
934
953
933
944
936
938
937
934
917
954
944
917
937
937
901
914
924
938
942
936
893
939
945
924
926
933
933
919
935
907
932
925
939
939
931
937
939
933
958
937
927
926
931
941
934
912
947
918
924
960
931
921
927
913
927
915
925
937
941
927
908
927
934
929
922
944
946
937
935
945
917
937
931
933
915
936
923
934
928
945
932
926
953
934
912
935
930
933
919
937
929
930
932
926
938
938
919
925
938
938
933
945
941
924
917
930
925
939
944
919
948
934
916
926
930
951
917
920
929
918
948
939
925
945
917
946
932
919
918
937
940
939
924
912
925
930
923
938
933
907
925
932
936
935
930
923
941
924
919
926
928
937
926
922
905
939
926
936
910
955
935
933
921
929
934
944
939
935
940
914
944
930
944
945
945
917
923
923
922
941
946
939
919
925
935
925
945
920
912
935
929
924
921
922
936
961
932
918
944
932
926
933
929
935
953
945
926
941
940
942
941
934
928
920
932
943
938
932
951
927
920
948
924
936
914
926
931
932
942
947
943
922
934
947
921
923
944
925
958
933
923
929
951
924
935
905
939
914
922
918
931
945
928
905
917
955
941
942
936
932
948
939
918
915
896
914
910
940
947
921
946
951
939
923
921
955
933
933
925
933
950
942
941
938
936
931
914
913
923
929
921
929
950
933
944
936
937
947
916
904
935
909
937
942
936
939
924
914
940
921
944
935
942
929
928
927
940
911
929
939
922
943
941
939
937
947
940
927
931
934
946
946
940
929
933
936
923
933
939
940
947
934
948
929
946
937
932
946
938
935
942
934
942
953
914
925
926
924
923
940
928
929
922
919
932
938
922
917
952
925
916
921
920
931
925
946
908
929
914
932
952
916
934
926
939
931
923
937
940
916
945
922
916
958
925
934
936
924
947
930
913
940
920
926
911
931
931
929
951
929
934
913
922
935
937
920
916
924
915
922
923
934
932
936
921
952
946
931
958
936
928
960
936
944
920
939
942
929
935
930
947
911
919
925
921
938
924
947
945
925
943
935
941
918
945
918
926
947
927
932
943
948
934
924
938
915
927
907
926
939
918
931
946
940
955
917
943
943
926
923
906
916
933
946
928
923
932
944
953
937
928
924
936
926
943
938
941
922
931
908
931
933
924
942
935
935
932
942
924
928
931
904
937
945
941
932
901
939
929
913
935
928
925
919
929
932
933
939
936
931
905
936
937
920
933
917
955
947
921
923
932
953
939
920
928
931
925
926
938
936
928
937
945
928
935
928
935
938
943
929
924
931
919
936
927
941
946
923
930
937
943
924
907
932
933
921
949
942
946
935
948
926
936
937
942
924
904
937
937
945
926
946
942
932
954
914
917
957
915
939
934
932
938
930
950
944
929
933
940
941
916
945
932
938
933
928
932
951
948
943
939
941
942
940
927
921
944
921
936
933
934
942
931
939
924
919
943
935
934
916
931
941
916
929
949
930
926
937
944
938
920
908
927
927
911
907
935
955
929
947
928
940
921
941
921
904
935
938
944
909
928
960
922
935
924
953
931
938
942
960
926
924
946
930
950
932
939
956
951
931
961
912
931
918
933
944
938
928
934
916
950
918
927
926
951
936
918
938
947
923
928
928
936
944
934
940
918
926
915
932
947
925
930
949
931
946
921
925
918
943
923
930
934
927
913
916
937
937
935
939
926
942
911
937
905
931
942
921
908
947
917
930
940
927
924
912
917
935
931
950
939
944
927
919
960
934
935
945
951
942
930
935
930
926
954
945
930
936
912
918
933
936
939
940
926
933
927
960
935
942
931
914
907
928
919
940
925
934
930
926
933
924
934
928
923
929
915
933
923
929
925
931
934
930
917
941
955
938
942
970
933
908
944
927
949
943
916
928
926
938
952
933
929
936
930
936
931
934
917
951
935
923
943
912
927
920
920
905
923
931
958
949
940
931
946
947
915
952
930
928
958
923
930
942
951
946
945
929
929
950
951
934
926
946
936
910
901
949
922
940
918
932
934
949
931
943
931
931
937
934
919
938
933
932
935
945
917
925
953
928
937
899
918
928
915
913
911
925
948
926
931
924
925
923
930
917
924
932
927
938
939
943
930
932
940
927
935
936
945
925
936
937
939
922
929
941
920
936
943
936
975
