1065
924
943
953
952
919
916
943
933
946
941
928
936
927
918
926
908
932
923
932
934
949
931
918
953
932
948
947
927
933
905
942
928
940
935
925
925
936
920
934
925
930
946
940
931
955
939
936
926
954
927
938
938
916
925
925
909
942
958
923
936
927
935
930
938
943
924
922
935
932
924
940
928
930
938
925
946
909
918
938
936
920
941
895
914
921
930
945
948
933
934
920
911
929
931
916
932
921
937
926
930
966
933
907
914
928
923
931
907
932
926
936
945
932
935
933
935
932
931
958
957
914
943
931
923
941
941
923
913
930
944
933
912
944
947
939
937
940
911
929
926
913
919
929
919
931
915
921
916
925
927
920
943
931
952
917
916
944
921
930
934
939
952
934
939
928
945
926
918
909
941
922
936
929
928
951
952
924
913
934
933
943
939
948
937
938
922
939
932
943
929
939
935
930
923
924
917
920
938
921
920
926
921
945
915
924
895
926
942
946
938
924
935
913
934
921
935
913
929
954
929
938
918
950
939
932
942
929
941
920
943
933
930
919
922
926
952
931
935
953
920
943
940
924
915
941
946
908
938
906
910
923
929
940
926
920
925
924
944
916
930
925
931
920
918
908
922
927
927
924
926
930
929
925
911
942
930
924
938
935
943
938
930
928
923
947
925
937
912
928
933
920
931
923
934
935
932
936
926
929
946
927
910
961
920
947
928
940
953
935
920
933
919
924
940
949
937
925
937
937
945
918
926
927
932
929
931
909
929
929
936
940
930
932
930
911
932
939
926
910
929
915
953
937
935
921
922
925
919
922
926
951
928
925
942
931
925
927
930
937
935
927
929
909
927
920
930
934
917
928
919
915
927
931
955
932
944
942
928
926
929
938
960
932
912
930
933
926
930
930
936
932
940
939
908
928
930
920
935
929
938
914
926
946
922
919
923
955
938
927
924
950
933
925
919
950
941
944
913
939
929
934
913
919
922
940
941
928
940
917
940
912
936
930
937
913
921
928
936
943
933
947
922
934
922
921
933
931
914
939
938
930
946
921
914
924
942
925
936
949
936
935
931
923
921
927
931
943
928
924
944
930
922
922
926
912
948
937
930
945
940
930
933
944
950
911
911
931
939
949
952
933
936
939
918
943
929
919
918
935
948
935
924
942
958
923
949
942
932
926
922
936
946
930
937
926
927
935
923
938
949
927
934
912
931
915
918
946
927
939
939
941
917
927
923
931
946
932
928
940
918
929
912
933
915
935
945
928
928
923
933
930
953
919
958
918
935
946
934
917
937
929
922
927
912
945
924
923
942
919
919
928
927
937
912
936
947
920
926
940
940
935
925
953
925
936
927
944
952
915
928
939
942
938
938
950
949
956
951
949
921
927
966
931
949
937
930
931
934
921
914
930
953
952
929
942
925
954
918
937
920
926
928
922
950
927
929
956
935
926
924
930
964
924
917
937
919
937
928
937
921
931
948
915
930
926
923
941
927
922
942
916
945
946
929
955
933
960
949
920
927
913
941
944
948
938
936
923
940
933
936
928
939
935
925
943
946
928
936
924
939
935
907
923
927
936
918
933
937
949
933
931
944
932
945
933
946
944
926
924
932
928
927
949
936
928
914
946
934
933
922
947
938
932
935
931
920
941
930
935
944
954
948
923
947
941
927
929
942
925
924
921
918
931
927
926
920
935
928
933
941
916
929
913
907
915
920
923
935
952
938
917
912
933
918
950
933
910
932
940
930
933
934
926
927
940
902
934
929
927
950
935
931
924
920
930
937
932
933
934
930
933
921
950
928
939
917
922
911
916
917
921
924
926
909
922
939
942
930
923
950
947
938
937
934
931
927
911
938
925
928
942
944
934
915
934
904
932
937
925
920
932
940
946
944
944
932
935
930
927
953
929
925
917
924
939
935
934
937
942
925
936
944
917
938
918
928
908
940
923
938
940
952
948
949
942
931
940
938
914
926
954
931
951
935
952
942
902
942
937
945
931
910
912
917
930
932
916
947
925
928
925
919
929
948
940
937
954
937
902
931
922
907
931
939
926
939
921
939
915
949
930
923
930
919
958
935
943
935
940
943
934
914
934
929
929
923
929
950
938
931
941
925
932
927
922
938
940
928
939
939
950
937
916
919
942
934
924
926
931
934
942
928
932
919
933
939
931
962
904
937
921
926
934
938
927
932
920
913
941
916
932
928
928
929
922
930
913
941
945
937
925
941
939
946
916
902
917
936
944
944
964
952
928
906
927
924
937
949
918
953
938
940
926
917
915
928
936
940
941
917
953
934
932
919
913
935
944
931
945
938
939
939
945
924
938
924
946
928
920
935
932
927
928
945
925
918
940
941
914
927
939
935
920
938
926
932
920
925
924
925
923
936
920
921
927
931
938
933
943
941
930
926
919
939
930
928
930
936
937
913
912
928
927
922
940
941
953
928
924
920
955
939
930
939
924
930
890
916
937
919
940
930
933
937
942
915
920
927
953
934
926
920
942
935
929
934
918
933
938
924
919
924
930
937
927
923
944
944
950
939
941
933
940
935
937
945
928
943
943
938
934
916
938
934
934
945
939
929
940
925
922
928
933
947
927
916
945
947
941
916
938
943
926
924
929
925
939
925
942
939
939
906
922
928
919
945
913
915
940
916
941
933
922
931
921
923
944
934
926
916
944
933
928
940
935
931
939
934
924
939
927
936
948
939
925
943
932
939
941
942
941
933
935
942
923
931
970
944
932
932
950
924
946
934
947
942
926
945
921
939
924
904
926
946
923
920
948
937
931
933
954
904
938
924
913
932
929
928
938
927
931
938
938
944
933
919
936
931
964
953
923
926
936
918
921
927
933
949
921
918
897
952
924
931
950
940
919
935
930
922
938
933
932
932
941
941
915
917
934
940
927
944
928
940
940
915
928
944
929
942
943
932
943
939
937
939
935
932
939
935
936
941
933
913
926
933
933
919
935
936
909
906
941
928
898
917
910
930
924
926
908
940
936
937
927
929
941
914
944
953
935
919
940
938
925
939
946
942
951
938
956
941
915
928
919
941
923
929
939
932
919
946
926
920
938
940
931
922
932
932
940
940
927
951
942
935
924
929
928
937
918
920
910
950
936
931
932
927
931
953
928
929
942
916
926
945
927
938
936
934
938
923
934
931
926
928
948
924
927
929
944
932
942
940
922
901
937
940
920
913
931
906
936
950
935
939
940
965
935
919
921
929
922
911
926
941
940
925
944
920
925
937
917
949
915
919
940
916
946
936
930
936
920
945
978
924
928
952
943
945
942
943
912
948
948
934
935
934
944
938
924
938
928
941
944
934
914
938
936
950
916
922
929
915
936
923
923
921
931
928
946
930
937
927
925
927
920
918
949
924
945
937
948
922
908
926
927
931
927
920
934
909
922
952
942
935
934
933
936
924
938
937
924
944
934
939
909
909
928
926
933
930
943
945
953
940
925
942
935
916
911
946
919
916
931
929
925
955
938
945
922
929
934
920
936
934
952
928
931
919
949
963
926
937
945
931
928
939
905
936
924
938
936
922
936
942
920
926
933
953
918
920
926
930
911
952
935
928
924
935
937
934
958
928
905
937
942
927
927
940
940
937
923
928
942
918
939
916
944
935
916
932
934
928
933
932
912
924
943
916
923
913
918
944
927
932
931
894
936
918
905
936
945
937
950
944
939
935
934
954
934
936
939
938
938
931
918
923
915
941
906
939
941
914
928
915
926
949
937
933
943
953
943
935
930
926
922
924
937
909
927
912
945
915
939
928
925
936
940
927
927
919
928
933
922
926
935
928
934
915
932
942
936
936
918
927
928
952
942
907
931
928
933
939
932
927
940
918
923
931
931
931
931
929
939
907
903
936
934
915
931
930
923
907
920
935
918
931
939
934
930
945
928
944
933
946
934
945
918
929
921
936
930
917
935
939
933
927
930
934
921
944
943
923
939
920
925
929
917
942
932
937
946
952
935
935
914
939
946
928
938
951
924
908
926
936
928
934
929
914
939
922
933
913
934
934
925
923
918
947
932
937
938
927
935
935
935
916
935
944
921
935
945
936
919
954
931
953
932
931
947
928
917
936
929
946
959
926
929
925
911
940
926
927
930
948
937
931
936
937
945
944
951
930
914
940
922
935
937
929
939
936
925
936
928
930
928
938
937
933
933
917
931
948
927
927
941
934
911
920
938
932
950
925
911
923
937
935
937
937
942
928
950
943
932
947
930
928
942
922
938
947
938
932
936
972
938
940
946
924
907
919
944
912
917
926
941
927
940
926
932
928
931
926
917
932
920
930
938
937
926
922
941
942
922
936
940
925
924
951
942
942
924
940
944
943
938
929
920
919
929
920
941
931
911
938
952
938
947
947
941
915
949
930
930
905
943
946
935
950
928
916
918
928
937
919
934
933
948
944
968
946
947
934
928
934
947
951
929
937
913
917
925
931
930
932
940
926
938
938
929
929
916
923
930
938
943
941
915
934
936
908
934
924
920
948
925
936
904
928
936
918
918
921
932
910
936
928
954
933
941
930
927
933
913
945
928
925
929
937
918
921
932
923
922
927
940
936
937
926
932
926
912
930
949
950
952
932
926
929
930
949
920
926
938
942
931
939
945
921
935
934
928
952
940
919
942
917
933
942
933
958
920
940
934
928
927
933
941
938
941
942
935
941
922
917
940
943
942
929
950
930
955
914
921
923
931
940
939
939
943
927
946
935
942
920
949
942
939
944
936
926
930
920
935
955
952
929
924
906
913
931
917
933
925
939
920
947
933
927
925
946
922
936
937
932
910
920
938
927
913
924
933
934
928
920
931
929
950
920
924
934
940
916
930
937
933
925
943
925
934
949
941
926
935
938
930
932
925
927
938
920
953
930
943
950
941
945
934
943
942
922
916
916
925
925
950
946
922
932
940
945
931
939
920
924
934
928
947
923
929
939
922
939
951
913
923
950
947
920
920
937
938
935
935
899
927
927
930
939
919
939
931
944
932
931
928
938
913
935
917
915
934
928
919
934
919
919
927
929
942
949
943
920
937
945
931
929
929
932
937
947
928
924
914
936
941
943
935
933
951
928
916
933
916
937
943
928
939
917
917
915
919
938
946
938
925
927
917
924
937
937
902
947
939
946
915
930
933
944
931
941
937
938
917
933
922
940
942
925
924
947
919
934
910
932
926
929
944
939
935
935
953
905
931
941
941
930
917
925
939
945
941
936
919
920
917
921
942
936
924
936
948
940
939
920
919
938
908
930
933
937
947
949
936
924
926
933
935
926
947
927
936
932
945
924
931
929
925
932
946
920
942
928
922
915
941
943
926
940
927
930
934
924
918
922
930
945
926
944
933
948
921
927
921
948
948
951
954
932
924
936
944
923
914
932
942
937
906
919
926
949
945
930
935
927
939
922
928
928
930
941
909
929
928
943
938
925
927
916
950
936
925
933
938
930
931
929
952
924
907
937
928
918
921
919
930
927
935
942
933
926
943
941
945
922
934
919
926
940
915
927
923
932
932
908
940
948
956
941
910
951
941
934
934
928
918
928
904
931
921
941
935
934
914
942
933
911
945
936
937
906
945
954
941
957
942
916
930
921
913
941
931
943
942
946
920
944
941
922
930
930
922
938
925
941
918
928
934
941
934
932
921
922
915
940
959
938
923
926
928
904
946
936
954
929
938
940
948
980
