1065
923
947
955
934
936
940
932
933
937
917
933
928
936
930
923
922
918
928
945
930
937
918
909
933
932
943
942
933
911
916
935
946
934
937
936
916
941
940
931
927
931
922
922
934
932
934
926
940
939
945
921
922
947
939
936
952
923
942
933
929
908
933
937
936
923
937
938
924
940
940
915
936
935
935
937
934
925
912
947
924
938
912
944
934
950
917
934
929
947
923
949
947
934
927
942
940
938
935
942
930
929
926
925
921
908
925
940
946
939
934
942
928
928
935
918
939
944
947
949
927
923
942
936
950
949
936
921
930
928
943
946
924
932
917
925
924
931
927
924
932
920
929
934
910
935
939
916
936
933
942
925
916
932
965
925
923
944
945
950
928
930
945
935
930
936
926
921
924
930
929
952
933
942
951
930
934
926
918
945
932
912
945
942
940
942
910
928
927
947
906
926
944
952
949
933
927
932
944
911
929
929
932
945
945
932
923
921
922
933
916
938
945
941
944
953
925
934
918
920
927
946
942
955
948
940
949
943
943
918
935
941
943
931
939
926
937
937
934
960
924
947
925
929
937
929
930
921
932
940
935
949
942
931
930
922
925
939
931
940
942
955
944
941
926
932
910
913
941
939
944
920
928
952
933
931
918
926
937
945
944
930
954
966
936
948
949
931
948
927
912
924
918
911
922
924
929
936
945
948
934
949
957
939
919
941
932
938
924
938
910
913
904
911
929
932
940
926
932
952
924
934
912
943
933
930
910
927
918
936
931
927
936
930
932
941
911
925
931
934
948
926
915
914
936
929
940
944
931
922
915
935
933
925
918
944
932
940
930
926
915
947
923
928
921
911
917
926
917
941
929
941
941
930
921
935
915
923
928
933
923
945
934
939
954
932
918
938
943
919
929
938
930
931
934
935
946
921
942
928
936
914
927
926
919
940
902
933
922
925
924
929
946
940
930
938
913
932
931
936
941
927
931
917
938
944
934
928
939
944
911
920
930
920
918
923
907
936
924
931
950
929
927
916
931
913
944
946
924
920
915
932
918
926
929
942
930
954
932
934
917
928
929
930
939
939
942
952
934
945
929
927
952
938
943
935
928
928
922
916
910
923
939
949
919
930
946
950
945
937
944
922
929
915
935
944
936
939
921
944
952
922
947
915
946
929
928
934
928
949
962
925
946
932
928
934
902
937
935
939
926
914
937
943
929
939
907
938
921
946
928
921
935
942
917
926
919
936
941
924
906
917
941
929
926
937
918
932
920
930
895
925
941
928
939
919
931
930
914
931
919
936
917
917
937
940
945
913
938
933
930
945
902
933
920
934
911
932
943
940
940
954
958
917
937
934
933
942
926
922
946
939
929
933
931
938
927
926
930
923
936
922
934
933
920
952
939
931
939
938
933
942
923
924
926
922
937
935
931
951
941
924
942
936
911
931
941
921
934
924
925
943
931
939
941
944
951
932
939
940
919
937
943
902
936
919
935
920
944
940
932
936
938
935
946
942
939
933
938
939
948
942
929
937
921
938
935
922
928
946
939
917
943
924
925
932
931
946
940
922
934
931
949
927
946
954
939
956
917
937
947
910
931
905
921
936
945
930
934
930
942
938
940
931
948
931
925
940
951
928
945
935
924
931
937
917
906
934
932
942
932
935
922
941
931
958
934
918
932
934
928
926
949
934
941
933
935
923
927
921
935
944
926
925
919
940
927
933
925
936
914
929
940
908
938
939
934
926
916
927
929
927
931
921
918
937
943
940
929
920
930
928
930
939
928
953
933
922
926
917
943
939
941
936
924
933
946
958
941
935
937
926
947
953
920
955
932
933
930
944
935
938
915
924
940
952
933
927
903
934
921
929
937
939
946
920
942
947
957
920
916
928
938
934
936
922
940
928
940
928
924
960
910
921
917
937
941
936
950
960
948
930
934
937
949
921
930
933
937
917
931
943
949
932
923
932
928
952
936
922
928
943
933
926
928
948
950
948
962
933
959
946
953
932
927
938
931
940
941
931
907
936
931
930
931
930
916
932
939
944
922
955
923
930
936
941
937
933
931
920
924
928
942
925
944
913
938
941
926
938
935
946
934
929
928
930
904
950
931
912
921
933
934
937
935
952
935
945
931
932
937
940
926
925
945
924
921
931
932
919
926
939
936
930
923
913
923
911
937
922
927
935
924
940
936
925
937
913
933
958
935
916
916
918
937
942
923
949
920
944
931
940
938
931
924
948
931
947
927
928
936
932
923
947
925
929
934
912
935
939
911
921
922
934
938
932
908
930
930
926
917
949
942
929
933
927
921
925
930
912
946
922
923
927
936
936
943
948
934
901
948
926
921
923
934
940
933
942
932
940
916
930
920
921
932
933
919
936
911
923
939
914
913
935
957
910
907
921
935
935
926
919
926
945
939
926
914
944
943
943
916
948
949
947
919
939
900
914
941
921
938
937
937
926
944
939
912
933
934
930
924
928
922
925
927
916
945
925
930
923
918
937
914
932
931
920
936
915
937
933
915
935
922
930
938
935
918
927
907
930
932
921
938
935
948
940
910
933
926
929
924
941
948
909
933
932
931
923
939
940
935
932
934
930
935
914
930
941
930
908
934
944
925
918
893
939
934
924
917
924
952
903
950
931
943
943
935
914
905
940
937
928
936
926
936
929
944
917
939
918
937
930
942
927
930
930
920
928
920
941
937
928
926
937
942
931
926
945
942
930
945
918
932
927
938
941
924
916
938
944
928
940
926
937
953
932
922
941
939
950
927
945
923
925
919
926
940
925
923
931
929
928
932
943
915
936
938
945
938
925
936
941
939
926
959
923
906
918
917
954
923
910
922
919
952
924
938
942
928
930
936
909
927
934
931
933
927
912
915
940
931
938
919
921
935
944
920
934
932
933
930
959
943
917
922
927
940
929
936
932
932
939
941
936
932
927
952
921
924
934
921
932
925
930
926
924
936
951
929
939
910
923
931
922
934
910
920
948
953
925
920
935
944
925
956
937
934
935
946
936
925
913
907
934
925
922
945
920
937
936
912
936
893
934
928
937
946
928
906
919
962
933
950
949
923
915
930
925
914
936
936
956
938
934
921
915
933
916
940
938
951
933
923
921
937
926
938
929
941
932
947
931
953
941
933
929
942
919
935
938
931
936
933
948
960
915
932
940
939
933
937
946
932
936
937
927
948
937
956
923
915
935
913
930
937
929
932
951
936
907
918
929
926
952
922
921
935
916
924
949
954
921
925
949
920
926
920
929
929
929
925
931
933
942
925
933
938
942
916
928
922
932
957
950
926
925
946
924
936
944
931
948
918
914
919
938
930
923
926
940
935
941
931
927
914
936
902
937
932
916
940
936
922
941
931
946
947
940
935
929
927
936
924
946
922
934
917
923
932
938
942
948
915
940
931
930
936
946
943
921
926
922
963
926
922
932
931
934
949
946
931
941
940
915
925
936
940
949
929
939
939
937
923
942
933
924
944
928
927
918
937
915
924
921
923
936
942
943
949
944
941
937
916
920
940
948
931
933
938
933
945
942
922
934
930
936
922
933
932
927
916
940
930
926
934
939
930
918
929
922
930
927
938
970
936
946
918
916
923
930
949
935
923
937
928
923
932
927
949
940
930
938
931
946
953
922
928
923
918
925
926
936
936
936
926
925
916
919
931
928
937
934
948
939
953
942
923
938
929
946
922
937
938
943
918
957
925
936
929
945
936
909
930
922
933
939
936
907
952
940
935
928
922
928
948
928
950
950
920
941
914
917
944
932
914
935
917
925
925
916
934
919
948
915
936
923
922
931
942
945
933
944
939
929
935
944
938
949
934
919
925
924
924
921
931
934
916
932
930
957
936
939
937
932
925
923
929
926
927
920
937
946
949
934
931
954
948
929
950
942
931
953
942
922
941
922
923
920
937
931
922
916
936
942
941
956
924
927
929
929
924
952
935
950
949
933
931
950
940
931
936
941
917
940
926
941
945
932
917
955
940
947
951
922
931
929
932
939
919
919
935
918
940
930
947
927
928
916
924
927
912
903
916
908
937
943
935
943
924
941
935
917
929
941
941
947
924
925
919
935
917
909
940
906
925
922
928
936
944
951
932
946
927
911
931
919
930
940
928
931
957
928
928
943
930
916
949
934
951
939
940
921
914
936
940
931
926
929
944
924
913
942
958
934
939
932
942
941
932
933
931
913
948
936
936
905
934
932
934
925
921
947
942
943
937
956
944
946
921
910
931
926
923
953
933
936
936
930
952
942
920
919
939
926
942
935
927
915
941
928
938
947
937
921
923
938
918
933
939
913
924
941
939
922
946
933
929
907
928
930
913
940
933
922
930
922
921
927
923
941
922
924
938
947
944
925
939
926
927
944
932
936
939
923
939
923
935
947
927
922
943
947
939
941
943
949
925
930
929
907
899
950
940
918
940
934
934
937
916
926
930
918
934
930
927
948
924
924
928
939
932
933
929
947
925
931
928
946
937
929
934
948
938
943
945
907
919
915
925
936
952
938
934
934
940
917
920
941
940
930
908
923
942
942
915
931
928
937
951
950
949
924
948
933
938
951
950
935
931
920
931
929
925
931
926
935
952
955
913
934
932
922
921
942
924
932
943
937
913
918
916
930
943
933
920
918
932
931
954
926
915
922
920
926
922
942
930
925
936
941
935
931
945
942
941
933
934
919
944
926
937
941
920
934
953
940
924
916
932
947
944
927
931
934
913
926
927
923
924
921
945
927
924
928
922
918
944
929
916
925
936
951
933
916
934
947
918
916
916
928
949
932
943
928
936
943
924
936
919
914
928
919
939
927
938
919
936
932
928
933
924
933
920
965
940
942
908
931
940
919
923
932
928
921
939
946
942
946
931
961
935
916
891
935
924
932
929
932
920
957
924
924
954
914
918
920
947
916
929
912
910
947
949
935
922
923
927
923
930
942
948
938
947
935
938
963
935
939
937
950
921
942
949
920
934
940
946
947
926
923
923
917
924
936
931
919
926
905
947
935
937
939
930
944
923
924
948
943
945
932
918
956
931
922
941
927
939
947
926
915
919
923
924
947
930
951
912
950
933
933
921
933
936
920
919
951
932
935
932
911
906
917
946
945
913
930
933
929
913
924
919
936
914
929
929
927
930
933
949
917
934
923
917
930
939
925
947
937
934
917
930
921
944
926
930
944
946
939
945
933
930
932
923
937
921
936
939
925
955
935
938
954
945
935
926
927
941
916
917
918
905
945
937
923
943
924
939
922
946
920
942
908
935
920
914
918
929
934
931
939
929
937
936
931
921
926
909
932
939
929
927
935
938
930
926
951
926
945
950
916
927
928
943
943
947
944
928
942
935
924
924
930
944
930
926
923
931
954
938
946
933
949
936
936
937
914
923
927
922
941
924
930
930
941
925
943
943
946
917
914
950
929
928
940
910
931
932
931
935
937
917
944
943
935
931
907
947
924
926
935
940
920
936
929
923
924
907
928
918
930
930
920
912
939
953
956
923
937
938
910
926
934
930
930
933
922
921
943
911
934
924
927
930
934
947
932
932
932
924
908
939
938
925
936
937
910
937
943
914
927
935
952
935
927
949
940
941
935
950
916
919
931
953
951
961
944
934
931
946
924
934
946
918
927
925
946
939
951
901
940
955
931
944
933
920
937
955
923
938
934
927
930
923
921
924
919
935
917
928
919
980
