1065
921
944
943
933
939
927
934
928
929
934
915
937
944
931
930
917
936
931
940
934
951
948
922
942
929
915
933
911
948
930
938
932
936
957
941
922
935
949
945
956
958
934
944
921
931
928
929
932
947
937
913
929
942
914
915
934
927
913
926
917
943
964
934
945
937
933
934
952
930
922
925
949
931
926
926
947
933
925
938
933
944
932
938
958
941
931
944
935
944
944
958
929
915
928
918
923
939
923
930
933
926
932
942
929
927
922
951
929
929
936
947
925
940
935
944
948
953
933
934
936
929
934
947
940
947
940
934
951
914
942
947
936
951
944
925
939
931
935
940
933
918
926
916
934
934
934
930
944
923
937
943
946
935
925
921
942
925
951
944
938
908
930
932
909
925
919
915
929
938
938
941
926
948
944
923
910
925
940
943
935
918
923
934
928
947
915
932
934
918
933
957
914
946
950
959
930
935
912
933
928
921
942
941
924
932
926
932
948
933
919
931
920
918
934
906
928
934
933
931
955
931
914
924
918
927
932
952
920
943
933
931
921
951
930
934
928
914
940
939
943
938
920
937
923
916
936
932
947
939
938
921
920
945
930
918
927
931
941
920
930
934
941
933
923
945
927
932
935
942
936
907
933
944
945
930
933
925
944
949
928
929
915
966
918
933
936
921
932
939
950
931
936
941
943
932
932
933
919
932
927
919
937
941
927
935
929
925
948
942
936
921
950
936
929
923
941
950
937
925
930
939
935
910
923
928
903
913
942
942
931
937
935
943
936
923
943
939
938
947
942
942
933
926
944
943
930
915
933
940
952
942
933
923
941
930
929
938
940
921
918
933
950
923
917
939
941
931
938
938
930
940
925
926
921
949
916
947
944
908
939
912
917
934
960
954
940
922
920
915
939
934
949
927
915
937
919
960
941
909
925
940
917
944
932
936
935
946
955
937
944
919
935
923
915
940
951
925
952
938
939
924
911
928
954
945
922
920
934
916
917
917
944
953
927
947
934
935
942
935
933
952
937
927
926
950
944
935
922
919
932
936
928
934
929
930
915
937
945
921
932
929
916
930
926
949
942
927
938
908
923
932
933
934
925
933
926
948
913
930
913
941
942
959
932
924
920
952
935
956
929
922
940
927
937
945
924
902
931
934
926
939
913
929
928
935
921
943
935
949
935
930
945
928
921
934
945
935
936
925
928
924
938
935
939
955
932
944
940
935
913
912
930
916
932
929
921
902
940
937
931
941
939
947
952
921
914
941
918
939
961
927
925
938
893
925
921
931
921
913
917
920
937
917
929
931
934
940
926
934
918
932
949
905
910
937
933
946
950
961
919
913
918
912
943
922
932
923
928
942
940
928
921
923
945
934
912
930
935
923
937
927
945
918
920
927
942
932
932
928
916
939
928
935
924
929
926
961
929
925
950
924
926
939
951
939
941
941
921
940
935
925
927
933
951
925
942
958
948
933
920
931
931
933
922
940
933
940
923
928
930
913
944
927
932
945
945
939
947
932
927
934
922
941
929
920
915
935
923
943
945
943
934
942
913
918
935
937
942
930
942
926
936
950
929
909
920
939
922
960
934
928
905
940
925
943
935
919
929
931
947
930
910
938
947
940
953
928
933
939
915
958
933
941
934
934
937
929
938
923
938
931
930
925
951
944
930
916
920
952
924
938
941
935
951
933
930
930
941
950
952
934
942
941
942
942
921
920
941
920
916
943
943
938
931
944
939
924
941
942
916
939
928
943
926
934
927
934
937
948
925
938
917
918
930
942
949
933
933
933
932
916
919
947
936
929
932
955
935
924
925
936
938
929
944
941
931
917
919
911
927
935
930
932
923
920
945
944
923
915
938
941
935
931
934
947
941
924
929
936
933
947
921
940
933
953
935
926
956
921
919
927
935
937
926
930
939
946
938
925
936
935
926
934
903
928
931
920
933
932
965
928
947
926
921
921
916
934
925
940
925
946
930
937
933
936
944
918
940
933
924
926
932
937
934
925
929
942
963
950
926
956
927
933
935
919
918
917
914
925
935
951
917
928
937
932
935
918
902
918
945
944
942
933
922
922
929
935
936
945
915
926
937
944
943
913
951
920
921
910
918
932
935
928
923
926
936
920
954
925
942
914
931
946
961
933
947
929
935
933
897
918
943
924
940
925
941
939
932
932
932
943
924
945
926
949
935
941
907
921
937
943
953
925
944
928
929
927
931
935
920
923
925
949
941
942
963
934
933
925
921
936
920
928
948
929
933
933
919
926
940
939
920
909
935
928
930
916
928
946
920
924
944
937
930
933
940
926
921
936
923
937
926
936
925
941
946
927
940
930
920
936
937
915
919
953
925
922
921
925
926
935
919
921
912
936
911
905
917
938
949
931
917
947
930
924
922
928
928
919
951
935
911
936
928
935
953
935
946
936
921
938
936
919
911
938
928
922
928
926
941
923
923
931
931
932
933
935
938
942
946
936
925
930
924
961
930
936
944
936
929
945
944
933
914
923
936
929
939
908
941
912
939
942
926
917
915
921
945
926
925
909
930
951
935
931
945
921
919
925
930
906
930
943
928
941
931
937
921
933
929
926
918
937
931
934
934
929
933
916
936
942
947
915
948
932
915
937
926
945
948
941
907
934
917
909
930
930
928
943
928
940
926
924
926
933
939
962
935
950
925
914
940
926
933
924
939
919
923
953
934
943
931
929
918
947
921
940
934
935
954
941
930
953
936
932
933
934
920
943
934
920
937
921
908
920
941
935
935
929
940
929
956
933
927
917
946
920
913
923
945
933
905
927
935
929
940
937
934
934
953
928
932
932
920
932
927
924
933
938
935
924
914
927
923
940
934
944
916
938
935
910
910
937
941
928
931
932
945
937
936
913
912
929
939
924
945
932
933
948
930
929
929
929
937
917
945
931
937
939
950
943
934
927
936
940
938
938
928
922
914
911
926
922
956
931
944
932
936
919
925
921
936
947
932
927
936
933
930
912
913
915
924
940
929
940
923
935
918
936
901
935
936
951
938
944
923
940
948
941
941
909
911
939
908
940
948
940
927
925
933
934
930
930
921
920
939
931
911
934
947
944
926
937
919
944
932
897
924
925
930
950
930
932
908
938
928
924
932
934
940
932
938
921
936
932
949
925
933
916
926
934
932
917
909
918
936
929
921
915
920
928
942
933
933
932
951
942
939
928
951
928
942
921
956
936
944
942
911
933
928
938
949
922
932
937
936
938
938
932
935
919
947
919
914
916
947
923
956
943
951
931
939
929
940
916
931
943
921
919
939
936
943
931
928
926
940
932
924
927
942
934
933
939
954
935
930
934
938
933
940
923
926
923
920
939
920
918
935
910
908
936
939
940
948
937
946
923
946
924
933
950
909
911
933
947
913
930
940
925
929
950
927
916
941
946
921
940
910
917
927
915
904
912
930
940
927
942
932
919
935
940
930
930
925
931
915
949
936
929
939
927
946
903
929
932
923
925
925
921
912
929
917
932
925
941
933
924
937
932
934
934
937
955
907
929
918
938
924
933
921
910
919
928
927
926
936
927
929
951
938
962
927
930
922
929
935
916
913
934
934
939
940
934
937
918
934
931
935
935
935
933
908
934
946
930
938
929
925
935
940
915
925
940
946
928
940
940
953
925
935
942
928
918
946
944
939
929
919
941
924
952
929
956
930
922
934
931
923
928
910
927
917
926
931
934
943
934
916
929
923
909
933
924
915
940
931
945
925
938
949
920
930
930
917
941
918
921
915
927
931
937
935
921
933
963
921
921
910
942
935
945
929
921
926
920
919
937
935
926
935
940
915
924
952
935
942
921
929
943
939
921
930
938
939
933
934
933
943
960
930
933
940
914
931
914
939
948
927
931
927
956
954
920
918
925
914
916
946
940
922
931
926
908
927
922
940
936
944
923
931
932
941
938
941
930
920
937
926
922
947
916
945
911
916
938
928
915
934
926
940
931
924
918
933
916
926
947
915
919
926
936
948
942
945
930
923
934
927
947
948
937
927
937
942
938
929
937
932
938
937
936
932
951
942
932
936
953
945
928
928
945
927
935
924
948
918
943
934
923
918
927
922
953
928
935
934
935
925
950
937
943
935
947
929
938
930
923
941
925
927
927
934
935
908
931
913
926
926
932
951
933
940
937
924
938
945
951
958
933
943
940
941
935
941
922
940
940
935
954
937
936
930
934
937
910
954
926
941
944
927
933
933
930
930
929
929
938
942
920
937
932
916
946
934
939
930
935
929
923
935
945
924
935
939
920
930
927
947
940
945
937
924
922
935
936
924
948
944
943
916
929
951
922
916
916
942
925
947
950
948
917
929
929
940
940
933
912
942
928
927
930
935
922
922
943
937
935
922
924
921
941
922
926
941
946
935
942
928
931
910
941
925
932
924
925
938
915
904
942
932
928
932
938
917
910
953
926
942
945
931
922
931
930
931
937
932
924
930
942
929
950
946
915
922
922
940
921
939
941
926
949
937
924
924
937
925
946
935
927
928
927
933
931
940
938
937
926
925
900
932
920
916
930
922
903
939
936
931
920
931
932
929
937
928
945
921
924
937
929
935
961
930
956
942
925
933
918
950
945
939
955
940
938
938
927
913
936
929
940
946
926
949
926
922
927
921
921
905
955
931
940
942
935
923
955
916
915
930
921
915
929
936
922
934
922
924
931
929
917
927
918
936
933
939
920
935
934
928
915
915
934
916
930
932
923
943
922
939
941
925
937
932
929
905
946
929
930
946
944
927
951
933
932
931
930
949
936
931
932
926
907
925
941
936
921
922
925
928
922
911
910
930
933
927
943
934
932
937
934
936
924
953
924
932
942
927
914
933
931
931
928
939
928
934
914
918
933
923
917
918
940
918
935
924
938
925
942
930
942
927
913
930
940
938
922
941
927
916
916
939
921
928
909
925
941
942
938
945
947
940
926
941
928
932
947
911
929
943
913
929
929
941
920
932
927
928
922
949
943
935
919
936
956
942
942
921
922
923
933
917
923
943
920
940
937
925
941
934
939
937
942
941
956
939
938
950
966
937
944
923
924
924
932
925
932
945
940
938
917
927
921
916
916
928
954
936
934
946
915
937
934
913
930
924
908
934
940
921
939
949
928
918
934
936
929
922
924
930
929
914
924
912
937
933
905
930
940
927
938
915
941
929
924
915
935
930
944
941
962
915
920
927
919
924
923
925
947
937
931
958
930
937
948
947
906
930
931
910
917
918
940
935
950
933
942
931
946
922
925
938
932
920
934
928
925
923
932
914
934
927
941
935
937
946
931
927
937
936
918
927
937
934
930
938
947
930
916
905
948
934
914
917
940
942
930
939
928
919
933
917
913
914
911
934
932
926
932
929
914
928
940
926
927
926
925
936
924
927
935
932
922
941
922
928
931
940
942
935
937
935
929
925
919
913
922
930
917
942
956
938
923
903
924
932
924
930
933
937
931
931
927
929
936
924
921
924
929
935
922
922
940
926
932
938
941
941
942
923
937
942
943
947
930
937
941
936
920
922
931
919
940
927
928
937
922
911
914
934
920
922
923
935
946
925
927
939
941
923
919
945
931
919
931
931
922
911
943
938
929
928
918
923
915
932
921
932
951
928
934
921
933
947
949
918
937
939
930
924
944
929
939
932
928
927
921
930
921
927
932
937
950
926
950
933
919
930
920
921
925
983
