1065
918
939
922
930
944
940
920
923
944
945
922
918
924
918
926
925
948
941
916
944
951
927
925
928
923
915
925
944
919
924
917
938
924
947
931
926
926
916
922
930
935
922
931
944
943
935
928
941
937
950
924
942
929
913
927
939
929
936
924
934
927
935
929
944
943
927
918
944
931
934
923
938
938
933
930
931
930
947
942
936
948
947
925
947
919
925
918
927
944
951
945
931
944
923
919
934
930
926
950
943
942
927
929
945
944
924
931
918
954
955
951
927
939
922
931
930
919
922
948
939
947
931
945
939
941
927
938
926
938
924
933
943
945
938
943
936
926
928
943
942
932
897
918
929
938
921
909
925
939
941
943
929
930
920
927
942
919
931
916
921
940
949
917
929
912
938
931
941
928
924
947
942
930
929
943
939
938
924
934
941
948
942
942
931
948
942
915
946
952
919
944
933
946
919
925
905
943
941
943
935
926
913
930
934
935
938
937
940
922
931
933
941
915
923
932
917
936
929
931
927
945
921
925
941
943
912
936
943
931
933
924
944
935
951
942
932
931
931
925
942
929
920
932
922
932
929
924
941
916
923
928
927
927
935
938
923
924
939
938
923
944
915
939
937
929
940
927
935
937
925
919
927
933
926
938
931
936
958
929
929
951
922
946
933
931
930
942
933
926
919
933
934
932
935
936
925
953
958
939
952
937
935
935
916
957
936
924
924
931
936
920
912
918
936
922
916
928
916
951
931
919
935
928
929
916
921
943
953
932
933
944
951
900
926
910
942
939
927
919
934
940
922
941
932
938
943
940
922
932
938
939
945
927
924
938
945
950
934
934
923
926
930
939
948
928
927
909
933
929
956
938
936
937
941
926
910
911
945
939
922
930
937
928
926
944
919
920
937
920
934
931
930
923
943
928
939
943
924
930
943
947
928
910
926
932
934
928
923
948
937
928
937
929
927
933
942
946
939
929
921
930
938
929
909
934
941
934
906
937
947
942
917
943
934
911
938
931
936
940
927
932
939
921
935
928
933
930
944
935
943
933
932
923
933
948
930
920
930
939
927
932
923
949
932
932
949
935
923
921
913
933
943
937
915
923
933
929
934
930
925
926
929
936
942
917
930
933
943
926
924
951
911
926
908
928
934
920
915
926
940
952
927
937
940
941
932
940
944
929
909
944
931
935
932
927
924
919
914
920
953
939
959
917
930
928
940
944
939
917
927
938
934
941
928
947
921
937
917
947
956
947
916
917
926
932
914
939
931
918
921
940
912
947
926
935
938
943
923
939
935
940
943
922
920
934
947
923
926
932
936
928
955
946
926
944
941
938
935
944
928
908
928
949
917
928
933
920
951
951
916
961
935
943
929
955
922
928
938
936
930
911
915
935
930
921
941
943
936
930
922
909
930
921
929
916
927
925
927
936
935
921
937
919
920
929
907
911
947
936
922
914
926
921
933
925
934
934
936
944
919
920
930
932
949
927
940
943
920
925
953
938
935
933
916
905
950
935
921
916
930
938
929
941
921
936
937
937
926
947
936
932
930
936
941
942
912
926
926
938
939
921
934
948
940
943
935
926
951
928
924
922
934
944
936
904
934
930
929
942
934
932
921
918
939
931
919
938
927
920
921
924
924
936
931
936
940
930
925
908
926
924
937
942
933
918
932
923
934
939
930
918
940
922
933
939
923
940
935
924
923
929
944
911
952
919
919
933
944
949
914
902
940
907
934
936
935
933
930
934
935
929
932
929
934
964
933
935
935
911
929
949
945
948
935
935
926
935
924
926
921
937
923
934
932
929
916
947
927
940
932
941
915
928
922
927
931
929
928
940
936
936
939
921
949
916
931
933
924
935
922
931
913
934
949
927
923
912
928
921
936
936
918
938
947
921
927
926
949
944
917
947
925
932
947
936
937
938
922
937
927
945
950
949
929
954
946
930
937
919
947
919
942
918
933
951
937
952
935
950
935
943
936
925
934
911
944
906
943
947
940
938
911
934
945
930
935
938
930
937
921
924
902
931
946
945
930
928
942
941
950
938
929
953
938
916
935
954
942
935
926
940
928
945
942
915
940
922
942
942
923
940
927
939
943
949
942
922
936
930
950
936
937
947
946
944
933
930
928
957
949
928
939
935
930
928
924
938
942
932
915
949
951
935
941
939
940
929
926
915
935
917
930
910
934
933
919
945
934
936
939
944
946
924
927
927
942
945
954
933
941
933
938
929
936
955
932
933
947
910
947
939
922
937
947
949
954
927
928
941
929
935
917
924
915
918
919
943
930
932
950
915
946
937
942
926
939
939
924
923
941
945
938
926
920
945
946
939
937
926
940
940
916
929
935
951
912
931
939
916
938
929
906
941
946
954
925
924
940
938
941
919
923
938
951
927
922
915
940
932
921
946
959
940
939
940
918
928
927
910
937
955
936
947
930
923
938
932
932
936
931
931
936
924
937
933
908
935
917
901
919
913
941
938
928
930
937
938
923
927
906
935
914
930
934
914
931
930
931
940
926
927
927
930
923
932
938
920
921
940
934
936
940
935
930
943
943
938
928
931
936
947
903
945
934
932
909
923
949
929
949
919
928
933
942
916
935
943
935
939
953
927
906
929
919
922
950
923
928
941
928
917
933
925
945
920
944
941
948
927
938
951
930
933
943
942
939
937
952
923
936
917
930
918
921
920
936
928
924
932
924
933
923
949
931
925
933
943
943
936
924
930
926
923
940
924
937
915
917
939
948
937
930
924
907
916
925
926
932
925
918
950
932
947
953
936
943
953
951
928
942
933
926
943
933
923
934
924
942
937
929
944
925
939
925
941
941
931
903
936
930
932
936
916
919
923
922
941
937
940
954
930
904
936
935
930
943
932
936
940
912
940
930
931
929
929
911
929
926
926
918
957
940
930
912
928
935
945
949
927
942
916
955
931
931
927
939
935
930
945
929
938
950
943
933
916
943
936
903
918
944
933
928
936
934
940
934
926
928
913
941
922
930
936
927
943
908
936
924
917
928
952
927
919
923
910
950
930
929
924
941
921
930
931
945
956
922
942
926
934
935
951
906
936
941
930
918
941
933
936
946
941
950
933
939
946
923
932
938
938
928
923
942
929
931
942
919
913
937
933
922
947
949
933
935
946
917
943
943
915
923
919
918
932
955
920
932
912
953
943
921
916
936
948
939
941
938
924
938
925
925
928
918
915
928
920
940
933
949
921
942
914
924
926
943
925
921
933
931
922
926
933
944
934
932
906
923
937
937
918
926
932
947
919
909
918
931
926
931
945
943
946
941
933
926
928
937
916
935
917
933
945
946
930
925
921
919
931
932
938
947
938
910
944
953
930
942
932
925
940
941
930
938
931
932
944
950
927
940
940
931
939
903
936
929
928
927
930
927
932
939
923
916
944
945
924
910
919
949
932
935
928
939
937
932
934
947
920
924
940
921
932
935
928
945
930
929
926
934
923
923
934
935
922
915
924
946
912
917
941
932
926
926
942
945
937
940
932
924
933
932
941
935
923
910
923
925
932
927
937
953
920
898
929
958
947
929
922
924
937
922
927
931
945
927
925
937
917
905
939
944
934
925
925
935
938
954
923
919
939
942
954
932
944
936
942
944
921
927
949
941
925
942
937
931
963
925
943
935
932
945
931
926
909
940
928
917
925
946
927
946
941
946
940
932
945
921
927
923
921
926
920
934
927
927
906
928
925
892
927
930
934
942
937
952
927
925
936
935
917
934
933
919
932
938
924
934
954
932
937
928
918
933
932
938
926
927
929
930
944
955
942
925
936
920
932
917
935
923
938
955
948
944
917
931
935
930
911
903
946
931
934
923
928
915
929
942
943
941
930
926
945
950
951
932
940
927
936
940
939
954
937
913
941
949
934
915
931
928
943
922
958
945
909
948
936
937
934
922
927
925
926
931
945
926
926
920
916
924
927
934
943
910
924
912
942
916
912
916
943
925
936
915
924
960
934
953
923
925
919
918
932
921
935
948
937
954
941
928
923
955
938
927
935
939
932
929
940
938
915
955
950
936
937
942
934
937
946
941
944
916
902
915
933
944
944
938
943
943
941
945
917
927
943
938
926
935
946
945
916
928
918
922
937
943
934
931
929
939
929
921
935
931
929
932
932
927
916
941
924
933
942
922
948
935
929
937
925
934
942
937
933
926
938
934
922
932
919
936
925
945
925
921
956
924
947
939
945
916
940
920
942
915
917
937
927
953
937
926
917
921
937
922
919
923
916
934
913
912
924
924
914
926
921
943
916
923
945
933
924
932
931
931
924
938
924
911
932
954
944
941
943
929
940
936
948
929
935
927
927
938
932
945
924
936
930
925
926
926
917
941
924
931
934
952
918
939
943
921
941
925
949
909
934
940
914
921
909
949
944
937
940
930
932
928
942
929
926
938
927
920
927
929
937
935
945
958
925
944
934
918
926
926
929
937
940
933
935
944
943
930
919
927
918
937
945
940
926
950
932
924
932
942
923
932
928
925
918
945
938
920
932
932
919
928
926
933
911
933
932
943
931
941
943
947
945
939
926
935
941
929
924
946
921
940
933
914
927
929
941
934
937
929
917
947
920
914
930
942
931
934
941
940
926
914
934
929
942
947
938
914
930
944
929
943
913
928
934
938
934
911
950
934
923
919
925
941
930
940
925
947
928
938
948
939
944
915
921
941
936
950
929
933
930
931
929
934
925
930
923
918
941
949
925
933
933
944
927
926
943
936
910
942
916
902
917
940
912
957
921
950
944
947
933
930
922
942
929
935
925
926
934
928
946
921
921
940
913
927
921
927
942
960
942
925
931
940
958
955
940
914
927
928
943
910
928
925
939
935
933
940
932
918
925
941
922
932
933
918
927
906
924
934
938
925
937
927
943
928
938
932
926
931
923
925
929
931
933
939
941
923
922
929
940
942
941
949
929
935
949
941
942
929
939
912
929
929
909
942
936
950
923
941
933
936
927
938
929
914
964
944
921
946
935
933
926
910
945
922
938
919
938
934
933
922
916
903
923
954
923
915
919
920
932
949
904
934
929
925
940
932
927
936
912
932
930
927
934
916
938
914
928
938
949
931
924
915
917
933
928
921
930
919
927
930
933
932
911
930
944
918
947
924
949
935
914
926
912
932
936
950
936
920
940
918
919
909
931
922
944
937
937
960
912
920
934
929
939
951
936
931
951
931
938
940
931
941
932
928
927
929
926
929
930
926
939
930
924
934
930
920
925
937
939
964
945
941
945
952
937
924
954
935
927
917
919
954
937
942
925
930
941
935
937
941
933
938
930
924
927
939
946
938
943
949
946
929
932
916
929
925
932
945
930
922
938
933
925
928
908
929
932
933
915
948
926
923
954
936
930
905
917
930
947
934
937
930
919
931
915
940
921
939
925
956
942
928
938
931
929
915
934
924
927
926
949
930
915
933
924
924
910
955
914
928
934
935
944
946
950
922
930
928
926
929
962
920
925
922
947
926
959
947
927
949
931
949
938
903
929
932
931
932
929
920
918
948
918
931
935
941
943
932
933
958
929
932
908
918
930
923
909
940
936
945
946
914
930
943
931
957
947
958
916
936
928
931
938
921
928
943
920
940
909
930
945
930
933
925
919
929
936
943
942
917
935
951
929
918
938
951
931
949
935
917
942
925
917
940
923
942
946
936
915
938
937
920
943
920
947
978
