1065
923
923
936
914
930
933
942
929
924
920
930
931
936
931
937
936
945
930
945
930
921
929
924
932
928
923
938
957
942
925
933
939
923
910
937
941
944
942
942
950
941
924
934
940
926
960
933
941
953
931
918
952
941
928
949
917
926
931
921
930
944
920
920
939
921
929
936
922
941
942
940
938
948
920
918
920
945
953
917
956
943
927
930
935
929
949
934
926
920
910
932
934
924
928
908
918
927
927
922
938
932
931
930
944
935
909
925
933
927
939
932
964
931
937
955
918
923
926
958
923
938
934
915
940
920
929
937
926
941
931
953
939
932
930
932
932
927
920
920
925
927
934
927
938
946
946
929
934
949
941
930
936
950
927
937
935
927
942
941
928
939
935
935
932
931
918
936
942
944
929
937
920
939
918
938
917
928
927
935
926
933
938
937
937
958
944
920
951
939
946
921
932
929
942
914
930
940
921
935
939
934
934
947
930
920
928
917
938
951
920
938
928
931
921
911
927
925
934
915
916
921
917
935
928
935
930
909
914
936
929
939
929
937
920
916
942
926
918
920
921
930
945
933
954
936
923
925
933
932
924
951
934
945
935
948
907
920
938
956
938
948
930
927
933
923
928
948
935
937
940
925
932
940
933
910
944
930
913
945
922
934
934
924
955
932
945
924
925
915
921
927
940
927
918
900
944
928
927
946
926
941
930
937
938
931
935
937
924
931
930
928
925
929
915
931
936
927
942
939
918
931
933
920
929
944
940
940
953
930
943
922
945
944
924
934
923
915
954
928
933
923
925
939
921
930
946
917
907
926
915
924
927
930
939
932
944
937
923
913
910
919
921
932
927
958
934
943
917
921
929
914
925
917
913
923
908
927
936
933
907
943
922
914
950
931
932
938
938
936
937
919
922
929
932
916
939
930
921
943
924
932
943
928
928
940
940
916
935
921
921
926
937
940
938
933
918
944
922
944
933
927
938
910
927
949
934
943
924
914
932
944
918
922
933
915
952
926
917
934
913
933
931
925
945
925
927
926
927
952
949
939
929
938
905
930
917
929
926
940
947
941
927
924
916
931
927
936
948
935
932
900
929
944
947
945
933
934
935
931
922
905
952
925
939
941
921
939
944
937
943
944
930
948
946
943
942
938
924
924
952
922
926
947
931
949
947
937
928
927
934
937
950
938
916
929
933
954
946
909
907
917
941
922
928
928
914
939
940
921
932
934
920
922
935
936
944
915
938
921
931
959
941
927
926
955
922
937
949
955
926
937
927
937
934
929
923
936
940
929
940
939
922
925
914
942
949
935
927
929
946
925
919
927
939
938
916
938
920
924
911
932
939
924
928
920
959
922
928
920
939
936
935
947
957
938
934
925
938
931
936
939
919
930
925
935
934
907
914
915
933
927
942
931
955
919
941
933
935
928
929
924
921
937
925
937
944
937
948
941
936
920
930
925
926
918
953
923
940
944
948
964
931
913
937
938
928
935
910
933
944
935
928
932
941
927
933
925
932
945
930
937
943
936
948
950
944
945
952
924
928
929
944
931
942
914
922
903
935
923
929
926
926
925
937
948
932
930
941
939
921
930
936
907
924
933
931
951
923
934
941
921
922
921
947
939
924
927
927
944
939
918
932
937
932
924
925
931
929
953
929
938
935
934
919
926
921
935
921
938
915
915
928
940
947
943
925
912
940
933
926
924
922
909
922
926
945
933
923
937
943
921
929
936
944
938
926
928
934
950
934
931
939
919
921
947
913
934
922
927
941
916
932
941
936
937
933
917
950
938
942
925
929
955
940
922
938
922
954
955
921
950
926
936
941
921
918
927
926
939
929
945
920
934
935
941
933
908
955
924
935
941
910
929
936
929
919
926
922
927
928
942
914
950
934
926
914
944
927
912
904
934
947
945
924
925
925
912
917
938
941
930
926
928
934
947
934
931
951
949
925
944
939
939
919
929
940
910
920
934
938
930
935
946
936
943
923
931
954
941
955
935
942
927
963
930
921
926
934
925
946
942
914
905
939
914
920
926
922
952
940
931
934
930
930
947
933
940
928
919
928
928
933
923
939
946
924
937
942
960
935
920
906
950
929
925
939
927
928
947
943
932
929
935
924
951
927
943
904
919
913
942
921
919
905
948
945
931
923
939
934
938
906
908
942
928
932
950
938
939
930
923
927
933
931
931
938
922
933
936
930
939
939
945
940
928
939
923
928
956
949
940
936
934
927
948
951
928
951
935
918
903
956
948
932
938
924
931
949
950
926
938
923
938
940
924
942
945
945
929
937
914
935
922
933
937
920
920
913
932
942
932
920
915
946
950
938
923
933
943
924
925
941
930
936
927
922
926
947
942
927
933
934
939
931
925
927
917
936
928
961
938
939
941
934
941
939
916
935
955
948
945
933
927
935
937
928
946
949
921
941
934
934
924
929
938
936
929
952
932
927
920
943
933
928
917
915
945
947
937
933
937
941
931
948
928
943
913
934
930
935
928
929
937
933
944
913
928
932
925
921
921
925
950
918
917
946
951
947
948
923
943
950
943
938
902
936
928
947
919
914
914
942
934
932
925
942
922
929
921
935
914
913
924
941
936
929
924
923
940
918
930
926
917
938
940
935
936
917
930
928
917
922
954
938
915
932
936
939
944
934
937
946
932
917
939
935
908
932
923
943
920
946
947
937
926
927
935
931
911
915
930
943
924
922
930
938
939
946
925
928
920
924
929
933
940
950
934
915
928
957
937
933
923
944
914
954
929
956
950
934
953
952
931
930
918
936
919
914
910
932
922
957
937
932
944
960
909
926
931
923
943
936
947
940
932
943
924
938
918
930
943
934
924
943
925
940
950
930
940
939
935
925
915
918
921
926
936
922
920
932
924
940
918
907
929
916
943
935
940
929
939
945
910
936
927
935
933
938
928
940
934
921
924
926
921
926
956
913
927
939
936
934
953
945
929
916
926
924
933
950
933
929
934
921
938
941
945
938
938
941
923
940
940
945
919
953
930
946
918
937
918
918
929
930
924
926
936
920
910
928
946
923
936
930
954
952
924
933
914
951
922
913
928
939
910
919
957
917
915
911
930
936
918
924
941
935
930
950
928
951
918
935
912
940
933
937
940
910
930
939
926
939
947
931
928
940
953
950
912
925
931
944
939
939
936
947
930
960
946
928
921
929
944
935
930
931
909
908
929
934
926
928
947
933
930
913
923
926
918
944
927
915
923
933
939
925
928
944
934
931
930
934
950
938
931
948
940
953
934
918
940
925
942
944
935
942
924
923
936
924
916
935
916
920
922
917
919
928
946
934
942
928
910
935
930
939
941
933
936
928
938
940
933
930
925
922
933
924
939
939
923
940
929
936
944
951
925
930
918
930
921
930
913
938
935
937
933
926
925
936
955
925
920
924
940
937
931
930
938
929
934
934
923
921
920
914
927
912
920
937
942
941
933
932
923
917
932
935
921
937
922
935
928
941
931
937
939
952
925
929
931
929
934
933
926
936
924
938
921
937
926
964
929
937
904
934
936
947
961
949
948
924
923
922
934
931
937
959
933
942
942
949
959
920
934
943
948
913
924
940
950
936
923
938
940
909
927
931
930
935
945
939
937
935
913
924
933
941
929
948
933
928
929
915
922
935
913
919
905
938
934
921
934
932
944
942
932
936
939
931
928
960
918
940
936
937
932
920
929
930
925
952
936
943
939
928
931
945
925
931
945
936
930
936
927
919
928
942
936
926
932
918
936
928
925
933
939
914
926
925
920
908
951
938
939
908
930
930
927
928
931
923
912
931
922
926
920
930
939
912
940
948
926
925
945
943
942
913
935
947
941
929
936
935
924
899
951
933
947
936
933
926
944
936
925
942
936
938
924
920
929
932
937
931
929
941
945
937
933
931
942
932
922
945
923
918
930
924
933
912
929
921
933
928
933
936
925
934
947
947
922
944
931
931
928
921
939
925
930
926
929
927
935
959
942
932
933
937
935
926
947
955
924
931
937
923
923
942
939
930
923
931
955
935
926
924
935
948
918
908
940
909
943
931
943
937
920
926
932
930
928
919
932
920
957
928
904
916
932
922
920
929
926
945
934
907
937
934
959
929
948
935
921
902
919
914
919
914
925
950
939
928
935
932
920
933
929
934
932
928
937
934
926
919
901
921
929
927
939
931
942
923
930
938
933
938
925
920
940
931
934
918
940
940
922
947
930
947
929
940
935
930
937
928
936
917
923
940
937
903
910
914
908
931
940
939
934
932
920
917
924
927
928
931
927
913
944
931
925
939
937
950
912
930
943
932
948
952
929
952
922
924
930
911
943
937
951
929
943
923
940
940
938
915
935
927
939
955
933
936
927
939
950
945
949
924
929
929
915
936
933
941
924
925
943
912
933
941
942
938
948
929
942
926
932
926
926
926
936
921
927
926
926
938
934
941
921
940
928
939
929
937
918
934
922
938
932
941
935
930
919
938
943
933
936
947
934
926
941
918
917
914
927
935
939
954
936
929
930
954
929
938
926
934
920
939
918
939
935
928
947
950
938
927
937
939
936
934
935
927
916
936
948
911
914
937
942
926
923
924
945
944
933
925
921
924
926
916
919
928
941
915
926
906
921
927
932
918
944
924
921
939
932
937
917
936
908
928
925
927
923
923
920
926
925
929
941
920
915
929
920
932
922
936
924
929
919
938
938
923
917
921
919
908
929
914
918
918
918
922
933
942
919
956
946
944
928
918
918
936
952
926
936
949
930
942
906
941
941
921
939
934
950
951
933
932
938
935
930
931
919
937
911
938
937
919
932
950
935
936
951
930
930
926
944
926
926
934
926
941
920
931
917
933
931
949
954
935
949
924
926
930
941
934
940
931
919
912
920
917
895
922
935
945
940
925
933
935
947
937
931
922
946
927
919
928
909
924
956
941
927
931
931
935
903
932
922
935
936
943
921
923
943
929
933
948
931
929
962
925
929
928
936
931
934
937
928
924
938
927
936
921
940
926
935
926
913
918
913
923
923
946
938
916
925
922
927
921
938
937
944
947
924
933
936
916
917
927
949
910
941
925
944
937
924
907
937
938
940
904
923
929
934
922
943
952
939
937
938
939
939
939
945
951
941
937
919
947
940
920
918
920
928
923
924
935
937
936
915
923
919
945
932
929
929
935
928
938
919
945
937
933
927
938
939
935
940
942
936
945
943
931
929
942
944
935
917
940
929
943
943
940
924
942
918
926
940
946
938
944
935
954
936
926
921
933
914
932
930
935
932
949
924
933
937
943
927
929
944
931
925
924
934
927
931
910
940
916
931
933
951
940
969
940
928
907
943
936
946
941
927
921
940
949
915
940
934
947
941
951
953
932
922
940
938
915
942
924
926
948
927
912
937
918
931
929
931
955
947
950
916
926
947
924
942
937
929
912
943
932
929
946
922
907
944
926
928
938
938
936
933
931
931
940
938
935
916
913
902
937
911
920
924
931
945
929
931
922
938
952
938
928
942
918
937
947
932
946
933
928
924
903
951
934
932
953
928
950
918
930
941
914
928
938
949
929
923
935
948
928
930
917
937
953
938
941
941
931
930
939
934
930
936
948
942
903
945
941
948
915
931
926
933
929
925
925
943
932
911
919
957
938
932
947
946
926
923
933
927
939
924
937
944
946
928
918
914
928
920
928
941
927
914
921
949
938
933
923
925
975
