1065
924
921
939
931
921
924
917
924
931
923
916
930
932
911
936
932
915
935
935
929
923
938
923
936
926
941
926
946
948
923
930
926
927
953
921
933
929
933
936
900
937
935
928
927
940
909
945
938
918
920
919
926
923
921
930
923
944
935
933
922
929
926
925
931
929
926
919
929
949
935
924
935
943
933
936
941
933
936
907
926
905
934
926
951
924
915
927
945
930
931
954
913
913
948
916
904
941
937
945
940
941
915
920
913
941
926
943
933
928
928
936
925
925
927
947
947
942
932
914
926
941
933
933
952
919
926
932
957
927
931
952
963
932
918
950
934
923
936
928
945
926
931
926
942
925
945
935
931
947
945
924
915
939
955
931
942
921
931
945
926
928
919
935
939
949
930
930
922
929
931
931
956
914
932
933
931
928
929
969
928
949
943
939
954
940
931
929
913
925
939
937
941
938
928
928
940
929
920
941
936
931
918
916
939
937
924
936
921
908
930
929
925
938
917
948
921
930
956
920
935
944
942
917
944
921
917
919
940
923
922
935
912
942
932
951
933
931
933
908
952
924
935
950
929
926
919
952
929
936
935
930
946
944
944
933
921
952
940
919
928
939
937
925
925
908
928
934
947
945
919
945
931
940
920
932
934
931
936
939
927
927
938
920
928
935
932
945
915
929
945
936
947
950
932
909
940
941
920
960
934
936
929
940
937
937
950
916
947
936
946
935
938
938
947
938
929
936
953
943
940
932
924
947
930
944
931
924
938
926
893
907
929
949
939
933
926
947
931
924
921
921
937
938
936
930
913
924
924
943
949
942
937
914
941
919
923
932
918
940
940
935
948
918
931
925
942
933
948
918
937
936
927
928
925
935
936
932
938
916
931
913
935
917
945
924
911
936
930
939
948
918
929
948
947
935
926
925
926
933
912
923
919
937
926
936
929
932
916
925
931
950
917
921
924
928
927
934
933
924
933
914
939
929
918
936
928
945
955
937
946
928
927
934
942
918
914
931
951
935
940
928
940
937
943
955
937
942
921
938
935
920
926
922
940
933
923
933
941
921
964
927
929
957
939
926
925
915
946
922
931
945
939
953
925
949
939
939
926
905
930
932
936
932
944
923
921
928
932
916
935
926
945
903
931
951
941
911
918
928
930
948
939
947
924
931
934
946
943
914
941
899
911
934
933
944
928
950
933
948
924
933
939
936
942
933
939
947
924
936
929
935
937
908
922
931
925
918
940
945
942
925
910
931
931
936
936
941
930
930
939
938
924
920
938
934
923
919
907
945
937
933
937
928
950
949
928
945
910
919
939
929
937
920
942
919
940
941
958
929
931
937
940
948
958
927
940
942
934
936
934
954
926
924
934
936
911
923
925
926
917
939
932
945
941
940
932
929
929
930
933
931
942
941
905
940
936
937
913
925
946
929
951
942
942
935
926
925
925
928
919
934
921
907
940
931
934
926
920
932
939
938
911
928
919
939
944
942
932
933
938
934
917
941
935
949
922
928
932
942
924
930
927
928
941
915
940
931
937
919
930
942
948
947
921
926
931
931
929
930
939
929
926
921
938
933
913
919
931
922
952
920
931
913
929
933
918
923
942
937
932
931
940
933
917
934
915
919
918
943
925
916
928
949
929
947
936
927
913
952
907
930
930
940
924
935
936
932
921
939
930
940
943
941
926
920
914
909
937
927
938
920
927
926
928
919
917
910
936
964
922
914
933
937
940
939
936
929
927
919
928
939
948
921
934
898
914
945
928
938
923
915
942
939
940
943
931
911
917
929
930
931
914
943
926
917
926
939
932
960
947
906
934
938
912
930
902
921
927
929
926
923
937
939
951
921
932
932
942
943
934
918
953
941
947
933
955
933
947
934
940
939
933
928
924
921
957
933
927
938
937
938
935
939
930
921
932
939
932
941
936
951
914
926
926
908
931
933
934
921
933
893
933
922
950
944
919
926
917
929
938
946
922
934
918
940
924
926
912
912
938
933
933
934
938
927
943
922
944
938
946
917
950
904
913
907
932
918
935
943
945
920
916
949
941
923
917
916
927
947
941
915
937
940
918
934
945
935
940
935
929
953
931
947
947
949
937
946
918
924
938
958
933
936
944
932
923
932
932
939
921
939
936
941
937
923
909
918
914
938
947
939
946
928
927
939
934
906
937
907
930
919
910
940
936
914
908
938
921
940
960
948
934
932
942
945
941
928
928
953
933
935
912
946
923
920
942
922
938
926
956
947
914
949
930
934
923
945
942
938
933
945
944
947
950
922
904
933
926
927
944
930
937
938
932
953
955
946
938
924
918
938
915
909
924
927
913
938
920
930
942
918
907
926
934
923
934
911
929
926
916
933
949
935
913
915
932
930
950
929
940
926
913
930
933
939
944
915
904
924
943
925
941
924
925
950
946
931
918
947
918
963
934
921
917
940
913
931
950
953
948
947
919
913
926
933
930
931
949
949
940
917
929
951
935
932
928
926
939
932
935
955
928
938
923
949
936
955
934
942
937
927
913
916
935
942
958
941
937
913
958
926
951
929
935
936
919
932
955
922
925
921
925
919
938
924
927
931
936
928
913
928
934
909
943
945
934
933
931
933
930
914
944
916
926
931
952
929
943
937
920
925
926
922
912
924
931
942
919
929
934
925
935
924
903
927
933
944
929
950
947
921
952
956
943
941
941
942
933
931
927
920
931
937
912
925
939
924
941
936
939
929
926
923
934
935
922
921
913
906
921
918
917
931
937
917
929
928
914
935
910
931
923
930
925
935
928
933
946
929
943
905
935
922
915
939
949
922
941
933
947
916
943
924
940
942
924
928
902
951
929
940
934
921
938
958
943
936
948
937
942
918
921
928
944
947
915
936
937
943
949
938
938
929
934
922
942
936
924
917
922
926
936
944
919
929
938
930
907
934
916
939
952
930
950
926
932
922
932
939
936
926
924
938
938
942
924
942
944
933
939
922
920
941
945
935
942
929
936
916
926
931
949
934
923
937
941
925
932
922
938
922
943
929
935
931
932
945
918
912
930
922
931
935
928
936
933
916
932
936
928
938
936
937
921
920
933
937
928
940
916
923
926
928
921
930
937
939
933
941
929
933
932
913
930
912
937
925
940
935
925
934
927
931
930
926
932
940
926
939
926
948
937
942
941
920
931
929
935
939
938
925
927
919
944
923
940
930
934
925
945
935
939
943
938
904
944
937
921
927
931
916
951
939
931
927
923
925
915
941
932
930
921
923
941
912
935
930
913
939
945
950
940
941
931
923
926
958
947
933
924
946
932
914
934
927
935
924
935
942
920
893
934
934
937
937
935
942
943
947
935
925
915
931
929
910
929
939
926
935
929
919
949
936
915
930
937
943
922
935
952
967
932
929
944
937
929
929
936
926
949
932
924
936
933
940
936
932
917
945
939
915
945
953
938
927
928
918
939
948
925
921
920
945
918
936
922
917
930
919
930
935
918
933
908
917
934
918
942
941
932
920
942
938
926
941
935
923
931
903
925
917
914
903
921
940
940
943
918
939
953
935
935
902
933
934
944
908
937
941
937
928
924
947
932
932
926
915
923
922
946
915
935
942
930
927
930
925
928
960
921
928
927
948
948
958
947
916
922
936
949
930
923
931
930
916
929
921
925
938
919
927
915
935
920
933
924
943
925
944
948
923
951
900
931
953
928
929
937
929
920
939
947
931
920
930
947
919
923
926
935
953
942
941
940
922
918
936
933
951
929
938
934
921
925
936
929
950
922
926
938
923
943
951
942
943
926
935
930
946
931
936
938
931
921
934
957
927
947
916
921
926
915
943
928
942
949
939
953
933
935
947
916
926
935
930
934
923
943
930
941
930
933
929
915
914
939
949
939
943
931
931
918
928
923
912
941
924
926
935
922
907
922
928
939
927
924
944
939
946
950
935
929
950
940
942
938
932
939
935
912
934
924
926
932
949
927
940
907
944
954
919
923
938
938
950
921
929
920
928
932
928
943
924
928
937
933
915
941
929
953
951
935
924
934
929
932
944
919
925
942
942
926
938
950
928
907
929
924
934
920
933
923
938
933
930
914
944
923
915
941
921
921
912
930
947
925
946
940
935
929
908
945
938
909
903
928
924
928
923
925
927
940
932
934
934
916
919
936
940
952
935
932
937
934
947
952
937
928
931
929
944
929
935
925
930
933
913
929
936
919
918
931
950
944
916
944
919
923
913
924
939
941
926
945
941
929
943
941
917
930
931
939
950
934
916
950
925
928
929
922
931
928
940
951
923
927
941
919
938
935
945
927
950
941
939
932
935
936
921
923
929
938
935
920
922
934
946
911
914
924
928
913
930
944
936
941
936
928
924
940
954
940
934
921
925
939
920
936
903
919
922
929
938
938
941
943
933
934
906
947
923
923
926
939
931
914
914
930
925
916
955
939
928
932
927
926
933
943
934
916
936
926
933
924
942
934
938
937
922
914
936
937
940
937
934
944
928
938
900
937
921
929
924
930
918
940
927
926
922
923
933
922
949
912
932
918
919
918
940
932
937
936
917
939
929
918
900
943
925
925
935
951
939
948
942
918
926
938
921
908
916
926
925
935
925
940
934
943
935
954
925
937
945
931
927
916
933
932
931
931
925
945
916
923
948
931
951
903
921
949
936
933
944
929
944
943
942
942
936
923
932
948
935
926
908
916
922
919
940
934
912
939
941
925
949
949
933
914
953
927
934
933
954
963
925
944
949
942
914
951
942
937
918
946
935
927
916
916
923
947
948
925
934
925
903
914
917
936
943
936
896
940
934
925
938
929
947
948
942
917
949
936
949
928
930
937
934
935
936
935
922
942
942
939
929
938
929
935
922
919
945
919
945
943
921
927
927
916
937
936
912
936
934
930
904
932
933
942
920
936
932
928
920
929
961
935
943
953
915
924
939
934
945
939
929
928
927
921
903
927
910
913
945
918
932
927
944
946
937
902
957
930
911
924
934
933
946
934
941
936
956
932
936
938
912
923
928
935
917
940
952
937
919
946
931
931
928
939
929
928
932
908
915
932
941
940
933
934
912
932
938
926
913
933
932
923
934
925
933
930
934
940
950
939
923
940
919
939
935
936
915
931
924
940
926
920
932
939
951
930
937
937
917
945
922
944
934
909
926
934
933
919
919
917
936
938
930
935
946
936
950
927
921
939
929
930
943
940
927
927
915
916
935
931
934
920
906
938
919
933
923
927
931
925
951
950
948
905
929
930
940
955
959
947
939
943
933
921
932
922
917
946
941
933
911
895
926
937
947
946
944
930
932
944
951
947
940
944
930
901
932
937
924
936
914
931
935
932
931
925
920
948
930
938
920
923
919
927
945
949
942
929
920
925
934
926
938
937
923
943
927
930
927
922
944
924
934
894
928
932
929
920
951
928
918
925
939
926
938
936
926
923
938
937
918
917
930
955
912
933
935
942
931
942
941
938
941
950
938
937
935
921
928
925
941
923
931
926
919
939
926
925
937
918
943
918
948
931
910
926
910
912
930
934
934
950
922
942
930
937
928
929
940
935
924
943
943
939
929
928
924
920
935
933
918
932
937
941
932
926
942
946
940
934
931
931
941
951
928
941
931
910
953
932
932
937
912
941
919
933
942
930
944
932
938
921
928
928
955
939
940
948
934
943
921
936
926
925
917
939
936
930
925
936
923
917
941
942
914
983
