1065
923
943
926
935
938
940
924
930
935
926
931
941
937
927
950
911
942
917
932
921
932
938
934
931
942
921
949
930
927
918
925
950
926
924
926
924
940
920
911
940
923
956
927
920
950
925
907
914
941
944
925
935
938
918
931
939
923
946
918
934
943
930
934
938
938
951
951
928
940
939
929
917
920
942
934
934
925
959
924
936
935
945
936
932
924
926
914
929
932
937
921
924
939
941
945
909
925
944
932
958
941
926
934
942
926
927
914
913
920
930
931
936
943
938
921
928
922
947
924
928
949
921
921
923
928
930
932
952
928
943
939
948
922
912
916
921
931
921
930
953
916
927
949
924
928
948
945
922
939
924
928
924
931
916
943
943
936
932
937
934
937
921
927
947
946
938
929
939
922
931
925
918
939
908
954
924
936
940
940
938
923
943
933
935
934
946
922
926
918
943
947
940
942
941
948
925
928
924
930
915
943
938
931
940
921
925
938
921
944
927
917
945
946
922
947
917
932
925
942
922
933
928
924
920
937
922
921
926
919
913
916
912
940
927
912
925
947
929
944
938
927
936
944
929
940
928
954
938
926
939
934
919
934
936
930
929
928
930
938
946
930
952
939
934
939
934
936
931
920
919
936
923
921
916
928
936
925
912
932
931
933
932
941
925
924
945
924
945
927
914
903
924
929
945
942
933
934
926
950
930
943
955
930
927
940
951
923
920
929
932
942
936
924
939
927
939
934
927
908
936
938
925
919
934
921
938
930
939
933
927
950
931
942
953
936
933
926
921
939
911
933
939
927
933
904
932
925
931
947
933
933
927
931
943
930
930
925
923
966
955
921
927
946
932
903
938
926
924
914
934
933
931
925
933
935
942
931
928
940
939
936
920
922
919
940
931
928
930
956
930
908
912
932
914
930
918
910
944
938
958
931
919
913
931
947
950
956
935
942
926
935
930
934
937
918
917
935
928
939
943
941
933
941
940
929
923
954
933
925
940
932
942
928
940
928
935
928
938
933
926
943
951
959
924
940
909
935
940
929
928
928
929
924
934
955
933
936
934
942
945
936
918
943
912
903
914
924
911
946
899
922
943
935
925
919
939
908
923
926
957
934
924
958
934
924
927
913
943
939
951
937
936
944
957
952
936
923
919
931
937
946
934
957
935
926
940
940
927
923
923
938
940
914
943
952
937
948
930
927
916
927
930
935
940
926
939
926
929
924
936
909
927
942
928
922
922
922
930
921
942
946
911
936
938
938
938
945
934
931
943
939
925
922
927
933
914
941
913
941
941
932
930
930
936
924
933
940
945
913
949
944
930
940
941
936
925
944
926
914
925
925
923
946
959
938
939
919
920
933
932
931
915
928
931
928
944
946
930
941
937
916
932
930
925
947
934
939
919
942
931
929
926
926
946
926
932
913
937
947
944
941
938
941
937
926
932
937
926
933
934
941
943
938
935
944
928
935
933
958
925
932
903
927
931
928
923
935
919
931
951
905
931
928
951
953
937
930
950
947
928
960
932
947
912
905
941
950
909
921
920
927
946
945
923
936
936
937
927
925
938
943
932
923
935
952
903
920
945
947
915
923
935
934
929
939
937
936
926
923
935
939
931
918
944
940
906
936
943
936
941
934
916
937
921
940
934
948
922
932
954
943
922
924
947
938
904
937
924
931
929
934
925
940
940
922
928
916
930
951
923
947
938
921
921
942
941
959
928
927
932
935
933
922
950
927
943
949
937
948
910
913
935
949
938
927
916
929
915
933
940
933
924
918
942
934
920
935
942
943
955
939
925
937
934
905
917
940
928
949
944
936
948
937
948
958
926
937
923
943
943
945
918
905
931
922
921
928
930
945
921
939
933
923
938
959
941
935
918
949
948
953
961
937
928
935
933
941
938
932
918
929
937
913
923
927
939
938
928
930
943
927
922
942
918
935
914
915
941
918
933
942
919
917
927
956
950
932
933
928
929
954
927
929
924
935
937
923
934
935
958
937
926
936
920
927
931
944
931
917
941
926
922
914
937
913
933
917
931
938
922
929
920
923
930
926
938
943
937
937
930
941
926
945
936
948
926
925
942
931
938
935
926
940
947
941
929
929
941
940
920
945
930
917
929
953
923
942
935
942
925
922
938
936
946
933
934
887
929
952
955
927
942
946
933
927
928
920
931
943
950
927
923
923
918
919
930
938
917
935
934
941
921
939
942
924
939
932
955
949
941
929
929
932
932
927
927
930
934
946
924
941
935
934
940
943
925
933
942
918
936
922
941
933
945
937
950
942
925
932
922
928
928
930
921
934
920
913
920
937
941
944
937
932
919
926
929
921
917
933
936
947
927
949
946
950
920
920
928
940
939
929
930
928
922
940
925
924
937
910
930
935
940
921
920
913
929
941
907
937
940
941
939
942
937
938
927
932
954
927
936
957
933
917
939
941
934
941
943
932
919
923
927
916
920
940
930
928
958
939
924
917
911
930
938
933
922
916
938
947
940
925
941
930
920
945
921
919
936
934
926
936
932
936
918
920
919
943
919
941
926
936
923
940
927
944
907
939
925
927
923
933
925
938
925
947
928
932
924
910
921
932
923
920
943
909
914
944
932
930
921
934
924
939
927
959
917
948
934
922
930
940
938
932
939
925
930
928
947
923
927
948
923
913
933
911
918
917
936
944
935
924
938
927
928
923
928
928
939
939
931
932
940
936
923
932
939
927
935
921
934
912
937
938
927
929
937
931
934
950
944
938
916
945
919
935
942
940
935
909
942
937
938
940
944
929
948
929
926
939
935
936
912
942
932
931
957
949
935
940
921
930
923
924
947
911
937
908
935
920
929
931
947
939
948
936
947
936
925
939
929
934
928
908
925
936
942
950
949
942
915
927
944
935
930
928
940
934
921
933
907
944
942
958
916
943
941
966
929
909
919
952
950
940
943
936
938
929
944
953
924
936
943
942
934
932
931
918
940
935
930
930
941
927
928
945
920
931
927
905
939
919
937
933
912
914
942
937
926
914
932
948
953
930
941
939
937
936
926
912
928
929
938
945
929
929
932
923
931
943
932
929
940
945
933
931
916
934
934
927
930
912
929
926
911
923
940
933
945
930
944
941
937
945
932
955
921
917
932
944
929
941
936
924
917
942
929
921
930
925
960
930
939
907
916
946
936
938
928
961
938
950
937
936
942
929
925
924
934
940
932
938
941
909
922
943
913
920
941
940
920
931
932
914
926
928
929
919
916
913
931
940
932
923
955
935
929
942
946
932
944
945
924
937
950
945
931
923
932
935
940
925
921
928
935
917
938
954
920
918
961
954
939
930
919
940
914
918
901
926
922
925
934
923
927
941
919
925
921
920
949
938
940
960
918
953
937
934
920
937
950
932
935
934
937
936
951
934
932
942
920
921
923
932
929
937
930
930
936
954
931
925
920
917
920
918
922
921
914
945
954
931
918
956
941
923
948
910
929
921
931
928
912
934
944
930
940
934
924
923
919
950
934
940
933
914
952
932
911
914
946
946
935
956
918
960
929
938
933
946
946
947
938
927
948
946
953
943
948
916
943
939
932
919
929
934
912
934
953
938
935
925
933
948
926
939
896
924
940
926
937
938
920
934
931
922
925
944
925
947
927
941
934
934
912
913
929
930
910
931
931
934
935
962
938
923
939
924
936
951
947
926
924
949
924
926
939
947
927
929
926
908
907
924
917
960
926
936
933
917
932
923
952
937
943
929
937
920
932
925
928
941
948
927
940
930
933
929
927
936
934
935
933
943
926
928
931
945
906
936
942
918
941
928
930
921
924
921
905
945
923
910
938
919
935
931
932
938
928
950
913
930
946
922
947
945
943
934
912
943
910
931
935
949
930
932
934
945
944
947
935
938
938
943
946
915
941
949
950
938
924
939
929
922
937
954
944
942
927
957
950
944
945
950
903
945
930
918
941
935
939
942
940
938
945
946
911
919
929
960
930
939
919
931
917
926
931
923
909
920
949
935
939
940
923
924
928
937
931
929
934
942
926
905
927
930
933
945
937
937
929
942
932
939
933
931
941
954
945
923
920
934
944
927
937
921
915
938
930
914
928
933
946
902
925
940
927
934
928
951
944
920
923
942
925
914
940
927
949
943
927
903
938
935
928
938
940
935
933
932
932
927
932
945
941
912
931
948
929
934
934
935
916
939
941
933
920
948
928
938
941
913
936
924
939
922
936
928
931
917
935
931
931
945
946
935
950
923
932
936
909
918
917
916
926
935
914
924
909
937
931
934
942
934
933
940
919
925
913
943
919
935
928
928
927
920
936
935
932
933
912
935
941
932
923
936
914
920
943
938
924
929
926
944
941
928
903
911
932
939
931
940
943
940
907
905
938
947
937
936
932
938
932
938
929
916
927
944
925
925
934
934
966
905
925
936
955
952
945
935
951
917
936
926
914
940
947
917
933
924
928
926
916
926
943
926
922
949
922
930
938
937
933
917
942
933
950
942
930
931
934
925
934
920
930
938
939
934
923
928
932
952
931
955
925
930
924
928
910
936
913
935
928
953
930
926
931
952
952
938
942
930
912
932
916
941
942
922
938
941
913
947
908
939
934
934
930
941
924
934
926
937
929
913
946
933
945
950
929
923
947
949
935
936
919
931
947
947
939
930
933
918
922
940
924
949
914
938
953
943
954
925
944
913
924
938
920
944
959
940
937
932
934
938
940
933
912
950
930
929
932
936
921
925
920
932
930
912
936
900
942
935
918
920
933
919
925
943
954
947
951
930
924
933
933
921
921
919
930
925
924
934
921
942
951
927
916
932
934
935
926
925
943
926
938
941
935
935
952
946
940
939
943
933
926
954
942
931
934
928
937
924
930
938
924
930
925
922
951
922
929
954
950
939
941
912
929
920
920
943
929
917
916
945
929
929
928
930
921
930
930
924
927
942
940
948
937
921
924
942
946
943
943
911
948
941
950
937
927
920
915
912
943
914
942
921
934
935
930
920
929
924
937
935
940
934
934
950
925
948
924
919
937
940
943
946
916
938
954
943
929
939
939
949
927
932
936
931
940
930
931
948
936
935
938
921
933
923
923
924
946
929
931
941
949
929
930
943
936
945
947
910
926
938
930
946
953
933
934
933
919
898
925
953
922
935
936
928
951
945
939
943
918
916
934
932
921
901
914
920
938
924
948
922
919
936
927
923
954
929
923
942
943
937
922
936
937
942
929
954
946
923
938
927
914
931
931
939
904
947
933
915
941
936
928
933
933
940
927
911
903
930
938
921
920
925
918
923
932
942
939
929
929
913
921
920
929
917
920
941
931
951
940
950
933
936
923
914
920
930
932
920
937
926
934
919
946
935
951
918
918
928
932
945
944
924
922
942
936
924
935
924
925
927
928
948
947
927
934
904
910
927
941
944
938
926
932
950
916
920
924
948
928
942
927
943
918
945
934
927
923
927
920
913
927
938
938
948
926
962
931
923
925
944
937
931
934
953
933
910
915
953
937
940
941
935
939
941
950
931
946
928
927
937
935
938
936
932
931
934
923
943
947
935
939
945
920
922
939
934
952
947
937
942
917
954
919
934
930
932
929
918
937
912
921
935
951
927
939
929
937
921
919
930
916
931
936
918
939
940
935
935
933
942
935
931
943
920
924
935
920
942
956
928
938
913
938
951
923
936
947
937
944
928
939
936
927
918
950
940
977
