1065
924
928
945
950
939
949
928
930
933
913
897
930
934
936
932
918
938
948
917
931
925
940
952
905
921
942
947
943
937
936
919
935
940
929
926
945
921
948
962
917
921
941
917
932
934
927
929
915
955
957
934
949
923
937
926
936
943
932
922
925
946
910
934
930
930
933
929
941
925
913
946
943
931
935
918
934
922
930
946
936
930
927
928
931
931
939
923
920
925
927
914
926
933
925
919
922
924
917
943
945
922
920
914
928
920
954
929
932
919
952
946
940
945
903
931
923
927
931
944
925
918
939
937
919
932
937
913
947
933
932
923
921
933
929
939
943
932
909
922
904
918
936
923
954
948
921
934
915
920
923
948
922
942
949
942
938
937
932
946
927
935
949
913
921
946
945
922
901
918
939
924
929
928
926
944
921
930
936
953
927
918
948
915
922
936
925
920
935
959
949
915
930
918
934
929
941
935
916
925
926
933
939
951
934
919
950
921
923
940
944
927
936
926
935
929
920
934
953
925
930
939
910
934
927
940
919
930
924
933
937
931
921
925
944
941
925
924
923
927
921
918
941
928
932
940
931
928
951
934
920
932
931
919
939
913
946
930
919
941
931
939
938
933
934
925
954
925
923
914
940
940
957
931
952
959
919
938
927
923
923
921
949
929
930
941
911
925
932
936
926
913
931
932
952
936
943
948
950
928
923
927
936
921
936
917
915
917
927
950
938
948
937
925
910
927
927
922
925
932
934
928
928
935
943
941
918
935
941
933
921
922
935
956
898
927
937
947
941
939
936
947
922
928
940
927
928
933
929
916
933
939
915
914
926
922
925
919
927
935
942
928
945
924
931
931
933
933
937
921
936
943
942
929
939
926
915
946
942
937
949
931
931
933
903
932
935
928
927
917
946
930
920
921
933
938
928
932
932
935
937
927
950
926
927
922
927
954
953
938
932
929
942
928
917
933
944
922
935
929
918
925
931
918
929
921
926
935
925
919
916
928
944
920
932
938
929
939
918
937
941
927
954
940
916
943
944
947
932
926
927
936
942
915
911
927
925
887
946
939
929
926
911
948
922
944
929
949
935
928
913
941
941
905
918
934
944
923
926
931
928
934
949
927
933
911
926
933
938
935
943
918
955
948
922
950
925
938
936
934
917
946
952
913
918
938
935
929
915
910
922
908
919
937
924
927
931
936
930
928
919
935
943
947
938
950
953
936
935
926
943
929
935
942
928
927
931
921
940
915
921
949
923
921
925
926
948
938
918
933
944
933
935
934
937
909
940
920
919
950
922
946
932
945
947
923
918
940
939
952
932
941
919
937
934
917
935
950
946
925
937
924
913
930
927
929
916
934
927
929
930
922
915
924
908
940
959
924
911
921
927
928
933
958
928
932
924
942
899
938
931
945
942
936
927
928
945
923
938
917
921
923
922
916
916
940
937
936
932
936
942
945
921
935
940
927
946
924
935
938
918
950
921
956
924
932
937
936
939
925
913
928
919
939
943
935
930
919
933
937
946
932
923
942
932
917
933
938
930
946
951
921
924
921
933
933
932
926
948
928
923
928
932
920
940
932
948
922
923
940
933
934
922
928
924
939
918
936
941
934
922
901
954
927
937
921
940
934
914
934
926
942
947
937
930
915
935
941
945
933
930
953
922
934
929
937
940
944
928
931
950
953
952
950
952
943
935
929
926
918
931
928
950
940
942
926
915
936
956
934
916
939
933
920
931
949
942
935
933
923
948
920
939
934
916
928
941
936
919
929
944
929
944
924
933
943
908
940
936
912
919
912
915
930
938
917
914
917
929
946
923
913
918
933
946
925
907
935
918
928
938
930
949
926
918
932
930
916
945
950
944
928
936
936
905
926
953
933
942
921
921
923
938
919
930
944
941
927
934
932
946
940
941
930
923
920
958
917
933
940
949
938
944
942
920
931
927
947
936
957
940
952
911
912
929
930
932
929
926
935
957
942
920
938
931
931
933
933
930
908
935
944
938
933
930
946
922
934
917
921
924
941
933
942
945
923
948
930
929
947
919
940
919
928
933
915
937
930
938
916
916
941
931
931
937
924
931
924
908
938
938
921
949
929
950
939
944
926
917
928
938
939
932
943
947
928
961
928
946
935
909
936
939
906
907
922
928
945
933
929
920
926
927
924
925
919
909
917
929
938
933
941
932
937
932
962
926
933
948
926
942
934
930
929
920
921
949
935
945
921
934
921
922
936
936
924
935
938
932
946
918
937
927
950
940
946
932
931
933
941
945
924
931
944
916
926
946
943
942
931
921
935
918
947
932
939
949
940
939
932
932
928
945
926
920
932
927
947
920
928
939
921
943
942
933
933
935
925
934
935
935
931
936
921
925
953
932
932
939
925
928
939
922
927
918
923
919
936
932
930
917
930
934
942
943
928
922
944
950
936
945
935
931
945
923
936
938
935
946
922
941
921
926
924
933
928
921
915
937
944
919
944
927
905
928
928
942
931
943
939
930
927
941
928
927
948
941
916
922
941
951
952
932
937
943
925
924
926
926
941
914
934
922
920
931
943
919
945
963
933
948
957
924
931
937
936
947
948
946
945
925
934
900
924
951
939
935
918
928
919
937
931
930
917
945
939
932
923
927
922
926
922
908
939
928
947
946
941
921
932
953
923
942
914
935
936
927
941
941
942
934
922
942
933
934
933
930
936
955
944
938
937
939
945
945
929
930
921
940
944
926
927
918
934
966
940
918
929
946
938
935
938
914
923
920
941
945
927
923
939
929
938
927
928
936
926
940
926
919
943
942
941
942
949
956
912
945
927
922
958
943
918
930
925
922
918
931
945
925
926
941
915
941
941
939
937
922
937
933
938
932
946
929
912
921
919
946
947
910
923
918
932
930
940
949
936
934
927
931
922
925
940
918
928
934
946
910
914
915
940
931
916
922
937
933
919
916
921
944
937
944
926
919
940
929
912
913
930
917
957
926
926
931
922
932
940
950
922
919
935
923
929
924
919
915
941
931
936
920
914
914
930
936
936
938
934
927
921
927
932
932
944
936
947
927
929
934
933
941
935
924
951
941
928
948
940
935
938
916
904
921
945
926
933
936
933
936
941
919
948
932
948
924
932
926
913
905
928
919
939
923
934
931
925
928
914
924
937
934
934
930
946
915
949
909
937
928
926
944
934
929
939
942
934
928
937
932
927
930
910
922
943
942
924
944
932
953
934
931
936
928
948
939
920
912
941
943
936
939
913
939
932
931
944
928
923
918
942
932
924
948
960
923
940
925
922
938
928
931
933
937
939
931
932
927
917
940
940
944
926
930
905
918
922
937
943
937
939
934
932
924
932
927
926
922
952
925
918
931
930
934
928
932
933
923
936
936
940
941
932
924
931
919
919
914
927
923
949
923
939
920
937
916
931
926
937
936
959
938
944
918
938
933
927
919
938
948
933
941
935
939
908
941
922
929
931
915
930
925
924
910
916
904
921
938
931
936
925
931
917
943
938
927
936
926
932
933
916
913
941
914
934
923
927
925
928
917
938
911
955
933
932
914
928
939
944
946
920
935
934
935
923
931
940
922
938
935
940
932
939
924
937
948
946
934
937
928
946
942
933
931
955
935
928
944
926
940
941
929
939
931
942
949
923
933
924
923
907
932
953
924
913
924
927
922
938
938
941
928
921
939
948
959
927
930
926
935
925
935
921
927
927
922
934
915
918
932
928
933
943
926
944
936
922
938
918
931
913
919
931
937
931
924
926
924
943
942
946
925
939
920
919
923
934
928
944
944
939
919
940
941
941
930
927
930
951
941
940
907
949
929
946
935
932
935
929
943
927
926
914
933
933
935
940
930
928
940
919
925
933
948
941
940
935
943
909
941
932
930
924
938
934
942
921
910
941
948
938
925
933
933
942
930
940
940
924
936
938
926
947
943
942
939
933
944
939
942
926
926
937
934
931
917
932
905
918
930
928
924
939
937
925
932
937
929
933
942
929
925
934
920
929
923
942
929
946
917
936
931
934
935
931
934
924
920
925
943
935
913
917
927
935
937
935
936
933
927
936
939
925
906
930
949
931
918
916
926
927
922
915
924
926
938
938
922
899
948
924
948
932
926
919
937
918
926
953
934
942
915
939
936
944
941
926
920
927
942
939
925
935
921
945
914
895
938
923
932
920
912
921
927
931
929
936
931
920
943
940
918
919
938
933
946
944
934
937
935
936
919
933
931
940
944
942
933
923
944
926
946
920
938
947
951
938
937
933
926
951
949
945
925
932
925
932
930
932
934
927
930
939
940
930
930
918
927
910
929
940
939
937
930
918
931
931
920
927
929
914
945
934
937
918
939
906
920
911
939
931
932
928
945
956
960
945
903
938
934
931
936
953
920
936
931
935
925
941
952
926
958
897
929
919
938
932
926
947
923
936
919
931
940
933
926
929
940
940
938
931
918
929
906
931
939
931
923
932
917
929
927
948
926
942
938
926
910
933
924
942
921
936
921
945
915
932
933
922
953
935
915
919
935
917
922
945
925
913
940
956
922
930
948
928
937
933
941
936
936
933
913
947
921
921
919
912
944
941
937
937
920
944
942
947
940
926
929
922
928
936
919
931
948
949
928
937
932
933
937
950
926
947
927
945
938
932
927
911
934
938
942
922
923
940
936
955
923
936
933
930
925
940
920
940
921
949
921
924
939
933
921
923
937
932
945
922
918
928
942
928
928
941
903
921
932
946
927
942
919
943
919
933
939
914
919
923
926
947
938
921
924
928
928
933
950
915
932
935
938
929
935
935
930
923
929
925
933
939
936
923
924
915
936
935
942
931
921
954
926
928
951
927
925
919
941
923
941
940
939
926
933
933
939
938
928
937
951
928
935
928
934
939
953
950
930
936
929
939
943
928
944
933
931
933
948
929
954
928
939
934
939
921
936
934
944
944
923
947
946
937
933
940
956
941
949
923
919
937
933
938
949
947
942
912
923
930
930
924
932
949
932
937
947
917
922
933
937
935
906
935
941
950
957
953
940
954
950
944
910
937
952
916
943
933
922
943
933
937
938
934
934
916
929
939
921
940
932
917
940
926
932
926
944
922
934
907
915
924
942
933
932
938
917
918
936
927
928
932
936
926
935
937
927
900
929
948
953
953
949
910
922
923
943
929
926
948
926
924
920
932
940
924
938
932
927
920
927
931
936
941
952
938
945
914
911
943
931
936
930
930
931
932
920
941
918
913
954
921
942
921
940
931
926
925
908
943
942
928
923
961
925
931
932
939
928
942
933
938
941
939
933
911
930
924
942
933
935
924
924
926
936
954
934
927
936
944
929
911
927
924
909
928
931
917
937
939
914
940
932
928
941
942
914
940
935
936
947
918
909
929
941
934
910
932
936
925
933
930
923
917
943
931
929
933
934
931
936
936
922
930
946
924
921
928
926
952
925
928
927
929
927
913
931
937
936
943
932
940
916
929
939
920
935
928
931
932
928
924
935
947
934
926
938
928
937
933
948
921
935
930
930
929
945
941
922
946
925
933
927
912
927
926
950
925
921
927
950
926
931
941
939
919
917
944
943
940
938
908
942
914
929
934
926
935
930
928
915
932
928
916
921
941
919
932
958
938
942
940
931
933
937
936
937
931
921
939
923
940
945
932
927
924
933
932
920
917
938
918
919
933
916
929
943
912
940
914
931
949
932
930
929
924
979
