1065
923
929
926
913
903
928
952
925
940
947
930
928
939
915
940
920
930
944
925
918
932
946
928
927
922
930
936
937
933
927
947
926
927
926
917
904
941
932
940
911
925
936
940
937
931
936
938
930
926
927
927
943
934
926
935
933
916
926
939
936
940
923
915
946
953
930
921
935
925
912
933
932
932
924
926
941
918
941
950
907
931
949
939
945
923
942
919
941
938
941
933
916
952
939
938
910
944
939
933
938
919
917
937
927
948
930
930
935
953
947
936
917
931
937
947
927
923
950
933
930
927
947
936
933
923
918
950
930
928
934
950
921
914
921
927
926
943
944
945
934
924
942
942
933
929
944
940
921
925
929
942
949
939
936
930
921
915
930
922
930
953
902
929
939
910
929
949
964
930
934
913
938
933
925
942
944
934
912
931
933
960
929
943
940
943
903
915
927
932
928
928
911
951
934
955
932
923
922
936
915
942
917
931
917
949
943
941
927
928
920
920
905
917
916
947
923
926
931
911
933
944
939
924
948
945
922
928
937
919
939
935
935
939
936
933
930
945
942
929
933
929
910
918
933
954
913
941
908
918
922
924
936
932
928
924
925
937
929
926
948
932
937
919
932
931
930
950
933
915
944
923
943
939
943
953
944
941
930
932
942
941
910
941
944
935
941
946
928
938
931
914
927
941
949
923
930
935
938
911
924
931
948
935
908
933
932
902
947
961
932
939
931
921
926
943
931
934
934
931
939
927
902
938
941
927
929
939
921
933
920
942
939
914
943
944
941
916
937
932
904
931
940
945
941
931
929
923
924
951
926
921
947
936
962
928
941
968
948
950
934
929
936
938
934
949
911
929
927
931
961
937
932
936
921
917
928
921
935
929
928
933
942
937
914
936
935
910
941
925
929
929
931
924
946
936
917
930
954
932
933
912
956
946
939
934
929
923
943
943
962
947
924
916
928
941
933
916
916
931
929
929
931
925
943
941
919
922
910
921
941
951
930
923
929
937
935
916
914
947
928
928
926
919
926
930
938
942
932
927
948
917
919
938
940
925
948
934
923
909
916
948
924
917
940
927
929
937
918
928
929
928
926
934
934
932
922
943
944
926
938
949
936
922
931
920
945
953
924
929
940
941
931
912
917
920
930
935
935
958
936
930
916
948
938
921
954
935
933
921
932
939
932
931
909
935
933
921
914
921
929
924
932
947
919
923
927
921
935
933
938
937
928
935
933
931
951
948
929
935
917
956
940
933
908
927
927
923
928
944
922
938
929
945
943
934
935
941
936
933
944
942
955
933
939
932
924
937
941
959
947
935
940
939
931
939
925
935
942
950
950
941
929
940
951
930
943
923
948
930
925
933
931
945
916
928
932
930
946
940
923
913
904
933
922
952
941
921
929
934
901
930
941
942
920
940
922
928
953
932
927
925
928
936
939
943
945
928
929
933
919
932
946
928
940
921
925
925
943
935
938
933
928
923
922
922
942
926
933
927
931
915
948
925
929
932
931
925
936
912
934
935
913
937
940
928
909
938
929
947
935
934
946
941
939
923
940
926
937
924
923
932
919
933
920
939
946
935
928
930
935
932
922
930
925
940
949
927
929
931
917
919
929
950
953
927
935
915
942
923
941
949
936
941
916
924
954
929
943
916
934
926
930
928
932
932
927
925
946
940
948
945
917
936
938
949
937
938
934
928
928
929
935
941
947
950
930
946
938
933
940
956
938
939
941
927
920
938
931
927
935
935
930
916
930
923
925
926
926
931
926
931
904
928
898
920
951
933
938
944
931
928
937
939
937
929
937
929
926
921
931
933
941
932
935
923
942
947
930
939
922
953
936
930
939
941
919
937
938
953
939
949
929
930
931
932
926
932
934
945
957
940
946
938
939
940
927
912
946
922
940
943
932
928
930
952
936
918
932
940
928
918
929
954
914
908
911
918
914
943
936
953
928
949
925
945
937
933
939
935
937
921
935
928
958
929
918
919
941
926
934
928
931
935
933
944
917
929
959
933
911
944
930
925
946
929
925
923
919
920
939
945
959
950
933
934
937
917
937
933
922
917
950
923
929
948
922
929
924
932
927
918
921
932
925
938
934
924
929
937
918
947
910
937
927
937
952
929
942
921
940
935
939
911
919
916
928
929
927
910
919
917
930
930
930
917
927
939
916
924
950
920
931
930
929
946
922
927
946
927
929
933
943
931
940
923
923
915
956
913
935
915
930
931
946
933
933
930
931
926
918
930
945
936
942
928
938
943
950
943
955
946
933
931
945
893
925
935
931
932
932
928
936
935
928
951
938
933
930
914
936
938
933
931
929
920
930
942
915
935
944
943
935
927
940
933
939
941
907
908
924
948
958
938
925
925
952
932
912
933
941
957
923
939
915
935
920
935
944
948
926
948
927
934
920
934
942
943
936
929
927
922
906
915
930
929
921
943
906
932
938
922
931
930
928
924
924
927
928
924
931
956
929
925
944
926
917
917
936
932
933
943
925
941
930
920
945
932
948
937
931
923
922
934
934
938
935
943
943
935
913
913
929
948
938
914
926
929
919
934
938
940
936
955
937
942
944
919
935
924
948
962
936
939
914
935
921
932
931
928
921
947
938
930
939
950
942
935
909
935
915
932
927
917
931
939
935
934
941
934
945
937
906
938
926
920
925
931
937
932
913
936
936
937
940
910
935
927
920
923
929
930
944
942
932
911
933
916
925
941
934
915
925
923
946
913
906
943
937
929
922
937
916
931
922
936
955
941
939
932
932
929
914
917
916
922
926
934
926
921
939
925
940
899
922
926
934
943
922
926
899
947
927
940
920
929
935
931
937
934
926
931
934
924
944
938
924
926
940
934
956
934
929
918
928
911
916
927
935
936
919
922
920
930
930
943
937
951
934
938
938
916
930
919
933
927
936
932
944
930
934
924
948
937
925
923
921
897
901
935
921
938
955
927
931
920
931
943
940
936
944
928
943
935
927
935
941
921
936
934
915
919
911
947
917
928
922
931
928
921
954
934
942
940
925
935
941
930
930
923
942
929
930
900
943
924
931
925
940
924
934
931
933
929
925
931
935
935
933
947
945
942
934
934
915
937
957
920
913
930
930
944
940
926
936
943
900
941
931
929
914
937
937
929
941
912
926
932
917
929
937
914
904
954
920
933
934
922
930
939
933
920
912
923
924
923
913
921
940
931
948
938
915
927
930
927
958
919
935
925
938
930
919
933
921
921
940
953
919
931
924
951
936
922
937
935
922
940
949
940
929
949
937
910
909
932
918
910
933
919
934
926
942
925
932
933
941
929
924
916
947
933
931
941
936
934
921
922
937
936
946
932
940
915
939
934
936
943
929
931
921
929
947
945
938
918
931
943
940
938
938
931
920
927
932
925
927
942
927
927
913
937
907
956
925
929
950
929
942
936
945
943
943
936
931
920
937
914
949
931
943
932
933
956
950
938
930
933
947
916
937
905
930
956
927
913
928
935
935
928
932
927
914
920
912
944
938
924
931
945
936
925
936
943
922
936
940
925
938
920
944
940
928
921
954
939
932
934
935
940
940
938
923
941
930
933
937
920
933
942
919
931
926
929
920
953
935
937
934
926
950
947
919
939
939
931
930
918
921
926
949
923
927
919
912
936
927
947
926
937
925
942
939
947
942
941
923
940
914
928
945
919
932
927
926
926
904
946
933
930
932
930
924
923
926
933
918
935
911
936
936
927
937
925
928
930
925
923
905
925
945
930
920
922
918
936
934
931
941
915
918
936
921
939
925
944
945
937
934
947
910
942
940
918
929
927
941
927
934
939
929
925
937
950
911
916
912
932
915
912
932
921
928
936
929
918
938
920
933
930
949
921
915
917
931
935
934
934
934
929
943
946
942
935
945
924
919
922
924
931
930
945
921
922
942
939
926
938
923
931
920
925
938
930
946
924
937
942
939
924
919
924
936
914
929
926
938
935
936
916
932
905
936
942
943
933
940
939
950
937
934
920
895
938
939
930
938
926
938
930
928
933
935
946
936
946
947
948
934
911
915
927
941
948
928
934
942
922
950
928
924
924
938
924
941
941
936
940
937
945
922
922
901
928
936
921
924
920
931
939
948
919
922
920
932
926
934
922
942
926
940
934
928
931
946
906
932
908
916
934
916
952
917
925
918
943
935
923
943
921
929
936
944
934
924
923
924
933
929
937
916
941
942
935
923
935
955
928
933
934
932
953
924
923
924
925
914
931
930
930
941
916
933
947
933
919
949
945
923
920
943
925
933
942
928
921
934
923
922
937
924
930
904
929
926
904
945
936
911
924
936
951
930
939
935
934
931
957
931
924
921
935
931
943
941
949
943
905
944
927
940
906
944
938
942
939
932
929
932
920
938
926
903
927
903
930
923
948
942
939
942
946
937
934
937
926
939
917
918
937
933
936
935
925
942
936
924
943
951
941
925
919
911
928
937
938
940
935
931
920
939
941
922
942
936
928
927
919
941
934
925
934
943
922
925
953
945
933
934
948
935
942
917
895
933
925
938
938
935
921
937
935
918
924
930
910
927
926
920
918
928
925
920
933
935
933
926
967
917
933
929
944
931
898
916
910
926
927
932
919
945
940
910
922
924
939
932
939
940
911
919
928
933
946
923
930
938
956
932
909
901
923
931
931
917
917
955
922
934
949
936
944
927
937
934
914
919
947
946
925
935
948
927
937
951
941
957
927
932
931
952
935
931
934
948
939
926
928
917
948
947
925
947
935
923
927
944
924
928
919
920
921
935
925
906
929
940
946
912
938
928
924
935
941
936
940
921
941
923
933
925
926
925
927
946
965
943
939
933
956
943
934
925
933
921
915
934
945
918
938
921
960
907
923
912
933
928
934
928
947
920
903
924
941
927
917
923
952
941
915
929
936
922
936
936
946
916
918
934
950
939
945
924
933
935
912
930
926
949
942
922
918
937
934
934
941
939
937
933
922
929
927
941
946
954
939
954
939
932
946
928
929
946
945
926
935
920
947
948
932
942
958
934
928
926
928
921
897
938
914
915
929
942
946
947
950
948
943
940
938
950
918
907
917
923
936
934
940
924
919
930
943
945
929
916
943
941
928
938
925
928
909
930
927
918
941
951
920
932
925
909
939
931
950
945
926
936
916
920
946
939
947
931
956
938
910
946
942
919
932
932
944
910
941
945
931
949
908
917
926
912
921
941
928
934
947
926
926
923
928
904
918
940
937
931
934
941
935
930
919
934
929
936
927
929
933
935
908
948
941
929
924
934
935
922
927
944
925
913
947
936
911
929
921
931
951
930
947
927
931
938
939
936
930
934
932
942
933
927
931
917
944
932
916
926
940
934
939
921
898
936
936
937
927
966
926
935
921
940
934
927
929
949
945
922
945
935
950
938
930
930
935
923
943
927
927
924
935
922
927
889
935
930
930
937
928
905
904
929
939
929
936
927
929
938
917
932
939
931
926
948
938
954
931
933
933
933
937
932
927
930
924
932
924
939
928
930
940
930
940
931
926
916
917
932
926
931
943
949
931
931
940
938
954
923
940
931
937
929
923
938
953
930
952
937
913
943
927
924
927
943
900
918
953
933
939
919
940
935
916
909
938
942
920
951
933
936
928
930
925
929
945
933
935
912
946
939
936
942
930
949
944
946
950
922
958
934
952
920
933
943
949
927
941
928
945
948
932
939
951
982
