1065
918
929
937
932
930
948
919
934
923
903
931
950
938
915
938
938
945
935
947
953
943
943
924
956
950
916
922
924
946
929
928
924
912
931
937
924
922
917
933
939
926
911
927
933
942
925
952
935
929
934
938
911
921
908
926
943
962
924
910
931
921
924
931
943
935
938
941
944
931
931
944
928
930
943
936
931
924
931
947
926
943
943
939
943
936
918
931
941
934
926
918
954
935
921
916
904
931
944
930
932
941
931
930
924
933
948
935
921
922
943
938
918
942
930
941
933
915
916
937
938
944
939
936
926
929
949
923
925
927
921
937
926
918
922
916
925
936
915
912
940
935
931
941
935
897
922
921
910
941
913
957
930
942
918
912
953
933
944
930
920
938
930
925
908
904
949
930
947
944
933
927
925
911
926
911
936
904
926
931
947
939
936
912
939
953
926
937
936
935
941
936
937
910
938
937
951
929
942
948
922
931
921
915
927
934
947
948
931
926
933
919
945
922
943
934
947
950
949
933
946
921
920
916
931
924
934
932
916
934
913
923
918
935
932
945
934
906
933
933
925
930
944
937
923
930
929
949
935
947
932
940
945
939
938
934
946
930
922
923
945
928
940
925
934
923
949
923
922
929
935
931
916
923
926
936
923
940
925
960
929
927
917
930
933
937
935
915
925
932
943
919
931
924
931
918
922
922
915
931
950
959
912
939
930
939
921
921
923
927
912
942
946
942
932
934
927
923
928
931
910
934
935
929
928
929
944
914
954
934
930
942
958
937
931
926
913
933
935
920
925
926
937
930
924
944
939
930
933
937
935
915
939
931
910
923
945
941
940
924
924
930
937
931
924
933
924
930
924
927
940
930
957
924
923
920
938
935
932
925
926
928
927
929
918
936
919
925
917
927
935
939
934
935
906
922
917
916
925
925
952
923
932
909
943
929
936
929
934
938
932
929
925
932
931
925
938
927
924
937
939
930
923
949
956
938
925
934
930
947
939
926
922
918
959
947
924
935
950
931
940
952
920
929
934
920
925
934
921
934
931
920
946
933
942
936
934
926
944
944
943
931
922
938
941
934
940
921
911
931
946
944
939
903
917
921
919
940
929
932
906
935
942
923
947
934
939
945
939
944
951
963
936
936
930
938
928
932
921
948
944
930
932
941
926
925
938
935
921
945
936
946
936
935
928
931
939
948
934
942
909
928
938
942
938
903
913
933
943
924
912
939
914
948
937
927
930
930
955
928
919
923
924
928
932
937
923
944
937
917
921
923
937
933
925
919
945
927
923
929
934
923
940
940
933
923
951
933
940
936
925
942
941
923
928
930
936
918
919
942
935
925
942
925
905
930
925
927
929
946
917
931
948
931
943
919
942
932
935
911
928
941
934
939
920
936
932
935
933
931
937
940
920
948
926
910
921
922
948
929
910
927
949
925
928
921
919
943
932
929
946
916
950
928
945
913
933
947
927
966
927
925
929
941
926
930
929
916
929
936
923
929
948
945
950
935
934
933
937
948
931
939
933
936
926
943
947
931
947
936
916
937
915
940
949
907
947
927
928
935
924
935
944
940
925
941
938
948
942
915
928
937
939
933
935
913
948
934
951
939
931
900
926
923
934
913
928
917
919
943
946
934
930
927
915
923
927
931
925
927
949
937
921
921
941
937
944
939
935
940
942
929
941
934
918
930
929
947
940
923
944
929
935
942
928
924
934
944
922
929
929
938
927
936
932
934
923
921
961
939
923
933
937
939
911
934
941
941
928
913
918
923
947
944
938
940
939
913
941
924
941
929
929
945
944
921
918
915
937
934
942
934
932
918
923
932
931
921
936
927
924
958
953
935
937
935
935
931
933
935
929
914
912
921
940
918
932
916
942
917
933
934
937
920
914
927
916
926
941
925
935
948
930
940
928
917
914
935
918
939
942
948
940
942
922
925
934
947
934
947
947
952
937
918
934
935
931
933
933
940
937
937
929
932
928
932
943
946
955
950
912
926
945
911
923
935
946
932
941
933
947
936
938
928
908
922
930
930
925
957
933
937
926
927
920
930
934
916
926
918
927
926
929
922
947
923
934
935
921
936
927
940
934
931
944
949
923
938
943
929
945
931
939
911
925
912
919
938
937
953
932
918
891
926
931
954
925
910
931
929
917
939
959
956
946
925
930
946
932
932
938
921
909
945
946
937
905
940
930
925
934
935
927
925
925
943
944
934
944
945
923
930
925
928
944
935
932
922
915
907
946
911
923
936
944
952
941
936
958
917
948
923
937
941
944
933
929
934
934
918
920
938
944
929
958
940
923
935
934
943
926
936
925
940
952
922
946
941
925
945
909
909
926
954
918
932
919
933
941
931
925
926
936
941
956
924
926
944
929
918
936
934
955
939
912
944
951
930
942
931
933
919
924
927
943
918
932
944
935
921
932
925
926
911
956
932
928
936
917
944
931
930
930
929
935
923
949
920
945
927
927
919
928
934
926
912
943
936
926
943
949
942
938
923
943
925
925
949
937
918
939
925
939
935
957
934
932
907
930
924
932
936
944
935
916
918
927
941
916
920
923
936
939
948
939
933
932
930
927
928
915
943
930
931
928
931
922
923
931
929
920
921
927
945
937
929
929
917
937
927
926
914
927
926
910
934
943
931
940
943
952
937
936
923
921
947
931
929
932
937
921
919
926
930
927
943
921
966
921
918
944
930
930
957
931
928
932
932
938
931
931
931
939
949
916
921
916
924
941
933
937
933
926
925
927
944
928
933
942
942
932
935
962
942
946
927
917
908
929
928
926
925
935
912
929
935
933
917
915
914
924
922
901
933
926
912
923
905
915
935
941
942
924
939
923
936
933
928
939
938
937
946
938
938
936
944
909
933
929
942
942
936
932
916
912
895
928
930
942
932
926
936
903
934
924
933
916
934
931
938
939
935
937
937
934
952
936
925
934
921
922
936
921
917
920
912
927
945
923
919
939
936
935
935
937
930
923
928
941
955
934
890
916
935
942
928
945
936
944
930
936
947
922
932
952
927
935
922
932
936
928
918
926
921
935
920
940
938
938
937
930
946
944
931
911
936
932
946
935
916
929
925
915
939
922
922
911
940
917
920
943
921
918
942
954
953
944
942
912
935
946
934
926
938
933
939
934
928
929
926
911
922
932
924
939
926
930
934
944
922
925
936
927
903
932
912
958
931
943
923
932
945
914
942
953
930
930
933
942
917
933
920
956
934
924
939
947
936
899
942
924
925
913
944
917
923
922
943
950
913
924
938
921
941
927
934
928
930
918
931
914
943
940
920
927
931
933
932
948
917
923
918
933
948
925
923
923
906
946
928
937
941
925
924
930
924
920
927
938
954
922
930
937
910
930
923
928
924
920
937
946
909
930
938
930
933
940
931
936
918
916
951
927
932
951
924
945
926
944
937
932
931
940
927
928
929
914
930
910
919
942
940
924
945
931
920
915
933
919
927
927
933
904
938
911
943
943
959
949
944
913
929
934
942
928
938
918
924
953
933
933
937
954
940
927
929
931
935
936
925
930
923
912
930
938
925
932
941
943
936
921
941
934
918
922
925
913
937
939
935
940
929
919
940
912
921
930
930
941
941
938
917
938
939
940
932
931
945
928
917
937
954
927
945
925
925
936
917
900
931
937
924
911
937
946
935
936
926
927
949
928
930
928
919
921
914
933
944
929
946
926
936
931
941
929
949
937
937
916
924
939
938
923
934
949
932
948
929
937
927
925
919
940
962
941
927
940
940
934
944
918
945
936
921
935
938
934
958
924
945
938
916
939
950
936
948
931
942
940
956
931
941
928
919
928
946
938
941
935
946
930
940
923
919
905
931
934
933
935
919
922
918
926
944
923
937
953
953
936
947
909
908
955
939
946
922
928
917
905
932
939
931
931
922
946
927
921
938
924
958
952
948
922
936
935
937
937
937
921
930
938
937
935
936
924
920
942
919
923
938
929
930
952
936
949
938
939
916
913
936
935
929
916
919
922
937
935
924
932
934
940
911
914
923
938
931
937
922
909
940
939
926
946
923
943
938
927
922
930
926
905
929
921
925
957
916
917
942
939
933
939
932
935
935
937
937
907
938
928
933
931
925
929
948
929
944
940
913
924
914
919
939
922
940
943
932
929
935
930
949
917
933
933
933
955
936
940
916
940
938
928
940
929
927
919
946
937
953
950
929
937
927
928
938
931
926
930
926
933
934
936
914
918
909
921
920
915
946
918
934
922
925
935
932
924
938
930
931
908
929
935
938
942
929
922
912
937
911
919
934
930
935
931
937
939
924
929
916
934
927
927
927
931
953
941
929
948
953
939
947
949
919
922
932
946
916
903
941
935
941
944
941
938
922
926
938
925
951
946
948
941
906
917
930
924
922
936
936
914
939
919
913
937
942
928
920
937
920
927
941
935
934
945
945
927
934
945
943
930
910
923
932
928
925
918
919
927
934
935
918
936
931
930
932
932
932
932
922
931
920
915
931
944
941
948
927
934
955
934
931
940
936
925
936
923
927
955
921
942
935
942
946
935
921
936
939
915
910
931
902
920
927
936
940
912
947
939
941
917
946
931
938
919
929
944
917
922
947
941
923
945
910
950
909
938
929
936
930
947
928
931
926
916
947
952
928
926
929
933
932
927
946
941
936
933
917
938
934
933
920
940
946
900
932
918
938
932
921
921
919
915
931
929
929
920
924
923
942
935
938
937
925
926
943
935
946
949
922
925
919
936
918
919
911
924
932
927
936
945
940
942
921
922
918
921
927
920
938
928
951
933
942
946
925
942
924
916
927
938
937
928
939
922
931
959
939
918
936
936
944
948
933
917
937
920
931
946
935
951
926
942
923
933
906
937
931
933
939
947
928
939
927
939
921
935
949
915
935
942
922
914
936
938
926
919
936
941
934
927
919
941
931
927
914
935
944
926
920
944
942
939
934
934
934
927
951
930
923
906
935
936
932
920
928
920
934
929
907
932
941
926
917
902
935
912
933
939
926
935
936
916
914
923
948
934
926
938
919
928
946
940
924
932
952
924
922
925
919
941
941
921
938
919
938
920
922
917
919
950
923
933
929
929
928
925
935
940
941
932
930
909
931
935
923
935
928
926
946
933
930
931
926
915
929
917
948
937
933
921
944
919
930
943
930
920
914
916
938
920
930
929
913
918
918
945
937
909
932
906
953
924
918
914
933
935
918
931
937
940
929
939
923
938
933
933
947
928
932
925
932
934
926
930
953
937
917
932
941
936
934
914
935
920
915
922
926
933
947
941
922
937
907
926
941
937
943
933
946
948
932
919
923
934
946
909
917
943
961
936
946
913
936
908
934
909
926
916
919
934
944
934
941
912
950
926
934
933
925
937
946
937
932
918
934
920
936
918
922
937
935
934
948
925
924
934
924
936
942
927
909
948
937
944
956
907
937
936
939
920
928
918
910
928
926
933
939
926
934
944
927
945
927
946
921
922
954
928
939
942
920
927
916
933
916
912
923
926
926
935
933
933
917
933
944
934
944
941
941
926
947
953
931
934
934
950
949
924
916
924
939
927
946
933
932
935
941
932
933
931
943
920
931
913
933
926
912
924
929
916
924
948
926
923
937
909
930
920
929
914
930
939
931
942
917
910
917
949
953
942
929
937
929
919
931
939
945
946
913
928
929
939
947
935
945
908
919
934
921
912
959
974
