1065
921
911
939
942
950
938
949
911
928
921
936
917
930
921
925
924
945
930
925
932
951
941
944
927
953
937
944
938
954
938
945
921
940
927
924
930
944
914
954
906
912
919
935
915
925
924
931
916
924
949
923
916
941
940
939
942
937
927
932
920
920
933
934
931
924
932
911
942
932
934
920
947
909
946
925
933
932
934
908
937
939
926
951
931
935
951
938
922
926
918
920
943
932
912
942
945
930
914
942
920
919
920
914
912
919
946
927
929
935
929
947
941
917
935
941
943
936
932
929
937
910
933
927
909
947
951
943
935
927
922
926
923
921
925
931
926
941
948
925
939
937
942
913
923
917
912
946
948
931
944
943
929
925
943
963
932
942
953
927
932
950
926
946
945
940
928
940
924
922
945
944
948
935
951
934
935
917
936
947
919
922
927
920
951
930
933
933
925
933
917
934
928
926
933
944
927
928
948
926
932
925
932
956
912
946
937
917
927
920
951
937
927
921
924
911
927
937
938
933
923
928
942
930
937
933
938
935
920
906
923
939
934
939
928
945
946
910
926
937
948
947
926
932
926
931
945
936
919
925
953
943
941
932
927
931
933
940
924
935
930
934
930
928
923
937
930
933
912
926
943
922
937
934
953
942
955
935
917
916
943
932
935
952
932
951
926
945
923
945
940
942
926
942
930
911
926
928
956
939
936
934
932
901
934
945
942
916
937
944
942
938
935
939
941
936
929
930
923
930
930
932
920
928
944
936
924
926
922
921
929
932
941
929
950
945
920
934
942
919
947
947
938
973
932
947
929
929
945
928
937
939
940
946
917
919
909
927
930
919
931
934
935
921
926
928
927
947
937
955
919
920
948
928
932
922
926
929
943
916
928
947
935
927
949
950
938
916
939
933
947
939
922
936
909
931
940
928
946
940
937
941
948
923
949
935
910
944
937
932
919
946
940
925
931
934
937
911
936
930
939
940
938
934
933
930
936
929
923
948
918
918
918
950
903
946
911
927
935
945
949
920
917
930
943
926
930
942
921
930
928
923
930
932
955
934
923
942
932
917
937
949
936
913
940
947
918
932
925
912
910
937
918
941
935
917
927
936
935
948
929
924
934
933
936
940
939
940
928
937
931
945
944
944
954
931
954
924
946
912
951
956
933
943
929
932
919
937
940
928
927
932
921
929
926
941
947
936
920
927
929
939
922
935
944
929
926
928
923
949
928
924
947
928
930
954
932
930
922
931
935
935
928
922
958
945
915
924
920
942
952
921
935
943
918
936
934
947
903
949
920
930
937
922
910
932
942
953
927
928
914
934
934
923
926
937
925
924
919
953
943
943
944
917
931
929
938
942
938
950
932
938
941
944
939
926
948
954
950
945
925
944
939
941
934
928
925
932
919
924
956
939
933
937
942
941
943
937
943
915
926
909
955
934
914
924
926
919
931
912
936
925
943
931
928
936
928
945
933
951
924
919
922
925
944
937
930
926
939
934
958
958
922
929
938
942
934
938
923
932
937
937
935
930
944
944
911
928
931
924
934
952
933
937
921
909
920
919
949
945
941
936
934
950
920
931
939
932
943
951
916
947
913
922
930
934
939
914
910
923
922
919
930
928
933
942
939
928
894
933
931
927
924
921
934
929
928
954
927
936
930
940
936
950
934
923
937
941
918
927
923
931
924
938
941
938
933
920
920
954
929
910
937
922
926
934
939
924
935
954
944
923
923
913
920
937
949
931
914
931
924
929
921
936
919
941
920
937
929
944
896
927
949
936
930
931
931
907
935
907
940
935
933
930
925
917
942
923
935
953
960
931
945
903
937
936
947
914
931
935
934
944
934
934
940
946
939
943
938
916
926
943
936
924
928
934
934
919
943
930
936
952
921
922
924
941
932
922
950
931
950
934
940
935
928
933
938
930
936
944
919
919
940
936
935
934
946
922
932
942
943
931
912
940
937
939
942
917
908
934
919
923
941
938
943
937
939
935
926
918
941
932
943
932
952
947
948
942
905
907
915
920
925
929
925
946
936
936
910
926
944
946
921
928
945
937
924
948
921
924
923
937
942
914
916
948
934
941
939
925
925
914
941
948
940
929
944
945
924
935
928
941
929
935
923
944
933
926
936
930
927
929
942
943
936
930
931
946
910
929
942
943
935
922
941
947
928
910
939
920
946
915
926
939
941
914
939
919
902
916
927
944
933
949
909
930
935
936
927
915
924
932
928
937
930
934
934
930
926
957
935
940
919
918
913
906
937
922
934
925
933
927
924
940
934
927
934
907
920
939
911
933
928
946
908
923
920
925
946
953
932
926
947
921
921
918
933
936
943
915
918
932
951
921
929
956
926
937
939
927
929
935
935
945
944
938
912
939
936
928
922
949
929
925
919
940
920
924
938
933
934
926
943
934
936
940
912
934
957
912
943
905
931
937
949
933
932
914
913
915
959
957
951
905
927
935
939
930
919
951
959
949
942
924
923
937
925
930
935
915
925
929
936
937
933
934
929
938
945
937
920
938
942
926
942
944
910
933
937
936
926
923
919
933
919
930
921
930
943
946
939
927
924
946
928
940
936
927
930
939
933
955
941
943
937
939
929
940
929
934
934
923
939
923
946
936
939
945
929
935
925
928
934
937
905
931
933
926
917
943
954
926
925
936
930
941
938
949
939
914
932
939
919
943
915
936
942
941
935
938
946
920
919
929
926
936
925
927
949
919
922
929
944
944
922
935
924
935
950
945
942
936
945
950
929
920
926
920
943
950
943
914
941
935
932
935
926
938
940
947
911
938
939
930
949
921
922
924
915
955
952
931
920
933
946
938
943
932
948
940
925
923
943
917
936
934
915
933
921
923
926
936
908
926
925
937
928
952
932
938
937
940
922
925
928
931
903
923
919
931
927
930
939
942
919
921
915
933
931
948
937
939
925
912
931
920
931
933
927
925
902
934
930
925
914
940
931
934
927
913
927
941
903
912
951
928
939
948
922
931
922
919
922
935
928
919
928
932
934
922
930
936
912
916
953
937
932
925
949
946
951
924
927
936
937
925
938
950
947
930
955
935
941
934
920
931
916
919
934
910
916
920
917
931
934
928
934
934
934
944
947
956
928
926
937
934
936
923
936
944
920
950
928
939
927
939
945
933
925
945
917
928
931
949
926
937
929
959
936
925
932
935
919
927
937
921
919
945
913
930
934
926
941
931
912
919
921
926
930
921
915
929
931
922
922
912
936
950
933
935
939
942
934
931
943
928
914
957
910
939
939
937
952
946
936
942
934
934
923
926
937
944
926
910
917
940
933
946
934
936
940
937
933
924
935
946
949
926
927
921
917
935
933
954
937
932
934
940
938
942
940
930
940
938
938
897
930
921
925
938
945
923
921
931
927
940
947
933
924
916
931
941
939
952
931
919
937
939
947
937
951
943
926
939
936
932
930
940
935
929
926
933
937
927
894
932
929
935
928
920
918
919
935
945
919
936
914
921
921
934
920
938
915
945
945
936
922
939
936
948
943
934
931
940
937
938
928
946
931
923
935
940
941
929
926
921
934
934
949
918
916
922
926
920
921
910
913
936
923
945
927
935
912
936
946
930
941
928
951
938
936
929
938
930
940
921
922
916
935
930
922
934
935
936
930
946
941
931
939
940
962
919
926
943
929
963
920
929
911
932
933
929
929
935
931
929
896
932
950
943
935
927
947
933
918
929
929
929
938
938
908
930
941
907
928
932
936
935
937
932
917
907
935
953
928
939
927
925
941
928
901
938
939
933
920
931
928
954
934
947
932
929
917
932
944
935
941
942
945
945
935
935
940
918
935
919
932
919
916
927
920
936
939
940
913
931
922
948
963
948
933
923
932
938
932
924
928
943
937
935
924
945
938
933
948
931
910
927
938
914
944
936
915
934
957
943
953
941
937
941
928
942
939
937
943
946
918
923
924
943
927
907
942
938
919
939
959
936
940
944
945
953
929
923
948
932
940
927
920
927
958
953
936
934
918
937
932
945
946
925
911
912
926
924
940
905
938
934
931
927
935
932
941
921
943
949
930
937
933
925
934
932
935
924
929
931
917
930
916
918
930
933
934
931
939
942
947
937
952
942
933
939
927
950
927
909
928
951
931
928
940
953
946
939
929
937
930
949
929
944
937
925
920
930
932
946
927
931
935
939
932
927
929
937
931
913
967
941
940
950
927
905
948
939
926
951
926
922
925
930
943
938
933
922
934
936
946
935
923
934
929
944
937
926
931
914
961
937
939
943
926
916
936
941
934
915
936
922
946
928
944
940
936
927
944
928
940
919
931
931
938
940
939
940
951
939
924
944
946
942
938
930
936
938
940
946
930
931
924
921
913
931
923
917
937
937
937
921
936
930
928
943
943
943
931
931
939
933
939
922
940
945
926
946
945
935
944
919
935
922
932
920
933
936
936
947
946
934
929
935
937
947
955
940
919
930
904
929
921
950
933
924
939
942
953
940
937
934
928
935
928
929
940
915
935
928
919
923
918
938
949
928
916
919
935
936
938
958
938
929
916
921
932
923
940
936
932
908
936
937
945
945
949
916
932
930
938
926
908
922
937
916
938
938
927
978
934
940
943
925
923
936
952
909
924
936
933
912
934
928
945
939
938
928
927
926
933
950
946
919
946
931
923
928
941
930
944
936
926
921
934
924
941
902
938
946
943
920
949
934
948
944
925
936
931
953
924
935
940
938
932
946
948
916
918
930
920
929
910
948
919
938
922
926
928
944
943
933
922
910
939
919
929
925
929
933
920
928
932
923
939
923
938
935
897
958
925
949
919
942
922
906
935
964
934
934
934
925
947
921
940
946
940
921
933
943
935
930
950
929
933
941
927
936
939
962
942
939
952
940
918
902
928
948
945
930
901
946
944
953
936
916
924
950
943
928
920
925
903
927
934
924
943
924
932
926
920
936
933
932
933
931
934
934
924
932
937
912
936
918
931
930
955
917
927
938
940
936
937
952
933
956
953
937
935
935
934
949
936
924
931
945
920
913
911
933
943
950
929
925
927
942
938
939
930
948
918
906
946
913
925
927
919
940
921
947
947
947
914
922
931
926
938
948
933
928
937
931
923
928
933
931
915
947
949
914
915
944
941
918
924
950
928
945
933
933
934
937
933
924
936
927
937
926
927
920
932
933
943
931
935
931
922
949
938
938
926
926
914
924
943
927
944
923
923
910
918
932
931
946
924
941
930
927
932
948
944
928
938
939
916
925
941
932
916
939
933
944
932
911
926
926
930
930
941
932
946
927
935
935
934
936
930
915
912
946
949
931
943
947
929
963
944
921
957
928
941
931
948
930
939
934
955
937
920
947
939
933
927
922
913
936
934
928
937
899
928
941
929
933
927
905
933
933
921
942
928
927
922
937
924
932
929
935
961
924
948
905
948
913
957
946
945
960
939
931
912
929
912
929
930
934
946
930
911
946
945
957
932
950
942
956
924
942
930
935
944
925
932
928
931
923
947
921
939
917
935
927
950
925
926
928
935
942
934
939
923
950
934
935
940
932
928
917
920
924
923
946
925
932
938
938
944
930
903
936
924
928
919
921
912
928
945
947
943
927
929
952
915
933
923
933
933
944
938
934
925
946
930
920
928
947
930
924
936
944
947
937
921
911
935
920
937
924
927
918
919
928
937
924
921
946
928
932
939
923
915
941
934
944
980
