1065
919
931
929
926
945
930
923
925
937
933
949
918
926
918
944
949
930
911
918
939
943
917
925
936
924
927
948
933
923
948
947
946
914
936
934
923
941
930
914
917
927
930
928
918
908
927
924
938
946
928
932
935
923
933
923
912
943
948
905
936
935
931
935
934
927
945
927
932
936
936
944
913
945
941
938
937
928
932
929
929
936
917
933
934
926
958
945
936
926
926
933
941
922
933
931
949
930
916
913
930
931
927
932
929
926
930
942
936
915
941
919
921
930
936
912
925
926
907
930
924
927
938
931
931
907
941
931
936
940
938
913
932
928
921
951
931
936
925
951
934
927
935
931
943
922
935
923
948
941
940
937
924
951
937
924
924
919
926
941
924
934
934
945
943
937
923
925
935
931
922
932
928
924
919
929
936
931
931
947
936
951
923
930
949
920
932
924
955
936
923
933
941
945
913
944
924
937
936
928
942
940
935
942
939
945
942
923
950
937
920
930
932
938
926
928
955
938
934
933
933
931
919
919
951
932
939
947
939
933
931
937
933
923
924
931
936
942
914
935
927
944
904
926
932
938
932
925
952
932
914
922
937
946
946
946
965
931
947
925
935
922
923
921
932
943
922
930
926
939
939
936
936
949
936
930
937
936
931
923
924
927
939
938
937
933
955
917
932
926
901
956
929
935
922
932
926
945
940
927
934
931
934
941
911
936
937
921
940
932
918
921
932
913
903
914
938
932
946
939
928
950
933
930
931
917
932
926
911
939
922
928
927
944
924
917
931
951
951
943
945
939
927
920
936
937
941
933
920
923
923
946
938
953
899
923
925
945
934
945
940
924
949
940
930
927
931
924
929
934
934
913
953
910
926
920
926
943
944
937
925
918
947
942
949
936
920
929
937
934
922
932
948
950
928
951
953
954
927
945
948
938
938
948
944
929
932
938
939
939
934
930
950
939
921
929
918
932
930
933
933
943
932
925
935
924
925
937
921
932
936
925
933
921
910
944
950
916
938
930
936
942
921
940
939
938
929
916
943
910
910
934
935
949
933
921
925
943
932
930
934
923
916
923
929
916
937
937
935
922
930
942
914
942
932
940
937
925
952
936
910
931
947
929
918
922
920
921
944
915
919
946
948
949
924
948
938
915
950
951
937
937
928
935
919
916
943
943
949
915
936
930
938
925
931
934
926
906
934
945
915
931
937
939
923
938
920
930
936
934
934
938
925
929
939
930
939
946
931
949
935
930
931
938
934
943
924
916
928
943
928
924
916
923
950
937
932
941
944
909
944
943
911
933
931
945
933
904
934
938
927
951
945
928
925
933
944
904
936
921
948
944
936
941
929
933
945
925
910
937
925
936
910
946
936
937
930
929
929
942
927
910
919
927
926
923
936
928
913
905
923
930
933
936
929
920
937
939
931
928
933
950
942
927
913
918
931
940
925
926
927
938
917
921
931
940
927
932
922
944
947
931
941
947
942
945
938
933
915
937
916
913
928
933
926
931
952
929
955
937
935
932
928
918
934
927
936
904
933
931
912
940
929
916
906
939
924
915
921
944
920
936
930
936
925
930
921
926
940
928
949
950
941
957
905
929
947
939
930
918
930
928
925
925
960
931
935
921
927
918
915
933
926
926
924
950
935
921
924
937
932
927
945
942
927
944
934
930
931
937
930
910
913
909
918
939
949
911
922
931
915
920
935
939
934
931
953
928
915
935
930
931
913
939
935
929
956
933
931
918
936
922
937
949
936
944
947
921
936
925
929
935
939
924
922
930
940
919
953
930
943
928
910
935
915
896
926
926
936
940
933
932
940
948
920
933
911
924
930
942
932
956
924
928
934
921
935
922
941
956
929
926
940
948
935
947
950
933
935
929
923
925
931
921
930
904
940
929
934
931
939
946
940
943
910
932
924
931
933
919
945
939
924
920
958
950
926
919
941
945
935
935
933
937
939
928
928
947
928
939
922
937
936
921
930
937
936
948
940
904
920
927
922
930
948
940
955
925
954
939
932
954
946
930
949
939
935
931
934
957
926
937
929
911
927
924
928
930
933
942
936
926
911
931
926
920
944
945
914
924
922
931
920
937
937
930
949
947
921
935
934
926
929
921
926
913
926
922
932
926
943
916
937
919
918
946
946
945
933
955
944
939
927
928
931
934
932
926
936
928
918
926
948
946
918
929
939
931
925
942
935
955
940
952
931
913
917
935
923
916
945
901
933
940
950
932
937
928
933
938
934
939
921
933
929
919
937
937
939
950
932
925
932
928
957
934
939
956
936
960
923
958
951
945
918
914
897
910
915
926
916
945
933
935
929
937
935
931
943
937
928
937
906
931
925
927
924
933
925
947
915
918
928
937
941
940
944
946
942
933
946
937
935
924
937
935
938
938
942
928
918
934
943
940
926
926
939
917
939
922
948
935
935
948
942
942
940
922
932
921
934
910
955
937
926
926
937
950
930
916
920
937
939
924
926
926
943
935
927
946
924
941
934
942
906
931
929
940
935
929
931
957
934
932
934
932
935
916
930
932
919
944
940
935
940
939
942
932
907
932
938
916
936
933
931
926
924
934
934
942
931
946
946
945
931
932
951
933
951
933
940
924
921
910
923
915
924
934
931
927
926
946
939
930
930
921
941
923
924
925
933
927
919
912
929
938
943
928
919
917
924
934
948
907
927
908
934
944
942
925
924
917
950
931
920
933
946
929
935
918
926
933
954
922
935
920
931
908
943
927
936
943
930
930
920
922
950
935
927
934
912
928
913
948
929
937
934
924
946
939
934
959
931
933
932
923
918
935
931
955
933
936
937
933
918
934
950
945
931
935
930
928
917
930
911
919
924
908
936
952
922
945
929
939
939
937
907
914
928
924
925
918
924
931
935
930
931
932
946
916
927
917
920
916
933
925
928
928
932
920
922
947
922
914
930
903
909
922
945
927
945
940
928
943
949
936
952
912
923
928
928
926
937
940
934
924
932
906
937
915
941
926
919
915
923
932
947
937
939
934
933
936
939
925
919
941
932
936
942
934
924
917
927
924
937
928
942
928
953
946
933
924
911
929
931
914
929
907
937
933
925
931
925
951
935
913
920
933
947
945
923
937
945
935
927
927
919
922
946
913
926
924
944
931
929
927
920
926
922
900
937
930
921
922
947
928
946
914
944
930
939
930
913
910
922
905
933
938
949
928
916
936
943
929
927
938
944
911
937
950
939
928
934
939
928
928
927
941
941
913
927
922
931
941
945
925
938
936
924
941
935
922
944
935
931
937
900
936
921
918
918
935
931
939
959
925
911
942
928
944
934
940
934
926
930
924
949
947
928
937
931
925
919
928
941
929
916
942
939
920
937
905
933
934
940
914
910
911
939
914
921
917
941
925
945
947
943
922
929
931
926
943
931
915
943
928
925
936
946
946
919
933
932
942
928
934
951
934
927
943
940
921
936
943
947
924
923
937
939
928
951
939
931
953
939
945
921
914
932
926
921
914
929
931
921
928
901
934
931
917
929
922
942
936
951
938
926
944
929
933
917
934
934
925
927
959
937
926
936
929
922
941
939
914
943
931
934
939
943
884
915
933
913
945
922
925
928
928
938
947
941
913
935
941
942
936
941
922
925
927
928
939
950
925
925
935
936
941
933
917
930
941
910
933
948
930
931
916
925
956
937
932
952
937
930
933
930
924
917
932
931
944
938
924
921
923
933
937
928
947
946
920
938
932
929
950
951
930
928
927
928
942
935
943
946
925
921
928
926
929
918
931
934
933
935
952
921
935
935
924
940
910
933
932
919
931
940
940
947
943
935
922
918
948
931
951
914
922
943
908
913
917
950
924
914
932
941
924
929
927
933
938
940
924
923
932
951
943
955
952
904
946
929
962
925
928
918
931
931
952
917
939
923
938
922
947
940
934
937
917
933
928
944
939
927
935
940
929
961
948
939
942
915
927
943
907
904
930
945
919
924
937
938
940
948
938
939
918
926
934
940
941
919
902
953
936
938
945
907
934
940
953
908
917
930
932
940
939
937
922
923
933
911
938
914
949
918
923
939
919
922
928
941
937
934
940
914
920
935
930
925
924
917
933
923
932
933
920
922
943
942
932
937
938
947
930
948
902
935
948
943
933
917
923
926
924
930
938
936
939
936
947
939
943
934
937
941
942
934
945
935
926
932
929
914
939
925
935
950
948
942
934
948
949
928
950
939
934
936
940
936
927
938
925
936
922
936
938
944
927
916
939
931
924
925
938
920
941
938
924
933
939
940
926
928
939
928
935
950
934
930
940
931
932
936
937
939
907
951
944
935
919
935
932
930
925
923
932
946
933
927
939
930
914
942
928
926
932
932
939
917
914
923
928
934
931
928
919
897
908
927
932
931
920
926
925
939
931
934
929
923
934
922
937
919
923
948
939
947
927
929
947
921
946
939
937
944
932
926
939
931
933
946
937
929
915
937
927
931
947
920
932
931
923
918
901
935
956
916
914
961
950
940
932
917
932
937
919
919
926
924
938
930
912
939
932
920
926
954
944
925
937
932
939
923
912
911
927
914
934
931
943
915
942
917
920
958
937
910
918
932
938
949
935
939
939
936
950
919
933
934
938
935
940
914
928
944
939
930
939
932
935
954
923
908
926
938
925
929
937
924
915
914
932
938
952
930
925
939
929
918
918
911
937
935
930
920
943
931
941
923
932
930
934
946
932
935
932
935
911
937
919
918
941
940
932
937
930
939
950
933
932
921
923
931
927
932
928
943
915
932
911
915
932
919
924
925
943
922
927
920
915
915
924
898
933
926
938
940
926
940
938
951
930
936
943
930
943
940
935
925
931
943
925
940
936
931
929
924
927
923
940
918
918
935
939
929
938
923
949
948
945
937
947
924
939
934
937
937
947
933
953
938
920
927
924
943
936
922
934
947
940
929
927
914
931
927
925
920
934
923
941
910
920
929
938
932
938
945
936
925
947
922
947
916
918
910
935
945
941
928
923
944
924
943
935
943
932
917
942
923
920
950
937
930
914
937
948
936
948
931
942
939
942
951
926
922
935
927
940
937
922
933
942
933
924
933
936
927
926
923
936
934
907
901
918
943
944
922
917
936
916
937
956
943
944
918
938
932
939
930
942
927
929
933
939
951
921
935
940
924
930
922
930
927
947
925
934
934
939
920
938
925
910
918
925
929
937
938
932
927
940
925
932
943
924
921
954
935
937
921
948
926
929
941
938
942
925
935
948
919
947
929
930
922
934
920
919
915
928
920
916
919
929
939
916
955
938
919
931
932
942
928
937
942
923
958
946
921
949
935
940
932
941
908
960
924
938
931
930
952
938
941
931
915
907
940
938
918
929
919
920
931
926
921
913
922
936
908
933
930
920
942
946
921
948
945
940
945
936
920
932
943
934
950
927
921
943
938
935
922
946
930
931
932
928
933
935
948
925
953
918
898
902
925
932
933
922
924
940
948
920
927
931
930
921
943
913
930
929
925
936
933
937
921
934
940
931
930
934
912
925
942
937
934
957
937
961
930
925
938
929
928
958
943
935
943
931
932
932
944
941
937
932
933
943
932
932
920
928
928
936
940
908
920
931
939
932
940
952
945
932
948
931
929
929
960
935
933
929
922
933
928
922
952
932
915
937
929
937
932
926
930
924
933
917
932
941
931
944
931
944
930
932
934
950
933
939
938
945
972
