1065
920
927
944
928
922
929
915
922
938
944
939
925
944
933
917
932
938
907
914
948
922
938
927
937
929
949
930
961
934
937
935
916
940
924
932
922
932
958
929
933
924
956
925
934
919
933
909
935
914
935
938
946
926
952
936
937
948
920
921
921
935
949
942
941
952
947
942
925
942
922
943
921
939
919
932
924
908
935
938
948
919
928
939
921
930
924
942
931
939
942
918
933
947
940
940
931
957
928
934
917
945
915
920
932
928
920
938
938
942
917
932
928
937
924
929
920
953
934
929
924
942
933
922
941
937
917
935
951
931
922
922
924
943
943
933
937
940
940
940
937
942
946
951
953
921
924
943
930
936
931
931
939
914
924
906
945
921
912
934
947
938
929
944
937
937
927
927
925
934
926
930
917
939
939
942
937
944
937
941
941
924
922
917
941
916
929
939
920
941
916
932
937
911
952
934
924
929
945
937
918
931
937
921
940
933
920
929
930
947
924
940
930
941
918
922
949
923
935
917
933
933
935
925
941
927
929
923
922
933
936
929
936
945
943
949
945
946
923
908
944
933
941
931
935
927
933
937
956
931
926
940
935
941
934
910
945
933
944
949
925
941
928
932
950
945
907
893
932
922
933
921
939
936
929
941
941
938
916
932
912
922
934
936
925
922
925
920
900
927
937
931
928
954
942
904
910
919
915
939
916
947
928
922
955
943
916
944
941
922
924
926
940
942
919
936
933
934
945
947
939
932
933
938
922
954
953
941
943
953
915
926
915
929
933
937
934
926
938
926
931
935
931
920
940
928
929
932
922
934
934
949
937
942
921
945
943
936
941
915
938
914
919
949
933
928
922
912
929
926
936
918
937
921
926
926
927
931
932
944
941
921
921
924
935
932
934
932
943
927
919
933
943
927
922
912
937
945
928
917
922
928
945
927
936
948
932
936
935
938
940
939
932
925
936
949
953
908
921
937
924
946
936
941
928
919
921
944
932
938
928
925
927
918
935
920
929
928
914
938
949
938
924
930
926
935
938
930
923
918
927
913
955
919
917
919
924
935
947
927
930
928
925
943
927
928
913
933
955
937
933
927
950
956
947
923
937
925
922
949
951
927
940
927
938
955
921
940
926
941
925
947
927
933
929
923
948
926
928
946
931
957
915
944
937
915
917
912
944
927
925
930
917
935
949
952
940
932
955
931
931
917
942
926
926
946
919
929
920
924
919
916
902
922
932
940
932
931
935
928
920
958
936
958
951
935
923
931
932
911
929
929
917
929
934
932
944
929
929
920
949
939
927
914
938
962
931
921
917
948
941
915
914
927
927
946
926
924
936
946
934
954
929
932
934
921
944
930
931
958
945
913
910
938
920
927
917
923
944
927
914
927
934
929
928
938
928
925
930
952
929
932
912
919
939
931
937
939
929
941
919
934
927
917
935
942
932
895
928
947
936
933
933
939
949
941
942
944
935
905
929
953
940
949
948
917
914
932
912
923
941
943
922
921
925
933
933
919
931
927
909
922
926
928
944
921
926
906
929
929
926
932
945
924
929
947
929
925
916
938
927
928
939
928
939
935
945
922
938
950
934
915
920
940
926
928
920
937
946
954
917
945
926
928
924
941
925
951
926
920
929
925
916
928
933
924
943
941
936
923
921
930
928
939
919
949
940
925
914
926
943
941
940
928
927
948
937
933
955
944
943
933
937
936
928
926
939
934
925
943
929
922
928
922
929
914
916
926
940
927
940
925
921
926
919
927
932
919
935
943
937
923
914
927
941
916
931
944
940
934
939
940
918
927
931
929
937
933
926
941
935
931
926
941
926
914
923
927
923
949
939
946
916
919
926
939
933
949
941
918
928
910
949
934
921
928
924
956
944
922
936
944
945
925
914
931
944
936
946
922
932
927
915
937
933
940
950
948
939
920
928
934
921
916
934
936
912
930
918
948
926
942
938
931
915
910
935
914
941
924
939
939
934
933
932
930
920
923
932
918
936
943
945
929
931
920
953
929
931
930
935
936
932
915
926
920
912
932
942
930
923
930
928
951
936
936
922
929
947
944
923
941
931
922
940
949
947
935
931
952
927
932
908
942
940
929
933
917
958
941
931
914
922
932
937
947
926
931
929
937
911
924
925
939
926
930
915
923
930
935
925
937
933
923
928
935
932
937
931
924
936
932
926
944
943
942
942
926
944
943
924
940
949
940
927
916
929
932
943
916
922
920
922
937
927
932
923
929
942
940
942
926
939
932
915
908
939
930
935
929
940
942
945
927
935
940
930
912
938
931
950
935
933
928
912
943
947
933
940
931
932
921
934
930
931
931
921
937
945
925
907
919
941
929
928
928
934
936
922
935
945
937
923
931
921
941
932
936
941
919
961
944
955
932
924
934
915
921
935
928
920
935
909
929
943
928
929
940
934
936
963
941
925
918
939
948
936
928
922
934
938
932
930
922
933
928
925
924
936
915
935
935
917
946
933
946
919
895
915
941
928
946
934
920
919
935
934
922
957
949
919
955
925
944
922
933
957
929
925
928
953
925
940
932
914
939
928
933
943
928
946
939
951
942
928
934
937
929
946
947
945
927
918
932
939
938
949
924
922
935
924
917
940
924
947
914
944
931
922
950
923
945
956
931
953
904
946
938
934
921
942
928
944
944
924
922
940
912
933
925
940
957
935
937
933
935
934
915
923
949
945
933
929
939
938
934
917
942
927
903
922
918
930
929
922
931
940
950
934
919
931
949
946
953
909
926
935
916
937
932
923
953
936
923
924
943
924
930
952
933
940
934
939
939
925
928
938
914
913
928
921
932
922
930
926
940
930
946
944
927
938
923
906
919
935
907
934
932
925
940
929
949
913
911
943
926
934
946
941
921
926
923
937
923
941
928
950
947
926
935
933
943
948
941
925
941
929
935
921
925
933
925
948
918
928
914
948
947
946
921
917
931
897
957
917
929
936
911
934
929
939
927
912
933
944
930
962
935
939
925
937
917
924
937
930
926
926
958
959
920
924
927
926
937
924
920
944
933
929
926
945
928
930
941
941
918
925
939
929
918
942
910
913
924
923
927
943
925
927
934
945
932
918
921
938
909
940
935
932
931
940
948
932
926
955
912
935
933
922
915
914
915
922
938
948
924
926
932
930
931
935
928
911
929
917
920
919
943
936
936
932
925
942
937
936
949
916
949
925
918
911
935
924
934
950
937
933
950
934
931
932
930
937
941
953
943
929
923
944
937
942
933
946
926
931
940
943
932
938
920
935
953
917
937
931
919
943
912
937
918
927
924
936
957
948
922
916
942
925
921
929
926
928
926
936
920
938
946
924
943
927
934
920
916
936
923
923
929
930
924
922
928
945
925
934
922
934
930
922
922
953
929
940
935
905
925
934
953
925
943
931
916
930
926
929
937
950
939
922
914
935
947
934
929
938
950
940
942
941
937
939
928
924
924
925
937
937
943
947
948
939
924
938
936
915
937
952
932
949
933
953
932
935
916
924
932
934
926
924
941
940
931
932
945
927
930
934
932
928
937
917
955
924
918
935
929
928
936
927
952
913
938
951
924
920
921
938
939
929
948
924
938
920
945
933
935
943
925
935
941
921
938
942
919
931
940
941
933
916
940
947
922
909
932
922
938
926
912
938
931
908
931
921
926
927
931
959
927
938
942
920
914
937
921
924
928
939
941
936
923
914
939
932
938
910
942
949
918
929
899
932
935
944
939
937
938
917
939
933
921
918
919
934
938
914
938
945
947
954
931
932
928
938
927
934
940
912
942
940
929
940
927
942
910
914
934
928
947
931
933
926
916
923
932
950
944
924
912
932
927
918
945
933
905
914
940
932
936
931
915
927
932
931
940
929
914
936
937
924
922
935
943
939
947
944
943
916
937
940
916
935
935
923
909
908
920
932
949
944
936
927
924
930
938
940
945
933
930
933
931
933
937
918
929
933
911
930
931
927
933
943
945
929
931
936
924
916
928
924
925
933
939
927
928
921
920
928
919
931
931
935
933
927
933
927
947
946
936
906
933
913
927
925
939
916
943
953
928
948
915
916
927
922
927
918
922
940
927
934
940
926
936
934
930
959
925
923
924
920
937
928
929
937
937
951
923
916
931
935
930
956
922
939
934
922
938
927
924
923
942
947
942
923
938
914
902
921
902
926
927
944
947
926
939
933
937
916
937
939
927
925
911
922
941
935
904
962
928
934
938
932
941
933
911
925
918
920
925
936
918
946
938
932
935
948
938
942
925
915
925
913
935
956
959
932
927
928
924
918
934
935
929
940
910
924
932
940
924
937
944
933
920
920
916
937
936
919
952
941
922
921
956
944
938
934
938
938
937
916
930
938
937
934
923
934
947
935
923
943
935
901
928
925
912
917
941
946
941
935
913
945
911
921
906
924
911
910
925
942
936
923
951
922
959
920
917
920
940
939
933
937
922
908
925
943
934
933
916
945
929
936
925
937
925
935
919
925
951
951
945
919
914
918
948
926
928
933
939
943
942
922
939
925
939
919
911
915
912
934
937
947
930
936
949
914
924
929
939
926
921
900
913
932
945
939
923
903
921
926
910
914
921
930
920
932
924
935
926
929
933
936
931
933
936
951
915
932
932
947
929
934
931
937
941
929
941
918
925
939
924
916
921
941
938
935
927
922
929
918
931
920
945
938
930
939
942
929
948
921
942
927
929
929
932
943
916
951
933
928
924
923
929
953
946
927
936
944
944
954
943
924
944
935
937
944
948
930
940
929
929
933
905
935
930
948
931
919
914
928
935
933
931
918
927
934
917
935
927
938
915
949
924
930
931
946
927
950
911
914
944
915
950
931
931
916
904
927
932
924
936
932
935
932
908
948
938
926
929
921
930
927
927
915
940
942
924
927
942
916
927
929
921
929
929
939
927
925
935
929
951
931
924
931
922
913
920
941
930
942
930
933
941
938
944
935
940
935
930
940
930
930
921
944
946
923
931
903
928
932
946
933
928
937
936
907
928
933
918
922
919
948
944
938
933
930
931
914
931
959
935
932
949
918
908
929
939
949
930
933
914
914
920
938
929
942
926
929
928
955
928
943
920
945
918
932
929
909
916
948
956
934
918
919
950
945
938
928
918
932
942
930
922
936
939
914
936
930
934
917
925
957
935
932
931
953
943
953
938
914
939
936
925
940
936
922
921
931
955
916
909
936
925
942
932
947
917
907
928
919
924
927
926
932
938
926
939
926
931
935
926
938
936
938
939
934
933
935
936
937
926
930
924
921
930
938
935
943
938
909
922
925
922
933
897
938
943
933
925
934
927
929
929
934
948
938
956
930
930
930
925
933
932
926
932
913
939
917
912
933
945
943
929
942
948
927
959
934
938
916
945
912
930
953
932
928
926
926
940
931
939
954
960
904
933
926
926
922
928
936
927
944
924
937
931
946
931
935
933
925
930
924
932
929
947
937
928
926
933
933
939
913
927
934
922
926
908
942
943
929
934
954
935
943
948
942
952
934
937
951
912
930
935
930
930
939
937
926
934
921
927
930
938
938
926
925
942
950
942
929
906
926
912
932
936
927
923
931
930
924
933
927
934
933
916
944
916
936
937
912
933
936
929
930
942
944
939
928
916
929
910
950
933
925
938
918
953
923
927
924
912
930
939
935
937
929
937
933
927
948
920
915
949
941
922
939
956
956
959
942
940
979
