1065
923
945
932
914
939
918
921
948
933
941
920
906
943
938
917
932
917
919
932
933
926
927
936
931
945
937
945
948
933
933
941
927
930
945
947
937
923
929
916
932
928
940
939
941
921
940
951
937
942
949
948
922
937
927
931
936
926
915
941
952
939
931
926
944
950
936
940
947
937
909
941
939
941
923
932
957
951
936
944
939
923
926
920
931
924
926
941
928
923
931
935
933
933
941
929
937
921
917
924
943
924
923
933
946
940
919
915
915
927
936
954
937
912
954
923
959
934
925
946
924
915
925
926
931
925
947
937
935
924
931
920
933
946
930
940
924
915
949
922
941
934
932
922
924
920
944
922
934
908
923
929
924
928
910
930
941
944
934
932
943
925
929
949
925
941
917
932
925
925
925
914
939
944
938
941
916
947
930
934
919
943
924
928
940
914
939
951
945
909
947
941
941
932
926
912
941
922
925
929
946
928
918
910
911
921
932
929
924
946
942
942
924
931
944
936
931
952
939
929
910
932
949
923
926
919
938
941
932
907
932
932
910
926
932
932
946
935
920
944
927
923
934
915
927
952
924
934
930
930
923
908
935
932
933
915
941
913
934
923
936
927
935
913
918
919
920
956
948
942
921
934
934
941
912
946
944
916
924
938
929
929
932
935
930
945
947
929
919
938
940
956
938
947
918
934
923
938
933
931
937
930
929
958
933
931
927
929
929
910
944
932
925
943
940
927
932
943
943
954
933
953
931
935
948
945
935
932
920
918
943
920
918
910
911
941
924
944
938
931
929
943
923
948
936
933
941
946
927
948
920
934
934
917
948
940
942
933
931
931
932
931
934
941
932
936
919
936
929
928
921
951
914
933
938
925
941
907
932
933
919
934
929
931
930
950
943
949
942
938
928
929
930
936
941
919
919
930
923
935
938
942
938
923
942
931
925
938
917
920
916
923
914
935
943
910
914
934
926
941
930
923
925
927
953
929
947
933
923
925
924
938
921
938
927
919
930
935
948
930
930
926
936
950
934
918
933
930
940
934
947
921
940
924
914
943
913
940
933
944
927
942
928
947
934
930
923
913
931
921
926
906
900
955
935
950
920
925
927
933
929
938
926
947
943
927
937
922
949
931
938
925
926
926
928
929
917
941
928
923
944
929
924
931
934
919
951
915
922
946
930
903
931
915
927
912
938
940
920
924
941
929
921
942
933
945
921
931
910
952
948
916
945
962
914
936
930
942
929
930
950
931
934
904
919
919
931
922
931
918
927
931
924
930
942
934
926
937
937
945
923
949
938
928
928
921
918
920
910
914
931
914
938
942
942
913
953
924
904
925
942
946
939
943
916
944
929
935
925
915
916
937
938
937
946
951
944
953
948
927
920
924
951
916
925
936
952
936
949
939
934
923
930
926
936
932
923
922
917
922
935
923
933
929
941
930
926
943
932
942
945
934
926
945
923
938
939
909
920
945
932
943
925
911
906
925
928
921
906
929
918
935
944
919
943
938
924
933
946
924
935
944
927
927
942
934
912
934
933
957
937
932
927
941
911
929
941
930
934
947
927
951
933
935
949
936
914
933
938
936
914
911
938
920
939
920
936
925
920
930
932
933
936
898
936
921
916
927
945
928
932
939
934
915
947
916
946
946
911
924
949
902
931
944
926
919
949
918
918
923
950
947
905
942
920
947
915
919
904
925
936
933
936
922
927
918
950
929
925
937
949
930
938
929
948
925
918
937
939
935
931
934
932
902
927
943
931
929
904
912
929
955
930
948
945
927
942
946
924
922
937
932
921
928
911
925
946
921
942
931
933
929
938
928
917
938
936
926
930
926
953
943
929
916
925
942
931
910
922
941
935
920
938
932
933
921
944
943
920
930
920
931
940
942
924
923
936
932
924
920
921
946
927
929
941
937
923
919
936
923
923
907
935
940
935
933
933
928
932
924
927
939
938
917
910
916
935
932
934
930
938
929
937
938
940
943
914
937
946
937
928
936
927
936
926
935
922
926
935
936
912
932
949
940
942
937
934
936
908
937
931
941
934
925
938
912
936
927
934
932
938
928
922
912
919
925
923
920
921
946
944
936
942
927
911
953
926
916
928
928
931
934
942
921
922
923
945
919
928
951
926
944
948
927
923
939
945
941
924
917
936
944
917
929
922
939
924
919
937
929
935
931
924
946
937
923
937
946
932
925
913
956
931
922
925
932
934
928
943
912
935
917
927
937
928
947
928
929
927
908
906
945
949
943
951
929
930
951
928
941
924
929
921
929
913
940
936
946
950
932
941
923
930
933
915
944
934
918
918
918
941
947
938
929
918
938
949
929
926
937
929
944
946
927
941
937
938
931
916
928
938
933
925
933
931
925
942
932
951
937
940
918
937
950
941
942
913
950
930
933
917
926
934
942
923
947
923
943
932
939
926
942
929
933
929
953
923
941
922
914
929
927
921
934
939
919
937
948
930
944
916
923
923
927
924
941
921
936
919
935
939
943
946
922
914
934
950
932
900
923
913
921
957
953
935
936
931
942
914
932
898
933
933
949
935
946
927
959
932
937
957
942
955
932
951
936
924
928
925
931
941
916
925
936
934
921
939
932
939
931
954
953
928
927
932
927
905
923
932
938
928
928
942
926
938
950
925
920
921
958
945
935
913
912
933
916
922
917
919
941
931
937
933
942
925
925
934
955
923
940
922
941
933
922
922
932
932
915
913
912
931
926
934
947
941
933
949
929
940
933
929
929
933
947
929
920
939
925
941
913
914
931
912
943
923
927
912
946
944
944
924
920
942
940
932
942
941
922
931
926
929
926
938
948
925
928
926
934
950
933
926
938
955
941
917
918
949
939
911
917
941
931
917
926
935
953
945
933
929
958
925
927
948
925
926
938
931
914
912
947
946
951
938
925
935
921
940
935
957
950
946
928
941
948
915
923
936
933
946
918
934
928
938
926
924
945
943
931
951
923
941
931
929
925
952
918
912
926
932
932
934
946
936
916
927
946
934
923
913
931
932
929
947
934
942
938
924
949
935
934
937
926
923
944
928
919
931
929
938
928
944
926
920
922
929
934
936
937
946
945
917
942
932
927
916
924
913
920
927
930
926
922
902
956
942
935
936
948
933
941
912
937
923
943
921
941
945
930
928
945
922
949
918
931
922
940
929
916
923
911
923
932
949
931
942
955
927
923
926
922
926
941
939
944
927
937
937
932
945
932
941
928
923
934
931
919
946
941
944
921
935
940
941
934
936
948
933
930
935
920
929
917
920
928
935
932
911
940
940
926
933
929
950
931
947
934
946
918
946
956
909
932
931
932
956
946
936
930
915
944
947
938
945
927
919
927
929
937
940
937
926
944
929
939
922
908
909
928
939
918
942
927
922
933
936
947
925
948
934
934
903
912
922
908
912
940
922
938
958
931
918
948
947
935
941
916
923
916
939
921
940
945
951
919
932
923
924
929
933
920
928
929
933
933
943
916
943
915
932
921
924
939
933
923
921
923
932
928
933
908
919
927
968
942
933
908
922
933
921
940
910
930
946
920
933
915
931
941
948
918
942
932
940
943
933
937
936
924
923
913
925
935
951
929
933
931
925
944
929
925
950
941
935
930
928
933
923
927
936
939
942
927
945
934
932
938
927
925
931
939
951
923
935
937
939
934
934
920
950
934
922
933
922
908
939
932
940
935
943
926
929
933
940
944
920
942
931
920
922
925
926
925
930
923
919
915
934
923
915
930
939
904
918
926
942
932
915
925
934
932
929
951
940
933
925
930
931
916
937
935
941
939
935
943
924
951
930
929
923
943
943
942
920
936
926
926
938
913
928
925
945
930
922
928
941
906
932
939
950
933
915
921
907
921
930
925
927
920
938
953
933
928
920
945
923
928
923
937
925
938
926
941
932
923
945
928
923
925
919
925
938
944
940
946
929
935
928
935
919
912
929
959
939
937
922
922
929
941
924
933
947
928
934
933
931
902
933
933
907
938
936
945
921
934
962
911
916
944
944
937
913
932
932
930
916
898
956
950
922
937
942
918
942
894
916
951
938
930
939
936
926
922
935
954
946
942
951
949
946
958
943
945
933
932
936
946
947
930
917
907
915
943
928
941
918
931
932
931
946
950
939
930
935
932
928
913
944
928
915
938
916
941
931
932
918
949
910
937
954
932
942
906
937
932
939
916
933
923
945
939
914
918
932
919
928
963
927
936
912
916
925
915
913
941
918
927
945
943
951
920
927
936
930
935
929
922
929
915
915
948
942
929
910
951
939
926
909
942
902
925
950
929
938
929
926
933
945
946
920
938
936
905
932
947
948
950
934
936
928
896
921
934
943
932
921
939
928
926
910
921
930
937
939
933
933
932
912
935
941
927
942
925
922
923
939
949
936
937
916
919
928
935
934
940
944
937
932
950
927
946
918
939
952
927
917
912
928
929
938
922
934
922
946
918
913
952
928
922
927
925
926
924
926
929
942
936
922
925
922
928
935
927
940
926
938
916
938
932
936
932
938
920
917
921
947
936
915
933
940
938
931
951
941
919
912
938
936
921
926
930
931
934
937
921
921
938
942
920
920
930
934
935
928
945
931
945
933
929
919
934
947
937
942
918
928
939
940
932
903
939
943
942
927
935
935
929
921
934
937
925
917
923
933
946
925
937
924
920
943
924
926
929
953
933
933
933
929
927
945
933
932
923
944
926
930
937
921
924
923
916
945
922
927
957
906
927
933
928
939
929
932
911
921
920
936
934
934
945
940
936
924
925
954
952
926
930
954
928
944
933
949
946
954
930
928
929
936
915
943
916
928
922
933
945
943
933
948
951
924
932
936
908
936
920
912
922
927
927
934
925
931
922
939
940
945
943
924
898
924
925
933
932
924
923
923
944
941
947
956
932
925
915
915
930
920
936
920
938
912
930
910
911
892
944
924
931
916
929
943
916
947
946
923
932
921
936
931
927
913
930
931
933
936
924
923
933
924
901
930
927
949
932
937
928
937
949
933
915
914
954
926
933
951
919
930
931
930
909
947
958
924
958
932
945
917
915
931
915
950
939
928
941
928
947
929
957
932
923
927
925
911
944
928
908
939
925
933
925
922
946
948
936
933
938
952
911
895
977
930
922
926
938
940
912
953
933
934
938
949
919
932
913
927
943
940
924
936
923
937
938
947
930
955
943
933
932
902
947
923
906
953
925
937
918
924
942
940
939
950
921
920
937
940
931
906
943
908
940
920
955
918
938
932
931
941
940
924
917
925
928
927
935
947
940
915
923
933
936
927
941
923
929
923
927
923
936
933
938
924
952
935
941
932
936
920
943
934
941
949
920
918
934
905
933
934
910
914
933
923
927
944
940
923
941
935
943
923
931
926
922
920
914
943
907
928
926
923
935
951
934
938
932
916
941
920
928
942
944
944
930
928
932
926
932
937
931
920
929
931
932
926
930
930
941
924
927
950
938
932
928
940
911
926
941
924
927
912
932
935
942
932
935
947
925
940
923
928
939
927
940
928
908
937
941
929
959
955
909
946
935
929
948
941
918
921
915
935
936
950
929
935
946
922
926
943
922
946
938
926
913
951
937
923
927
929
942
937
931
917
941
944
924
937
926
909
914
945
929
916
929
922
933
943
920
924
939
947
918
923
938
944
939
930
937
925
930
931
919
950
922
943
934
932
915
932
942
932
941
941
945
978
