1065
923
919
938
948
949
936
928
933
918
928
935
931
942
928
933
913
945
949
933
936
940
944
946
938
938
920
948
929
944
944
940
917
938
939
928
924
947
931
918
949
931
943
929
940
923
935
938
957
935
927
932
930
935
933
931
957
928
932
936
919
930
937
930
929
925
921
922
933
930
916
940
946
942
921
915
907
921
941
938
932
920
924
924
910
932
936
950
932
931
903
934
938
934
927
944
957
938
918
926
936
946
932
927
921
944
936
944
916
938
928
913
931
905
935
934
926
942
930
936
938
938
942
948
937
922
949
930
937
957
921
941
933
921
937
952
931
920
930
939
936
927
942
930
929
908
938
930
933
918
944
935
949
933
944
948
951
922
928
944
928
949
939
916
908
932
930
949
931
926
915
934
935
917
926
922
932
932
916
933
916
938
944
932
935
943
924
935
936
924
940
927
931
931
927
921
939
937
929
944
919
938
945
950
928
935
932
950
944
923
948
928
949
936
935
935
928
939
931
953
942
940
932
907
911
940
917
932
936
921
935
919
942
916
924
931
915
942
934
948
915
946
915
940
909
919
930
948
911
931
940
934
942
923
947
937
931
935
921
957
932
935
928
944
941
931
945
927
915
948
926
929
932
923
938
930
944
927
932
926
931
938
922
930
920
904
948
934
952
918
947
948
942
923
937
931
920
923
927
927
929
919
937
932
938
951
929
916
907
912
924
934
928
945
924
939
924
928
925
941
961
926
944
932
940
911
937
923
929
928
919
948
916
927
949
925
927
940
924
946
942
923
930
947
973
909
924
920
947
952
934
949
930
931
938
900
916
926
921
936
952
957
924
933
936
913
931
932
919
918
926
927
925
951
933
943
940
922
908
925
947
948
952
933
910
943
925
938
938
937
958
931
930
936
924
920
939
936
923
903
934
922
928
935
922
942
910
921
916
931
941
928
938
946
921
936
944
953
944
932
928
937
941
947
933
941
945
941
946
932
939
967
950
947
930
932
943
921
920
924
925
922
936
931
933
910
932
939
942
933
917
945
941
923
949
939
928
919
937
926
936
958
941
942
934
937
937
928
915
915
909
932
924
939
925
922
917
924
933
952
945
931
923
944
956
928
933
938
920
937
919
948
927
943
949
917
941
931
924
922
937
931
928
928
914
945
931
929
939
944
948
928
932
910
925
927
932
931
911
938
945
935
925
937
925
908
910
922
930
929
943
946
925
935
966
927
930
921
942
936
931
939
939
943
950
926
934
912
936
939
941
941
924
949
941
941
920
929
913
936
924
934
934
943
922
926
945
940
935
927
925
922
936
917
940
921
937
942
937
928
924
908
917
920
904
917
918
938
927
943
924
923
908
923
925
945
935
930
920
933
931
951
946
930
941
923
944
932
934
934
912
940
927
948
933
919
947
925
948
914
932
937
928
913
938
943
925
940
921
935
925
929
926
923
941
942
935
957
928
929
932
909
904
942
926
945
953
959
936
959
936
942
926
943
930
943
931
930
948
936
911
921
929
951
931
936
936
931
939
929
935
915
917
942
936
940
930
951
921
950
936
920
932
926
936
933
945
937
939
913
959
942
930
933
926
949
935
935
956
926
943
938
929
934
910
914
939
933
935
932
925
935
965
935
960
932
929
926
941
934
942
917
928
939
928
926
947
931
928
933
950
942
905
927
932
928
939
940
920
937
930
937
935
937
946
944
921
922
928
934
946
936
934
925
933
924
929
942
924
933
917
916
934
934
922
938
943
948
929
921
908
942
930
946
939
917
939
943
923
922
928
926
952
934
944
924
934
938
927
944
926
926
950
956
944
946
914
937
941
953
922
940
931
929
934
934
923
931
926
923
919
920
928
935
926
931
932
941
932
924
924
927
921
921
917
948
938
934
934
917
923
935
926
921
940
951
933
930
943
936
924
931
936
938
923
934
940
921
936
946
935
928
932
939
941
917
909
958
936
956
935
941
934
907
924
924
916
942
944
915
931
935
944
921
920
926
940
920
926
926
952
944
923
922
916
910
925
927
923
932
935
928
921
919
949
930
939
934
909
929
914
936
931
932
935
945
930
951
928
927
930
929
942
919
930
938
932
919
918
905
933
919
922
923
944
934
952
928
941
941
944
930
952
936
948
929
928
922
922
912
908
938
939
926
938
944
937
917
934
947
923
944
931
925
939
925
940
942
947
929
942
910
922
920
907
907
916
945
940
931
953
929
947
939
928
938
936
931
925
926
952
932
934
911
939
925
944
952
933
939
922
910
931
939
928
925
919
917
928
929
943
923
917
938
922
938
918
916
919
940
923
936
946
941
926
939
930
921
930
912
948
950
944
930
928
935
948
939
914
928
921
940
929
935
941
952
943
953
942
925
928
940
943
927
934
914
930
916
932
950
929
947
939
932
940
924
916
934
932
945
930
933
937
906
949
935
928
939
914
935
927
944
951
936
933
912
932
931
947
924
949
932
944
949
931
924
944
955
925
937
926
926
955
922
936
931
930
946
947
936
939
943
927
903
939
927
924
953
932
934
945
929
916
929
929
949
925
914
942
946
934
948
938
925
939
944
935
939
896
941
933
939
935
930
930
940
932
933
923
938
938
940
917
943
940
924
926
932
946
918
937
920
915
938
935
931
934
919
922
909
921
945
930
928
940
924
948
926
948
934
935
945
947
917
921
928
912
925
946
923
911
927
930
938
931
936
926
937
929
961
938
941
935
925
948
942
922
918
929
935
931
929
927
924
926
939
941
913
945
930
912
918
930
934
934
940
944
930
914
920
936
928
939
926
926
954
936
955
928
947
935
938
942
936
926
921
948
931
913
929
927
930
936
936
944
957
910
937
908
916
938
934
928
942
919
917
929
919
927
934
926
941
930
933
926
952
928
921
910
911
930
927
939
929
926
933
942
921
943
929
932
948
924
936
941
939
950
943
925
930
943
935
946
911
916
914
936
928
927
924
922
927
928
924
936
938
949
958
925
936
928
924
927
925
925
925
919
927
945
933
929
930
926
937
943
918
920
924
919
949
953
940
940
919
949
921
925
929
935
944
939
950
936
943
953
952
933
933
926
935
950
933
907
914
916
927
953
919
929
933
932
938
940
927
922
938
934
912
952
922
923
924
950
939
922
942
952
930
934
936
936
908
927
915
941
930
924
947
954
929
930
947
932
932
931
939
950
930
936
946
938
923
945
950
941
910
915
931
943
938
958
933
937
938
943
917
919
931
942
929
919
929
912
926
937
939
937
940
914
940
949
937
920
913
910
914
921
918
939
931
926
931
933
947
928
935
929
926
942
919
923
946
922
937
924
933
925
947
949
938
929
939
923
928
924
943
928
933
922
929
923
924
920
931
931
934
943
926
930
928
937
935
926
936
933
944
938
928
929
911
935
925
919
927
934
933
940
922
927
923
931
911
931
947
933
949
943
942
935
941
922
922
905
927
939
926
906
940
932
929
962
921
930
939
948
926
940
914
935
944
947
927
955
935
930
916
928
909
954
949
941
956
925
928
939
941
922
936
935
926
924
943
941
951
938
938
913
910
919
953
940
942
936
914
931
931
945
931
943
927
933
943
928
934
916
930
924
940
930
935
926
925
936
930
938
930
946
937
911
929
908
927
910
928
900
940
951
952
954
935
936
928
935
941
915
924
931
938
918
935
926
933
935
925
919
939
932
933
929
931
923
948
937
934
939
938
947
928
928
925
920
925
943
936
913
949
932
930
936
927
921
920
930
941
928
932
926
904
921
949
939
935
952
952
937
933
941
923
939
940
927
946
914
922
938
905
939
932
926
934
923
942
923
937
948
930
914
928
922
917
928
923
916
916
938
916
923
930
933
942
914
939
920
936
946
926
939
929
941
911
933
943
965
919
955
928
918
920
933
921
938
942
927
920
933
949
917
930
934
930
925
925
931
955
931
937
933
935
930
921
933
939
930
928
932
932
920
942
940
935
941
932
933
925
927
911
944
935
924
939
939
939
920
928
930
931
931
921
935
934
933
934
921
951
951
922
944
927
949
916
926
938
915
911
941
932
933
932
938
936
947
928
917
930
939
948
953
945
938
926
942
932
945
931
957
925
948
938
932
943
935
929
932
933
932
919
928
913
916
915
929
928
936
940
937
947
939
913
919
926
919
935
926
931
907
924
925
916
919
937
914
944
906
920
933
925
908
932
933
931
936
940
928
939
944
917
946
942
956
943
932
955
928
935
923
948
934
920
932
929
923
920
921
946
941
949
935
946
926
935
940
945
925
920
924
935
938
949
948
926
917
937
931
936
936
922
932
924
941
928
931
922
919
925
949
937
924
908
928
936
915
933
931
935
928
929
939
945
919
929
945
928
949
936
943
927
932
952
930
938
943
940
919
915
925
941
917
939
914
920
951
927
937
927
939
922
937
937
943
945
932
926
931
917
924
941
914
925
940
927
930
917
927
924
920
931
937
940
934
937
934
924
920
937
928
935
929
936
951
958
939
917
932
941
930
954
926
921
913
935
907
912
932
928
946
942
919
931
937
933
940
937
943
934
930
936
926
927
915
969
950
948
938
937
927
923
937
922
946
940
935
918
917
933
927
945
937
928
910
933
926
945
934
937
929
922
933
929
947
926
946
920
922
917
934
943
931
936
926
936
924
929
933
910
934
909
930
926
922
903
919
931
925
933
912
936
934
944
946
920
941
931
943
936
927
922
950
934
943
909
913
924
931
914
949
934
922
946
924
937
942
931
950
930
927
926
951
940
952
908
950
921
931
929
940
937
939
937
916
941
917
942
924
949
927
938
926
936
930
930
925
939
928
940
938
929
941
922
941
931
950
932
936
932
934
944
934
945
944
932
948
923
915
927
938
933
915
922
937
932
929
933
936
925
932
931
939
943
954
957
942
944
932
948
938
938
936
935
938
925
930
929
946
928
916
945
942
958
937
937
916
947
950
919
927
925
929
936
926
911
939
932
926
928
922
913
935
949
910
923
926
903
923
958
947
945
926
929
939
940
921
944
937
922
916
936
933
937
925
946
931
954
929
942
951
936
923
936
936
930
940
928
920
932
913
957
940
933
930
901
946
928
930
932
923
935
944
936
926
913
936
933
934
937
932
943
922
930
947
930
918
927
939
951
941
923
930
933
952
911
918
928
927
940
945
935
929
940
918
928
933
938
930
927
953
956
943
922
936
946
924
910
913
924
908
931
927
931
937
946
941
919
927
946
915
934
937
938
936
928
917
909
938
924
915
920
930
922
935
956
924
941
921
926
935
944
945
924
931
929
920
925
937
922
921
928
936
916
940
923
924
926
937
929
922
944
925
903
918
923
930
935
946
947
939
930
930
923
929
946
938
922
940
930
941
929
934
941
943
923
928
941
945
920
929
911
925
940
922
930
929
924
934
937
931
947
938
939
935
933
942
943
953
948
912
941
925
927
928
925
935
952
913
937
930
927
911
927
927
949
935
923
924
965
947
942
942
926
927
944
923
925
924
935
929
940
937
956
937
947
954
939
927
927
938
930
941
925
940
925
942
946
920
925
925
935
915
924
918
921
936
937
925
924
941
916
915
936
931
924
946
931
926
916
925
917
953
927
911
935
911
934
944
932
940
959
937
935
928
915
943
920
927
942
943
943
935
908
933
927
939
909
938
925
949
928
948
920
930
931
944
931
922
912
934
922
930
925
937
926
975
