1065
917
916
924
945
919
944
920
959
942
921
941
932
931
944
916
935
936
928
941
938
914
919
934
944
935
934
948
924
932
926
924
934
920
936
945
948
930
963
939
932
929
939
909
925
913
937
931
917
940
920
912
925
928
928
937
924
928
942
918
945
926
946
942
936
919
950
949
927
909
927
921
918
934
938
942
935
919
950
955
930
927
931
919
929
945
939
923
929
928
931
912
935
923
940
927
934
925
928
935
937
940
939
939
934
921
934
928
936
928
940
945
942
932
948
949
939
944
945
919
938
942
940
935
923
935
938
936
932
937
948
939
927
947
924
939
912
925
927
915
931
914
928
937
948
946
934
941
916
937
942
923
920
931
913
935
945
926
934
941
935
920
928
939
920
933
941
949
940
945
922
937
914
931
924
938
930
921
934
932
926
934
943
929
948
923
940
922
943
919
930
917
929
947
930
943
915
930
932
933
943
934
939
945
939
947
939
935
941
910
920
925
949
936
919
929
940
936
937
939
927
932
922
922
942
926
935
946
956
951
917
934
933
924
928
936
932
914
936
925
939
924
936
924
939
930
930
932
913
938
935
936
925
932
936
916
926
912
931
924
925
925
925
943
950
935
930
927
936
922
947
942
926
921
939
939
931
903
920
935
939
925
945
940
922
957
927
941
932
930
935
919
938
928
913
914
946
937
935
928
926
971
936
948
925
935
932
922
935
909
926
937
918
934
942
940
924
929
936
911
944
919
935
934
937
932
932
929
932
916
923
927
925
919
949
951
932
950
906
928
918
929
944
942
927
934
937
925
931
938
936
930
935
928
941
945
930
925
926
932
938
912
935
934
929
918
943
925
934
932
941
931
922
928
944
938
931
918
932
935
946
944
933
923
934
934
928
923
926
932
912
939
931
942
928
924
928
921
921
918
937
925
931
916
942
945
947
938
937
938
938
940
931
932
943
939
954
906
938
923
943
919
932
922
916
925
926
941
922
940
926
934
932
927
944
921
926
926
933
923
930
946
944
946
913
935
934
936
921
932
912
930
946
944
924
930
927
921
932
928
934
927
946
948
940
939
928
929
930
942
933
920
940
933
918
931
915
948
942
926
922
901
911
929
927
946
939
937
924
920
931
933
922
915
924
917
930
926
902
930
954
929
938
918
929
929
933
918
920
903
952
944
945
932
928
926
944
912
925
937
944
942
902
923
928
932
948
948
940
947
929
953
922
908
930
938
960
925
903
944
935
927
914
930
911
951
925
939
922
942
925
920
915
953
916
931
931
919
939
932
947
931
939
913
921
934
940
956
939
925
941
931
950
946
932
939
938
945
925
935
911
919
943
930
933
931
942
936
922
935
924
930
924
931
929
913
938
921
939
943
929
941
936
922
939
930
930
923
936
933
929
953
918
942
939
957
927
953
928
918
943
939
936
932
924
941
949
949
933
938
959
933
932
942
925
919
921
924
944
928
940
922
926
947
934
919
949
936
949
932
945
945
934
913
906
929
943
944
914
934
925
926
927
939
909
940
922
929
949
929
939
956
928
941
931
941
930
942
927
909
949
948
913
920
915
918
926
933
955
915
940
940
928
930
935
936
916
923
914
935
938
919
938
926
925
942
924
933
946
930
930
933
936
921
932
925
923
921
964
943
946
932
931
931
935
939
934
925
930
939
930
943
929
920
933
949
917
926
925
921
938
941
939
935
934
935
918
943
939
926
915
939
937
955
935
926
923
950
927
941
921
930
939
948
918
921
925
934
925
940
935
941
923
939
926
924
937
928
920
933
949
931
921
919
929
946
954
945
916
935
933
940
940
916
920
919
941
928
937
912
929
934
919
924
932
922
913
934
943
929
927
943
924
940
927
939
937
938
931
925
940
929
942
932
954
932
932
930
914
914
928
924
935
932
934
944
918
934
917
924
927
904
930
942
939
925
920
920
934
947
923
946
952
919
930
945
955
911
954
937
948
948
935
927
935
933
930
955
930
932
955
932
922
945
923
923
924
942
938
938
942
945
938
918
933
924
930
929
933
929
940
936
931
933
925
929
943
947
939
945
917
928
952
948
937
960
929
948
934
943
940
940
933
936
940
912
920
917
929
942
939
939
931
932
930
936
937
963
916
930
939
925
921
940
941
940
930
951
940
939
940
932
946
942
931
930
940
916
925
931
954
941
936
933
936
916
926
946
936
922
934
934
926
943
954
927
922
933
917
897
922
925
924
930
918
923
930
922
933
932
934
918
928
961
920
929
942
933
949
933
923
916
929
925
926
951
913
946
917
921
918
932
916
925
911
925
945
931
950
937
933
913
932
918
927
934
949
925
949
950
935
939
927
934
945
946
945
938
938
926
933
926
964
954
957
920
951
931
923
948
934
916
937
926
926
939
912
932
933
935
928
916
939
951
918
909
942
930
923
935
964
929
942
924
950
938
929
938
934
917
929
923
924
928
911
926
919
929
939
937
951
937
941
930
946
938
921
904
937
923
904
925
932
933
935
936
943
923
929
955
936
915
920
931
916
927
932
944
941
941
940
935
934
926
918
939
929
930
933
933
939
923
914
927
927
937
938
943
919
932
931
918
928
952
920
927
926
949
938
933
916
934
937
930
943
948
916
930
941
940
938
936
927
949
940
935
913
907
913
937
918
922
914
923
929
917
936
931
934
920
919
924
923
943
928
930
924
946
915
943
935
939
938
951
929
948
941
920
915
917
916
951
953
929
928
934
946
943
930
929
941
933
948
920
933
938
953
930
935
922
932
931
938
936
942
926
915
922
942
918
943
932
932
944
943
931
924
919
931
932
931
929
921
927
930
917
934
921
921
945
926
948
927
948
934
935
944
916
925
938
933
934
936
913
926
944
941
918
927
922
940
938
913
920
958
952
951
902
935
921
938
926
937
922
927
935
938
933
929
913
934
944
927
918
922
918
950
920
935
923
948
934
948
925
944
934
901
919
920
936
938
923
935
938
926
934
935
919
922
918
945
936
940
920
932
924
941
944
914
932
934
925
920
948
936
932
960
940
948
948
919
952
935
937
948
942
937
934
948
939
920
939
933
940
931
920
913
934
934
927
940
937
937
933
906
918
917
936
946
910
926
931
930
957
932
927
918
926
933
933
923
946
920
928
935
931
930
943
925
931
919
947
923
934
915
916
921
910
930
927
924
926
933
903
913
916
934
931
914
918
950
951
943
926
928
931
945
927
924
935
937
928
938
919
917
942
934
949
909
937
943
923
942
951
911
918
925
918
936
939
937
932
933
915
924
947
939
947
931
933
920
938
936
926
918
940
923
927
919
916
941
934
934
931
935
941
947
910
920
914
930
937
932
923
928
944
951
903
926
943
944
933
939
928
926
932
947
918
919
949
945
950
948
946
923
921
932
947
939
943
924
936
939
933
921
936
925
932
938
935
920
921
941
940
928
944
921
935
935
950
917
952
938
920
929
907
949
945
939
936
930
953
956
926
954
941
930
927
936
946
926
908
908
929
937
949
928
923
943
938
952
936
914
938
934
923
913
922
921
940
931
913
939
937
930
946
943
948
962
915
904
944
947
930
922
946
948
932
931
926
920
911
948
933
941
945
945
922
941
916
927
936
947
913
939
912
933
918
932
935
923
937
915
938
938
965
941
919
944
939
940
924
910
903
928
954
918
924
917
926
935
948
944
925
918
927
939
933
925
942
940
926
919
945
935
931
925
943
945
945
934
935
913
922
928
948
924
932
926
926
921
934
932
914
938
926
923
940
934
923
924
949
924
927
941
914
937
925
931
932
923
931
935
938
924
926
935
929
936
944
929
933
929
950
925
944
938
931
924
935
954
948
913
930
944
936
935
946
936
914
930
915
934
940
903
942
931
919
917
931
931
936
942
921
941
927
924
950
948
932
945
949
954
924
922
934
953
927
938
948
928
914
928
940
935
931
933
930
942
926
943
912
950
941
927
930
944
929
924
928
940
909
933
918
920
942
919
932
920
919
917
946
958
931
937
933
933
912
934
922
948
942
929
940
939
931
950
960
927
941
933
917
937
927
948
917
927
938
920
951
926
933
940
924
926
918
907
927
944
933
944
922
919
936
948
940
935
938
927
925
935
945
932
933
925
929
930
947
942
918
944
922
927
948
940
923
931
928
920
925
948
921
937
908
942
937
920
954
942
931
931
919
922
927
927
917
936
929
952
920
924
923
922
931
922
928
937
944
941
933
930
930
926
918
932
933
944
944
930
924
941
934
927
940
923
933
946
915
948
935
935
939
939
949
938
932
936
917
927
927
938
918
952
946
934
938
927
936
935
930
936
945
952
941
949
939
947
925
933
910
939
940
925
948
944
936
908
919
942
923
926
936
928
921
916
925
922
945
916
939
941
919
924
948
939
925
939
919
931
958
950
944
929
930
955
926
927
954
941
941
940
921
935
932
923
919
929
942
949
936
918
928
927
917
935
950
919
932
944
939
912
931
938
957
940
955
938
951
947
951
918
946
909
924
941
946
930
935
926
943
923
935
939
934
938
930
936
934
931
923
954
905
950
925
922
928
936
931
923
916
930
933
933
917
927
916
947
940
915
938
933
929
913
944
930
929
931
913
962
920
948
936
940
940
931
948
931
914
937
936
926
943
928
921
933
943
936
932
916
932
932
923
923
942
946
930
904
906
929
922
940
940
948
937
947
938
934
938
928
924
940
942
926
945
946
933
948
924
919
937
938
938
918
927
940
952
922
948
933
930
936
922
928
919
933
938
933
933
936
924
939
944
933
916
936
934
928
922
941
937
943
935
935
928
924
927
935
928
931
927
938
931
917
928
919
935
936
921
926
940
923
952
940
944
958
929
938
945
931
933
941
933
946
935
921
954
939
918
908
925
950
928
914
935
936
925
930
934
932
923
957
939
929
924
935
930
922
934
912
914
959
932
930
947
949
946
940
945
948
944
925
942
937
925
921
943
923
928
935
930
929
920
926
912
945
947
933
936
930
926
951
926
940
935
938
928
922
921
938
943
932
912
930
919
917
908
935
944
916
940
941
939
942
934
893
918
935
917
917
908
916
942
924
950
926
938
942
906
925
932
953
912
931
930
941
919
950
932
918
942
934
934
924
933
922
937
926
952
939
942
944
921
906
924
928
910
923
927
925
934
946
950
910
936
947
950
941
936
926
928
932
928
931
930
920
953
937
932
927
932
920
933
917
905
928
928
933
938
918
929
944
951
930
935
926
932
927
941
945
928
947
921
926
925
931
941
936
941
911
927
936
915
928
931
927
946
943
948
931
945
933
919
912
930
935
913
934
924
909
933
926
920
923
941
924
944
943
914
938
938
932
937
923
930
912
937
931
940
920
931
928
918
927
923
925
940
930
933
929
943
943
941
927
915
940
921
924
955
939
944
950
942
933
932
942
928
926
904
901
928
938
933
934
941
924
926
918
940
911
937
933
915
928
926
934
921
930
934
923
938
931
947
929
926
917
934
929
934
928
951
923
959
944
910
945
938
938
928
931
938
909
930
932
909
931
931
918
931
935
922
922
934
923
948
939
947
926
937
934
926
900
944
945
926
937
922
929
929
928
924
938
928
948
948
932
930
932
924
928
931
940
932
915
912
905
933
916
917
925
944
942
934
937
946
933
915
940
919
945
946
956
946
918
936
916
924
925
913
934
921
922
947
948
935
928
927
925
939
946
934
976
