1065
919
924
932
937
932
943
953
924
911
909
908
927
933
933
952
929
925
940
931
940
904
931
940
954
937
931
921
935
936
924
914
933
931
949
941
916
945
938
925
951
929
934
944
936
927
930
926
936
932
935
957
944
940
956
922
936
944
919
939
934
940
935
928
931
920
957
915
944
936
945
924
932
911
945
918
939
918
918
935
936
917
931
908
936
920
928
930
938
936
931
940
942
924
931
924
939
939
949
930
919
922
928
926
920
935
936
945
929
935
933
937
940
913
921
921
937
948
911
946
930
924
934
937
924
937
935
917
942
931
946
912
921
946
953
934
938
936
929
931
924
906
942
915
938
910
944
945
935
954
934
928
915
932
922
918
939
920
911
927
942
933
939
925
929
954
919
951
931
926
957
942
954
929
941
938
921
945
925
918
940
927
924
932
929
938
930
940
933
932
934
908
934
943
956
925
937
913
933
919
927
949
945
929
940
920
912
950
940
944
925
913
933
955
927
933
914
947
955
947
938
921
921
940
933
932
936
937
918
931
943
930
928
935
950
923
924
944
925
936
937
920
941
928
934
935
949
927
937
932
934
930
936
927
929
951
951
923
924
931
933
924
931
929
927
937
935
944
939
939
918
931
930
924
947
949
946
928
932
944
940
932
924
940
918
943
933
933
926
938
949
924
898
923
948
937
937
944
923
947
932
927
945
909
918
937
926
921
942
936
925
941
937
909
940
927
936
948
922
941
930
910
932
934
940
918
931
920
926
930
948
924
949
922
935
950
925
909
911
921
953
927
951
945
946
938
923
930
927
922
951
927
933
934
929
942
907
913
919
934
934
932
929
943
923
913
951
922
942
920
929
940
929
914
935
934
956
933
929
921
937
913
913
936
934
939
938
926
922
916
932
953
927
920
933
951
944
943
911
916
952
927
938
941
943
929
913
944
935
950
944
938
948
919
927
930
938
932
946
933
914
937
933
946
923
927
920
934
935
949
944
927
937
932
924
938
932
928
933
948
929
937
934
923
913
933
948
938
948
919
941
955
933
925
929
922
935
917
929
926
942
920
936
925
935
904
931
934
916
958
916
928
927
940
921
925
919
920
935
930
941
923
934
929
920
928
942
919
940
924
926
958
935
903
933
930
932
946
935
942
955
914
919
930
937
906
947
936
923
943
942
916
924
932
934
943
926
917
939
931
940
933
929
938
920
929
930
926
914
946
942
924
913
917
924
939
934
920
940
945
922
936
921
934
964
932
933
932
928
932
944
923
923
952
939
930
924
926
950
925
930
936
935
927
925
943
918
918
946
919
934
959
935
937
926
947
928
949
942
920
946
928
917
948
935
932
928
947
950
902
922
932
943
927
926
955
928
934
940
942
930
945
935
937
931
928
925
945
941
908
928
943
937
942
925
922
943
936
936
934
936
950
925
934
950
916
924
925
923
919
935
937
940
921
922
937
944
928
938
925
924
916
943
919
942
946
920
929
928
926
935
916
924
916
941
950
930
929
928
923
943
952
938
935
925
937
933
937
927
926
955
942
940
928
916
922
926
921
927
937
939
944
927
947
941
939
953
944
949
910
943
944
943
942
943
951
948
936
942
941
919
934
916
948
947
916
945
932
911
921
936
926
931
930
951
946
917
936
945
917
935
942
912
921
937
940
942
935
922
928
913
922
917
930
927
922
920
926
914
925
942
919
953
932
954
931
947
933
914
918
933
928
921
950
916
947
929
939
948
930
952
940
937
947
915
939
910
964
920
925
919
934
938
915
938
931
913
951
933
905
929
940
944
918
951
946
929
929
936
927
908
919
927
934
934
951
914
949
923
933
934
922
931
957
935
927
931
925
921
930
928
926
930
946
937
930
935
940
948
930
925
926
922
912
918
934
939
942
943
927
963
926
939
933
931
925
912
938
922
927
945
933
936
941
939
939
921
919
928
932
934
946
935
918
948
931
936
938
937
949
951
933
930
931
914
928
943
939
926
922
958
937
918
933
954
930
922
924
946
930
937
935
951
944
924
932
931
932
936
937
928
940
921
924
921
924
936
957
934
930
937
943
940
936
944
925
932
915
918
949
927
925
934
936
928
942
930
935
917
922
915
938
927
936
912
917
941
938
940
941
921
949
918
929
924
942
931
940
927
949
927
946
923
964
945
939
945
927
932
928
929
942
936
924
932
943
913
932
936
945
926
945
929
925
946
950
919
937
927
937
920
928
924
923
932
921
917
939
928
934
920
940
934
908
927
944
921
933
933
920
927
935
924
935
937
921
925
941
933
937
927
938
931
934
914
940
946
916
936
949
945
941
961
940
940
930
941
929
937
943
922
939
902
926
943
917
922
925
918
922
943
949
938
937
935
945
919
927
934
945
930
940
948
926
925
934
931
917
923
922
918
928
931
933
932
927
945
933
918
909
922
948
943
923
918
931
933
941
912
914
941
960
935
945
937
919
938
941
942
949
924
946
951
933
919
921
927
903
917
925
932
924
927
935
947
925
946
935
929
945
947
920
937
949
935
915
945
945
929
934
945
922
944
949
928
919
929
942
923
917
950
908
920
925
909
942
938
921
918
918
930
919
929
926
915
939
922
934
917
936
932
955
931
921
926
920
934
918
921
925
934
930
945
928
939
953
939
935
920
935
923
911
882
937
937
935
938
912
929
938
939
943
929
923
918
919
935
939
943
939
941
925
921
931
940
918
933
943
950
925
907
931
927
925
934
935
939
931
936
947
940
925
954
942
948
925
932
938
925
925
935
945
940
944
943
936
930
938
921
906
939
930
938
920
920
948
925
923
922
918
922
929
930
936
929
923
922
928
933
925
934
918
947
924
953
939
938
943
934
949
927
927
927
909
911
908
932
921
924
922
944
921
934
937
936
932
942
926
942
931
932
938
934
950
926
940
915
945
936
936
926
941
948
943
939
932
942
946
910
934
929
939
926
926
924
928
928
934
928
928
936
942
938
912
939
923
941
941
946
939
928
935
945
944
932
919
926
916
939
934
920
929
933
913
929
957
936
931
921
933
953
922
910
958
940
928
942
934
929
928
906
935
937
920
933
948
941
921
937
920
924
939
945
936
925
920
924
928
909
915
933
930
927
931
929
924
928
931
932
923
925
933
940
953
949
927
938
934
914
947
926
920
922
931
939
923
931
926
925
938
940
929
921
928
932
923
926
953
918
933
949
916
934
928
928
933
932
939
952
933
930
935
952
923
939
925
929
945
910
932
937
920
933
928
962
933
944
941
937
939
929
924
922
931
925
918
924
927
937
948
929
931
938
957
937
911
932
941
929
943
939
936
923
914
959
929
917
931
920
940
950
929
923
943
937
956
936
923
945
932
950
933
932
934
936
931
927
952
935
922
925
944
936
935
942
936
910
938
932
926
932
904
921
943
923
921
920
943
936
943
946
906
912
946
946
938
926
933
932
921
931
921
918
947
935
935
955
926
904
930
936
933
917
939
950
918
922
930
940
898
942
925
929
941
942
902
922
927
937
929
930
932
919
940
924
935
920
941
945
919
936
942
942
919
945
930
933
930
927
946
912
947
937
947
945
940
929
933
914
913
917
906
928
953
934
930
921
947
951
929
921
927
927
943
958
936
921
938
954
935
930
927
946
934
942
938
937
919
940
920
937
936
946
951
945
927
917
912
927
924
929
939
948
936
925
938
933
920
935
919
928
935
922
946
931
923
936
919
934
934
941
939
928
913
926
930
947
935
931
942
942
927
932
914
924
940
942
909
933
926
939
946
925
942
926
917
926
914
941
931
923
941
936
927
930
933
928
944
951
925
908
919
929
939
941
905
915
924
935
941
927
939
944
932
929
947
936
925
928
945
919
921
955
941
938
938
943
921
926
931
920
932
950
941
912
940
912
943
939
922
924
922
933
926
933
928
935
927
930
928
946
942
927
921
928
927
942
937
929
932
925
924
953
932
918
936
953
944
915
941
943
924
937
939
928
923
939
943
930
925
928
930
941
901
921
938
947
945
948
938
929
910
930
948
928
930
917
921
949
932
947
941
940
940
931
964
946
944
960
931
943
941
930
922
923
942
928
948
935
928
942
920
916
922
933
937
926
936
912
937
934
938
929
936
933
926
935
918
939
937
929
929
935
925
924
925
918
937
940
934
935
933
931
948
946
922
932
923
937
955
950
937
944
936
944
937
917
922
920
938
922
940
927
927
919
922
947
951
940
952
944
955
933
939
925
933
938
953
919
942
940
928
941
943
936
939
931
943
939
927
934
962
939
935
939
928
925
918
912
936
932
930
944
899
955
926
934
949
945
945
949
918
931
929
915
927
927
933
933
931
924
936
923
930
928
947
930
933
933
950
924
929
941
920
941
940
929
940
934
935
934
964
943
956
928
946
948
938
936
929
933
931
937
928
929
931
950
940
931
935
956
933
925
938
955
929
948
938
906
943
953
917
936
923
943
935
919
927
944
935
924
916
929
928
953
931
930
942
918
948
936
943
935
924
939
916
924
939
911
934
922
930
924
925
912
936
924
932
940
908
919
941
935
931
928
943
947
923
917
945
933
957
943
929
917
927
936
928
929
936
915
951
937
941
958
920
934
921
930
951
928
945
918
925
938
910
928
929
917
915
935
925
958
912
918
944
923
927
932
929
923
940
943
934
954
935
922
935
940
944
944
941
936
949
935
945
930
930
930
933
932
938
921
912
932
928
921
934
927
929
940
954
927
923
939
905
925
933
932
930
935
931
919
943
938
950
920
942
930
923
918
935
941
942
914
932
950
956
925
948
946
925
938
941
953
936
922
937
936
930
924
940
928
944
954
943
924
932
941
925
923
955
930
944
935
931
933
913
926
937
930
946
943
913
935
928
939
924
926
928
941
928
925
931
926
947
919
912
909
917
929
933
944
937
920
921
927
951
909
928
937
940
943
941
921
904
952
934
931
939
937
942
930
940
937
945
931
905
938
929
918
941
935
924
918
947
925
940
935
924
935
897
917
936
930
947
942
957
951
927
936
917
936
931
910
922
949
940
938
920
944
928
938
923
940
919
941
936
922
930
934
925
937
948
927
943
932
929
936
939
946
952
917
901
944
925
942
927
936
921
944
950
948
927
939
935
927
943
921
935
919
928
929
939
940
916
944
940
927
924
929
934
942
949
934
922
931
928
946
939
934
947
935
938
949
938
936
934
940
923
929
920
953
932
914
931
934
954
932
924
942
933
930
926
918
916
944
945
937
930
921
908
928
927
945
941
946
908
930
925
926
930
906
940
940
909
936
915
931
931
932
933
920
932
915
923
920
900
925
920
939
918
948
911
936
931
915
940
927
931
943
958
927
936
938
921
932
919
926
919
932
918
920
931
922
932
937
924
929
924
945
933
935
924
924
924
916
936
942
940
952
936
923
936
935
938
923
923
942
939
921
937
950
920
947
931
929
951
955
941
947
934
934
928
930
922
931
938
946
928
926
916
935
906
907
937
924
935
937
919
898
921
921
921
912
900
930
945
935
934
952
935
946
955
933
944
927
946
925
917
918
935
927
927
957
946
926
934
931
937
936
935
935
927
925
934
943
942
941
936
945
944
933
933
936
932
926
956
900
946
932
947
931
913
936
948
926
936
926
926
925
925
944
939
926
928
947
923
934
940
929
933
937
938
933
942
948
953
945
954
945
944
917
905
929
938
922
900
944
940
979
