1065
922
906
925
942
922
945
946
936
922
941
927
941
953
958
917
936
942
927
913
947
950
955
948
944
938
938
934
940
930
926
941
918
922
933
949
947
913
928
928
935
930
934
921
946
942
940
924
944
940
941
921
923
940
940
932
931
936
951
909
940
938
933
931
943
937
942
925
918
928
918
920
926
943
933
952
930
936
942
935
948
930
932
921
929
955
931
941
935
943
934
936
929
918
908
926
945
939
933
930
942
937
931
930
934
943
921
950
949
926
945
920
923
953
971
920
926
923
927
944
946
932
935
931
944
937
960
937
918
931
933
934
936
910
910
940
942
938
935
942
926
920
925
926
939
948
945
924
921
949
948
935
959
927
943
941
932
921
923
919
924
940
925
896
922
938
955
922
940
949
942
945
928
921
929
940
938
919
926
929
953
935
931
939
936
939
925
932
937
931
918
925
925
942
936
940
947
927
937
935
923
924
930
941
938
920
951
942
928
921
937
938
932
923
926
927
923
914
934
924
941
922
904
925
934
921
937
932
930
939
938
931
945
918
930
955
939
922
930
902
941
941
946
921
939
936
930
931
933
909
934
933
937
939
930
938
911
947
927
925
942
929
941
932
938
945
916
949
916
908
944
937
931
920
936
925
934
942
920
927
918
932
919
940
926
936
936
942
937
931
920
932
931
938
950
946
942
936
931
921
911
935
947
929
923
928
966
936
929
949
910
927
942
932
927
902
932
930
941
924
928
935
925
948
935
907
919
938
935
933
938
933
944
912
944
945
914
913
928
947
921
895
927
913
941
938
947
920
940
930
922
947
927
952
937
960
930
942
922
935
947
934
948
953
942
923
933
928
925
932
930
933
931
928
947
947
927
914
918
932
930
940
913
942
944
940
949
939
935
928
951
926
914
930
948
930
921
930
925
924
914
934
949
917
922
937
933
935
958
919
920
927
925
930
925
943
934
937
924
930
940
940
939
932
947
944
911
907
936
921
924
940
931
947
936
917
911
922
945
924
920
939
910
943
923
910
925
935
929
944
935
942
915
941
929
924
911
935
944
931
942
941
946
950
926
928
920
926
932
928
927
919
933
920
935
929
946
925
927
929
923
907
924
926
931
929
934
930
936
932
928
920
920
912
936
936
916
923
936
943
944
930
944
926
919
930
941
933
907
934
944
928
932
926
928
939
901
935
936
913
908
923
923
937
945
923
915
938
926
919
949
935
941
921
936
938
937
925
924
940
934
912
929
934
947
952
918
947
923
946
933
946
936
932
949
934
948
940
942
942
931
955
928
931
920
913
918
933
938
919
934
932
928
939
934
949
925
938
951
946
932
929
940
924
933
936
925
943
919
919
918
921
909
936
920
937
947
940
938
921
940
916
908
939
941
940
920
929
933
933
924
922
927
936
909
937
922
937
925
952
928
917
927
940
915
915
933
941
941
938
920
921
952
948
917
930
938
920
921
926
936
931
922
940
926
917
936
918
945
932
927
938
934
938
920
957
931
932
924
910
935
926
927
936
943
936
928
931
931
939
945
935
925
932
912
925
922
918
930
921
951
919
929
931
929
913
927
911
940
945
917
916
933
932
926
918
916
923
943
953
938
929
940
900
904
934
938
932
928
924
923
945
936
927
893
921
917
936
937
919
920
932
938
934
930
937
933
935
944
926
940
927
920
931
927
934
935
943
937
946
925
932
922
915
946
910
914
931
931
942
950
930
918
938
924
935
952
918
925
942
930
946
936
914
944
935
940
916
935
933
928
929
932
925
929
930
929
957
959
947
931
923
917
934
927
939
940
929
938
950
936
929
916
931
938
935
956
943
909
954
934
953
932
919
925
923
924
922
922
919
927
941
921
923
939
924
939
910
918
930
919
937
941
938
930
933
945
938
938
931
932
922
941
918
936
933
924
938
930
934
918
945
924
927
920
914
930
936
948
961
931
939
910
917
952
941
943
941
945
953
929
927
935
925
924
929
941
936
941
924
942
938
938
909
950
942
947
909
937
918
933
935
941
935
927
944
938
916
925
941
931
922
925
917
908
921
940
935
944
931
957
932
911
942
941
925
943
937
925
929
937
937
921
934
906
942
924
938
952
922
911
926
933
941
930
920
925
942
931
945
922
937
930
938
920
913
918
937
915
934
952
942
942
935
940
934
951
925
938
925
952
940
938
949
947
933
931
933
922
944
935
947
935
936
921
916
926
934
933
914
938
918
945
928
936
938
933
932
909
923
938
931
941
948
917
939
923
928
948
932
943
940
933
916
928
923
931
924
915
923
928
957
942
920
926
917
938
937
940
940
949
952
946
912
927
929
911
924
936
934
951
930
929
904
918
936
934
931
937
951
933
946
917
937
941
915
917
943
924
948
902
946
962
941
940
936
928
944
930
933
935
937
955
936
935
941
922
926
944
951
947
935
915
926
929
931
932
923
929
914
922
972
920
936
948
932
929
930
916
926
934
934
939
922
907
924
934
946
938
939
936
936
928
928
928
933
953
930
934
939
931
938
931
932
924
954
919
943
940
929
914
929
936
934
939
945
942
945
933
927
937
921
918
927
925
940
933
939
943
922
955
943
936
928
924
937
941
945
929
943
930
912
926
927
942
927
931
929
926
941
923
924
928
937
914
943
928
922
916
944
926
922
941
945
927
953
929
925
936
912
894
916
928
937
928
930
937
929
923
926
927
941
933
946
933
908
937
907
931
930
948
947
920
927
947
939
934
934
948
927
951
943
940
934
938
934
928
917
926
940
932
930
911
936
936
930
934
945
939
919
930
937
924
945
920
944
939
918
939
938
950
939
950
909
936
947
933
910
914
950
917
931
915
922
936
925
954
920
944
942
906
930
929
930
936
920
947
934
922
931
959
931
945
923
945
948
918
948
908
932
916
929
922
931
935
938
947
916
941
945
934
948
946
916
932
956
914
927
947
917
900
926
923
933
918
931
933
935
939
926
943
939
942
925
954
907
925
927
931
912
959
934
964
918
916
945
904
920
914
925
944
958
937
932
915
928
906
934
933
908
922
952
938
928
923
953
898
933
900
920
934
913
954
935
910
914
931
929
932
932
920
924
920
945
940
942
945
928
964
946
921
926
934
931
933
928
929
943
957
944
934
933
925
936
927
921
931
932
924
929
922
931
922
942
932
938
949
936
936
921
926
921
943
941
942
928
929
947
926
946
934
914
916
915
912
931
941
929
931
914
921
946
936
937
945
913
935
929
924
931
956
921
938
945
931
926
933
949
923
931
930
919
933
933
935
945
915
934
922
929
931
906
946
921
937
942
936
932
915
928
918
930
938
931
931
930
939
928
946
922
945
911
938
934
921
925
937
929
955
953
945
915
925
952
930
922
932
932
933
935
940
916
915
931
930
917
918
918
932
928
937
932
935
942
937
935
920
944
942
920
921
933
940
932
946
923
944
924
947
937
936
937
929
920
915
929
936
936
923
938
930
936
934
951
959
949
938
952
933
923
941
937
939
926
942
947
934
942
926
950
937
927
934
920
912
922
940
948
921
914
936
930
923
930
917
940
923
926
931
931
945
937
934
940
934
928
932
943
935
948
920
952
925
919
920
926
927
931
929
940
924
936
935
940
950
939
939
967
940
937
929
916
919
926
937
938
942
941
935
938
932
932
933
929
927
919
918
923
936
920
936
938
943
934
916
930
927
948
939
940
923
917
932
922
926
947
921
932
912
923
920
930
917
935
933
935
941
929
928
928
939
929
936
930
925
919
929
925
927
929
925
929
924
946
924
924
914
922
951
927
940
927
928
935
942
933
927
926
939
918
919
921
928
933
908
924
933
921
905
930
934
928
931
946
922
924
924
950
952
936
931
919
939
936
944
959
922
915
917
930
927
946
944
923
926
922
917
922
948
934
942
934
937
940
930
900
929
933
932
929
934
930
932
918
929
931
916
927
936
934
933
938
928
945
928
929
926
931
937
933
916
921
956
928
909
923
940
939
949
935
932
914
915
933
955
939
937
932
927
920
948
938
930
935
920
929
948
927
935
911
942
944
942
947
953
924
942
932
926
901
922
944
943
915
941
926
931
934
916
935
929
926
932
929
946
918
947
934
938
928
944
935
926
928
937
924
922
913
947
913
951
919
922
926
932
930
950
935
949
931
934
932
933
941
928
947
914
947
932
928
938
926
916
935
909
936
932
942
939
934
913
935
938
944
943
942
930
935
940
931
931
952
942
941
932
933
939
908
936
934
939
939
935
933
949
929
925
921
952
939
919
945
925
919
939
939
918
946
935
929
920
925
937
936
943
922
928
936
944
945
942
922
926
929
958
922
941
946
908
923
936
927
935
931
940
935
933
938
934
948
938
946
935
927
937
933
921
944
917
951
942
949
940
940
920
943
937
920
919
909
930
932
900
933
929
931
946
933
920
940
934
929
925
915
939
920
927
918
935
940
953
933
921
923
921
952
934
944
923
939
952
939
951
932
927
944
939
926
930
941
941
932
933
929
933
921
939
925
929
926
934
930
926
924
938
946
937
933
925
936
919
949
942
938
951
955
949
940
921
911
930
927
941
929
945
951
943
944
944
927
937
938
916
951
935
941
937
935
922
925
940
940
916
915
936
945
926
942
916
923
929
938
903
932
931
938
950
941
917
935
920
929
937
922
936
911
931
928
917
928
938
942
953
947
943
926
932
928
930
941
939
919
942
924
925
950
934
920
923
932
918
921
904
936
955
931
960
932
931
956
943
926
912
908
944
921
920
923
913
930
929
942
932
942
930
936
949
946
930
954
953
920
932
936
944
948
925
941
945
942
926
930
915
947
933
932
926
946
924
928
950
924
913
939
923
927
929
941
916
920
921
931
915
926
905
928
953
945
940
946
930
933
933
944
946
916
921
917
929
931
922
925
929
949
935
931
936
929
925
913
919
942
948
944
905
927
926
934
925
921
903
911
921
927
929
934
924
953
918
941
938
921
923
924
939
929
938
915
938
934
931
916
925
936
920
944
931
930
933
933
934
927
945
957
939
935
940
917
939
949
927
943
929
924
919
923
947
930
946
952
916
929
923
926
947
933
933
908
929
927
932
923
934
899
923
943
942
937
936
910
912
928
925
928
911
917
953
935
920
927
941
933
925
926
947
952
920
911
928
941
931
942
939
925
942
929
937
932
942
922
927
932
926
930
930
930
921
936
927
935
936
943
934
923
933
932
930
936
926
934
935
929
921
943
941
933
943
941
939
929
912
940
947
930
925
925
920
929
945
918
936
934
917
932
937
920
928
941
935
962
925
938
928
932
937
939
927
931
932
930
919
940
931
941
928
944
936
941
946
935
930
940
937
928
918
921
930
925
940
910
936
919
920
948
943
922
944
953
938
959
910
923
911
934
929
924
901
931
943
934
931
920
942
916
933
912
926
924
942
936
923
937
951
924
943
934
928
943
919
918
937
917
927
931
953
938
933
923
924
921
956
926
918
934
938
936
931
947
944
926
933
936
927
937
937
926
940
935
934
948
930
944
926
925
935
942
930
926
928
927
953
939
937
939
922
926
933
927
923
939
944
944
937
925
922
937
937
932
939
930
942
933
931
949
942
944
931
927
949
930
936
952
922
919
942
957
914
929
898
929
939
926
920
940
923
934
956
927
913
942
934
903
942
932
939
944
929
939
945
909
919
940
932
927
930
947
907
933
943
927
977
