1065
922
925
935
948
937
942
941
948
934
922
946
941
936
935
926
940
929
924
936
940
908
927
916
940
950
952
936
924
920
934
940
931
929
949
964
934
926
928
933
933
943
961
934
939
926
926
927
940
936
942
914
950
928
931
930
928
926
930
950
931
935
949
912
925
939
940
929
934
922
945
923
923
935
922
910
932
923
933
940
926
931
932
927
912
950
940
929
946
936
945
946
950
942
923
916
941
921
937
926
921
926
928
924
926
940
939
938
931
926
933
929
932
933
942
935
927
929
933
908
936
923
923
918
922
927
933
957
927
933
929
935
932
941
932
935
936
924
951
932
930
931
934
921
923
947
926
923
927
916
924
941
912
921
915
935
918
939
934
948
932
925
937
933
938
946
954
945
936
934
927
948
931
943
931
934
939
928
920
917
918
926
930
921
929
930
926
940
941
931
916
927
936
941
932
945
932
934
934
924
939
916
932
946
930
907
936
941
932
947
945
920
935
952
933
920
940
924
945
925
937
922
940
941
932
940
924
943
949
922
923
938
955
945
938
924
933
918
923
944
930
933
924
927
934
921
928
935
913
944
915
933
931
928
919
931
944
953
934
940
930
927
937
943
935
930
914
924
950
949
947
934
931
922
936
928
913
924
932
908
914
940
954
930
936
912
920
928
938
932
918
916
908
943
943
942
941
940
937
938
943
922
937
933
943
947
941
937
922
925
913
928
916
942
946
928
960
940
934
940
918
932
931
938
948
964
931
935
943
941
928
931
932
923
930
930
968
959
914
936
938
946
919
924
947
929
928
940
932
930
933
948
920
961
939
940
929
933
922
935
931
933
947
944
913
931
931
935
945
926
951
912
932
922
916
919
928
917
941
919
923
937
940
927
942
924
934
915
940
932
949
921
942
920
946
939
931
938
940
936
934
934
922
946
926
939
923
934
907
939
942
934
924
910
943
935
927
940
954
927
941
918
921
921
945
940
935
934
950
930
930
931
944
930
916
937
925
920
931
925
931
949
932
931
931
917
935
925
909
940
928
911
921
928
956
935
962
934
929
916
927
926
946
927
929
926
940
935
935
916
931
925
945
924
907
913
947
953
929
955
946
947
933
939
926
941
940
917
941
939
944
938
931
910
934
928
927
926
938
936
928
904
920
939
932
944
919
941
937
918
927
928
937
930
931
934
945
938
927
920
913
939
924
938
939
937
932
935
938
949
928
938
941
938
946
926
925
925
922
944
931
952
945
933
952
917
936
915
939
933
950
925
934
933
922
948
928
952
940
907
913
917
925
942
944
938
932
937
932
932
920
934
938
930
931
923
934
942
933
915
950
932
934
944
961
940
941
922
929
956
950
924
936
931
926
903
931
950
937
944
932
961
926
935
944
934
943
932
932
937
927
926
930
929
906
942
939
920
949
939
934
939
934
942
953
925
924
925
924
941
914
932
932
946
921
950
929
945
918
931
942
926
925
936
943
947
932
923
914
939
915
953
929
920
928
923
914
945
942
933
922
940
931
935
922
932
947
919
957
935
910
918
955
938
950
941
914
949
940
925
944
941
921
932
925
928
949
922
916
933
944
925
947
921
941
941
939
942
913
916
944
950
931
954
945
938
946
929
924
955
946
932
934
926
946
953
938
937
940
941
946
939
932
937
936
926
928
926
955
936
924
940
939
934
947
931
936
926
939
941
935
931
929
926
952
924
931
928
931
933
934
955
932
952
944
936
913
933
957
924
922
937
946
930
957
935
936
939
905
935
953
920
941
924
921
907
908
925
927
921
919
929
939
945
945
961
939
947
924
933
924
929
913
900
936
911
939
934
944
908
939
958
943
925
941
937
920
943
939
940
938
911
926
931
941
935
927
914
924
922
923
928
927
954
922
944
949
921
917
918
933
943
918
922
930
931
936
923
916
922
937
947
924
952
941
923
948
921
939
946
940
923
941
933
945
935
933
941
941
925
936
938
937
942
928
942
919
920
934
945
922
919
937
945
933
932
931
924
916
924
928
928
934
920
928
928
926
931
928
940
910
942
935
909
936
940
949
920
928
925
930
950
934
925
937
938
949
928
925
938
942
914
949
924
943
939
933
949
935
936
939
934
926
958
935
923
919
939
948
942
927
923
940
939
942
942
935
941
921
920
919
944
935
939
917
926
933
939
937
944
941
944
930
923
943
933
935
951
919
921
919
936
914
914
922
925
907
929
941
932
905
932
922
925
937
942
929
953
943
934
931
926
941
931
962
957
937
920
934
947
918
938
915
944
941
931
936
935
942
946
944
939
934
928
937
936
940
938
931
939
915
946
929
954
908
918
933
946
924
922
921
928
943
946
933
928
904
939
917
928
928
915
936
940
935
913
939
924
939
937
942
929
914
929
935
929
937
929
929
923
933
931
935
940
930
922
938
943
939
919
924
912
939
944
945
961
943
938
911
933
925
945
925
916
922
928
945
938
938
928
925
923
940
916
936
932
949
942
913
928
930
928
944
924
929
940
929
928
937
928
939
940
936
912
929
924
932
919
945
939
927
924
933
950
913
926
922
932
913
931
924
909
925
950
924
931
938
926
934
909
929
936
946
950
913
950
954
927
941
941
926
919
911
917
927
936
931
927
956
937
916
948
930
939
949
934
936
938
931
931
926
928
954
942
927
922
944
935
934
941
913
931
927
914
946
923
921
930
947
937
931
934
919
924
915
929
928
932
926
922
911
929
935
928
929
917
922
936
935
931
931
949
934
917
939
905
940
954
954
936
928
938
933
923
933
934
943
940
934
913
928
939
922
923
936
928
938
948
919
924
940
946
955
940
923
934
933
916
930
918
933
940
923
929
942
902
937
925
948
940
932
918
936
937
949
935
929
942
924
917
935
927
924
932
962
929
911
930
941
929
915
934
909
923
945
948
916
943
939
931
933
950
937
947
944
935
931
952
929
941
940
923
925
923
919
939
945
940
930
928
930
918
952
948
925
940
938
938
918
928
947
942
938
909
952
938
941
943
935
928
939
922
924
955
934
930
936
926
928
931
924
904
923
924
928
906
948
923
932
921
940
924
949
931
922
931
919
950
957
925
940
923
921
917
951
944
922
912
939
929
957
939
946
927
933
940
920
945
915
932
921
914
915
937
945
956
933
943
933
948
944
946
948
932
931
941
919
945
935
938
942
920
947
941
936
946
932
929
920
940
927
936
935
946
920
933
944
934
934
920
930
942
927
945
913
935
938
930
927
938
906
924
929
940
925
939
956
942
926
924
940
929
942
937
945
940
922
933
913
926
922
920
923
930
926
940
931
946
921
928
906
922
948
931
951
949
937
934
931
930
924
926
936
915
923
907
931
931
925
937
921
931
932
930
932
941
918
918
939
931
930
930
934
940
932
945
933
932
925
907
908
939
929
932
942
941
929
920
928
910
927
950
937
920
953
930
932
912
935
947
926
925
927
941
935
927
926
943
932
901
932
911
919
928
921
918
943
922
933
949
922
916
938
934
917
912
920
927
923
954
926
932
946
925
920
915
928
918
931
950
951
921
909
932
929
947
936
928
933
943
918
937
942
952
929
919
925
946
939
945
920
923
922
932
924
924
962
944
931
937
927
916
913
931
918
917
921
960
935
929
944
952
913
912
920
937
929
929
926
923
947
944
913
943
931
926
917
935
925
912
945
947
924
941
937
934
939
941
945
933
920
922
927
936
928
938
935
948
927
925
918
924
941
929
935
921
947
937
937
931
940
926
918
944
928
926
930
938
933
928
925
942
909
908
930
948
940
940
931
933
936
921
945
915
927
928
937
944
927
915
930
950
930
925
934
943
936
952
927
935
943
930
925
917
927
932
940
945
937
943
938
917
936
950
916
917
931
934
927
915
935
929
926
933
935
922
933
916
936
934
933
920
919
926
935
928
911
925
944
942
939
927
932
928
934
932
942
941
930
932
921
908
926
929
914
937
928
932
923
946
933
945
944
923
923
921
926
938
939
914
928
904
925
942
921
932
916
935
939
930
922
935
939
930
948
933
933
949
937
925
930
914
932
932
943
932
917
929
936
943
909
919
909
943
947
917
917
934
926
936
942
926
910
934
923
926
942
952
923
952
938
904
918
942
941
917
932
930
917
934
945
927
938
935
939
916
932
925
913
939
938
942
923
932
940
943
928
928
939
940
932
942
921
935
939
929
925
944
949
936
924
916
939
930
943
930
935
939
925
927
933
941
941
914
915
915
943
931
938
947
926
932
932
930
926
952
925
930
932
935
923
921
931
924
931
932
931
931
920
915
933
923
914
916
931
932
927
941
916
948
910
944
932
915
955
939
936
946
931
947
920
935
928
932
915
938
942
927
933
935
928
931
930
933
938
943
918
938
941
935
938
932
946
948
952
923
931
945
909
914
937
928
940
922
935
931
921
905
936
922
920
932
936
915
914
917
924
928
933
937
924
919
952
947
936
950
934
958
928
943
911
925
936
915
913
941
932
934
963
947
931
915
940
924
916
942
940
925
926
938
922
923
902
926
931
935
921
918
924
932
956
922
921
932
926
926
945
935
931
935
930
943
929
941
933
921
922
928
916
925
935
937
916
930
945
937
936
930
928
921
935
929
936
946
941
926
942
927
945
940
947
920
931
930
937
927
944
911
920
948
915
937
911
943
933
939
935
930
919
929
935
940
945
923
931
920
928
944
932
919
918
939
923
948
935
927
924
946
931
928
935
931
950
939
928
932
927
925
925
946
941
935
960
928
929
949
926
923
927
935
924
930
938
943
929
909
922
921
937
935
920
949
945
925
932
933
932
947
936
945
916
906
933
929
931
922
946
910
922
911
931
954
919
928
920
933
931
942
941
927
941
935
937
932
923
934
936
942
922
951
935
939
919
929
935
930
940
946
938
912
918
915
934
924
922
932
950
945
920
937
937
914
949
940
906
923
935
888
919
949
939
945
921
929
950
922
917
928
933
919
932
936
924
924
944
920
931
945
942
927
947
950
917
936
948
937
950
928
933
920
942
939
943
937
930
942
943
927
935
929
932
935
930
955
924
940
953
927
925
943
936
912
934
954
937
943
947
920
915
908
926
931
924
940
947
922
923
935
929
927
922
935
939
931
945
948
944
911
937
926
927
924
951
931
943
933
924
929
919
949
940
931
939
932
924
925
933
922
929
922
939
945
938
945
935
955
941
954
943
930
913
956
931
922
915
923
925
930
941
943
955
932
922
928
914
921
911
934
929
919
939
937
937
921
919
918
948
950
945
949
929
926
915
925
924
919
923
934
919
941
932
910
929
943
935
941
929
939
939
936
908
947
942
948
928
942
961
938
929
938
938
924
933
946
946
942
932
925
929
914
903
933
947
928
913
927
925
934
959
920
932
945
938
937
921
935
932
949
948
935
920
914
937
928
935
941
924
914
919
934
934
938
931
907
926
944
949
929
924
933
941
927
928
924
925
924
935
934
916
939
942
925
955
938
953
935
925
943
940
925
920
928
940
940
924
928
929
908
935
921
941
947
936
915
923
926
938
933
930
909
945
928
921
921
944
937
933
929
944
928
938
932
912
933
910
919
928
949
928
929
941
942
931
914
930
950
924
940
938
952
944
927
943
926
933
907
955
926
930
928
917
932
939
916
914
932
941
937
938
940
928
929
953
923
937
928
943
927
942
924
917
923
940
936
942
930
925
927
933
922
977
