1065
919
919
935
927
941
920
914
926
939
934
918
935
929
941
939
947
934
911
934
939
925
924
959
922
939
943
930
926
928
946
935
932
924
947
930
946
930
945
931
950
932
932
939
934
922
947
912
927
937
945
940
918
956
943
939
939
933
915
924
940
957
926
923
923
935
923
909
931
933
929
927
910
929
932
936
932
942
955
929
928
941
949
941
950
938
933
946
915
945
938
922
942
931
927
936
919
939
920
941
909
938
941
928
928
914
933
920
944
926
928
916
933
947
939
934
920
932
939
940
920
927
936
917
947
909
937
940
934
941
942
934
938
904
912
935
928
931
925
934
924
934
922
937
941
927
929
943
935
941
930
925
934
942
915
930
940
921
941
924
935
943
930
925
938
934
942
934
908
941
920
955
920
949
935
931
933
934
941
937
933
920
930
927
922
932
935
920
939
916
935
932
933
923
930
942
950
925
905
930
903
913
929
941
940
934
940
919
918
921
944
934
941
941
938
938
936
935
921
921
906
921
924
935
939
932
955
941
935
938
916
925
939
923
925
932
935
926
929
943
936
932
934
934
937
960
925
924
927
935
941
949
921
925
944
911
915
920
923
920
941
935
934
929
930
955
942
957
932
938
923
915
935
924
927
930
927
921
927
936
936
916
928
919
922
922
933
951
932
932
925
931
930
919
938
939
962
929
935
944
940
941
942
944
923
947
930
944
936
924
939
954
927
930
912
900
948
936
935
946
924
928
925
929
932
938
958
931
948
925
950
928
916
943
919
923
926
924
947
932
924
933
945
949
927
937
940
943
938
930
945
937
923
923
921
949
937
914
930
929
949
924
923
940
932
945
926
938
938
953
922
935
923
932
932
931
934
938
925
929
932
924
915
942
926
911
930
945
936
912
907
924
934
940
935
919
929
902
945
946
959
935
939
934
942
919
926
943
951
938
937
926
940
927
920
938
940
941
928
930
937
950
926
939
935
937
927
915
918
946
935
909
918
928
920
927
921
952
931
934
929
931
927
959
939
933
938
929
927
936
935
948
929
930
950
934
927
948
933
943
932
922
924
915
919
930
929
924
921
930
907
926
937
936
914
934
940
935
929
936
923
923
948
923
937
932
940
931
930
952
921
938
915
949
923
911
940
930
923
932
937
937
942
922
933
929
941
931
926
957
948
939
920
922
941
926
939
909
930
939
935
947
929
935
936
940
938
918
921
938
948
946
950
939
926
939
924
939
946
920
915
934
917
946
923
930
949
920
921
909
933
919
935
941
940
944
938
916
949
923
940
934
938
930
917
946
925
930
929
924
925
949
947
942
922
929
927
933
933
925
932
938
917
930
931
943
920
928
924
935
938
935
931
947
925
906
925
936
911
939
911
924
928
929
929
938
929
924
934
920
934
944
923
927
925
933
936
916
933
926
940
944
926
913
954
926
951
943
928
935
917
910
916
950
923
922
930
915
919
936
919
923
935
936
897
923
926
940
924
919
955
916
942
930
928
951
941
921
927
931
920
938
927
951
939
936
916
935
952
911
922
919
925
930
948
936
930
921
943
945
935
949
928
928
932
932
932
935
906
932
927
960
941
924
925
940
928
909
928
927
922
933
942
939
918
940
922
925
945
938
945
929
916
935
922
937
941
934
940
940
917
931
933
922
944
930
915
920
936
929
943
928
926
922
926
941
920
919
906
924
939
933
932
945
947
925
926
932
924
931
951
929
921
912
962
936
935
945
931
933
950
931
950
912
912
945
933
926
930
935
935
936
935
942
921
947
948
938
932
929
930
948
936
911
941
922
945
932
916
955
934
943
941
929
943
945
930
936
937
918
939
943
917
933
936
930
918
902
939
938
930
931
934
931
928
909
929
924
931
935
918
937
932
943
940
937
938
923
945
932
949
931
923
925
936
930
926
918
952
937
941
915
927
933
941
913
949
934
931
917
935
931
944
920
930
928
944
913
927
941
928
914
935
940
941
932
930
927
923
946
934
923
919
926
909
903
923
923
931
924
920
946
942
938
932
929
932
932
928
935
936
933
919
931
953
936
932
937
933
921
935
943
944
936
933
934
935
947
927
925
935
939
925
940
926
935
933
925
948
936
939
919
919
928
926
946
929
912
938
927
937
924
929
934
945
912
950
919
956
954
927
924
932
935
917
924
945
938
918
921
928
931
947
924
937
940
936
932
924
909
932
916
924
925
938
961
911
923
938
921
920
918
905
949
936
950
939
920
931
917
923
935
933
937
917
924
932
943
928
929
936
931
944
952
955
932
935
925
920
921
949
937
916
929
930
915
927
924
940
927
928
914
928
921
937
927
930
932
919
929
925
935
937
915
926
942
935
927
926
918
950
941
927
918
941
947
949
950
949
940
923
939
925
933
919
925
926
931
958
945
934
939
947
927
921
930
927
946
938
938
944
930
944
922
930
905
930
926
928
921
931
934
924
910
927
949
936
933
936
935
942
961
940
933
953
936
930
924
934
941
938
929
956
935
933
934
934
929
933
917
929
944
916
923
945
951
918
915
919
947
918
912
940
926
934
928
928
936
928
922
947
938
927
925
923
936
932
933
935
914
927
934
952
928
934
916
933
927
928
929
927
926
929
944
934
932
934
939
931
931
938
937
932
938
931
944
964
951
939
929
946
930
911
942
921
938
965
938
957
943
910
909
930
937
928
942
939
935
920
954
917
930
936
929
924
931
904
905
916
929
919
932
929
949
923
936
923
916
930
933
947
955
937
934
928
932
932
944
936
929
933
948
934
942
935
916
913
931
932
953
945
926
930
929
944
924
940
931
923
928
942
944
927
932
948
939
944
923
935
947
927
945
924
931
930
932
933
942
952
923
907
940
941
913
931
922
936
929
936
940
922
939
932
923
938
940
933
927
935
922
945
936
928
941
939
940
930
923
936
929
930
924
940
929
926
934
940
941
931
933
935
929
931
922
925
935
937
946
939
923
931
941
944
942
931
928
926
939
937
940
948
949
935
940
941
936
942
938
924
924
916
932
940
942
948
939
934
926
940
945
944
927
933
937
918
945
916
934
937
935
921
932
950
948
947
932
925
957
927
921
915
932
930
948
933
932
918
921
938
943
938
919
928
922
928
917
933
948
908
921
925
949
940
916
941
940
932
938
933
938
932
950
924
936
930
942
933
948
943
915
952
945
934
917
936
933
925
936
930
931
942
923
934
929
949
934
943
916
932
928
935
948
940
937
922
934
908
922
934
922
930
934
929
928
904
942
942
920
930
931
931
907
939
921
941
938
943
922
926
924
926
925
940
920
938
944
921
929
937
937
943
931
930
922
896
923
937
939
938
930
940
921
936
919
931
914
926
916
944
930
936
908
939
937
944
953
918
941
926
946
931
922
933
937
929
950
945
950
930
933
927
930
926
912
922
932
933
916
920
923
922
935
940
937
943
925
934
931
931
928
944
956
941
918
941
921
920
929
928
903
930
919
941
939
901
927
924
939
929
921
940
947
935
938
929
946
933
937
923
930
920
935
951
935
942
925
917
930
952
931
918
963
938
946
972
942
935
910
937
933
917
916
899
938
933
946
954
931
924
917
929
947
929
946
942
930
930
912
934
939
917
905
918
940
933
943
927
912
930
940
933
927
927
929
933
942
921
924
924
946
934
947
939
913
935
925
926
944
926
931
912
931
921
923
923
914
932
947
923
934
906
924
934
929
934
927
947
941
938
940
920
948
940
928
925
932
925
948
953
907
918
939
931
920
930
941
941
945
935
933
932
944
922
919
950
906
922
933
948
927
933
941
920
919
938
948
948
940
932
931
948
931
918
935
939
917
933
926
906
932
942
934
936
944
933
929
940
915
933
931
935
927
926
937
948
932
929
927
925
915
922
929
915
923
928
925
930
931
923
935
922
926
943
937
935
945
911
952
946
932
932
927
923
942
947
935
923
934
952
939
940
896
945
926
921
946
926
931
936
945
915
925
930
923
930
930
933
936
940
935
932
928
932
925
933
931
927
936
923
935
920
930
915
945
942
933
924
945
916
935
933
944
953
919
939
930
934
919
934
960
934
929
931
941
902
942
944
938
943
936
945
943
936
929
936
944
945
934
942
936
939
945
930
949
929
913
913
923
928
946
912
945
928
937
929
902
926
951
930
938
936
936
937
927
928
929
912
942
932
923
925
951
949
930
946
927
939
929
946
941
941
926
942
914
938
926
926
935
924
927
933
935
932
937
942
936
938
918
918
941
918
927
929
945
929
931
922
943
934
909
916
927
944
934
926
939
925
944
934
932
932
936
935
923
940
944
953
916
940
914
912
907
928
920
942
942
915
943
938
928
946
945
936
945
926
948
936
928
940
950
921
930
929
936
923
930
934
930
953
934
952
923
938
934
924
926
940
942
926
940
948
942
926
941
947
912
937
932
957
939
928
916
926
939
931
937
922
908
910
946
922
943
932
904
927
938
908
914
937
947
928
936
945
935
928
927
933
949
931
914
929
936
953
927
923
938
928
945
941
920
928
935
929
950
933
938
915
945
938
936
950
939
937
928
932
934
945
944
937
938
926
940
921
926
924
941
941
938
931
936
950
935
936
941
928
934
935
923
932
929
945
944
933
934
937
903
920
931
927
931
931
920
922
926
950
926
923
937
926
926
928
923
926
911
909
919
915
929
927
936
938
930
944
940
934
933
922
916
921
924
955
927
925
931
925
919
914
940
926
929
938
937
927
935
947
932
927
931
916
935
941
919
935
939
943
950
932
936
937
951
922
943
952
941
907
940
912
916
925
924
940
936
939
928
930
941
928
943
930
939
926
944
925
932
944
923
935
949
924
926
927
936
933
930
955
916
914
928
946
921
919
924
933
940
963
927
920
936
920
938
945
924
931
932
930
918
937
937
931
955
936
944
953
945
924
921
926
924
924
943
926
926
920
924
939
915
926
917
921
942
939
925
911
923
902
938
936
924
952
931
922
954
937
940
953
906
939
914
921
927
912
933
939
938
940
927
943
929
940
937
945
937
924
918
929
937
911
926
936
923
939
923
947
926
923
913
961
915
919
924
924
922
928
940
928
931
960
936
943
922
940
922
916
917
931
947
935
932
939
933
928
950
940
939
935
947
930
933
935
914
930
946
956
931
927
924
917
922
944
937
937
930
931
930
936
924
931
941
939
920
926
950
936
917
924
929
915
939
931
925
936
932
930
928
939
936
920
959
936
918
930
954
926
938
936
955
942
928
959
950
928
923
933
930
936
933
952
914
935
924
932
954
948
949
916
941
911
939
915
937
942
938
926
932
958
969
931
929
941
928
925
926
940
940
942
936
926
926
929
942
946
906
935
941
928
950
936
928
929
923
926
930
934
943
940
937
952
928
934
962
931
933
935
929
930
949
929
937
929
930
919
935
935
923
921
916
940
928
915
926
937
931
918
928
930
926
940
925
926
944
909
943
922
928
916
930
919
917
919
951
943
910
942
929
924
946
940
936
931
925
921
930
934
935
923
952
935
932
919
936
933
951
950
925
926
918
934
945
939
936
922
929
930
922
926
934
930
942
931
910
920
935
936
932
936
950
952
944
935
943
940
927
936
937
905
947
922
928
909
927
931
932
944
919
912
930
928
940
947
923
934
913
925
924
932
933
952
924
926
934
916
936
941
950
931
940
918
924
959
935
922
932
916
932
944
922
933
920
932
942
978
