1065
918
947
932
946
926
937
912
924
928
925
925
934
925
931
932
930
934
927
915
915
931
933
932
938
915
932
929
910
937
936
933
933
933
928
924
929
956
928
931
928
922
923
939
932
932
948
933
938
930
924
941
925
934
926
930
941
925
926
935
934
925
942
946
930
944
957
944
913
915
915
923
935
933
924
943
942
956
915
934
928
932
921
937
920
938
942
928
927
935
916
927
918
916
911
934
901
925
916
943
915
938
934
945
924
920
937
930
911
935
924
943
938
927
933
950
935
934
924
928
924
926
929
922
906
936
936
943
918
929
929
917
944
924
922
929
939
945
929
936
925
936
918
931
933
927
931
952
932
936
934
940
943
928
937
924
925
930
932
939
938
916
917
930
940
936
943
955
925
925
918
929
895
927
926
933
950
929
927
934
933
929
930
929
921
931
908
932
936
931
936
903
933
919
933
926
924
906
922
942
937
917
926
947
934
924
941
917
953
929
916
914
926
923
926
925
931
939
935
947
928
945
931
932
929
933
942
930
924
947
935
933
944
934
921
919
929
911
931
941
945
937
921
938
943
915
904
933
928
923
925
928
944
947
919
929
943
940
922
931
951
939
930
925
926
932
945
951
912
925
937
920
910
939
942
932
938
906
930
940
920
922
940
930
935
929
930
933
923
923
936
917
953
945
923
954
933
931
922
942
911
945
937
921
919
931
930
936
914
933
948
938
924
931
920
941
949
929
942
942
940
943
954
931
933
921
931
931
938
938
926
934
942
926
955
948
915
942
973
936
938
951
938
906
944
934
933
930
934
928
924
935
931
919
934
938
918
937
915
933
924
928
944
920
907
938
939
924
922
914
916
930
911
930
951
930
931
932
944
947
922
934
938
925
930
953
923
942
925
931
937
932
920
932
950
932
911
897
929
928
924
935
940
939
933
951
943
939
936
937
924
940
915
939
912
925
934
926
937
934
939
930
911
906
925
943
939
952
958
941
940
904
918
921
926
931
945
930
922
930
920
919
931
936
946
938
927
945
947
941
938
946
924
930
922
929
940
920
925
940
915
944
927
943
902
917
935
924
932
930
930
922
945
928
940
925
932
942
928
903
944
924
929
914
915
951
919
940
942
935
956
925
918
934
928
946
924
930
932
931
933
913
945
930
909
935
930
933
939
923
929
922
938
935
931
917
943
922
931
936
970
929
941
959
951
909
918
946
936
924
924
938
947
919
917
906
921
919
924
939
928
919
940
926
941
943
930
952
923
907
924
937
943
948
935
933
924
940
928
914
929
916
945
921
930
933
931
944
933
939
918
937
945
915
937
929
924
936
941
941
932
928
919
932
936
917
909
930
930
938
954
941
937
944
933
933
933
932
943
931
915
933
944
932
936
934
933
939
947
924
908
923
926
937
932
916
930
943
946
931
936
929
943
960
946
936
927
939
922
941
947
947
937
931
951
957
920
926
935
941
917
945
928
935
934
926
935
920
939
956
921
954
934
951
944
916
928
942
939
938
917
932
945
932
944
921
932
934
929
934
915
932
931
930
919
927
928
940
934
937
924
911
935
937
922
944
940
929
920
939
943
937
941
924
930
932
933
924
949
926
935
933
942
922
942
928
933
920
928
939
930
928
928
940
928
937
915
930
949
925
933
942
936
964
950
934
926
935
925
933
929
932
952
929
941
945
933
947
937
930
925
936
931
926
934
944
957
951
940
919
942
943
951
923
928
943
932
915
936
929
933
937
948
921
953
934
912
937
928
920
926
922
926
913
935
928
945
955
929
943
958
946
954
938
955
946
927
924
922
935
949
915
921
938
929
941
930
944
939
939
930
930
923
953
933
922
938
903
918
913
927
936
929
936
940
924
937
926
921
920
941
949
939
925
921
943
929
929
944
939
942
914
947
938
924
925
949
940
927
950
936
923
934
959
936
955
921
929
941
901
916
907
940
943
951
935
931
918
932
936
948
940
936
931
917
937
936
935
948
929
928
938
926
962
942
951
936
926
932
935
936
943
920
941
949
911
941
936
932
920
926
931
940
923
932
942
934
921
952
946
929
950
937
937
929
948
930
926
947
923
933
918
943
935
928
943
928
938
936
950
932
925
907
942
935
938
923
934
940
955
908
938
945
940
925
936
937
946
926
915
946
924
931
927
944
903
924
930
927
926
937
918
915
953
931
947
943
922
944
917
918
922
940
933
948
942
924
919
947
920
926
916
923
925
920
920
915
925
932
929
945
943
922
946
944
936
939
930
936
916
937
935
951
940
924
915
940
927
920
939
949
927
940
940
927
933
935
929
934
945
923
935
940
929
939
956
945
916
929
936
953
947
916
917
935
939
949
945
959
930
960
925
910
929
911
908
927
934
921
932
934
930
928
943
941
928
933
919
941
940
935
928
940
934
948
929
934
941
936
925
933
920
916
950
944
933
929
932
940
919
952
931
930
949
941
941
932
938
917
887
949
947
942
923
931
934
923
923
952
919
938
923
931
937
917
929
934
944
956
941
947
929
933
934
918
947
932
940
927
908
918
925
958
926
940
933
928
937
933
933
916
918
947
931
939
911
944
925
925
931
933
937
951
932
921
950
924
929
932
920
941
932
948
919
931
930
938
928
913
930
916
944
928
920
927
934
939
916
931
930
938
928
916
928
922
957
945
925
948
941
933
924
926
931
935
923
948
927
941
934
932
935
947
932
908
915
933
937
935
929
922
918
923
948
932
926
917
931
928
938
939
954
935
938
932
941
936
933
938
926
943
933
927
930
933
951
946
940
939
950
932
925
930
947
939
943
940
934
917
939
929
926
938
922
941
940
950
946
928
915
915
945
936
924
918
924
942
927
924
937
931
937
938
927
928
929
950
939
944
942
934
940
923
926
941
943
940
950
936
931
922
928
948
921
932
927
921
940
935
937
930
951
931
912
942
918
918
930
937
911
926
931
917
940
950
927
912
932
941
946
967
920
906
910
953
922
927
936
937
935
917
926
916
941
935
935
936
934
941
923
942
925
921
928
907
933
918
934
923
938
931
951
941
930
932
928
945
942
942
922
916
907
928
938
933
940
919
932
939
912
940
935
956
938
937
920
921
916
942
928
939
941
927
919
923
921
919
934
931
930
923
931
922
927
934
927
924
938
914
926
938
930
926
945
934
922
939
943
926
938
947
928
931
944
964
940
938
931
939
945
933
923
928
933
937
932
928
948
928
932
938
938
912
936
935
929
925
930
938
924
927
933
950
946
944
945
934
917
927
954
933
934
932
921
950
930
945
937
939
916
930
940
936
937
931
950
948
913
933
939
949
930
896
955
937
924
941
919
942
915
922
934
925
922
944
937
908
927
912
938
932
916
951
955
927
923
922
919
945
947
937
914
931
935
951
948
927
933
923
940
924
934
930
941
925
929
922
937
957
934
954
922
921
921
927
920
925
937
931
922
923
919
937
926
925
921
909
937
940
936
917
937
928
929
920
948
952
933
925
919
930
951
919
924
933
903
927
919
937
939
938
955
943
941
933
926
935
938
925
902
925
929
932
943
940
936
922
943
918
938
932
952
950
935
923
942
914
944
938
924
933
935
954
937
919
936
932
912
929
931
926
921
941
946
944
938
947
937
919
936
936
936
926
917
916
950
925
939
916
945
927
926
939
940
940
950
943
923
950
921
941
914
925
938
910
941
937
938
934
918
928
928
931
935
927
934
937
934
930
920
903
926
935
931
944
936
923
942
927
948
925
931
931
912
938
915
905
937
940
930
928
937
924
931
944
940
918
941
935
932
924
956
951
943
929
928
947
929
927
938
935
941
940
929
915
936
943
934
945
944
927
944
916
921
933
921
942
930
914
920
928
943
927
931
915
936
922
934
930
939
933
946
924
942
925
931
940
914
938
945
934
941
930
918
933
915
950
934
940
934
925
946
921
933
929
923
917
943
918
940
929
920
944
945
945
958
939
932
929
926
936
909
930
922
925
943
926
919
930
955
950
922
938
934
932
949
919
920
926
941
933
954
946
940
930
924
935
935
947
928
949
920
939
937
910
935
949
947
929
945
941
953
953
948
933
930
921
941
924
930
941
922
900
938
927
914
922
947
943
927
920
923
927
921
931
933
925
932
937
940
951
928
906
940
931
909
931
917
931
939
937
939
937
953
930
923
938
935
945
931
929
933
933
944
941
939
934
926
942
938
937
922
931
946
922
935
924
931
941
938
911
912
931
927
923
922
924
926
929
933
907
913
941
937
926
935
926
914
919
933
934
910
938
932
941
936
932
917
935
943
937
943
928
944
939
923
926
930
929
936
920
910
924
941
930
933
952
921
915
931
923
913
921
918
917
910
939
952
940
930
921
939
958
941
924
918
935
940
910
933
941
932
939
923
934
923
955
922
911
925
946
949
931
935
924
920
927
933
923
920
931
918
929
918
931
926
945
933
949
905
924
936
949
945
936
937
930
915
913
928
935
911
934
936
931
939
947
930
941
921
936
929
942
925
935
932
934
939
930
932
933
964
943
924
942
938
943
936
948
933
922
923
937
932
932
937
938
937
927
928
924
928
930
927
942
940
924
923
935
954
943
930
931
945
946
929
948
943
916
945
925
939
946
925
936
925
928
945
940
935
938
922
924
928
928
934
947
940
922
903
928
954
932
935
944
938
934
933
926
938
944
924
920
928
938
927
929
913
931
924
932
939
936
940
903
938
937
938
909
918
949
907
942
927
934
921
945
924
937
911
924
914
951
954
925
917
946
943
937
961
933
923
954
941
927
929
936
927
920
943
934
951
935
911
939
942
943
932
925
936
929
936
925
925
935
958
931
913
936
920
937
927
931
945
931
926
932
934
945
938
924
946
933
935
954
946
925
939
920
942
934
935
924
934
926
901
925
933
921
933
946
942
943
950
934
939
926
930
932
929
947
934
918
922
917
936
937
925
931
940
929
904
928
929
930
931
924
940
918
947
942
938
935
923
936
910
900
948
932
931
944
953
939
935
914
933
931
917
938
940
941
928
914
926
911
918
905
959
932
930
937
945
952
922
932
934
927
936
942
943
942
952
923
922
906
924
929
940
938
930
911
935
922
926
933
951
931
919
917
926
901
924
908
924
929
920
920
931
939
937
937
948
933
922
941
943
927
927
942
913
928
933
906
925
960
938
910
931
948
936
931
932
916
921
926
943
933
923
919
940
943
928
928
938
953
947
948
938
934
937
937
937
937
953
950
928
944
932
930
936
922
936
943
942
935
931
925
927
928
934
916
924
943
920
957
924
940
943
951
923
938
923
941
929
927
941
947
935
926
924
923
947
932
940
955
919
936
923
919
915
923
927
928
922
912
921
935
940
923
937
928
930
917
934
930
930
932
927
923
930
937
934
950
926
932
927
940
921
935
927
929
922
925
924
918
927
929
920
938
925
966
935
946
938
940
926
944
932
920
938
940
938
930
932
941
909
923
939
938
942
919
928
947
933
933
943
939
943
932
921
914
921
933
939
948
931
929
917
923
923
924
921
932
934
947
943
946
929
934
941
929
934
942
943
928
917
929
940
916
926
929
907
934
943
926
940
931
925
946
944
933
920
926
933
928
940
919
942
943
915
908
923
930
924
920
916
927
936
933
933
926
928
927
909
918
919
932
918
922
929
931
933
921
933
918
921
933
927
941
923
923
922
916
951
919
937
909
912
936
920
977
