1065
923
927
943
933
917
933
941
938
906
908
928
934
931
970
930
931
925
930
943
943
939
929
915
940
944
921
943
942
933
938
943
934
932
913
921
921
936
920
924
924
955
932
939
939
927
923
923
933
936
935
922
917
924
922
927
924
924
952
941
950
945
924
937
951
948
933
938
933
941
929
934
933
937
930
916
934
941
922
934
928
941
927
934
918
938
939
943
939
921
917
942
948
916
947
939
929
929
937
937
928
937
945
923
936
935
917
936
922
938
922
936
933
939
926
934
930
939
929
932
929
952
938
911
940
920
920
919
933
909
921
940
908
922
916
921
945
922
954
923
926
933
916
923
924
937
921
932
953
941
932
926
950
930
909
940
930
930
950
916
925
929
925
926
919
918
929
925
936
939
939
922
934
941
938
928
927
916
922
941
920
941
932
933
930
944
946
933
916
946
945
931
896
930
933
909
931
912
937
935
946
921
929
941
931
935
920
914
929
935
941
920
923
944
933
944
928
938
944
946
926
917
931
925
932
915
949
931
925
941
947
925
928
922
931
936
936
915
934
929
910
928
919
927
922
945
907
939
924
944
927
924
934
931
961
941
942
952
936
944
936
921
934
921
936
930
936
917
938
939
938
946
919
935
947
937
954
936
922
902
934
927
953
937
940
940
931
919
923
930
942
936
921
920
920
934
930
947
926
927
948
934
924
930
937
951
942
923
911
928
943
922
922
931
931
945
931
951
913
935
937
952
939
941
940
937
944
926
952
936
921
940
924
917
930
910
924
930
924
927
937
921
937
934
937
935
922
932
924
938
947
918
934
916
923
930
925
931
921
917
908
938
967
933
943
933
900
908
920
944
941
924
924
935
935
928
939
939
922
930
946
934
936
922
923
953
930
912
921
927
943
931
945
933
923
937
941
935
914
922
902
943
929
934
953
929
917
934
935
935
935
936
933
928
939
883
932
955
938
917
912
929
933
939
931
924
935
933
930
942
940
936
934
949
925
933
954
936
921
952
926
934
929
941
929
923
952
954
931
921
934
913
925
935
928
937
939
927
925
933
950
918
941
935
929
930
936
910
920
932
937
931
918
929
940
922
923
913
944
923
948
941
920
938
949
934
934
931
929
938
928
929
942
939
930
912
943
927
916
950
942
933
944
925
930
941
907
923
945
945
930
938
931
935
929
938
929
911
938
922
920
932
936
954
935
932
951
928
933
923
926
916
952
931
884
927
916
936
939
934
932
936
926
925
897
919
928
929
937
916
942
923
912
929
935
939
928
938
944
929
934
951
938
936
924
934
950
932
931
928
934
918
921
922
945
928
925
946
926
935
945
916
926
929
948
943
919
919
934
911
934
945
937
930
943
939
899
924
965
923
933
934
938
931
927
940
923
906
923
938
923
933
938
948
940
939
916
924
922
935
943
960
931
911
940
923
925
929
937
934
928
929
938
920
942
921
918
915
931
924
907
924
922
937
935
928
913
949
937
945
941
943
919
908
945
926
949
935
931
940
937
934
948
934
925
914
922
914
937
931
921
927
936
939
927
927
925
936
943
921
930
930
928
917
919
923
924
923
940
918
935
946
910
901
933
931
929
940
924
930
916
920
914
934
947
937
923
920
913
943
948
945
940
927
932
915
940
956
922
935
945
937
931
935
926
920
942
942
921
929
936
923
940
912
937
929
942
928
926
939
932
943
939
905
929
927
942
935
948
942
933
961
911
931
933
923
921
936
920
899
920
928
923
950
949
939
906
915
918
935
930
928
919
942
934
950
944
929
934
929
951
923
935
931
922
948
935
945
952
938
924
936
934
937
935
938
922
937
921
940
923
928
938
919
949
942
931
937
941
949
926
908
925
930
923
934
933
948
944
917
935
953
951
940
903
914
931
908
925
925
925
911
920
929
936
915
923
933
913
947
953
928
915
921
932
945
919
941
932
939
938
922
948
929
923
950
935
926
925
934
936
916
939
940
937
940
931
938
932
934
931
956
933
913
937
938
919
937
917
923
928
922
947
934
934
918
946
937
941
930
924
948
920
930
939
924
917
940
924
910
935
952
934
914
934
929
927
929
948
939
935
934
937
949
926
916
934
941
932
918
938
948
936
945
926
934
953
915
932
938
923
925
928
929
928
946
946
940
913
923
925
920
922
933
912
930
942
925
933
919
936
938
934
933
939
928
937
935
929
956
944
951
933
938
934
914
927
926
928
910
946
941
920
919
926
917
940
937
930
934
954
924
918
937
924
937
929
936
957
927
934
917
944
932
929
947
926
944
932
943
962
924
931
913
924
921
936
939
911
913
944
935
939
928
929
908
919
932
923
933
936
930
931
924
942
925
920
923
923
931
936
922
934
928
925
931
942
926
947
943
930
953
937
924
938
922
928
934
929
941
913
942
928
933
935
940
933
938
935
949
929
909
945
944
934
910
905
911
928
929
929
931
916
925
924
942
931
917
937
953
934
945
944
922
946
924
935
899
910
924
939
943
914
929
914
950
936
926
915
943
924
936
952
914
941
941
938
930
945
921
926
920
904
930
936
940
934
922
931
931
922
934
917
929
953
910
960
929
928
934
920
942
947
917
920
914
932
938
918
947
940
951
930
934
915
917
946
922
939
916
935
934
940
923
921
943
927
897
944
937
937
939
917
958
937
936
934
936
946
936
943
935
921
937
942
954
941
949
963
923
941
945
955
952
928
930
943
924
948
932
925
939
945
926
927
929
933
939
928
933
926
946
941
917
922
939
950
940
910
935
931
944
935
939
934
929
924
957
953
934
932
928
918
912
913
916
943
934
945
956
945
940
921
941
942
941
935
915
911
930
936
933
912
933
917
904
949
909
928
918
935
945
938
936
924
950
947
932
926
926
935
918
919
944
938
933
945
929
943
936
937
930
934
940
928
930
945
917
930
925
954
946
928
911
939
920
942
926
929
908
923
920
921
931
923
937
917
964
956
949
940
925
930
934
927
945
922
918
936
940
930
932
941
931
913
953
934
943
942
941
957
926
912
899
921
934
939
951
936
934
909
949
922
924
938
933
927
935
918
898
927
931
927
920
933
929
939
922
933
929
945
935
941
926
950
913
941
935
928
925
922
939
925
928
923
910
907
920
918
911
935
951
913
928
948
933
915
934
937
948
930
919
937
920
918
906
943
931
941
943
944
917
926
932
936
916
912
938
943
944
934
950
943
938
938
927
919
927
916
957
936
918
933
947
939
920
925
936
944
929
916
933
934
916
910
927
931
935
944
929
930
909
937
935
931
931
944
920
929
926
922
920
938
934
928
912
923
933
923
924
935
941
911
941
929
930
937
920
925
893
929
958
946
925
902
947
925
924
941
925
945
914
904
923
930
938
943
938
935
939
926
931
927
953
937
927
932
935
933
928
951
944
934
934
947
926
927
938
933
938
920
933
940
932
929
941
929
933
943
933
937
953
953
940
930
907
960
940
943
930
939
932
939
925
924
924
927
922
934
910
915
969
918
934
926
920
914
937
936
935
917
935
942
934
932
935
931
938
939
934
933
938
936
952
934
926
924
938
945
941
925
933
929
917
934
936
933
931
903
929
945
925
926
939
928
928
937
942
936
933
941
939
942
920
938
949
920
919
950
945
939
931
923
938
942
925
933
920
939
935
935
925
941
951
915
932
936
917
925
923
925
931
930
941
941
951
922
931
928
929
944
931
943
947
943
922
924
938
943
942
925
914
939
962
919
916
930
932
938
931
930
931
929
923
938
937
928
951
926
921
911
929
936
934
940
942
943
921
951
918
928
925
932
945
954
939
940
919
937
918
941
918
932
927
924
956
946
927
939
947
930
948
929
926
922
935
935
937
920
931
940
951
948
917
918
928
913
939
946
930
943
934
928
954
926
917
924
916
924
913
932
921
926
932
933
946
947
910
924
936
940
935
936
930
924
922
922
928
932
922
943
936
918
930
940
944
932
941
950
955
938
916
928
931
939
940
926
934
923
936
917
928
939
930
932
935
936
939
938
914
930
939
921
928
922
927
932
949
938
944
942
935
927
934
923
945
939
937
927
938
935
926
927
915
910
932
926
924
943
938
929
943
929
910
920
915
919
927
954
939
925
926
933
934
921
926
944
923
919
936
932
930
951
918
923
933
941
938
939
945
941
936
939
941
952
926
938
908
953
948
920
924
913
925
934
947
934
952
938
929
945
926
949
939
947
940
943
921
938
929
939
923
941
948
929
940
937
931
928
937
933
942
938
935
927
942
928
925
932
931
954
923
932
932
929
927
922
925
946
948
911
912
936
925
943
915
937
917
941
935
945
922
930
933
922
940
919
917
941
915
920
926
923
919
919
921
926
942
948
929
930
931
934
927
949
919
937
946
942
910
930
955
929
933
928
938
931
928
924
922
943
944
906
927
920
943
941
942
922
937
945
923
945
939
938
929
915
934
916
925
942
957
931
948
937
934
954
949
927
920
934
923
927
952
932
941
935
921
943
935
930
921
930
922
908
945
914
942
935
918
919
935
939
914
924
916
923
915
936
935
909
940
922
920
941
933
931
912
941
955
930
918
913
939
915
934
941
927
941
924
916
927
933
946
923
918
941
919
926
918
945
930
929
924
932
922
935
931
916
927
939
933
937
929
932
946
922
939
938
919
934
938
956
938
942
925
922
924
914
925
919
932
916
927
936
931
930
924
935
931
952
921
930
938
943
915
937
934
937
909
952
946
940
948
941
962
945
942
938
933
942
943
923
935
929
908
923
937
951
935
907
927
929
920
933
922
937
930
943
928
931
926
923
949
945
945
918
931
944
937
932
930
921
931
930
934
936
920
923
931
942
945
930
921
946
933
935
930
918
933
915
923
931
957
936
917
935
919
935
918
928
923
939
931
940
921
929
929
940
927
923
907
909
919
913
935
922
939
929
926
927
940
940
957
942
931
918
930
918
914
922
930
921
936
935
914
937
939
926
940
948
938
944
932
909
935
937
920
928
941
934
933
939
933
936
939
931
935
951
938
929
927
933
951
943
923
902
952
940
917
931
945
929
938
934
924
951
948
930
938
918
933
949
923
939
939
932
948
934
939
938
951
921
927
936
931
941
918
921
938
930
924
931
918
947
922
943
935
922
938
924
931
944
933
938
914
921
922
908
918
930
941
932
918
930
938
938
955
949
925
911
934
937
937
935
921
949
923
943
946
943
949
925
965
938
933
922
928
925
944
933
933
960
943
941
924
918
947
944
939
926
922
931
923
938
947
929
951
887
944
934
950
925
925
936
919
930
939
929
924
920
956
929
925
933
910
946
932
940
927
937
936
929
952
947
913
941
947
946
915
924
920
932
922
940
927
936
940
925
932
918
911
936
938
961
931
927
941
930
920
926
932
933
912
914
926
922
927
943
913
924
935
920
933
949
925
919
946
926
938
921
918
924
934
934
909
943
922
935
936
921
946
950
947
933
915
908
935
934
934
928
922
927
938
930
932
916
954
941
935
935
935
926
940
937
940
926
933
932
934
924
943
949
940
914
944
935
922
939
954
925
912
933
927
929
937
936
938
938
927
937
929
929
923
939
931
927
929
939
938
934
938
927
941
949
943
916
941
910
909
922
940
922
915
938
938
927
938
947
939
929
957
930
929
934
919
935
933
924
922
923
930
934
947
922
939
931
918
923
929
939
952
910
932
932
931
921
916
931
918
978
