1065
922
936
927
939
928
936
952
929
941
923
935
929
931
940
931
929
928
933
935
921
926
952
943
928
931
941
915
942
927
934
922
919
928
946
932
936
942
941
950
946
933
947
933
953
937
943
935
923
912
921
934
936
953
949
927
944
951
912
944
921
923
938
929
938
937
934
908
926
932
930
923
934
920
923
943
928
934
957
928
925
926
945
931
932
929
919
919
928
936
938
927
924
939
933
902
938
930
955
931
924
944
929
934
953
938
926
943
928
906
937
941
964
954
934
938
929
930
949
943
927
931
931
926
935
921
940
930
952
944
962
939
948
941
923
935
926
946
936
912
927
936
926
943
952
912
957
945
923
939
947
938
910
935
933
955
933
939
932
924
924
937
939
940
931
930
937
936
926
929
919
932
944
941
937
925
950
924
939
915
928
951
925
936
947
936
923
926
921
931
953
936
927
933
931
936
946
926
946
930
905
937
951
935
924
958
934
933
918
940
925
934
943
931
925
919
934
945
962
944
949
939
920
927
938
944
930
903
921
923
926
942
953
951
922
924
933
936
940
932
931
938
924
936
930
925
937
947
930
935
924
944
953
941
942
933
928
937
925
941
929
932
945
939
922
934
940
930
928
934
914
930
923
942
914
925
933
945
930
944
948
935
935
953
923
946
940
944
919
950
933
950
945
935
948
908
940
937
949
932
931
949
919
943
949
927
934
928
925
943
947
941
932
946
949
944
942
935
930
930
940
954
915
933
923
925
952
934
933
927
938
914
946
917
941
941
934
933
933
931
935
912
912
923
915
942
940
942
927
925
932
928
928
911
936
914
935
912
917
941
948
932
945
925
951
939
922
941
943
932
930
928
935
941
937
942
927
927
918
917
960
913
929
927
928
922
929
925
931
927
956
934
919
945
934
936
937
922
923
901
924
935
923
926
937
940
930
944
944
945
924
922
919
939
933
933
917
940
936
925
922
936
934
924
911
944
922
931
929
932
926
922
934
946
932
940
928
935
945
919
938
940
935
928
932
924
925
946
933
918
922
931
932
944
923
917
914
938
949
940
946
938
932
928
913
921
918
935
929
926
932
906
923
939
945
939
929
939
946
916
946
929
926
930
927
941
936
922
926
923
924
910
906
932
919
950
926
916
933
915
930
928
928
938
930
932
927
935
947
933
912
934
938
922
949
933
927
921
931
943
925
936
931
934
920
944
922
946
935
940
926
911
921
928
932
932
950
948
941
923
921
923
925
934
929
930
916
929
936
931
914
933
946
917
944
953
929
939
930
928
949
925
921
937
931
942
937
923
943
924
934
945
942
930
922
950
924
936
921
927
932
922
920
930
919
943
938
938
908
932
932
923
940
952
923
927
905
935
935
947
934
923
935
950
922
921
916
932
930
949
936
941
938
937
935
944
949
931
933
917
920
918
923
934
932
930
937
953
938
928
938
924
937
929
933
914
939
922
913
923
924
926
936
936
942
937
942
941
946
912
932
945
946
921
914
924
938
946
950
932
929
941
940
921
930
928
914
940
929
919
924
945
927
930
924
922
943
938
933
948
944
929
917
938
933
922
945
944
944
940
944
940
949
931
926
929
912
935
926
947
929
923
929
947
938
931
956
915
918
930
947
931
931
931
946
921
936
939
923
912
927
915
922
942
944
932
945
927
928
939
923
944
945
931
926
933
946
928
937
914
932
939
933
933
947
939
936
926
938
925
939
935
931
939
910
934
926
894
928
930
943
923
923
935
923
945
933
932
930
929
958
927
952
925
930
931
930
949
913
950
922
919
939
928
938
929
930
938
927
930
916
936
928
935
934
931
932
936
932
940
923
915
922
912
920
925
935
934
933
937
948
948
947
929
930
913
919
960
935
935
925
923
950
944
936
940
948
931
934
947
916
935
927
930
926
934
921
923
945
928
937
941
925
949
934
940
917
911
931
924
935
933
925
921
954
936
924
936
936
910
947
943
919
940
926
930
927
931
951
909
924
934
939
920
909
946
968
951
949
927
925
921
925
913
926
948
934
931
914
918
932
936
936
929
932
915
931
947
932
946
928
917
927
927
924
932
919
913
911
927
929
919
929
922
919
936
949
946
926
943
934
953
919
922
943
947
955
945
940
904
928
924
917
941
945
938
941
951
922
933
928
935
926
925
942
920
921
929
933
929
909
934
934
921
943
927
930
928
926
913
916
937
924
943
930
918
927
942
928
949
947
929
932
924
939
947
942
912
938
922
922
903
946
933
906
918
929
931
948
916
927
933
934
929
938
937
932
931
933
928
935
924
936
932
908
934
933
939
942
915
939
930
928
952
951
926
923
928
947
952
942
914
934
921
943
936
944
926
917
919
925
927
941
922
936
911
929
942
927
930
904
912
927
941
939
937
931
915
924
947
941
959
929
926
938
928
910
925
935
932
938
917
931
941
921
922
916
940
947
929
948
931
912
937
925
940
934
935
945
934
915
931
920
914
937
932
927
935
913
942
919
922
922
932
934
940
908
932
927
928
937
928
915
933
919
919
922
929
938
921
938
929
941
962
937
938
956
935
943
931
937
917
926
932
931
925
929
921
929
922
937
924
927
941
950
917
928
922
925
940
942
936
945
949
937
915
941
956
935
913
915
937
941
939
920
926
917
920
915
917
935
918
933
948
920
937
941
921
917
923
948
938
941
924
954
929
944
929
940
928
941
930
941
914
932
923
936
932
929
916
919
932
950
919
930
944
923
928
944
949
943
937
929
924
937
931
932
930
944
952
922
948
931
929
931
935
918
931
903
919
949
947
909
925
942
920
925
924
936
944
944
900
950
941
940
939
928
949
928
930
916
930
944
934
929
921
930
926
939
929
945
909
935
924
942
923
939
931
939
947
938
935
941
948
936
935
917
929
912
934
950
921
946
937
941
934
948
937
947
931
935
940
947
942
933
957
931
937
945
940
948
921
943
935
934
923
929
948
950
935
921
959
934
921
928
945
946
933
936
925
928
942
938
925
933
941
936
932
939
921
906
939
941
944
922
931
939
918
942
929
917
924
922
943
944
941
930
948
926
936
931
909
931
938
930
947
927
935
923
936
941
912
946
931
953
934
945
931
920
938
941
940
940
917
937
930
937
926
938
927
932
937
934
930
938
945
953
936
946
914
927
913
932
923
952
922
937
934
921
924
946
935
926
907
939
935
932
915
934
952
933
921
913
914
923
915
924
937
931
937
931
930
928
934
926
915
939
959
941
921
925
916
929
941
929
939
929
939
926
944
925
920
937
948
928
908
928
916
925
921
913
938
928
938
922
937
917
911
908
931
946
945
936
925
928
932
939
918
923
911
937
931
923
919
927
928
936
936
936
928
941
938
924
928
948
928
921
945
939
950
935
935
946
921
926
940
946
934
927
932
956
947
922
931
903
937
907
920
915
956
930
930
940
935
953
939
931
923
934
938
944
938
930
931
938
937
906
930
929
915
915
937
938
942
944
924
914
915
937
945
931
931
928
937
937
917
938
935
929
944
925
944
925
930
914
942
935
940
927
928
919
934
932
940
916
925
953
927
950
934
928
935
943
925
941
938
930
916
932
933
937
940
948
938
945
955
942
924
943
920
913
902
925
925
924
943
928
934
947
915
911
919
921
944
918
932
922
931
929
953
925
927
944
949
933
934
943
919
937
938
919
941
952
923
917
924
900
923
924
930
919
920
930
923
935
928
908
929
959
939
918
918
933
934
931
912
923
928
935
927
931
928
939
943
919
934
911
942
936
939
941
925
948
919
939
911
931
917
924
933
933
949
947
928
921
929
932
947
938
940
911
924
925
944
938
940
930
914
932
930
932
944
939
925
928
908
944
941
930
914
932
923
946
927
947
930
923
908
924
918
937
925
928
948
944
938
944
928
950
931
929
919
903
931
928
931
935
931
924
922
926
919
908
936
934
934
936
937
922
921
936
921
913
925
938
939
935
929
935
935
929
919
941
918
926
927
923
950
930
928
925
947
928
911
940
918
926
934
937
942
932
920
930
938
943
921
939
938
935
948
914
954
947
930
939
926
951
951
940
936
918
933
934
943
916
938
931
920
935
950
926
944
941
928
940
939
950
929
933
931
931
957
955
939
917
918
936
930
935
921
951
951
935
931
931
925
915
953
937
918
930
926
935
917
929
949
913
918
927
905
927
936
932
948
942
922
929
921
940
936
929
940
917
948
934
919
915
937
931
944
919
929
939
934
923
919
926
942
924
912
950
921
929
944
959
920
938
929
926
917
931
932
937
915
935
925
930
920
936
942
938
920
912
934
927
927
954
940
933
931
945
924
946
933
946
926
923
917
938
926
944
921
948
905
924
934
932
922
926
932
915
930
931
933
934
948
952
928
941
928
941
939
922
951
943
947
946
946
927
961
945
957
928
931
937
923
918
928
932
922
959
935
932
923
927
925
945
926
936
918
913
930
938
952
939
949
929
931
935
941
928
924
917
928
919
928
924
903
927
939
939
935
924
931
936
943
932
899
918
924
894
938
924
917
931
919
930
923
934
940
922
933
920
924
929
938
936
941
928
952
929
919
923
944
932
942
948
933
930
946
939
913
932
931
946
926
911
920
937
956
946
933
931
944
931
903
940
915
926
937
904
927
922
926
925
932
911
937
930
923
925
931
934
917
950
953
941
933
924
935
908
921
936
929
919
948
924
935
932
917
927
950
939
936
931
906
915
938
942
926
935
926
926
928
930
944
937
917
934
944
933
945
946
923
917
943
929
927
921
930
944
929
941
934
927
932
932
941
920
939
936
920
932
933
927
940
936
935
939
929
936
917
938
921
931
941
901
921
940
929
932
947
949
949
943
933
947
935
923
920
936
928
933
922
920
932
943
937
945
944
951
938
943
939
957
927
915
935
948
929
932
921
929
926
937
908
937
928
928
942
905
917
919
921
913
949
940
927
940
939
917
938
930
940
954
909
922
932
931
921
948
932
933
949
948
929
939
932
921
937
946
932
928
932
938
931
918
935
936
943
932
931
933
931
919
923
917
930
920
951
938
918
936
918
936
932
940
932
927
945
930
915
926
931
925
925
931
929
933
932
897
940
916
907
919
933
952
926
910
940
929
921
936
935
927
916
933
957
942
913
946
926
936
926
945
947
937
942
930
933
937
938
939
945
923
927
949
943
929
922
940
926
915
924
938
943
937
930
938
941
936
918
935
923
936
946
933
939
942
904
921
935
927
934
943
905
932
928
940
918
936
944
936
913
907
939
940
931
944
931
919
933
949
927
931
948
926
915
935
943
926
928
937
948
915
927
941
928
924
931
926
928
939
951
919
920
926
941
913
935
931
920
938
929
940
932
931
924
925
944
936
927
950
941
930
916
928
923
927
932
933
942
939
937
942
923
944
908
903
931
931
906
935
943
938
923
913
918
936
942
942
908
924
928
935
933
927
938
938
924
926
937
933
925
944
935
939
929
936
952
933
941
917
953
928
938
940
942
932
923
926
932
940
919
929
930
952
929
927
924
956
930
941
937
927
924
928
929
952
938
914
921
938
938
926
943
931
941
938
937
934
925
936
943
928
959
934
936
942
941
921
930
942
945
917
921
933
947
948
927
942
932
919
958
942
949
926
927
933
926
937
930
908
938
934
926
937
929
932
912
940
932
931
954
925
923
924
935
912
941
944
922
935
932
934
930
926
938
927
946
979
