1065
926
944
917
929
947
933
945
936
934
942
925
920
930
957
941
943
930
934
918
930
946
946
925
921
931
934
936
948
941
954
940
944
943
934
923
938
911
947
932
925
933
911
919
929
933
915
945
941
946
935
929
927
923
936
922
950
940
956
927
928
903
924
922
937
930
935
932
923
922
924
930
929
929
932
934
938
943
925
921
922
945
937
944
939
943
933
940
943
923
927
939
925
940
937
915
936
937
930
930
920
922
927
927
931
956
930
936
902
918
950
939
925
919
940
911
932
935
921
940
926
915
932
940
931
926
929
928
948
958
954
925
924
927
924
938
922
930
941
924
941
924
956
946
939
936
947
923
930
922
919
938
947
947
960
924
927
920
936
951
939
916
936
945
932
917
916
930
950
939
933
939
931
924
950
948
943
941
928
923
929
913
930
939
923
924
927
936
949
923
927
901
913
945
934
919
909
919
925
944
924
919
922
927
931
951
922
917
938
921
936
923
928
914
940
925
926
936
955
939
930
938
937
927
915
913
927
931
929
936
921
910
957
929
948
938
940
930
942
944
932
919
926
938
920
945
925
940
935
914
943
920
919
924
927
926
928
924
918
937
932
940
929
943
938
930
918
916
933
922
949
935
938
937
933
938
918
927
929
929
947
940
933
929
935
904
940
916
936
929
905
924
937
937
957
918
927
939
903
925
917
939
939
936
948
906
943
935
954
929
941
929
936
910
932
951
922
905
921
926
927
929
935
931
912
915
934
926
937
932
933
934
931
952
938
951
942
916
929
918
923
929
914
927
924
912
928
917
918
929
931
950
937
924
938
933
918
923
926
947
915
942
936
921
936
940
928
928
957
922
931
920
926
921
935
927
941
919
934
948
916
936
919
936
936
929
934
936
915
926
940
928
944
925
948
949
941
913
925
921
925
927
915
933
926
928
929
946
936
934
925
942
950
927
921
920
930
945
912
938
926
948
942
926
929
923
927
954
926
926
940
926
935
928
919
945
920
930
928
939
937
915
926
906
930
932
933
929
926
947
937
938
916
958
949
925
936
919
929
944
919
933
912
919
937
930
935
942
905
904
921
945
931
920
945
934
962
955
949
953
926
926
939
929
939
934
935
934
941
903
933
934
922
904
937
928
938
922
935
928
920
930
932
942
939
919
926
925
908
945
944
944
933
941
951
947
940
946
944
916
926
942
925
924
941
938
929
915
937
946
933
948
930
933
935
951
932
933
943
926
947
922
963
925
934
912
926
939
912
920
953
930
940
940
923
932
943
919
952
927
938
944
917
928
934
934
918
913
923
913
923
925
927
919
934
915
923
935
922
925
948
921
915
936
915
936
938
918
935
930
925
934
936
935
929
928
930
924
926
944
932
943
932
932
942
920
937
921
954
915
915
934
924
936
925
950
938
933
951
937
935
949
935
931
931
932
939
921
933
908
929
948
933
949
933
930
917
927
928
913
938
931
911
946
917
943
931
919
945
947
936
941
931
927
935
921
913
946
939
927
931
928
931
926
920
938
917
923
947
912
938
926
945
923
927
935
959
953
941
933
938
944
934
933
920
950
955
941
943
948
935
930
944
928
944
934
937
950
902
939
943
942
926
927
939
956
932
925
928
939
936
920
921
923
932
929
932
929
948
935
913
932
905
922
932
921
932
918
928
928
914
944
937
926
916
928
917
915
953
931
922
930
947
940
942
939
925
917
925
930
925
944
951
924
933
929
928
934
959
923
938
917
938
938
936
929
931
922
926
927
934
926
951
938
932
928
929
936
925
936
949
938
910
938
934
933
946
948
934
928
913
947
946
930
940
932
925
945
945
929
944
922
920
917
945
938
941
946
924
938
934
923
941
923
958
939
931
925
933
945
936
930
936
919
930
934
905
948
944
933
933
941
917
929
941
927
928
939
927
942
927
905
945
929
945
942
936
928
931
946
945
930
951
939
933
911
938
924
935
944
918
924
915
934
946
921
924
946
931
924
936
940
926
946
931
931
903
924
921
916
918
939
907
939
922
937
913
927
922
937
948
937
941
941
934
940
933
928
936
926
931
934
932
936
925
937
947
916
929
945
934
934
920
915
921
922
942
943
936
936
934
946
942
933
922
933
929
917
937
929
925
923
923
922
947
925
916
931
929
963
947
931
923
947
897
933
928
942
917
931
925
920
907
938
940
950
924
925
929
942
944
936
935
928
934
962
922
931
934
922
924
926
937
920
906
945
931
939
930
909
934
929
939
920
928
930
930
944
940
920
929
932
926
941
947
941
937
932
946
944
942
936
951
939
942
929
933
926
929
949
942
936
937
929
945
933
934
917
921
942
931
922
945
912
935
949
952
922
921
923
911
932
916
951
929
919
930
920
925
936
935
916
934
918
933
938
925
940
936
925
937
937
938
929
932
915
924
918
943
926
932
933
924
940
935
940
929
925
922
939
950
943
948
932
917
938
955
930
939
947
923
923
950
937
916
925
932
939
937
950
944
924
931
945
942
929
928
922
923
920
947
936
915
934
921
929
928
944
930
938
941
928
948
905
937
926
922
940
931
954
927
945
928
915
943
914
922
909
946
950
941
938
912
928
933
934
916
940
932
943
940
904
926
929
932
939
912
928
942
938
934
916
935
934
925
945
929
925
931
924
925
927
937
944
925
935
936
942
938
927
937
934
950
927
952
943
923
934
947
946
945
965
957
942
924
926
929
934
920
908
943
914
917
923
926
930
930
937
942
932
931
935
906
938
929
934
928
937
944
949
946
952
933
919
923
934
931
924
939
930
936
954
943
928
941
916
932
934
932
927
918
936
934
940
923
933
938
930
929
927
928
914
928
957
960
924
928
931
935
936
927
921
935
931
923
942
918
937
923
940
942
933
944
918
923
917
934
932
951
917
935
927
930
925
927
940
928
936
936
925
946
927
936
930
931
936
933
928
939
933
925
921
942
937
942
946
910
939
936
944
929
923
936
944
939
921
931
935
926
922
927
938
942
931
929
938
946
942
955
937
921
946
925
942
939
921
942
922
931
943
924
931
933
917
934
944
939
944
927
924
930
917
941
950
943
938
939
895
927
950
910
928
956
936
950
927
933
915
943
946
932
932
935
937
904
929
933
930
937
924
940
927
931
908
936
928
919
922
931
934
932
932
923
941
955
939
928
919
921
937
935
934
934
929
933
936
941
925
917
942
938
923
920
923
939
937
923
923
931
915
925
924
937
933
927
923
962
940
917
923
930
946
945
932
924
914
929
937
924
941
942
912
926
934
937
927
929
954
937
929
928
929
940
927
935
917
925
935
928
928
923
920
917
936
941
936
956
916
925
946
935
935
925
923
926
919
943
926
917
940
924
936
932
932
925
948
948
939
924
906
951
936
914
928
932
938
931
923
915
919
934
940
948
946
920
913
932
950
917
925
930
942
920
922
920
931
931
941
934
935
952
924
928
936
949
912
921
925
920
942
929
951
954
927
931
931
925
921
937
946
930
937
933
932
933
938
942
936
918
947
930
942
931
910
934
937
942
943
923
924
931
922
912
946
943
934
930
927
934
927
945
932
928
912
922
935
922
933
930
927
925
939
933
930
934
941
925
934
945
921
930
938
933
930
936
930
931
930
929
931
933
922
946
932
919
934
935
932
921
939
920
928
935
930
938
939
922
941
924
933
939
934
923
949
924
931
944
926
928
941
933
929
920
942
940
931
934
956
929
954
934
928
935
913
934
936
948
959
930
946
933
927
940
945
940
946
938
937
925
929
926
933
916
924
917
934
946
919
908
937
923
931
939
935
942
952
955
931
926
926
937
933
922
937
936
944
953
931
934
932
930
941
934
922
959
933
937
935
930
939
941
927
944
932
926
929
932
928
959
928
936
930
934
932
923
913
940
924
933
939
929
944
930
920
938
921
940
933
918
916
924
922
949
929
929
931
946
950
950
921
929
938
943
934
912
918
945
923
941
913
937
953
900
927
925
910
920
939
921
934
935
931
922
926
930
916
923
931
950
941
930
941
942
932
926
925
943
919
940
919
922
940
932
922
934
923
932
935
942
935
941
945
904
927
910
921
938
938
927
923
926
925
939
935
939
925
932
952
913
942
920
950
926
937
926
948
932
950
931
909
929
940
937
924
934
930
937
920
937
936
933
932
936
922
931
949
946
921
940
937
926
918
916
935
928
927
927
926
947
901
922
942
937
960
929
927
918
935
932
932
914
920
922
933
943
912
951
940
941
939
928
937
916
933
931
917
921
929
929
919
948
940
927
950
926
926
942
925
932
924
923
913
933
938
936
935
938
928
934
935
926
945
936
924
934
935
912
938
919
914
914
934
932
938
937
940
926
914
935
938
927
918
930
937
906
937
934
932
934
936
935
950
935
942
938
939
932
941
939
949
928
952
943
915
915
930
934
919
934
928
949
947
940
930
942
936
936
957
935
920
925
925
949
941
942
929
942
944
927
938
934
929
947
926
949
937
914
930
942
913
918
933
937
968
943
932
922
933
924
924
920
941
931
931
927
935
904
957
925
935
932
908
928
918
932
932
912
924
926
928
949
916
915
915
938
910
934
943
925
950
917
917
924
929
931
926
932
930
926
938
930
932
956
933
927
949
947
945
935
936
930
947
920
913
930
931
935
935
938
920
939
932
923
950
922
943
917
930
920
928
932
925
919
935
932
936
950
931
943
926
909
940
921
930
944
947
933
947
941
936
937
935
947
931
918
925
947
925
951
933
935
917
917
934
944
933
938
921
919
923
938
918
942
937
927
933
924
932
948
947
908
929
934
937
928
928
917
914
927
939
942
938
947
947
933
917
934
944
944
929
931
934
912
935
951
923
912
948
925
923
929
913
943
935
927
927
914
939
943
923
954
931
923
930
930
952
910
950
938
943
918
929
922
937
924
938
924
931
932
940
930
925
926
930
927
936
928
931
924
942
917
933
948
939
925
933
924
933
939
935
936
903
940
943
947
936
936
933
929
928
935
921
901
924
917
925
922
929
939
929
928
930
938
927
925
948
946
950
922
935
941
961
943
928
948
932
922
933
925
917
931
927
937
934
934
933
934
946
935
925
938
903
913
957
916
928
925
919
924
922
929
926
931
912
925
930
934
916
931
937
956
942
937
920
939
942
930
941
914
917
932
951
930
938
926
930
926
923
940
910
938
923
920
939
933
949
937
934
935
925
925
930
942
944
933
920
926
923
944
935
948
929
926
930
934
935
927
919
939
934
922
944
933
912
941
932
925
915
935
931
924
925
937
939
940
908
922
941
914
940
931
925
933
952
949
945
918
928
930
926
919
908
917
943
930
929
941
934
926
943
935
919
929
926
936
932
933
930
922
932
923
927
946
958
926
933
927
922
945
928
928
903
928
948
931
928
928
928
943
932
930
940
907
943
922
942
932
928
905
927
924
965
937
954
934
946
919
938
929
937
945
934
939
952
943
950
939
943
933
926
932
919
946
916
918
938
925
935
930
934
934
925
949
912
929
924
935
940
938
928
942
921
924
921
921
937
929
922
941
933
935
940
934
909
920
928
932
917
941
938
934
908
918
915
938
927
931
920
932
933
925
924
910
945
919
952
944
919
935
942
927
931
929
923
938
937
926
942
959
907
953
941
947
939
933
950
939
921
921
924
950
935
923
936
930
936
933
931
936
929
932
949
928
920
936
944
934
928
941
937
978
