1065
926
908
927
934
941
923
950
938
917
924
922
945
941
943
934
935
949
922
922
925
946
921
922
926
940
942
911
932
930
927
938
934
922
935
938
939
920
914
939
939
935
921
935
936
950
951
935
926
963
932
926
945
937
931
921
948
917
931
909
933
943
928
935
950
930
929
923
919
934
905
907
923
934
932
939
912
952
926
921
904
947
934
928
931
942
955
923
919
916
911
926
933
918
926
935
934
940
945
927
936
935
957
925
926
925
918
914
938
922
941
923
927
935
936
956
934
921
932
923
926
923
938
940
937
950
921
931
930
915
927
935
942
922
920
942
937
951
935
929
927
933
937
944
912
933
928
925
931
925
933
937
935
945
945
910
938
946
924
925
923
928
930
929
915
925
926
925
922
943
940
946
923
941
914
926
922
923
913
922
937
939
938
937
934
929
918
936
950
939
928
944
914
934
931
931
924
940
946
934
929
927
925
946
949
919
943
926
930
926
931
920
942
938
944
921
930
945
917
925
919
925
939
935
931
930
918
929
939
932
953
918
947
945
958
950
931
931
924
928
921
913
931
931
939
927
932
952
913
920
936
915
928
939
946
939
936
938
928
938
943
912
948
939
934
970
949
935
925
928
912
911
909
933
918
938
931
938
945
929
946
926
911
938
925
916
915
918
930
926
949
945
932
932
902
932
912
933
939
932
925
917
936
922
912
928
920
913
931
912
933
922
944
935
920
932
940
935
935
933
927
942
929
931
943
933
935
926
946
923
932
938
940
942
930
926
919
937
915
930
941
923
915
922
933
956
932
923
953
929
941
938
925
931
923
917
927
948
933
920
941
937
941
940
938
924
935
919
935
932
927
913
941
934
937
934
930
935
922
931
940
923
933
921
940
914
917
898
927
942
916
922
939
926
939
932
934
944
933
931
942
945
933
942
917
933
930
924
918
918
949
928
937
945
924
952
924
928
935
919
939
922
937
925
921
942
920
930
942
928
926
936
942
954
948
916
929
927
905
930
930
913
934
920
949
940
922
947
932
916
918
934
924
937
935
921
927
942
928
918
923
943
910
934
932
922
944
947
924
940
944
939
920
943
953
931
928
917
941
933
950
922
942
913
902
922
924
937
947
939
941
940
910
947
953
932
915
907
916
936
936
951
942
943
929
926
917
943
952
934
945
946
923
927
933
926
943
959
945
924
955
929
947
925
917
913
917
904
931
932
912
914
931
921
915
937
907
923
935
959
939
926
937
902
943
924
967
940
927
945
926
934
941
933
928
931
943
937
932
921
938
926
933
909
936
926
923
923
928
931
948
932
926
931
916
915
939
924
923
913
927
944
943
926
942
945
928
921
943
920
929
929
939
920
948
926
919
926
926
925
932
949
936
945
929
928
920
920
943
942
938
941
938
935
922
936
935
931
950
934
933
926
913
961
917
920
927
941
930
924
917
938
926
933
920
937
912
936
913
935
910
933
929
928
931
936
937
938
950
929
953
931
928
940
934
935
944
936
918
938
940
950
948
922
939
922
923
933
942
942
930
939
937
910
907
931
918
922
913
927
926
940
938
918
904
921
950
904
933
947
934
926
930
936
925
937
946
923
937
939
912
923
914
923
939
925
948
940
936
935
942
926
943
950
933
942
925
928
951
942
926
927
918
928
920
944
946
940
929
922
927
941
945
921
922
931
920
934
944
946
952
950
932
937
937
937
932
935
938
929
949
937
913
942
941
945
946
945
944
939
899
911
942
931
922
930
937
953
940
941
927
942
936
929
932
934
928
914
909
926
931
937
923
930
928
932
935
929
934
916
913
923
940
928
931
941
917
942
949
931
905
929
922
922
941
939
925
923
930
945
927
927
935
931
940
922
930
933
940
936
925
931
947
922
925
918
928
935
931
929
917
926
928
947
921
928
936
927
953
946
908
923
936
920
943
924
919
932
941
919
925
928
924
948
928
911
921
932
935
933
945
940
929
951
939
935
941
913
932
931
929
903
928
926
923
941
911
915
919
929
942
925
910
928
929
915
934
937
922
933
916
939
921
925
906
908
952
949
942
948
920
950
950
917
944
929
948
944
928
921
916
897
925
924
936
920
923
939
945
934
943
937
917
943
941
927
918
935
966
936
946
914
926
934
924
939
944
939
956
939
937
939
934
935
946
938
941
949
950
922
956
953
952
936
954
929
929
920
958
910
920
947
934
942
928
920
929
907
942
948
932
927
926
967
922
934
928
917
952
931
935
941
939
925
925
930
933
948
946
925
940
943
934
937
940
935
933
930
935
927
923
941
930
938
893
933
925
939
929
932
923
934
944
939
941
942
931
935
932
931
916
928
942
925
942
947
938
909
939
930
948
930
928
941
947
957
938
935
916
924
916
938
923
925
936
946
934
939
932
923
935
930
930
910
928
946
938
917
931
942
932
941
909
924
933
930
955
935
920
934
948
936
920
906
938
959
929
936
903
929
928
919
924
931
937
928
942
923
923
923
948
911
907
945
938
921
939
934
953
927
916
936
923
953
937
926
928
947
930
947
931
934
936
928
921
897
936
921
928
942
947
942
944
946
912
931
928
944
931
926
951
932
929
942
950
949
919
939
940
940
941
927
940
940
944
938
943
918
937
914
933
922
931
943
939
930
944
939
931
935
930
928
929
923
961
931
936
934
942
925
928
925
938
930
950
942
944
938
942
921
940
933
928
950
944
939
910
920
932
947
928
915
924
931
925
929
919
921
929
921
929
942
940
927
929
950
927
921
918
923
946
942
924
909
908
934
918
929
940
919
928
937
931
937
928
927
925
939
922
930
907
929
917
899
916
931
914
917
905
921
940
940
922
926
922
929
945
947
929
932
944
905
935
932
938
921
939
940
938
944
932
935
944
938
929
940
919
914
936
914
927
928
931
928
933
939
929
912
949
932
950
932
910
924
906
923
928
928
909
938
943
944
939
914
950
935
935
934
927
943
903
943
926
935
940
936
929
931
920
938
936
935
919
930
949
939
928
934
936
932
931
936
925
943
914
923
937
939
939
948
933
937
933
920
925
917
941
958
925
934
930
951
934
909
920
945
928
953
936
937
922
939
918
919
935
917
931
930
923
930
927
902
935
951
941
912
924
944
932
920
929
931
906
932
926
922
926
927
950
936
933
929
931
949
933
909
923
929
960
946
917
922
957
942
953
934
915
930
931
930
940
938
943
934
940
931
936
926
942
914
932
924
922
926
939
936
924
938
956
924
947
931
913
951
913
941
933
921
940
938
926
944
925
937
948
945
924
921
937
924
941
946
932
935
927
918
927
934
910
917
951
940
921
909
942
932
931
918
932
929
915
920
937
928
940
931
905
930
920
925
939
936
931
931
923
944
948
916
920
936
936
913
907
934
934
923
956
935
930
930
940
937
937
959
942
931
947
948
933
934
937
917
947
938
922
928
920
923
931
938
921
936
941
935
916
920
931
936
924
924
931
926
898
922
934
917
904
917
938
949
944
933
929
919
943
928
931
934
929
940
939
947
921
917
938
935
932
937
920
930
923
928
939
932
928
932
927
908
950
953
927
939
921
941
940
942
914
913
911
932
943
939
916
927
906
945
923
947
909
963
932
926
927
914
940
927
927
942
910
930
933
947
931
929
924
936
924
916
924
936
942
935
932
924
936
946
945
922
922
907
939
916
918
928
943
937
913
924
934
931
922
940
936
939
936
933
937
942
925
924
935
934
926
938
933
951
925
922
941
928
923
938
948
934
942
941
931
926
931
938
936
912
934
913
908
919
926
941
932
945
930
928
932
912
933
930
907
943
939
929
939
951
939
932
944
932
942
946
943
934
932
919
937
948
930
943
937
917
943
929
929
937
923
919
944
941
930
946
915
928
932
929
931
939
920
920
938
947
930
936
932
923
937
947
959
939
925
900
925
937
954
930
913
929
947
944
930
935
946
938
916
910
911
930
920
952
919
923
929
943
928
933
944
951
927
936
929
929
929
924
915
931
933
921
933
941
934
941
925
920
936
946
948
934
944
939
937
944
926
928
931
910
945
949
921
951
935
918
931
955
921
940
947
933
934
922
937
929
927
930
935
901
922
946
931
933
922
932
920
936
943
942
928
928
913
930
939
921
922
940
915
921
926
932
946
941
932
922
933
910
916
951
926
912
935
965
940
924
939
945
926
925
936
925
934
954
928
929
924
935
921
930
933
937
923
922
934
945
931
936
928
932
920
926
934
919
932
951
923
911
936
905
911
945
926
933
931
945
939
930
951
923
937
920
941
922
926
939
928
926
939
944
938
943
924
950
915
916
931
939
923
939
926
925
925
948
942
930
935
939
946
930
937
928
941
923
920
916
929
941
934
927
917
939
938
941
926
921
918
912
932
916
922
934
931
951
924
928
937
930
945
913
937
931
937
942
933
924
919
944
921
939
935
912
938
952
944
940
920
922
947
920
944
940
924
921
950
937
934
923
928
937
937
931
913
915
945
937
929
946
933
932
940
933
924
929
909
930
927
937
951
937
925
937
936
927
945
912
918
945
935
926
926
937
930
923
946
927
909
916
939
945
934
930
936
934
942
929
942
936
939
936
932
927
926
917
913
927
939
938
922
934
941
917
915
931
909
924
928
928
945
922
945
924
934
943
941
920
939
921
931
929
929
941
932
947
919
938
916
931
951
944
932
933
935
941
924
955
955
933
942
923
938
915
941
917
938
931
939
945
947
937
923
943
944
914
949
926
923
915
956
952
921
896
910
918
947
937
935
929
945
932
926
924
933
941
918
915
934
925
937
929
929
936
951
939
930
944
911
949
942
895
924
911
944
943
925
925
946
940
944
944
921
929
926
948
938
945
912
953
930
927
925
945
943
938
938
936
914
940
948
932
940
925
946
925
921
929
927
937
947
941
947
912
919
938
936
922
923
919
909
933
952
931
942
925
937
932
925
928
915
925
924
941
936
947
927
912
935
917
936
915
938
913
912
929
937
924
954
922
930
941
917
956
934
934
946
948
911
932
926
921
919
925
923
934
918
934
922
959
934
921
926
936
926
939
931
948
925
940
936
938
938
930
926
931
931
945
928
929
917
942
913
925
941
946
938
929
940
939
931
931
932
941
948
941
935
936
921
937
928
918
929
929
942
924
945
926
938
968
935
907
928
911
928
945
939
937
949
937
958
930
944
943
935
921
929
917
943
935
925
918
923
931
928
951
922
926
934
932
922
935
912
931
930
947
929
918
933
925
926
934
926
915
923
911
941
938
943
945
942
929
924
938
932
920
941
937
911
926
922
951
936
947
931
920
943
937
935
948
924
946
945
927
943
908
941
939
902
935
942
936
929
923
931
947
954
928
929
942
934
930
938
922
946
921
919
930
932
920
922
942
920
944
933
920
923
933
928
932
918
943
933
927
939
910
937
939
941
939
935
936
913
946
924
935
933
944
928
936
928
925
931
930
930
925
958
927
931
923
924
939
941
939
929
921
936
928
951
919
918
945
933
943
944
937
916
931
926
918
931
916
918
923
914
951
927
933
930
922
930
933
947
920
930
890
931
950
934
927
959
920
920
939
935
917
931
903
907
938
919
936
935
922
938
947
900
929
912
920
933
945
919
943
929
939
919
942
931
948
926
938
928
922
948
947
930
956
930
924
917
918
931
922
925
921
917
932
937
954
919
940
936
931
935
924
930
927
963
940
979
