1065
921
949
926
934
945
930
930
934
935
926
929
931
935
935
946
935
946
942
910
937
941
945
952
947
943
931
938
940
933
929
944
938
929
939
950
931
910
934
948
918
934
954
946
942
915
940
934
935
910
940
925
952
942
935
916
938
921
927
920
947
930
927
943
928
945
940
949
952
937
948
929
938
934
949
935
930
958
946
940
909
938
952
938
942
938
940
934
935
932
918
938
919
925
942
938
945
908
934
935
943
920
924
928
927
922
927
912
927
942
928
922
935
941
931
939
938
921
940
923
932
937
940
928
928
930
934
925
922
920
935
950
920
921
929
920
944
927
916
927
914
912
928
944
926
941
938
945
938
924
935
948
924
945
936
941
930
921
929
919
944
933
929
917
933
925
932
940
939
927
945
921
935
921
934
919
939
927
939
930
930
928
938
933
937
941
932
941
930
926
921
930
939
920
936
928
921
907
910
930
954
933
951
947
935
914
926
915
924
922
920
950
918
947
918
929
928
917
918
926
926
934
912
937
919
919
952
932
940
928
950
944
934
942
939
959
939
946
937
943
907
922
932
943
927
932
930
929
937
942
931
953
952
940
947
930
941
929
938
931
925
917
923
921
909
925
920
915
934
935
934
944
917
920
938
934
940
938
949
924
934
915
937
936
916
932
927
919
936
932
950
947
940
933
959
946
941
927
916
933
919
936
911
930
927
931
911
931
934
940
932
916
928
932
929
927
919
931
920
937
934
954
930
957
934
926
941
916
920
928
940
940
928
942
945
919
931
936
935
943
908
922
930
930
928
948
930
929
922
937
946
937
930
944
926
935
915
917
932
938
949
930
938
942
930
922
942
926
923
916
917
924
940
949
931
921
918
921
938
933
946
928
935
904
941
936
939
941
929
916
930
940
927
935
926
906
945
925
939
942
927
915
936
931
914
922
936
920
934
917
939
953
922
932
917
931
926
947
944
911
922
937
940
940
938
927
943
946
934
931
942
922
925
921
939
948
916
942
922
957
926
947
936
954
925
939
933
947
923
932
933
944
925
928
940
927
953
933
916
933
937
922
936
937
933
947
953
939
945
920
925
932
936
942
940
919
924
932
931
935
925
928
936
932
921
913
943
930
938
911
946
933
935
928
923
896
913
930
933
928
910
924
931
936
931
930
944
914
936
932
917
937
930
927
961
916
941
901
930
926
942
938
924
947
938
955
939
934
935
936
934
917
930
920
942
915
936
927
920
961
930
923
915
945
947
921
926
933
927
926
932
935
928
946
945
935
955
936
927
924
927
919
916
934
920
931
943
943
937
935
924
939
929
925
919
924
925
929
917
944
938
943
939
911
920
935
932
929
913
941
927
932
945
943
929
926
943
941
971
937
929
914
932
929
940
935
944
943
944
927
932
943
948
950
914
919
930
934
930
931
943
926
946
915
911
942
921
933
939
924
904
910
927
944
928
934
942
944
931
924
928
930
939
933
948
943
938
932
930
935
914
916
934
932
923
937
924
916
939
916
936
923
927
945
950
933
927
935
935
943
957
940
927
939
933
892
923
922
924
945
927
924
915
932
926
899
950
949
924
930
939
932
947
945
926
915
951
946
947
921
954
933
921
931
926
936
932
921
952
929
945
912
938
935
939
932
927
942
933
957
935
905
926
948
930
952
923
903
921
938
918
942
937
932
935
926
906
952
957
919
940
941
946
934
902
927
928
910
931
936
934
930
934
914
920
931
924
929
950
934
949
937
935
938
930
918
945
923
933
944
919
942
938
927
931
927
949
960
946
923
933
932
937
945
942
935
925
925
926
908
934
941
926
938
915
919
922
936
933
933
919
941
920
943
929
911
921
932
926
935
939
922
913
936
936
955
923
926
944
926
926
924
939
921
915
911
927
920
938
930
929
923
934
926
923
912
945
922
922
925
942
935
913
958
935
934
950
940
937
933
931
927
933
934
937
935
942
939
942
950
926
922
923
947
931
941
935
953
899
930
936
942
937
923
919
932
921
946
936
937
916
917
925
945
931
948
940
950
947
933
924
946
937
932
927
921
923
919
937
938
925
938
913
947
923
933
919
932
924
940
931
931
922
922
946
920
941
951
906
942
912
959
930
911
933
922
938
922
916
943
931
919
946
923
930
935
925
931
932
929
919
944
912
936
922
937
936
933
930
931
931
926
938
914
932
936
942
927
953
927
916
936
939
934
931
955
907
917
940
942
932
944
941
924
909
931
937
931
939
922
928
927
935
923
939
930
923
934
935
923
932
943
920
909
959
924
936
931
930
909
918
914
931
941
906
939
930
941
920
929
938
946
916
931
942
927
948
943
917
941
936
936
925
934
927
947
926
927
934
939
933
935
937
918
944
943
935
938
938
942
935
928
934
933
924
921
902
916
938
930
923
939
920
907
933
949
927
927
922
916
925
941
926
915
926
941
927
934
935
924
914
944
919
933
940
956
933
914
905
931
935
918
936
949
931
924
937
929
931
919
913
911
927
913
938
911
929
931
943
937
944
945
942
937
946
927
943
928
944
951
926
937
918
944
930
908
941
943
937
911
940
908
940
935
930
936
930
936
947
935
923
938
904
940
960
929
935
947
907
920
919
922
938
927
950
930
927
932
940
921
900
937
922
941
930
939
931
949
936
919
916
929
931
934
919
924
943
923
921
933
938
957
923
917
934
925
918
935
907
935
924
920
936
948
938
951
942
927
941
916
939
944
928
939
920
943
935
949
913
915
923
953
953
944
931
913
936
930
932
932
946
937
932
938
928
946
939
947
944
919
937
945
933
948
941
941
937
958
918
929
919
927
924
936
927
941
930
945
915
913
930
915
922
938
930
911
935
933
930
926
918
918
930
931
928
916
933
937
934
933
929
928
949
930
948
950
932
916
934
961
924
932
923
939
929
936
917
922
949
938
932
928
937
921
952
954
924
920
924
941
937
944
937
925
946
931
944
932
948
939
943
947
930
931
937
919
933
933
924
923
933
936
912
942
930
921
957
945
944
931
929
939
947
915
928
930
948
938
928
945
935
946
938
942
950
906
925
946
943
940
925
934
910
922
925
931
927
925
936
933
913
928
924
935
928
907
931
932
935
921
935
922
940
931
937
933
949
935
935
916
922
920
928
932
930
924
906
934
958
938
934
915
936
935
947
931
926
911
923
927
918
948
931
939
914
930
927
949
938
922
955
937
961
926
934
933
920
933
942
935
917
927
929
932
916
929
925
933
937
938
931
923
935
927
945
933
941
925
930
935
941
933
920
960
938
953
933
941
915
947
929
917
916
927
924
924
945
925
947
926
919
932
936
935
930
947
917
923
925
929
935
933
942
946
945
928
942
939
933
929
943
926
941
955
913
924
929
954
935
928
938
904
947
912
928
925
922
945
945
935
928
932
904
921
950
937
949
937
935
939
946
945
942
952
923
925
923
933
930
927
920
943
927
939
930
930
926
931
936
952
932
939
940
933
935
939
942
937
927
929
933
947
915
936
945
918
921
932
957
920
928
938
925
927
915
914
923
938
934
933
935
951
926
943
926
943
950
937
927
928
927
933
919
935
925
934
918
919
920
946
931
918
924
941
929
931
924
925
930
919
919
910
918
925
937
938
931
937
936
919
911
921
924
911
931
936
923
917
939
950
937
922
912
924
913
922
937
951
930
920
939
953
926
934
933
917
941
936
912
945
933
933
929
939
950
945
928
925
939
921
955
935
934
937
940
922
936
917
940
922
908
922
918
937
923
928
943
928
942
948
929
922
931
925
935
938
955
913
948
941
932
915
940
939
932
916
914
911
930
950
934
913
943
947
948
947
942
921
935
941
926
938
936
933
927
946
933
923
918
921
927
910
949
910
945
948
939
944
938
909
920
937
937
925
933
938
928
934
923
939
924
942
933
912
928
936
936
948
960
936
927
939
945
949
933
901
931
942
929
934
927
933
924
929
938
942
914
943
936
927
936
931
931
916
922
952
897
927
938
921
890
939
937
920
936
924
939
950
944
929
922
910
927
921
935
941
933
931
948
926
946
914
929
933
946
940
940
928
915
935
914
940
920
935
922
927
919
903
926
926
938
935
950
936
940
924
952
921
923
930
921
943
942
928
928
926
915
940
936
935
923
936
937
914
920
918
937
915
934
929
932
923
961
922
950
944
938
931
951
947
943
921
948
930
930
897
933
930
930
918
936
944
928
925
934
930
941
918
932
949
925
926
917
932
938
928
919
950
948
942
934
935
932
934
942
931
923
927
914
930
945
938
926
932
944
947
928
940
937
936
946
938
943
932
933
934
933
927
913
937
946
944
932
925
920
921
934
919
932
930
951
943
931
933
949
943
946
926
942
923
934
947
956
936
917
926
938
948
931
933
926
917
922
926
951
929
944
948
945
944
950
921
920
923
918
939
934
930
925
928
957
929
923
922
931
934
925
931
910
920
942
935
927
939
926
927
934
944
931
921
940
939
938
907
923
953
945
941
944
912
934
951
941
934
932
936
913
925
933
947
939
928
948
935
911
929
926
935
949
930
932
961
940
924
935
943
926
938
944
936
960
910
934
933
940
942
934
923
939
953
936
931
941
916
943
928
908
959
930
937
935
937
915
922
928
941
925
935
943
940
947
925
933
946
941
930
923
935
947
945
926
914
919
930
914
941
912
938
921
921
956
939
927
940
946
933
932
940
931
938
924
919
958
926
942
937
950
932
933
947
932
921
926
927
932
941
939
921
922
928
941
951
938
904
940
938
940
927
918
906
935
929
933
937
945
931
924
949
933
934
929
918
940
948
927
920
930
954
913
931
926
918
934
934
947
962
912
953
933
942
946
937
951
927
918
943
933
947
932
931
937
937
933
935
931
924
926
949
947
918
950
938
936
925
938
919
923
931
948
922
930
937
918
951
920
929
924
919
931
942
934
898
925
917
910
914
917
942
932
930
932
945
931
923
941
919
932
949
922
921
910
925
941
935
925
922
917
940
936
919
935
944
935
941
948
940
925
935
939
932
917
922
925
915
941
943
916
938
933
928
927
951
928
954
918
938
920
939
918
914
926
933
926
941
940
933
936
939
926
936
954
944
925
922
920
912
925
939
954
937
923
933
939
921
905
942
936
942
941
951
949
923
934
924
905
922
919
945
938
931
939
947
938
932
906
932
962
942
947
923
942
937
928
932
934
942
912
954
951
943
951
936
918
926
934
916
925
955
927
917
948
945
938
921
931
931
931
938
944
908
935
912
905
923
940
932
951
940
932
936
943
945
945
938
949
933
923
938
930
942
921
913
940
925
931
928
937
932
911
926
916
927
929
945
926
941
946
912
922
903
916
923
933
946
933
942
925
937
923
929
938
925
917
949
934
933
945
936
949
930
930
944
949
941
937
959
926
937
927
919
921
949
944
937
931
910
932
934
940
936
938
943
912
928
931
939
940
951
935
937
954
942
929
928
939
942
946
955
944
940
933
927
929
926
937
932
918
926
937
935
945
937
930
923
920
898
937
940
929
927
928
931
938
938
942
938
921
949
931
928
931
922
931
933
944
946
924
931
919
913
935
926
929
937
920
924
933
928
949
910
935
954
949
951
925
939
931
944
936
949
925
925
938
934
934
922
924
927
930
918
929
931
955
932
929
905
927
938
936
923
902
936
916
940
942
931
935
938
935
932
935
929
913
940
940
934
919
952
923
933
979
