1065
921
935
933
933
930
928
938
933
908
949
921
943
932
914
918
900
926
947
927
930
938
951
938
898
919
926
930
948
943
921
933
912
939
927
925
932
915
934
936
923
916
932
943
927
916
946
941
942
920
920
918
937
914
913
932
915
926
943
946
925
953
909
914
930
938
921
924
931
928
929
932
935
910
936
924
920
947
939
918
922
947
928
930
920
932
948
931
939
926
923
942
947
941
934
910
928
920
928
931
939
919
923
939
931
923
927
897
932
925
933
932
949
927
952
918
947
950
945
936
929
923
950
938
939
920
939
927
927
924
930
950
931
921
915
934
945
926
942
925
948
931
941
929
921
923
931
940
924
921
926
930
936
931
928
924
940
934
914
935
932
945
947
920
931
926
923
923
926
920
928
945
912
940
942
927
915
937
930
935
926
928
921
928
932
938
937
936
913
950
929
935
925
918
926
914
946
937
937
942
935
914
937
935
931
938
923
930
947
933
931
913
909
940
940
940
939
923
943
922
909
930
914
927
935
937
924
936
935
929
940
934
936
923
906
914
918
922
943
926
918
931
917
917
930
937
948
926
952
935
928
941
932
915
920
929
920
939
930
919
933
941
933
945
954
966
935
936
938
921
924
900
957
945
924
939
954
943
926
916
945
939
947
922
927
937
934
939
929
918
923
952
931
944
937
930
926
929
922
924
932
937
947
931
941
930
940
934
945
925
932
948
937
935
933
921
917
916
926
921
927
932
931
916
951
945
926
903
901
931
925
935
931
924
934
933
920
929
947
931
958
935
938
936
925
940
942
941
921
918
933
938
939
917
930
917
934
917
931
917
926
948
950
925
938
926
941
959
929
924
920
927
940
928
946
919
946
943
916
934
936
933
920
951
938
933
928
935
925
908
938
924
924
916
929
946
908
920
936
938
941
926
936
944
927
935
925
940
937
918
916
931
922
936
941
959
920
935
930
934
944
942
933
941
929
914
905
932
922
928
931
942
925
946
934
915
946
930
903
939
942
934
915
922
927
932
941
928
928
928
933
917
927
918
922
941
941
927
919
949
927
922
922
944
938
944
944
955
935
928
935
943
933
949
932
920
924
946
917
893
922
954
955
933
943
932
931
926
949
932
927
948
916
911
934
930
934
916
935
919
933
936
922
928
920
928
936
926
916
933
914
907
904
933
951
910
930
946
929
929
937
926
939
918
927
934
935
936
923
916
952
951
936
930
950
933
924
936
941
936
939
923
931
938
950
916
939
937
954
913
927
924
925
926
938
925
923
929
942
947
938
932
924
932
943
927
924
922
936
939
950
925
946
919
932
938
935
909
934
923
934
947
927
927
919
938
921
936
938
933
950
931
958
949
925
956
949
924
950
929
937
924
915
931
920
924
912
920
921
915
898
923
940
941
930
921
945
914
923
947
928
931
937
949
940
931
933
936
927
939
927
922
939
928
901
940
927
961
944
924
923
921
947
929
924
925
931
934
932
926
929
936
924
934
926
916
930
943
942
919
907
941
933
935
921
936
941
937
926
926
925
931
929
935
935
948
936
937
920
920
922
953
946
940
943
942
940
926
916
953
927
940
920
946
939
935
928
927
934
919
916
937
936
948
933
928
939
919
937
931
920
916
936
946
935
924
931
924
924
941
941
937
943
934
933
916
917
935
943
930
937
910
943
918
924
911
950
913
960
927
927
925
908
922
939
925
920
939
932
934
927
922
936
928
920
957
951
946
923
938
940
928
945
934
929
939
922
944
940
929
935
936
933
949
927
911
956
940
917
942
948
923
927
926
932
915
939
945
939
908
931
924
921
922
923
942
901
934
934
934
942
951
917
928
912
942
951
926
919
919
930
925
936
932
931
915
932
918
932
897
943
933
923
928
949
929
923
933
907
927
954
952
928
932
916
933
935
934
943
939
924
952
935
924
921
928
921
927
915
929
930
928
915
946
940
942
948
937
914
932
928
966
941
923
930
930
926
914
931
935
935
931
926
950
926
938
926
940
917
930
947
928
929
941
913
937
937
936
937
923
951
942
917
933
946
933
917
922
930
922
923
913
947
932
930
928
934
927
935
936
928
914
941
935
933
937
944
935
926
922
945
936
942
936
947
948
934
945
939
939
933
926
908
943
930
934
931
941
954
919
955
929
922
943
929
930
906
909
932
942
949
929
937
917
930
920
925
929
916
920
943
949
947
943
927
939
928
927
934
939
925
941
927
935
932
933
954
932
921
945
927
943
915
941
918
936
952
946
914
931
945
942
952
935
920
920
933
920
950
943
922
926
910
928
925
926
921
925
935
927
942
934
943
914
929
926
927
946
951
948
953
924
925
934
949
935
922
939
927
909
920
937
919
920
947
924
935
928
923
934
932
943
940
926
914
932
935
937
936
934
920
930
926
944
925
915
931
958
933
919
943
927
940
935
921
934
939
917
943
940
939
930
920
946
912
930
944
930
946
929
943
927
942
937
938
921
930
930
945
927
929
909
951
958
930
931
941
936
935
915
938
917
927
932
921
941
938
931
931
926
945
923
923
953
953
938
928
922
921
932
928
925
944
928
941
934
943
928
941
934
930
932
934
928
957
945
929
931
928
940
951
902
917
927
944
916
936
930
927
908
937
938
952
935
948
952
941
919
930
941
942
943
955
943
923
919
921
932
931
935
930
917
904
922
908
913
928
929
936
925
940
937
958
941
941
934
946
919
942
928
938
932
943
933
922
936
941
941
928
938
948
934
934
935
922
932
941
926
931
919
941
932
931
930
949
924
922
936
941
941
952
939
949
937
928
933
919
919
947
934
930
924
950
930
933
899
924
937
955
935
920
937
938
926
950
938
944
924
932
941
929
933
921
952
937
932
941
925
940
960
925
921
938
931
940
937
927
934
925
905
923
927
942
914
947
938
906
934
931
942
934
929
932
935
924
925
914
928
942
932
925
922
943
915
908
927
923
944
921
932
929
924
905
931
958
935
936
936
910
930
950
924
931
936
921
918
927
922
932
930
925
929
925
937
913
926
943
943
936
908
920
924
949
934
912
925
938
944
932
917
945
943
940
941
940
934
931
941
932
926
927
911
934
940
922
934
917
920
930
939
958
933
946
949
931
933
931
937
928
930
937
948
950
927
933
923
927
937
906
937
955
937
945
939
924
945
937
934
939
949
915
915
921
932
919
922
925
927
929
955
923
927
936
923
956
934
935
927
934
940
925
922
917
898
955
938
895
946
914
923
932
949
937
914
915
924
930
931
929
923
941
950
947
927
931
938
936
933
942
920
925
922
937
947
940
934
940
916
934
932
928
939
921
938
925
909
931
929
936
921
915
954
938
931
927
932
933
939
920
945
947
941
923
914
932
930
949
935
919
940
933
928
939
927
946
946
929
938
929
941
927
927
953
953
934
931
935
934
942
924
933
941
924
951
941
925
942
942
938
942
922
934
920
934
942
928
937
914
929
921
925
940
932
917
923
931
939
933
953
929
918
927
930
949
942
918
929
935
938
938
951
931
940
945
939
923
925
952
924
939
936
933
961
913
924
909
934
914
936
923
935
936
940
939
940
936
926
935
936
930
946
915
913
934
929
923
924
920
937
937
952
956
948
970
940
927
928
937
923
918
938
935
933
924
943
926
912
927
922
924
936
917
918
948
951
928
933
935
943
934
924
924
911
938
930
942
935
915
932
912
913
941
915
936
943
912
932
947
933
916
917
940
938
936
941
908
929
939
931
947
927
935
934
924
956
912
914
943
950
939
951
944
943
936
931
916
938
954
924
948
933
937
939
934
942
943
940
920
927
934
928
929
940
944
943
918
939
944
926
925
925
939
923
948
914
921
932
940
924
941
911
935
947
942
923
926
929
944
950
913
922
925
927
928
932
920
929
929
934
931
927
917
924
924
934
934
939
938
944
918
942
941
924
932
958
946
933
919
920
935
936
937
902
922
933
920
914
935
950
940
936
923
926
930
926
923
939
931
941
931
938
931
928
927
906
921
935
938
938
937
910
938
934
940
938
914
908
922
926
928
931
941
942
936
941
940
951
925
937
927
947
925
913
923
940
924
940
930
948
928
929
920
915
934
924
932
942
932
935
925
941
922
932
923
928
945
924
949
935
940
926
923
938
930
910
945
923
927
932
925
930
953
934
924
937
931
927
943
913
921
911
912
914
958
937
937
940
918
927
926
917
935
945
926
957
927
924
937
921
941
948
938
902
943
934
939
926
963
927
931
932
938
944
932
930
956
939
950
930
939
918
938
940
933
922
939
929
949
928
940
911
934
944
933
926
949
939
936
946
933
925
919
936
919
924
938
935
926
951
945
929
930
949
928
921
943
929
928
947
947
922
926
965
940
925
904
931
925
924
936
908
920
944
941
946
924
925
938
919
917
938
934
947
939
915
927
912
931
919
942
930
925
940
938
932
910
941
937
948
941
915
934
948
933
932
924
929
948
934
945
942
929
927
940
949
953
925
934
937
928
942
917
942
913
912
923
921
933
942
941
932
916
937
948
936
933
925
929
917
932
939
941
933
923
932
939
941
939
945
934
930
954
924
931
957
941
926
923
899
934
927
923
939
918
921
934
927
943
929
939
923
936
949
921
942
944
943
925
919
939
936
914
923
937
922
945
935
928
937
957
932
939
907
933
918
935
931
921
920
932
950
932
947
926
930
904
941
936
944
932
955
936
949
935
945
932
940
932
925
929
939
929
938
930
923
927
952
918
946
925
944
931
934
931
936
927
919
937
920
922
919
914
932
919
923
929
910
918
935
934
942
928
931
932
934
931
919
928
929
924
918
931
910
931
929
926
949
947
933
922
932
934
934
935
943
946
929
934
931
917
914
938
936
927
935
926
937
935
942
920
927
931
923
950
934
936
935
918
925
947
923
938
938
930
933
955
929
912
923
944
943
936
941
936
924
937
932
928
940
926
917
946
936
948
929
923
946
934
928
956
942
908
921
912
940
924
919
936
919
925
946
925
912
931
921
904
946
931
941
930
926
943
942
924
926
911
916
917
946
908
917
924
916
908
936
924
924
933
924
943
938
916
938
918
936
933
952
934
933
940
940
941
930
928
936
918
925
928
913
931
936
929
934
954
939
921
934
920
929
930
913
922
946
940
942
935
919
940
918
925
929
935
933
959
933
935
927
934
935
929
911
935
946
945
919
934
926
947
925
909
951
936
942
930
935
920
950
939
933
938
936
948
942
934
939
941
920
939
937
942
945
940
946
952
949
943
928
950
937
947
922
957
952
936
936
922
940
936
944
909
935
949
951
924
924
942
940
922
907
932
924
940
951
934
934
934
935
922
937
960
921
921
933
917
920
917
929
926
933
930
954
947
956
934
932
920
917
919
918
939
949
935
911
930
938
916
943
935
925
928
953
946
942
932
914
929
936
937
947
936
945
934
948
957
928
920
935
919
926
935
927
925
942
926
923
935
922
933
937
934
936
945
945
949
927
933
938
945
936
948
924
920
937
945
947
947
937
926
933
933
945
927
921
911
931
921
939
934
933
940
945
927
945
940
934
933
938
943
948
943
933
906
907
927
923
944
941
918
938
926
904
934
928
939
927
952
930
956
949
947
948
935
940
926
936
931
932
936
934
913
937
920
939
931
926
937
938
938
942
922
908
909
942
929
927
919
934
934
923
929
942
946
934
938
943
910
926
930
942
946
973
