1065
922
920
953
906
938
940
934
903
931
908
922
920
936
942
924
922
926
923
925
917
937
936
926
930
933
931
933
934
931
949
954
927
926
927
936
944
935
952
944
906
940
924
934
925
942
941
925
937
929
927
935
929
920
926
928
930
915
929
951
901
925
940
948
949
926
940
947
950
945
919
925
907
934
927
946
943
954
927
949
956
944
925
935
934
934
926
937
932
909
931
938
924
933
921
951
928
939
929
918
941
924
933
943
946
925
927
941
915
927
922
924
925
924
932
924
918
925
921
930
949
918
927
920
932
936
940
912
943
937
943
919
935
924
941
921
945
935
925
940
934
945
934
937
932
927
930
926
928
920
905
916
919
931
928
935
941
921
928
933
938
908
942
919
927
940
945
922
921
936
945
921
916
923
942
945
930
939
946
945
930
932
946
941
946
943
912
949
944
927
933
947
930
935
949
931
932
933
928
936
930
933
930
921
921
904
924
935
928
919
936
937
916
936
926
934
933
920
941
938
943
937
933
939
914
940
931
931
925
940
940
930
932
935
930
914
930
953
933
932
927
915
946
944
942
918
948
927
928
922
927
946
942
938
934
939
934
938
918
913
936
935
937
930
934
927
907
930
932
950
928
935
914
936
927
942
928
950
936
930
921
932
947
947
951
950
932
931
919
929
920
931
915
921
930
930
942
917
923
926
934
913
932
932
928
947
950
917
925
920
901
930
919
917
936
930
949
943
934
940
934
927
947
944
918
921
926
936
944
909
913
938
921
926
912
932
931
932
906
934
955
923
947
966
929
934
946
938
916
940
922
931
934
929
946
954
941
915
909
933
960
941
921
923
914
917
931
938
941
953
925
951
913
932
913
926
922
922
918
930
947
904
934
932
926
926
912
910
943
931
928
946
928
946
947
932
914
949
940
950
925
934
937
928
933
937
913
928
939
940
943
933
918
928
946
939
925
916
941
942
953
924
951
950
943
930
944
936
933
913
945
945
946
919
942
942
944
924
927
956
941
936
950
934
940
925
924
947
955
941
927
918
933
936
931
944
925
935
939
941
928
914
944
943
950
930
914
934
944
931
929
926
923
921
924
934
936
918
940
949
942
920
933
944
949
932
926
918
928
933
934
935
929
934
898
921
927
937
950
953
935
931
927
943
942
937
943
928
933
929
938
931
928
932
952
930
929
925
929
929
938
932
930
942
912
924
927
947
915
923
926
947
925
950
940
938
921
911
936
940
932
955
913
917
907
927
943
929
942
944
911
935
945
935
934
925
917
912
935
936
949
924
927
927
947
945
913
923
926
914
922
924
920
922
927
933
928
950
926
933
928
930
928
922
939
923
925
918
930
926
931
930
922
930
906
933
932
941
949
927
946
944
939
925
939
930
933
936
934
917
932
934
924
928
936
913
947
934
952
942
940
947
947
937
923
943
934
939
946
930
946
935
935
938
908
936
938
935
948
915
933
905
946
945
945
930
930
931
944
921
962
925
935
931
903
927
931
938
918
934
916
935
931
928
921
920
942
944
933
932
943
922
931
944
950
930
910
915
936
931
925
925
945
922
928
930
936
915
909
901
936
926
928
937
928
909
935
937
940
931
932
931
934
925
931
935
912
915
932
934
930
928
929
919
924
936
931
935
931
944
933
935
935
920
933
916
928
935
942
929
936
919
924
930
927
933
924
921
924
926
933
933
934
939
934
948
924
932
957
943
943
913
920
917
945
932
944
920
941
921
942
943
941
927
938
925
921
923
941
928
929
939
943
933
940
911
932
919
939
954
939
929
943
934
913
948
928
906
949
942
935
906
941
937
922
927
956
937
908
919
935
918
927
928
925
897
923
920
944
934
936
920
927
948
931
939
923
947
950
952
931
937
940
928
928
940
941
917
908
929
930
924
930
929
933
931
935
946
931
928
911
927
928
953
926
917
926
926
935
921
937
940
928
931
938
918
929
923
931
939
940
925
944
919
941
940
929
920
942
945
930
926
943
922
945
939
947
927
946
937
941
937
926
938
923
952
935
933
917
930
942
931
935
945
918
928
922
946
938
917
947
940
945
929
936
940
938
932
940
945
939
923
930
928
934
935
936
939
933
940
935
936
927
943
908
915
927
938
932
906
928
920
938
928
949
945
947
947
955
917
928
925
925
922
929
930
933
921
918
942
938
937
947
937
930
945
936
927
935
934
915
920
946
931
931
924
938
952
929
931
930
921
923
935
937
944
938
932
937
929
926
922
941
943
957
925
923
931
905
930
944
936
938
935
945
928
927
925
915
944
931
935
945
921
933
913
924
937
943
956
935
941
920
927
950
931
933
936
913
935
930
925
939
933
929
912
926
913
928
944
931
939
912
940
945
937
944
960
928
920
929
934
921
942
940
945
909
932
944
931
931
930
924
927
936
933
931
939
938
936
928
921
934
939
929
930
937
931
929
933
923
921
915
928
915
942
957
925
936
919
916
953
910
932
931
944
930
924
938
949
946
928
931
943
948
939
939
910
939
925
942
929
930
926
924
939
929
919
944
895
913
911
908
928
933
917
931
946
939
919
928
916
922
920
939
944
921
918
950
923
922
939
924
955
940
936
931
932
906
929
941
938
934
956
949
932
933
949
932
925
926
944
906
928
938
936
932
946
948
935
937
952
943
911
922
942
948
939
914
941
947
921
911
935
937
944
926
928
913
955
940
932
912
932
932
936
924
925
922
933
933
927
942
944
928
928
947
928
931
928
929
918
941
934
916
952
922
938
933
926
951
928
936
918
933
921
943
933
939
926
932
914
921
928
908
936
931
911
922
930
941
959
941
923
917
920
934
940
941
932
935
939
940
935
939
941
939
947
925
929
915
910
910
925
909
928
942
939
922
919
899
949
936
942
912
909
926
929
932
902
905
934
920
932
952
926
912
911
925
953
955
928
938
910
923
931
937
933
948
949
935
922
937
936
934
914
940
933
934
938
936
920
932
901
939
931
948
937
938
944
918
925
940
920
941
924
942
926
923
944
913
938
943
931
945
908
931
929
930
927
910
927
932
914
923
959
939
922
931
933
933
922
948
923
918
941
939
933
934
931
927
923
948
929
935
923
946
934
940
926
922
926
927
936
939
947
922
932
917
945
930
902
916
937
941
915
932
908
928
914
928
935
924
923
900
933
938
950
923
950
929
952
949
932
927
943
930
927
933
925
933
953
929
937
947
938
922
954
936
928
932
930
941
956
934
927
916
925
936
925
925
908
923
935
921
949
932
936
936
940
914
924
955
935
923
939
934
941
931
917
928
929
927
919
925
947
952
938
940
957
931
941
943
929
930
921
910
918
931
913
926
922
900
928
924
931
929
941
929
926
934
936
930
921
935
942
928
931
936
955
925
939
924
926
907
935
948
922
916
943
926
932
924
933
950
927
943
925
931
947
920
927
940
941
921
926
916
926
943
944
915
948
919
931
945
932
932
916
923
923
942
938
929
918
927
944
958
924
928
939
926
945
922
925
920
929
936
932
931
943
921
936
936
942
917
926
938
915
937
933
912
920
920
944
921
906
934
919
920
941
931
927
932
918
938
943
944
931
921
938
930
925
930
920
920
923
906
932
926
941
933
939
943
928
920
947
920
932
931
932
936
920
935
934
908
909
922
922
927
919
919
920
942
933
960
941
914
929
947
952
929
929
928
943
939
939
926
919
942
911
924
908
948
936
941
944
934
938
956
921
929
929
939
942
941
935
941
930
937
943
931
929
935
918
939
919
916
938
912
954
939
929
922
922
937
936
948
938
939
931
929
931
935
925
922
918
910
929
908
935
924
949
928
936
933
944
940
928
907
926
938
920
926
942
937
924
931
914
899
927
942
935
925
932
919
925
926
928
942
939
950
923
937
949
924
921
920
924
920
958
935
951
946
930
938
931
931
920
931
898
913
937
933
911
959
927
942
920
943
926
927
935
928
954
934
922
929
931
947
930
932
913
942
940
930
938
939
943
946
934
920
932
933
922
911
916
949
940
921
906
941
927
938
939
942
957
936
938
926
923
912
931
927
932
932
950
927
931
925
925
941
922
925
950
935
927
921
955
918
932
941
924
938
923
946
940
935
933
918
922
923
919
930
932
912
930
941
907
914
927
941
925
955
934
945
944
928
933
936
941
943
949
933
960
927
946
920
931
924
934
929
917
929
917
935
940
924
931
927
924
930
938
937
919
921
922
934
935
952
923
929
951
918
924
939
932
944
950
926
937
925
919
936
936
938
923
933
937
926
929
918
928
938
933
939
930
926
918
939
959
921
944
944
930
933
929
955
933
915
943
959
930
941
935
933
942
936
935
919
930
942
940
917
908
951
930
940
912
915
939
920
926
927
930
931
928
927
923
948
915
909
929
922
917
917
919
908
939
928
932
930
947
935
932
931
931
932
946
932
927
912
919
941
931
941
930
944
927
923
924
922
946
943
919
946
947
935
919
929
912
912
940
940
939
949
942
927
941
954
942
933
933
940
915
939
911
956
919
908
927
923
937
911
946
952
944
921
919
930
926
937
935
944
930
933
937
944
940
943
948
913
914
930
925
929
932
934
925
919
919
937
922
915
920
932
938
934
944
922
935
939
924
925
945
918
919
944
930
932
926
907
920
925
924
951
925
954
935
940
952
951
935
920
935
910
937
926
924
922
925
917
929
944
937
918
958
921
933
917
925
919
904
921
930
924
914
940
933
927
926
931
954
951
942
929
949
950
922
941
948
947
929
935
929
935
917
940
922
934
950
931
934
916
935
934
929
946
942
951
939
933
949
935
932
922
913
928
919
919
931
938
931
938
920
946
932
930
923
946
910
949
917
935
945
936
929
939
933
928
901
942
956
932
911
924
916
910
942
919
932
944
907
906
942
923
916
935
962
948
945
943
934
924
914
932
924
913
916
928
940
916
922
919
941
944
941
934
935
939
948
915
937
927
955
941
927
930
930
925
928
929
925
943
935
936
943
933
939
930
934
929
942
935
917
936
929
933
922
935
923
915
907
912
939
949
967
920
925
938
930
941
923
920
935
914
939
931
951
951
933
919
926
929
948
948
936
925
917
931
913
911
935
942
932
929
906
924
921
918
918
921
925
923
918
948
940
937
947
935
922
922
953
925
930
941
947
912
925
923
936
926
924
927
951
931
944
945
931
928
934
947
947
942
937
920
910
931
934
931
945
919
915
944
937
937
937
928
945
930
935
920
937
932
938
950
934
931
939
923
928
931
942
950
935
934
918
938
919
929
938
933
925
915
929
940
920
933
930
949
918
933
934
924
930
942
922
937
939
913
929
935
919
906
924
923
937
925
942
932
933
947
951
934
943
940
934
924
924
897
941
947
953
936
950
916
938
926
950
939
941
939
933
927
928
932
935
919
921
926
940
943
919
909
919
928
949
943
932
932
925
926
923
925
939
922
930
937
933
930
927
944
926
906
934
912
927
944
923
925
911
936
931
929
943
942
920
918
948
937
938
919
940
919
943
932
941
926
938
940
940
921
940
932
937
928
934
933
926
947
922
935
942
937
939
931
921
930
954
942
939
923
928
941
925
914
946
942
938
930
918
942
934
933
951
942
937
928
915
941
931
956
926
922
942
940
931
917
938
938
918
938
939
935
925
917
926
931
928
942
939
943
952
925
944
935
933
917
932
927
916
921
923
930
905
914
941
951
936
936
929
978
