1065
923
940
913
926
941
948
958
933
922
920
925
926
925
949
932
926
937
959
903
938
933
921
932
921
935
906
936
960
919
923
927
947
947
925
924
924
903
920
919
961
925
923
948
930
929
928
937
939
943
947
929
938
917
927
926
918
913
931
931
952
956
914
930
937
921
921
922
935
932
928
910
927
933
937
946
928
937
946
938
926
919
921
954
951
951
938
927
917
924
932
912
928
936
923
935
950
937
924
943
946
929
924
928
943
954
930
900
933
928
929
942
921
943
927
934
928
926
936
935
931
929
925
932
930
931
927
938
936
930
915
926
935
937
924
949
937
915
936
923
927
927
930
916
915
929
930
931
936
931
934
946
944
924
923
936
942
928
953
940
931
927
924
946
937
926
929
927
939
935
931
949
935
923
941
932
931
918
924
934
946
926
945
944
937
935
937
942
929
947
917
930
946
938
937
945
942
932
938
924
927
929
933
939
939
907
933
926
936
909
927
942
936
924
910
915
937
928
922
907
929
927
947
951
952
950
913
924
936
944
959
956
919
933
934
945
945
949
938
918
933
930
931
927
950
932
958
935
917
924
941
935
934
920
905
914
944
945
953
929
925
919
940
927
936
931
940
951
940
947
923
932
918
935
932
929
916
921
933
912
924
939
938
952
928
915
937
908
946
920
919
931
927
931
943
945
944
917
935
932
913
932
926
929
946
906
928
928
929
941
926
911
902
931
939
939
949
931
912
943
914
936
933
930
933
918
931
956
943
928
939
954
946
926
930
917
932
946
931
944
948
938
927
938
950
940
940
930
935
943
926
916
921
919
928
929
921
952
942
931
920
958
929
950
938
960
918
946
942
920
924
945
904
940
939
933
909
922
941
931
938
928
936
934
942
925
924
930
933
926
929
924
935
928
908
951
949
921
947
950
939
931
922
915
928
944
938
931
903
948
932
938
943
929
919
926
935
928
917
927
934
952
931
895
916
913
938
939
939
937
940
941
955
922
934
949
926
924
930
910
912
948
934
931
917
962
921
913
936
945
937
948
919
940
927
936
944
937
932
945
940
930
920
915
921
932
922
939
934
944
943
930
932
910
927
942
934
928
926
927
929
934
930
920
932
928
932
921
927
938
924
927
927
930
909
925
912
935
951
905
932
925
939
937
927
923
948
929
930
930
916
934
941
933
927
938
947
941
936
949
933
931
921
925
914
934
934
941
936
937
937
938
950
948
958
939
937
946
930
934
947
938
916
914
908
929
922
919
916
944
936
943
932
942
941
949
966
921
942
938
930
932
952
945
938
923
919
905
928
934
944
930
929
927
935
933
926
935
931
918
939
928
933
926
943
929
941
936
946
943
919
928
933
935
930
932
933
919
936
940
917
936
942
942
934
927
932
939
923
943
938
962
934
929
932
939
934
939
919
931
936
942
939
934
937
945
927
929
940
948
919
936
942
919
938
909
926
935
913
933
934
926
941
943
925
940
914
936
933
938
916
938
942
921
958
921
926
931
931
931
927
925
936
913
940
943
947
930
925
944
935
919
923
939
923
907
933
941
936
929
899
921
913
920
952
942
923
934
906
930
936
932
942
938
928
900
930
932
915
950
931
935
931
909
946
920
925
925
927
920
926
935
919
931
942
949
929
897
942
949
931
933
936
921
920
928
926
931
924
939
921
930
929
948
935
933
933
917
926
943
938
910
922
906
949
930
931
930
943
936
953
928
944
934
935
931
938
949
937
939
924
931
942
922
947
926
923
937
918
918
925
955
964
939
932
951
921
931
909
945
923
963
924
906
938
910
920
909
931
926
928
918
920
935
941
948
929
936
955
930
941
937
929
928
922
937
932
954
930
926
909
932
931
953
935
911
914
951
928
930
925
943
936
937
944
924
938
937
937
940
920
942
933
953
926
940
939
912
924
925
927
954
923
937
930
918
910
934
937
921
937
934
937
927
925
941
923
921
930
924
929
931
932
921
961
935
944
911
926
944
916
915
930
918
915
929
965
934
933
933
951
950
915
936
933
951
938
928
931
921
937
919
933
920
925
945
926
928
924
932
937
928
933
933
930
937
932
912
921
935
927
942
944
957
920
937
939
939
933
919
938
925
947
909
947
929
941
936
924
933
955
955
920
931
934
926
941
925
932
937
931
937
934
943
933
941
938
935
915
938
937
942
940
935
926
931
929
935
932
941
938
930
943
943
948
930
940
918
940
930
930
933
929
921
926
932
918
915
937
942
930
912
948
925
918
928
929
916
933
933
925
946
920
917
911
954
923
938
946
949
927
910
944
949
952
935
942
947
924
943
922
924
934
925
946
935
922
938
943
934
922
917
930
939
920
943
935
950
916
929
923
931
929
918
920
929
943
937
931
939
925
943
929
926
934
922
949
941
922
923
933
915
942
921
935
917
944
954
924
927
931
926
901
925
912
951
951
951
936
937
938
923
930
940
927
933
924
954
933
916
925
915
910
931
947
938
937
940
911
964
952
931
922
922
942
920
933
926
930
946
916
926
928
929
942
932
902
936
953
916
929
932
917
921
922
940
931
953
946
932
947
943
902
934
946
940
926
937
948
946
953
940
946
950
935
940
931
938
920
927
922
950
922
917
933
935
939
927
939
949
935
939
929
933
939
944
921
939
939
922
942
944
950
912
894
926
927
935
932
922
934
943
957
918
927
921
927
919
932
937
921
942
916
907
949
907
935
928
934
931
936
932
909
936
942
921
948
942
923
933
917
924
917
929
931
921
932
933
926
932
922
938
939
927
931
939
924
916
947
946
930
934
940
926
942
907
919
955
945
942
929
938
942
935
924
926
956
932
936
918
918
942
921
931
926
942
930
940
929
914
955
947
922
926
929
935
916
930
930
924
944
908
926
942
938
924
936
940
933
937
951
946
923
932
932
924
930
934
928
936
944
944
926
927
914
933
949
938
940
943
934
938
949
927
935
933
932
948
934
942
911
915
937
919
913
928
921
943
920
922
929
937
925
930
933
938
927
955
930
936
935
930
928
907
924
936
933
940
942
951
939
930
913
933
920
944
950
922
937
929
940
957
931
933
921
955
922
910
950
929
942
939
958
915
939
916
944
921
927
940
945
922
927
964
945
940
939
916
928
916
939
929
944
938
934
937
932
946
929
934
940
946
922
915
912
936
924
915
936
943
947
935
946
952
944
944
911
932
920
925
927
951
939
939
935
944
935
934
929
925
939
933
927
927
922
919
930
918
936
930
921
928
943
945
945
929
914
930
949
932
935
932
926
930
920
922
940
943
932
937
922
943
921
940
943
937
947
942
935
921
920
918
938
935
928
947
950
943
947
925
936
916
932
927
928
940
948
935
931
909
924
913
930
921
937
939
933
940
947
942
933
934
920
933
934
952
939
939
935
936
916
925
936
920
911
927
936
944
948
924
915
911
921
932
928
923
949
935
910
942
931
926
923
951
917
933
938
950
950
914
896
922
920
930
925
942
924
922
940
919
927
934
945
926
931
922
936
922
932
922
923
924
950
939
919
939
919
898
922
941
922
922
919
923
924
925
931
925
928
923
923
936
919
921
949
929
957
920
940
916
939
928
937
951
937
955
928
942
920
932
923
942
929
918
919
938
956
924
929
917
934
920
930
930
930
929
928
929
917
917
930
939
919
959
923
939
926
927
941
924
921
936
949
927
943
936
930
927
928
927
925
921
933
922
924
913
911
927
913
935
945
936
917
930
916
931
911
928
929
928
918
944
910
923
950
917
949
909
939
933
927
932
944
938
939
925
924
955
942
928
926
927
917
927
929
926
921
947
944
951
937
929
937
929
924
934
936
923
940
942
953
919
927
910
943
941
930
925
914
936
935
925
929
927
931
915
921
928
935
948
924
942
941
943
943
939
940
922
928
923
950
935
930
925
937
943
914
929
929
931
947
937
932
929
911
940
915
922
914
945
941
917
920
936
942
929
950
955
931
933
956
931
941
926
923
922
920
929
938
923
935
914
941
943
939
913
931
924
932
923
922
923
905
942
931
948
923
923
944
929
896
927
937
935
929
937
943
933
921
921
921
911
911
923
955
921
931
943
929
945
926
935
940
939
916
948
920
934
936
924
936
951
923
931
935
922
934
916
929
938
937
935
932
937
930
918
943
935
944
937
926
915
926
941
946
915
941
925
951
937
940
926
931
910
948
957
934
925
926
926
942
953
948
921
923
931
946
913
955
928
942
930
918
956
917
950
939
932
923
954
946
928
929
940
934
915
939
948
936
930
925
952
948
930
947
937
940
932
929
937
926
931
929
944
930
959
942
930
933
920
928
944
946
899
925
954
925
923
930
918
950
928
922
955
923
911
909
948
924
934
940
945
930
925
926
928
941
928
935
944
942
936
933
944
954
926
934
931
914
911
928
937
953
943
933
928
939
933
939
949
937
935
933
938
941
912
937
941
920
903
919
941
928
918
938
922
942
936
922
929
923
915
943
931
929
920
945
928
942
940
930
913
941
946
927
947
963
942
938
934
929
946
926
900
886
928
920
928
948
932
914
925
948
937
941
934
920
907
933
937
941
938
923
949
926
907
947
939
943
938
912
927
950
944
928
938
939
941
938
928
911
940
946
914
908
944
937
939
921
930
944
945
938
951
926
937
937
941
936
934
939
937
938
928
904
925
920
914
925
929
924
938
920
932
925
933
942
944
945
939
931
925
935
944
925
924
940
932
939
934
909
928
945
930
913
920
923
908
932
927
932
929
940
933
932
944
936
929
924
936
932
928
935
954
952
929
940
908
919
920
927
943
922
919
956
920
941
930
928
935
923
924
914
916
930
923
918
941
925
924
939
951
928
932
924
906
935
939
920
946
929
946
929
934
938
933
920
928
921
931
948
916
917
943
941
944
944
925
936
909
925
940
940
935
947
940
928
921
932
931
919
933
935
940
936
922
921
919
935
925
933
936
932
930
936
922
939
922
940
932
944
948
924
933
933
947
936
934
935
920
928
921
924
919
934
931
958
941
932
948
926
935
931
925
920
935
935
942
966
934
932
919
923
929
928
927
908
929
931
939
927
930
911
937
946
953
924
961
924
931
933
939
931
910
937
930
934
940
940
944
914
928
933
947
932
921
961
916
920
945
943
923
945
947
924
913
932
937
905
916
936
934
934
948
938
923
934
942
930
935
931
941
932
930
921
929
906
911
942
935
942
928
934
916
940
927
929
936
929
922
919
933
925
932
918
919
933
933
924
953
910
919
939
919
931
933
940
911
935
926
921
917
941
947
936
941
947
932
924
929
932
938
938
937
932
933
930
945
934
934
915
927
933
938
925
924
938
906
934
918
910
908
925
910
924
932
935
937
922
930
934
953
936
946
939
921
921
938
948
931
929
927
940
944
937
927
939
925
943
936
938
939
949
920
943
921
951
934
947
925
938
940
929
945
927
933
911
931
932
933
943
927
940
941
958
936
929
940
927
928
944
932
939
922
929
930
927
941
933
949
920
912
936
915
929
943
930
917
924
922
931
931
916
931
930
931
939
922
936
923
930
935
959
926
912
931
928
922
931
924
938
926
937
924
943
931
930
935
935
932
952
933
952
947
927
925
941
933
923
920
915
921
925
951
946
941
904
928
922
950
926
919
937
928
925
927
921
933
923
913
934
927
921
928
924
945
934
940
944
945
930
933
922
941
921
937
927
937
943
925
976
