1065
927
906
932
938
948
937
943
934
937
941
948
942
924
914
919
930
919
926
933
943
921
945
913
921
918
944
935
938
950
936
940
932
936
931
910
937
927
932
938
934
913
939
906
924
928
937
949
930
937
929
919
922
919
943
939
931
945
940
906
937
946
940
922
933
924
952
949
918
945
945
913
920
930
928
928
926
935
922
958
916
931
931
928
920
946
938
925
907
939
924
947
927
956
931
925
914
904
948
934
931
933
920
939
948
938
923
944
932
948
917
937
938
933
923
909
921
962
924
920
930
939
928
906
940
898
923
925
937
933
934
942
950
937
930
927
952
937
920
936
921
936
923
936
948
940
953
926
931
917
916
917
929
939
940
936
934
928
915
929
947
949
943
940
930
935
938
928
911
928
911
952
919
947
919
931
940
944
935
924
922
934
931
927
940
939
930
921
931
935
936
945
941
942
953
926
942
936
919
936
934
943
929
940
944
933
948
927
918
921
925
948
930
918
934
920
918
933
932
926
937
930
927
932
957
920
947
928
937
928
932
926
917
926
931
913
940
936
923
949
959
942
940
947
944
942
930
923
942
923
932
934
914
927
922
937
927
937
921
916
947
932
928
944
913
944
932
930
934
915
915
914
918
927
924
946
946
936
945
924
936
931
930
919
918
944
936
948
940
938
931
938
947
935
934
949
940
923
934
925
931
921
944
932
945
940
940
966
946
930
950
912
930
937
927
924
937
936
960
932
951
924
919
929
950
917
925
925
933
917
928
926
928
941
929
939
923
920
946
955
908
925
906
912
949
938
936
918
939
935
934
932
928
918
944
931
932
944
922
920
925
925
916
911
933
932
919
923
917
939
950
931
931
944
924
930
932
932
927
936
942
941
923
934
927
916
931
932
932
936
932
948
926
942
931
921
918
947
941
923
901
921
924
935
936
953
935
923
930
930
926
923
933
915
926
927
949
922
937
921
924
922
926
963
928
929
935
930
920
931
949
937
925
920
921
943
947
925
920
917
925
938
936
935
937
945
928
921
928
925
938
923
932
931
934
941
945
931
938
932
909
938
916
914
925
933
913
921
937
944
940
925
924
935
941
940
951
934
919
920
945
925
936
928
939
939
912
909
938
935
938
949
935
921
922
931
947
939
943
926
938
914
930
939
935
933
929
925
941
941
932
934
944
934
920
924
938
943
947
908
920
941
936
932
945
928
925
935
963
926
944
923
931
938
963
940
940
905
951
947
943
942
936
938
922
929
954
927
956
927
920
933
945
919
939
916
931
917
928
933
911
930
925
943
916
920
931
935
947
927
939
925
912
903
923
926
936
939
935
916
943
920
916
937
918
953
934
960
931
934
944
929
928
928
927
938
932
944
945
915
925
929
934
911
929
946
927
951
944
920
934
931
932
944
972
929
921
923
938
941
938
921
933
946
944
948
918
929
931
941
932
936
921
924
939
929
919
943
918
921
909
930
919
947
958
951
939
947
927
921
936
916
930
930
918
906
938
920
930
923
910
922
925
938
931
913
931
939
932
952
916
941
925
928
920
927
919
936
940
946
946
922
931
934
929
937
932
942
941
934
930
920
929
939
920
907
929
918
942
930
919
928
923
930
950
913
938
939
951
922
956
943
936
951
913
921
935
921
909
934
922
904
934
928
900
944
935
928
922
961
932
937
927
939
942
924
919
925
935
947
922
941
934
931
926
942
941
919
930
950
940
933
948
945
939
939
928
933
912
927
936
925
927
917
942
915
932
929
934
923
938
953
939
929
928
930
935
923
931
936
940
922
937
952
924
919
937
919
934
921
944
924
941
951
946
912
939
926
916
935
913
925
939
927
933
938
930
929
932
953
945
931
930
926
913
934
957
921
956
944
929
932
920
926
930
933
922
938
942
940
945
946
929
949
936
938
913
938
944
936
955
931
922
936
930
925
943
935
929
931
911
944
928
936
945
939
934
942
915
918
933
932
934
936
942
921
922
926
938
929
943
918
930
938
933
934
928
941
946
924
934
917
923
964
936
937
926
937
916
928
946
924
932
920
927
933
921
918
915
951
907
945
943
928
913
936
937
943
939
936
941
913
928
939
951
937
938
932
943
928
920
916
938
938
929
935
956
931
919
919
914
918
919
917
934
899
933
922
917
906
937
917
946
942
927
932
921
923
930
923
930
923
925
941
921
948
940
943
926
917
942
926
927
926
953
935
927
936
927
910
928
924
918
926
953
922
938
914
925
936
931
926
932
938
929
936
932
932
934
933
926
922
945
948
925
917
926
948
953
946
935
951
918
924
943
939
933
949
934
936
951
930
917
926
938
943
929
940
953
945
930
923
925
949
933
921
928
913
945
945
938
913
938
929
917
922
909
922
942
917
937
945
923
930
941
924
927
921
957
926
927
945
939
946
932
915
931
922
925
948
938
930
917
948
918
938
935
926
938
921
922
943
916
927
935
928
922
915
937
930
933
934
947
902
929
927
935
934
936
931
898
919
944
927
937
931
931
922
931
927
941
932
947
928
932
937
936
921
919
936
932
912
932
914
942
943
920
932
931
934
942
923
927
923
929
923
930
943
955
917
928
934
933
927
953
927
933
945
929
950
926
937
940
933
901
944
922
921
934
944
918
928
926
935
910
935
917
923
929
927
925
943
921
940
939
935
941
934
912
930
923
936
940
941
938
956
915
927
925
939
948
951
932
935
952
924
921
937
929
910
909
936
933
939
924
928
931
927
938
935
934
915
955
915
922
923
924
934
950
937
940
929
943
932
922
917
950
921
916
935
933
916
940
920
926
936
933
952
950
944
938
938
928
937
925
923
944
931
920
936
934
954
949
955
933
935
919
934
940
926
932
941
935
923
926
920
923
954
945
942
928
932
926
940
935
923
928
926
936
918
926
941
939
920
933
943
931
894
930
949
949
938
940
922
927
943
956
915
927
948
940
933
925
924
930
930
936
918
913
921
937
938
917
930
924
932
926
928
936
930
940
937
944
928
919
927
932
943
931
928
929
933
922
924
924
934
930
948
939
927
940
920
929
947
933
928
912
936
934
936
923
931
947
933
911
940
929
941
926
930
927
924
907
933
914
933
930
927
953
935
933
931
949
947
915
929
914
935
932
934
923
899
925
935
938
931
922
908
949
921
931
926
939
929
908
927
944
931
923
925
933
919
936
950
945
930
927
913
938
931
935
934
939
917
932
927
923
937
936
922
949
932
925
945
945
923
921
924
933
918
922
947
936
921
939
916
933
916
929
939
934
904
932
923
918
931
915
933
923
921
914
947
917
928
941
942
953
959
939
936
934
925
933
944
938
929
937
925
935
931
931
927
934
919
923
907
946
919
932
944
935
922
929
917
927
920
936
925
924
931
940
923
942
941
921
927
930
926
924
952
930
925
923
934
931
932
922
949
943
926
933
914
915
928
952
922
908
932
938
935
942
937
929
900
940
918
919
938
934
936
929
933
905
921
919
926
942
931
926
929
942
938
929
917
935
924
939
920
932
930
936
920
944
929
917
925
924
924
941
918
925
926
929
903
936
925
928
953
939
929
912
919
944
944
945
952
938
903
945
958
923
926
927
934
913
931
938
941
943
940
927
926
943
942
919
927
919
926
924
940
940
944
906
943
941
946
937
927
933
938
919
926
927
919
939
926
919
910
932
915
945
939
941
925
929
954
937
932
921
941
929
926
934
948
935
956
941
927
936
931
933
925
944
924
925
925
930
947
898
935
936
924
935
929
908
922
931
928
954
940
912
934
925
943
926
940
943
947
929
940
935
934
936
937
917
939
930
933
928
921
929
931
923
945
946
916
928
932
917
944
936
939
921
933
949
958
927
914
917
930
929
932
931
935
934
916
941
934
944
935
915
950
937
936
914
926
944
938
927
917
955
943
940
919
944
945
929
947
939
925
926
939
938
922
914
915
936
927
944
945
944
928
935
933
933
936
919
932
922
935
938
926
929
937
940
901
937
926
948
931
940
930
924
945
944
920
944
930
919
934
932
919
929
931
918
944
926
924
950
925
948
939
927
930
929
925
928
929
916
925
926
937
933
932
926
937
947
932
917
940
947
939
922
919
913
928
943
924
925
948
947
922
931
926
946
931
925
954
947
924
921
937
936
928
928
932
920
929
933
930
931
925
924
924
935
914
939
954
943
937
938
940
946
920
926
917
909
936
945
927
933
940
918
934
932
919
923
940
920
929
921
923
899
922
934
930
937
943
913
961
948
917
915
939
932
934
935
949
937
914
939
942
919
903
917
926
955
907
914
925
918
932
940
933
921
931
937
943
927
939
949
946
939
934
940
916
943
950
945
922
924
936
927
931
928
934
942
925
918
926
911
919
909
946
927
956
928
918
928
940
935
935
926
928
934
946
922
930
925
915
924
922
925
953
945
937
939
923
932
930
932
929
938
933
948
948
942
937
941
939
914
947
941
926
919
917
906
936
925
930
923
924
931
938
915
940
935
931
914
950
907
941
933
931
924
940
939
925
947
907
922
916
931
926
908
938
953
924
937
938
921
922
920
944
932
934
939
927
948
914
921
948
931
939
929
917
939
926
926
939
928
941
923
925
911
938
950
949
959
923
922
939
950
935
938
927
936
928
917
930
932
956
941
947
928
954
928
939
930
947
949
956
936
921
932
938
950
943
935
942
937
949
928
959
946
919
926
929
949
926
928
934
928
947
930
960
933
935
935
933
932
965
909
932
952
952
944
917
926
931
915
936
942
933
927
946
946
930
937
931
927
930
928
932
937
919
935
939
939
924
941
936
939
939
932
930
918
924
938
915
949
930
948
921
929
938
921
934
927
931
906
940
929
946
942
935
936
939
933
924
931
936
943
927
938
917
927
932
903
924
937
937
899
933
924
954
936
948
940
915
913
917
921
938
938
960
943
949
925
931
928
950
949
934
910
927
940
922
933
933
929
935
936
940
927
927
923
943
949
919
936
945
920
939
934
922
928
933
919
932
925
914
931
945
932
927
939
926
946
916
929
953
930
928
923
929
937
924
922
924
925
939
918
933
954
930
945
954
945
947
942
934
931
936
934
913
941
937
933
906
944
923
927
914
921
938
932
955
951
944
926
944
951
926
909
926
948
933
923
930
920
928
929
928
931
924
949
942
943
936
933
933
928
938
924
934
935
938
938
920
929
936
933
950
947
962
909
915
931
936
934
923
946
925
917
925
931
933
934
943
942
927
941
940
939
941
903
923
937
941
920
940
944
922
931
921
921
934
934
927
940
933
931
937
911
925
946
931
937
921
924
938
922
932
938
918
924
933
926
944
942
960
925
932
931
942
924
905
927
918
929
916
942
954
895
910
918
929
926
937
934
941
931
943
935
952
930
927
930
933
944
946
919
933
922
933
944
920
933
949
925
921
940
944
930
918
944
944
929
929
962
947
927
920
932
953
930
940
931
921
914
930
921
941
916
936
944
921
927
925
933
943
938
948
914
926
926
922
923
951
919
919
934
951
932
945
939
928
941
949
917
928
930
924
926
900
929
940
947
922
942
940
944
931
919
920
935
924
929
929
922
937
914
928
941
932
939
935
910
945
927
934
933
918
927
946
936
935
930
936
943
932
922
955
942
936
932
914
945
927
915
925
944
948
935
944
941
933
923
948
942
928
921
903
934
929
919
937
935
944
918
911
933
917
937
938
908
914
942
931
982
