1065
924
943
940
937
938
942
917
907
915
937
935
934
932
932
915
940
924
917
928
927
935
942
938
924
917
931
938
946
958
942
946
917
932
929
921
922
936
937
915
928
944
930
932
944
945
929
942
941
948
922
940
948
933
932
946
946
932
923
938
921
932
942
912
935
934
933
938
927
929
928
940
933
918
910
923
941
930
933
927
937
931
929
940
930
944
948
941
931
935
921
944
934
920
912
934
922
928
925
916
942
937
933
940
913
928
937
936
950
943
917
933
944
928
938
910
922
926
930
929
959
926
926
926
914
942
954
929
921
931
930
927
925
936
934
937
931
938
927
926
933
941
914
904
925
925
944
934
925
933
926
942
915
965
940
939
939
920
926
931
951
925
929
950
936
912
919
938
939
927
935
928
926
933
917
933
941
943
927
944
939
949
933
912
921
949
971
924
923
922
911
942
934
925
944
934
930
929
948
929
933
940
919
932
928
921
928
920
932
925
915
924
941
929
933
931
944
938
932
934
914
963
931
941
952
926
947
949
931
934
956
920
939
934
922
918
932
937
934
925
927
941
929
934
945
938
941
904
917
938
934
913
926
940
939
936
934
934
933
942
942
930
922
944
931
946
934
938
920
952
941
928
929
915
930
936
938
916
933
924
941
920
937
927
925
942
929
942
912
941
938
933
944
931
926
907
933
935
930
934
957
926
931
914
929
922
941
942
925
935
937
932
940
945
950
944
936
915
941
919
920
923
950
924
942
914
941
939
929
928
937
933
951
931
939
926
911
926
917
940
949
919
936
918
944
919
935
940
924
938
934
913
904
933
947
937
932
949
927
934
931
941
954
934
939
932
920
939
914
915
926
936
927
937
916
929
935
910
905
944
936
941
923
943
925
929
934
910
916
915
933
936
937
948
926
929
947
947
948
928
944
947
944
930
935
929
930
942
929
937
928
930
940
921
920
928
937
942
918
919
930
927
923
925
932
933
937
926
926
951
929
906
926
931
940
925
938
918
941
941
924
933
929
938
933
929
909
945
962
944
930
950
947
952
939
941
939
949
940
934
912
918
943
939
932
926
917
940
928
919
950
919
935
918
922
932
939
919
915
923
943
939
938
923
941
944
937
931
915
923
944
929
933
913
938
937
927
927
932
933
945
924
928
931
934
932
932
942
937
919
930
927
936
925
947
925
942
943
928
930
928
936
921
939
942
946
923
932
921
936
957
936
944
944
910
922
953
945
942
937
939
947
948
933
973
935
943
930
924
933
927
955
921
954
943
933
923
937
944
934
928
932
921
914
929
948
928
935
941
947
949
943
919
933
921
942
934
930
936
929
939
946
932
927
897
942
945
941
944
944
924
932
912
940
927
940
954
931
934
935
938
939
939
955
940
928
936
926
911
935
924
934
944
919
909
927
921
944
950
936
944
936
926
919
941
941
953
918
945
950
912
926
931
915
944
925
932
922
930
938
924
938
937
922
936
912
935
931
941
924
932
936
929
942
930
943
934
928
921
939
950
932
923
928
922
919
940
939
918
937
913
932
935
941
937
935
932
940
937
926
949
911
934
916
940
941
904
924
937
929
933
924
938
938
920
926
913
951
924
923
942
943
920
945
940
930
937
940
950
929
929
932
955
924
946
945
915
904
939
917
925
926
938
929
923
923
941
943
924
929
951
934
935
918
932
924
946
940
940
910
930
938
938
931
945
936
928
911
958
923
927
918
942
927
916
941
941
943
929
916
933
943
920
945
946
948
933
942
937
941
933
939
944
918
935
937
945
932
918
930
933
937
928
937
909
936
928
900
935
929
930
945
920
931
911
911
920
943
928
920
915
917
943
953
941
932
933
930
937
949
924
941
942
941
922
935
936
925
946
948
917
939
913
938
939
936
932
930
924
922
937
915
926
928
935
920
948
928
937
907
945
920
921
950
923
934
921
935
938
930
938
943
937
936
934
920
937
944
936
951
931
949
923
945
937
956
924
929
926
932
907
910
937
941
940
925
933
933
929
921
932
923
943
937
925
904
929
907
918
921
922
924
919
932
929
950
936
921
935
937
940
912
939
939
941
921
929
929
922
935
910
938
930
930
938
936
925
945
939
937
942
935
918
919
923
906
916
942
953
936
927
925
909
946
939
916
936
935
918
944
922
932
929
930
915
928
928
910
940
944
930
930
950
926
938
927
936
939
925
919
930
935
936
963
924
941
923
931
939
933
931
940
935
946
932
937
907
953
927
959
933
930
928
931
940
918
926
941
929
925
918
911
942
932
937
951
956
939
927
944
936
923
945
932
916
945
925
930
920
931
935
931
924
921
940
916
922
932
924
920
936
935
932
935
928
953
927
934
922
944
923
947
926
928
937
943
927
945
916
928
916
951
931
920
943
935
946
953
938
930
921
921
940
937
914
945
929
938
937
944
931
943
930
925
928
929
925
926
932
935
937
948
945
928
927
924
935
906
902
929
926
917
949
944
929
926
936
939
925
920
939
931
913
945
909
942
949
924
961
930
938
941
948
937
933
921
933
922
951
942
938
935
945
938
943
932
923
927
946
955
909
953
922
926
921
941
906
931
941
920
939
930
919
949
939
936
935
938
921
931
922
966
928
931
937
937
916
929
933
931
931
928
946
928
918
931
937
952
940
945
927
929
924
930
934
948
922
941
945
948
947
951
944
924
909
929
942
935
924
927
933
907
933
941
934
934
928
934
952
932
906
918
905
933
927
955
938
930
917
945
934
934
928
929
928
939
939
917
940
932
923
938
924
923
924
937
941
937
926
912
953
933
928
934
919
942
937
930
938
928
929
941
919
944
943
926
923
943
911
926
919
916
925
935
944
933
927
934
962
944
937
926
928
924
926
944
924
930
942
915
934
911
933
941
927
914
957
949
945
919
930
938
917
922
909
933
939
927
940
937
946
933
903
924
910
935
927
951
921
925
907
922
933
966
938
934
922
929
919
924
913
926
930
934
933
931
937
922
933
928
909
917
932
938
923
946
929
935
899
959
941
926
940
915
961
910
927
928
936
935
925
910
929
926
933
926
938
946
953
926
946
941
923
918
927
936
939
935
942
919
939
936
932
950
934
938
950
956
931
924
940
951
941
936
924
932
938
935
950
940
947
943
934
892
925
911
947
914
919
945
921
930
921
936
940
936
916
926
925
923
938
926
909
906
932
927
936
945
929
940
930
935
935
943
935
933
947
939
941
911
945
933
956
917
913
918
925
911
941
946
941
923
929
945
934
945
940
943
927
929
904
957
936
925
934
918
932
927
949
941
930
943
936
922
941
933
924
927
925
915
934
932
937
940
941
924
918
934
936
933
933
926
931
911
944
920
936
926
911
944
934
936
935
920
933
934
924
898
932
943
943
928
930
932
916
943
950
945
914
939
949
936
930
928
921
926
927
936
929
918
924
925
917
941
930
931
944
926
917
935
934
927
928
916
947
933
949
946
941
942
932
951
939
932
944
929
920
938
934
938
935
924
941
933
937
923
951
957
945
948
938
916
929
942
936
924
935
938
915
932
932
925
940
940
919
934
934
920
910
941
915
950
923
939
939
947
919
952
937
910
926
897
927
933
911
928
921
931
951
929
941
929
927
935
932
927
935
911
929
929
926
907
935
941
932
951
931
926
933
937
950
936
954
902
934
933
920
948
931
917
951
959
939
938
948
940
944
920
952
926
951
927
939
920
935
926
933
939
932
923
922
899
937
944
913
945
916
944
918
937
929
898
927
948
921
925
934
940
944
942
912
935
939
936
947
934
955
929
931
924
918
926
937
936
921
948
908
958
930
943
930
939
943
935
915
921
924
915
932
938
935
914
906
922
928
929
961
949
938
939
928
934
939
934
941
932
936
918
928
936
923
924
935
940
911
919
935
933
954
934
937
938
915
943
923
943
937
942
937
935
927
912
934
925
930
928
922
928
919
914
945
953
913
921
917
933
939
914
935
929
935
934
935
935
949
941
934
932
937
945
936
943
937
936
932
929
935
937
932
930
949
910
928
926
935
932
915
929
915
925
935
923
925
916
913
920
935
956
927
940
938
923
938
941
941
916
924
930
921
937
934
927
918
942
923
925
934
932
925
931
935
946
918
924
945
934
941
949
936
933
912
933
933
927
913
919
946
948
921
920
936
919
921
906
938
948
932
915
916
933
945
940
926
919
927
928
937
915
935
952
934
914
931
918
938
929
934
916
919
942
946
965
960
943
923
940
945
925
937
932
930
930
918
948
920
914
924
913
944
906
931
934
946
922
947
910
926
946
940
937
927
928
927
915
916
928
931
919
925
935
940
945
951
930
917
920
921
935
924
933
946
932
940
931
946
933
932
916
929
937
937
933
909
933
925
931
926
930
924
927
943
919
917
957
937
938
929
909
916
946
926
925
921
938
944
926
902
922
941
923
926
923
947
935
931
943
940
915
923
944
943
943
926
914
928
938
949
912
938
937
919
918
917
937
952
926
940
949
942
918
943
905
944
933
944
932
933
926
934
934
945
948
931
919
929
918
938
943
929
947
941
927
937
943
933
932
926
939
923
942
928
950
936
944
937
947
944
919
914
950
941
939
914
932
929
937
922
907
944
937
943
936
920
923
955
933
930
919
930
922
925
949
930
912
944
926
935
943
933
918
915
920
925
924
938
930
927
920
935
927
911
930
928
921
931
938
926
933
921
940
933
940
922
916
917
935
943
933
927
924
914
929
937
919
934
938
937
931
926
927
946
934
939
934
952
938
938
939
937
929
919
924
950
955
940
942
938
947
933
915
937
916
960
936
923
922
915
913
936
946
955
942
938
934
946
939
944
936
921
919
925
942
933
941
926
944
925
938
919
947
941
930
938
931
921
913
922
918
926
948
929
929
921
940
925
942
931
949
938
932
917
934
935
922
949
951
942
919
921
951
932
925
930
921
925
932
936
923
937
925
942
933
931
927
925
930
940
929
934
932
931
910
934
947
923
934
946
930
922
940
921
941
928
911
943
935
939
966
936
928
925
938
929
937
955
922
935
935
929
944
941
946
938
904
914
931
928
918
944
934
933
927
918
935
941
931
924
940
947
927
930
927
923
929
917
933
931
908
900
921
936
941
914
932
926
923
936
922
942
931
917
925
928
931
927
936
926
944
949
922
930
919
925
921
928
933
929
933
940
942
949
926
943
945
940
935
940
941
945
949
926
922
932
927
934
942
936
940
933
924
942
928
937
939
905
950
935
947
929
933
914
956
917
954
943
939
924
932
943
933
935
925
917
924
905
938
945
928
947
909
917
942
936
925
934
945
934
926
932
937
931
933
920
937
919
926
920
931
900
933
936
939
920
938
906
948
932
946
918
923
903
932
934
939
942
945
936
947
933
960
924
936
937
956
937
927
938
918
929
964
926
918
930
946
941
928
911
924
926
931
930
925
950
916
925
932
929
939
940
929
945
928
933
899
943
931
928
949
954
937
945
940
937
953
926
946
933
927
925
938
920
913
909
932
948
946
944
939
929
932
931
944
945
933
934
938
954
897
919
918
934
916
924
942
936
928
943
952
940
922
941
945
945
940
930
926
929
935
943
937
928
937
923
917
926
928
937
941
930
946
949
950
939
938
932
932
928
945
927
913
912
948
937
944
935
937
938
933
929
928
932
915
934
941
938
933
931
934
916
934
925
925
926
935
930
936
936
945
924
919
982
