1065
921
921
919
919
931
926
916
941
930
932
945
941
928
944
939
919
924
932
907
937
929
947
906
930
927
925
940
935
937
957
927
943
920
946
931
945
937
939
927
950
933
934
931
924
927
938
910
916
929
935
942
954
939
942
933
924
934
922
921
911
942
938
951
925
926
943
927
920
931
929
905
926
935
928
944
926
918
941
924
924
951
922
937
920
927
927
934
947
945
922
933
948
937
924
926
929
935
959
914
936
940
943
921
931
956
936
927
929
939
923
923
928
919
936
950
948
953
919
944
944
929
937
931
906
920
932
945
934
937
957
953
955
930
923
929
932
951
916
940
944
933
920
952
930
938
933
940
923
939
944
924
929
930
920
934
943
935
936
940
936
951
924
910
936
914
915
931
940
921
905
925
935
931
929
919
937
928
939
944
929
924
954
930
954
936
954
928
923
942
939
936
941
939
943
921
926
916
954
925
936
914
931
958
948
923
938
930
920
913
939
924
928
943
949
944
952
928
937
929
936
938
945
941
920
934
940
931
941
931
944
956
937
940
934
939
942
941
932
909
942
920
947
945
929
917
935
935
933
924
932
932
950
937
918
949
929
924
948
913
937
930
942
944
921
907
917
929
950
959
940
949
945
943
942
935
934
934
946
941
923
933
920
941
940
944
940
964
945
927
951
934
915
931
913
932
921
920
943
939
947
925
940
924
934
936
926
937
938
931
943
960
939
932
947
927
914
921
932
920
919
942
931
917
925
934
934
923
940
936
924
932
956
917
947
935
929
939
949
947
931
921
941
929
926
927
932
928
917
931
926
944
934
945
924
952
925
925
938
928
936
919
914
920
926
911
932
909
938
945
934
944
923
933
932
948
946
934
946
934
931
933
944
938
936
935
937
927
933
934
937
925
933
941
933
933
948
934
943
936
945
929
932
918
922
927
923
930
942
913
934
938
925
917
931
896
956
950
941
931
922
919
928
914
927
940
916
941
920
911
944
935
924
930
917
924
930
932
937
929
932
921
922
944
924
943
931
945
931
939
936
928
946
940
947
925
943
923
927
931
925
905
945
940
942
949
923
930
926
919
925
929
933
928
923
939
925
929
922
934
936
938
936
932
937
930
933
911
915
934
944
923
948
961
919
919
932
925
932
934
922
922
930
894
920
942
918
932
947
941
918
936
935
926
949
926
933
927
935
942
949
921
928
938
938
903
942
918
923
930
927
926
935
926
931
943
945
928
929
941
926
937
919
940
930
931
936
943
936
924
940
915
906
928
931
917
933
950
930
937
962
930
947
923
946
933
914
920
930
926
916
928
936
921
945
918
929
933
935
944
937
922
926
929
941
923
939
940
922
956
936
933
945
937
922
937
928
930
922
926
943
919
932
928
917
918
932
943
932
939
932
932
922
928
919
925
918
936
937
939
929
915
931
937
921
940
948
933
928
961
921
924
944
925
948
930
931
925
913
925
936
938
940
936
938
949
925
932
918
947
947
945
953
936
930
956
914
933
935
929
931
935
949
931
938
929
920
936
928
924
933
943
931
924
952
939
929
911
916
935
929
929
945
956
936
933
941
928
936
935
928
916
919
920
943
930
944
936
927
933
934
936
937
929
941
924
928
920
930
944
938
936
928
932
941
921
912
935
925
943
948
935
923
933
947
925
946
934
930
922
921
925
928
923
933
945
954
937
950
928
923
912
922
933
954
950
930
927
933
941
945
940
928
932
932
917
920
932
930
935
940
925
933
934
932
933
918
924
919
929
925
936
942
948
950
925
960
928
929
936
928
935
950
920
934
931
937
925
952
933
925
947
936
926
935
928
942
941
936
913
909
934
938
953
919
927
944
925
925
946
923
916
930
946
932
943
941
932
934
935
961
948
944
932
931
923
925
940
941
924
925
942
917
907
933
939
933
938
931
929
929
969
951
933
943
924
926
909
925
941
922
931
914
924
927
938
923
914
925
919
927
934
918
932
928
923
938
913
897
923
931
934
940
931
930
940
913
924
944
961
938
945
935
936
906
924
921
948
936
946
925
917
931
938
924
925
925
938
939
930
933
918
935
924
945
926
934
952
938
918
963
932
921
924
913
933
924
942
946
930
930
929
894
917
929
932
934
933
933
923
930
928
942
929
933
938
924
940
940
926
943
939
933
942
939
948
931
922
927
927
945
920
923
930
925
940
936
935
942
924
932
944
923
926
945
956
926
939
950
935
943
938
917
925
929
922
927
938
923
933
941
909
941
934
956
936
930
936
930
915
923
923
941
939
935
911
923
918
932
910
932
929
937
925
944
924
931
923
923
948
926
927
941
928
946
914
922
913
940
903
941
946
939
925
930
922
942
937
919
916
916
923
935
954
922
927
932
950
930
942
918
938
951
944
935
927
946
935
925
927
951
928
928
970
929
930
935
945
941
945
926
959
925
912
959
937
926
927
923
942
939
931
941
937
917
910
946
924
918
896
893
921
916
939
948
927
925
935
930
897
922
936
916
934
939
939
923
921
920
942
926
934
943
946
929
948
928
935
933
923
918
931
922
943
941
914
929
923
948
903
933
939
956
932
932
928
937
935
929
929
919
937
920
923
927
928
950
948
949
924
947
920
927
927
919
958
933
935
943
934
929
930
947
926
926
931
917
918
926
937
943
952
927
946
924
947
930
947
932
923
914
918
908
917
955
952
947
942
908
927
932
920
951
926
929
946
934
928
929
943
936
938
940
945
947
933
932
926
944
901
932
913
941
945
952
929
930
909
928
921
934
933
951
923
937
935
933
914
904
924
930
934
918
929
915
942
929
939
915
935
948
932
950
933
921
927
924
945
949
921
954
945
935
925
954
929
937
932
915
938
932
942
942
926
910
937
930
947
912
943
946
920
935
935
944
936
956
957
942
946
936
931
936
939
937
928
931
940
944
930
938
936
924
929
920
930
909
947
933
931
945
926
920
933
940
934
926
951
923
945
939
913
950
924
934
931
928
927
918
914
942
929
938
912
918
916
933
947
919
935
934
945
936
919
932
930
913
938
920
937
949
948
955
941
922
933
929
923
933
929
932
935
948
920
931
923
930
933
936
920
929
945
939
923
934
911
937
932
945
929
943
935
932
934
923
916
938
941
937
911
945
935
919
925
931
928
921
930
930
945
929
923
917
942
939
929
905
925
936
933
919
941
932
910
932
929
928
934
923
931
933
934
925
922
929
940
943
938
950
932
936
906
933
941
924
928
949
937
940
945
933
922
938
930
929
918
938
931
906
938
925
944
919
937
930
928
930
938
936
928
937
931
926
942
953
956
933
950
925
928
938
920
910
938
933
942
937
942
939
921
916
941
944
934
922
944
944
941
963
947
958
923
921
917
916
929
943
946
934
934
913
933
929
915
916
932
935
951
949
940
925
941
953
921
928
939
941
918
952
938
936
937
928
949
919
943
920
937
918
935
924
933
926
924
951
937
952
932
943
948
921
934
940
936
925
935
939
927
929
938
939
937
928
930
912
944
936
939
910
929
947
912
925
924
925
932
941
934
944
932
940
949
918
924
942
937
932
930
931
943
926
928
946
924
944
939
957
936
933
947
935
934
895
928
947
932
916
929
945
934
935
922
923
930
956
940
929
931
951
946
934
930
926
950
946
926
955
951
940
932
933
933
938
931
933
917
927
932
950
909
936
920
916
918
938
926
943
939
937
938
917
932
921
924
932
917
950
935
932
920
924
923
935
926
947
926
936
925
938
916
948
934
925
923
951
932
948
951
950
935
932
939
943
912
927
929
925
925
935
922
917
934
934
927
942
944
939
928
931
932
915
942
940
906
917
946
948
927
940
919
938
931
954
902
941
939
943
938
916
936
931
951
958
932
949
917
926
927
932
949
939
938
949
913
916
928
944
951
936
941
923
929
941
936
936
935
930
928
926
937
930
938
909
936
929
945
927
947
927
932
924
927
922
929
947
945
946
943
940
911
924
927
934
917
928
935
935
951
938
923
941
929
924
909
912
937
923
935
922
944
941
914
935
940
955
936
946
924
936
942
926
935
938
920
926
917
944
931
934
944
921
929
950
949
926
916
908
935
931
943
933
932
915
942
946
933
926
924
941
928
946
942
921
950
948
929
910
930
919
925
926
917
930
922
931
936
949
945
943
944
937
938
933
923
917
938
934
935
936
941
947
936
934
926
925
946
930
913
925
920
942
935
915
934
924
950
935
944
928
930
928
930
926
941
956
941
945
958
938
908
925
949
932
937
930
914
919
940
942
904
931
937
924
934
923
921
947
936
938
934
939
933
951
939
922
932
930
942
939
929
947
948
926
913
944
925
945
929
932
912
935
948
933
933
934
922
943
927
939
928
922
943
932
923
928
929
937
926
923
927
919
929
952
935
937
925
931
932
927
918
925
947
912
936
932
942
918
930
929
946
930
923
931
932
930
936
920
920
943
922
942
916
930
941
935
947
920
924
952
942
946
936
939
928
929
952
930
924
927
929
942
926
923
935
923
945
929
920
921
922
924
940
922
908
928
926
902
936
949
947
923
921
928
932
910
931
908
930
928
919
921
935
941
940
936
949
935
944
925
917
935
936
925
932
918
935
928
937
941
925
935
943
932
914
936
933
939
935
919
911
947
919
947
947
934
955
933
920
942
936
931
930
941
919
938
930
906
952
926
925
930
939
912
936
933
926
911
910
926
945
953
940
922
937
929
942
916
917
934
914
938
923
931
911
920
936
922
918
936
928
944
936
919
896
946
937
916
935
927
922
911
925
914
914
928
933
942
911
920
944
932
945
943
944
938
922
927
920
921
921
919
933
940
935
927
935
916
930
947
936
932
908
923
933
933
950
931
919
943
912
938
941
929
920
937
927
945
931
911
945
950
921
937
917
899
921
928
935
928
935
932
941
937
944
947
937
938
918
927
924
911
932
925
925
936
931
940
949
902
935
931
927
915
928
949
945
918
918
925
929
935
940
931
932
957
950
941
913
946
936
917
924
937
931
937
926
942
943
944
931
930
940
928
937
951
932
925
936
930
952
942
923
950
907
923
935
929
934
927
946
938
910
919
934
937
926
937
937
939
921
911
932
934
931
943
919
927
929
930
920
943
949
942
927
925
919
909
925
928
943
920
921
920
950
929
940
937
941
932
938
926
925
924
928
913
946
921
949
925
938
940
928
941
953
929
929
947
919
932
949
924
935
916
923
926
926
928
942
921
947
923
936
919
931
934
946
932
944
956
929
935
949
936
930
934
923
918
912
930
916
944
941
926
940
954
929
913
944
937
939
930
921
921
913
940
944
937
927
924
947
912
921
935
937
928
941
955
932
928
913
918
926
921
948
937
911
926
945
935
924
927
953
942
929
934
917
926
919
926
924
930
927
954
933
909
959
948
927
940
953
908
939
940
929
951
925
930
906
939
938
955
928
945
915
918
946
925
926
953
931
937
936
944
927
928
940
943
933
913
934
927
954
936
926
926
931
913
939
928
935
930
907
911
927
940
946
938
936
943
927
920
928
939
927
931
934
929
923
915
926
920
930
934
931
934
920
935
927
923
928
927
931
915
947
955
947
951
902
939
927
948
945
921
929
933
914
934
944
920
933
939
928
956
941
931
913
931
911
936
921
936
938
923
943
933
938
909
937
938
935
944
943
942
940
930
943
928
958
947
930
943
921
936
927
930
933
932
919
906
925
981
