1065
924
933
928
949
905
929
914
925
936
951
919
919
916
923
927
943
914
935
929
942
938
937
937
942
934
950
939
952
937
933
939
934
945
921
937
928
934
940
920
908
932
931
941
919
912
940
940
945
924
919
950
930
912
935
932
928
942
930
940
916
943
936
929
936
924
925
908
933
930
920
921
931
937
928
924
926
924
920
933
942
945
935
927
931
932
926
947
930
945
936
924
931
933
940
916
905
904
939
916
942
960
928
923
924
923
916
926
924
948
934
929
940
944
926
941
942
935
928
929
925
945
923
938
912
939
945
926
932
915
940
938
925
928
926
922
930
938
915
933
931
954
940
931
927
960
942
952
940
922
916
946
943
938
938
946
930
935
946
902
923
936
931
929
945
935
927
923
940
912
920
924
922
924
936
939
929
916
936
947
930
930
945
932
930
940
940
934
932
936
925
935
927
942
928
938
936
918
941
927
925
938
940
912
925
930
950
922
910
938
919
925
931
913
930
926
940
920
944
930
932
939
922
930
921
922
924
905
941
930
934
922
935
924
948
940
961
942
946
924
946
926
943
944
946
935
940
933
931
927
930
933
936
923
953
919
927
943
946
926
928
931
942
929
924
939
923
929
936
924
938
922
945
945
954
933
941
922
949
932
954
917
933
943
924
933
919
907
903
929
945
942
927
922
923
939
940
944
940
928
919
924
923
921
922
954
895
941
936
926
927
942
936
935
949
920
935
928
924
943
933
933
930
935
944
935
946
942
928
938
930
902
926
941
931
920
926
938
940
954
937
932
949
951
931
945
939
939
905
935
935
910
944
947
912
934
943
929
916
902
926
936
933
947
920
943
925
917
923
928
922
933
955
927
931
934
930
940
918
932
938
950
950
931
920
928
941
916
914
939
922
934
937
946
932
940
934
922
937
928
944
919
945
926
939
946
945
926
937
931
931
925
932
920
916
948
918
919
924
917
921
944
955
918
941
927
914
953
944
939
930
927
928
954
920
931
907
939
931
934
963
943
946
934
949
939
939
932
915
940
952
942
956
946
936
947
938
934
930
928
939
915
942
941
951
932
933
921
931
927
959
917
920
928
941
929
913
924
936
934
940
941
933
928
947
919
913
943
914
938
928
915
923
925
922
931
933
941
943
930
938
937
926
948
928
919
938
932
933
932
935
957
939
924
938
925
929
924
934
930
922
920
928
925
940
939
947
945
927
938
957
937
947
924
939
922
932
953
942
943
931
935
906
942
920
936
946
942
922
918
939
930
924
901
927
928
942
917
923
945
943
929
911
921
927
924
936
919
913
932
951
931
924
934
925
943
941
946
959
941
950
919
941
916
945
938
939
947
927
930
927
914
941
928
920
936
931
917
927
924
925
941
923
920
928
926
938
929
939
935
932
929
913
934
921
919
930
938
946
941
925
929
923
929
931
927
927
929
938
930
945
919
922
933
932
916
943
937
926
944
932
950
947
935
932
934
926
935
939
950
940
942
927
948
930
921
928
933
928
948
924
916
931
939
933
935
947
909
908
931
934
923
933
931
929
921
929
926
948
958
937
928
944
948
925
937
946
938
925
917
939
939
933
945
942
923
938
933
918
928
935
922
938
922
937
944
922
940
928
942
929
937
916
938
938
937
929
926
914
932
915
947
944
937
938
915
926
941
931
933
944
925
940
935
931
925
924
937
929
913
923
944
943
942
923
916
926
939
940
932
915
953
943
942
928
926
933
918
942
946
949
960
949
959
931
936
954
937
934
945
916
926
940
939
929
944
916
934
928
936
926
920
927
929
943
919
915
937
932
898
917
947
931
943
947
930
927
939
938
928
943
949
931
937
915
936
931
939
930
945
933
944
935
937
907
918
937
925
921
927
935
935
928
931
910
955
930
940
911
944
926
938
924
938
930
942
939
943
917
938
942
952
944
939
935
935
933
940
949
958
922
935
924
930
938
923
925
926
923
917
917
957
926
913
915
936
923
909
926
925
914
922
933
935
923
942
919
941
934
937
914
931
927
937
913
929
938
937
932
936
933
937
925
935
929
921
934
952
923
937
930
925
935
928
945
924
918
911
912
939
933
925
939
940
948
930
933
936
931
927
929
926
914
945
931
931
937
915
928
928
912
918
919
937
927
941
929
947
913
926
935
937
926
941
939
936
918
943
953
928
933
930
929
944
939
924
937
920
930
950
938
950
934
943
944
940
926
913
920
924
928
925
925
917
922
918
935
936
929
942
952
933
942
918
954
927
915
947
954
932
941
948
904
900
933
937
929
924
922
924
940
932
938
937
918
946
934
930
948
928
937
909
940
918
927
936
946
957
934
931
909
931
941
922
939
925
931
947
939
919
936
947
937
947
928
930
914
935
924
939
948
927
922
935
943
918
932
935
924
926
936
919
926
922
928
940
934
965
949
939
926
932
961
933
933
930
920
933
944
936
950
929
928
938
933
942
949
941
935
929
910
926
926
922
923
940
938
941
966
939
939
946
919
931
937
935
917
924
943
946
929
930
940
929
929
925
942
909
940
932
926
939
934
943
926
922
942
924
910
929
919
912
923
926
931
918
930
922
927
923
944
917
916
921
935
929
935
950
916
948
946
919
923
925
916
918
928
927
940
954
922
944
942
928
934
921
956
929
946
921
932
934
928
944
930
929
926
913
934
911
914
915
929
925
916
946
927
930
918
925
926
938
942
956
936
916
959
927
942
934
933
936
916
935
921
939
934
939
933
926
917
920
939
938
925
939
927
933
915
937
925
921
932
924
950
943
951
942
930
927
922
923
951
942
933
927
931
940
924
946
929
941
935
919
936
937
907
943
943
908
933
923
935
931
907
907
908
935
927
938
947
934
954
938
942
917
941
930
927
927
930
918
932
929
914
941
929
944
959
937
938
954
921
936
948
934
932
923
927
945
909
930
908
921
940
950
950
943
940
933
938
927
920
955
939
931
925
934
934
932
927
905
940
954
945
904
929
921
945
924
923
923
931
914
938
932
937
943
934
920
911
931
952
929
942
929
913
922
943
931
929
927
918
923
932
936
919
924
924
929
927
938
933
936
943
927
938
925
934
948
931
940
936
932
923
932
919
930
946
949
934
940
921
927
908
922
932
945
950
919
912
951
929
943
932
919
912
954
908
918
914
937
952
928
927
951
950
957
930
930
950
925
935
917
938
918
919
939
954
932
932
933
938
937
928
918
922
948
924
919
919
950
950
946
941
935
931
929
933
927
932
913
945
929
935
938
918
925
919
921
923
935
935
937
940
936
929
947
936
922
934
938
915
939
930
941
936
930
932
941
936
933
928
926
936
923
927
919
938
927
933
925
929
922
939
914
924
932
924
925
916
966
938
923
935
923
924
956
934
920
934
939
942
916
934
939
939
936
925
934
935
921
921
935
930
926
924
918
906
927
925
919
922
945
929
933
949
947
915
926
935
920
923
936
928
916
911
941
934
938
926
952
925
926
953
947
941
942
916
936
945
909
928
946
929
936
931
931
932
933
925
932
945
937
939
932
935
932
948
950
932
928
933
936
919
936
919
928
937
908
937
921
921
930
928
946
925
932
941
939
929
934
939
934
942
909
924
926
924
934
949
953
946
932
938
946
942
931
934
930
932
931
915
921
923
925
941
943
938
922
937
926
911
910
923
905
921
953
954
911
904
927
933
920
916
931
944
920
932
920
943
932
937
929
945
943
929
932
940
944
945
914
937
932
938
914
919
925
928
942
940
944
919
945
910
952
927
946
944
940
932
932
927
948
914
927
940
930
928
941
933
943
921
954
952
944
909
919
930
928
936
947
941
951
939
923
917
956
924
935
928
940
934
930
945
936
924
930
945
938
925
936
940
947
922
926
939
935
931
943
937
919
934
924
950
945
944
941
941
911
951
930
924
940
950
945
922
930
928
934
934
913
930
938
926
930
932
926
927
921
942
920
935
945
920
952
917
933
911
939
930
940
932
926
935
932
933
935
943
915
934
929
945
933
942
902
952
950
923
956
922
917
933
948
931
929
932
905
930
928
917
926
930
932
925
935
924
931
945
925
932
930
939
955
925
927
926
932
932
917
952
933
935
932
932
924
921
926
906
939
922
939
946
949
902
931
939
922
910
940
944
927
943
939
922
936
931
925
927
929
937
947
949
961
927
936
918
929
917
927
943
945
937
949
928
915
926
932
935
946
939
922
942
945
938
933
928
934
926
943
937
922
930
929
940
933
911
923
929
912
935
942
939
931
921
913
934
927
941
935
945
938
938
951
936
926
959
941
937
917
921
929
939
946
930
921
931
951
924
932
927
918
924
932
942
932
949
945
942
941
915
911
939
944
920
917
928
939
907
911
933
927
930
947
941
928
942
941
930
938
932
942
956
942
926
938
927
914
917
940
924
936
938
929
927
930
913
940
925
941
940
931
928
937
938
937
929
944
925
922
931
929
934
934
932
932
922
925
940
941
957
914
928
939
948
932
920
939
925
918
915
922
924
947
920
928
928
927
931
945
944
955
934
929
934
933
942
929
927
937
919
939
948
933
941
931
930
952
938
931
919
916
925
924
938
925
936
940
925
926
945
920
929
924
929
938
921
910
914
937
940
933
944
932
933
934
900
947
915
935
940
935
935
911
932
943
935
916
928
940
925
916
921
944
923
935
931
924
934
913
920
919
924
931
943
914
929
916
935
932
941
948
938
919
926
922
937
928
923
923
926
923
937
912
933
918
948
933
914
913
927
934
942
939
922
951
930
934
934
936
936
931
921
932
952
942
911
939
945
924
920
912
926
949
950
931
943
948
940
951
933
937
935
949
933
953
934
926
912
922
939
918
931
931
938
929
944
929
933
940
939
943
914
946
925
941
944
936
927
934
931
926
933
921
927
939
918
922
944
945
916
931
935
937
951
952
941
923
931
935
943
923
929
909
940
926
939
910
932
922
933
911
936
921
923
929
939
941
918
930
928
934
929
945
936
913
908
928
931
924
933
929
925
941
942
920
916
912
935
931
935
913
943
931
919
934
929
906
930
926
912
943
926
938
922
920
916
926
932
941
953
953
928
917
937
949
935
932
954
919
949
926
926
940
934
963
913
941
943
933
947
936
950
931
942
914
923
912
925
924
921
938
916
925
926
912
924
928
931
922
932
944
930
944
936
945
925
933
938
922
943
934
931
948
956
922
940
910
913
924
936
948
928
907
947
924
935
913
922
935
945
918
919
918
924
917
961
938
926
917
944
928
925
931
906
939
926
932
939
940
951
934
944
934
926
924
944
930
936
941
921
921
917
938
924
921
926
934
929
918
921
921
937
936
932
942
920
922
925
953
947
924
946
937
924
918
929
922
931
928
926
935
940
945
931
933
935
944
952
939
933
927
929
934
939
927
949
924
896
928
934
941
934
925
941
928
941
931
937
929
928
945
940
951
946
901
942
941
939
925
932
915
940
927
930
932
932
932
936
940
943
932
940
937
947
946
926
940
907
939
932
916
928
928
944
902
945
926
916
926
920
923
933
955
914
911
932
939
889
912
952
940
949
924
921
931
945
916
936
922
929
923
920
939
934
923
945
956
928
941
926
929
940
936
913
921
944
932
924
918
933
918
922
952
931
947
941
920
939
919
952
939
945
926
942
918
931
913
918
929
940
917
927
897
955
928
935
944
926
951
903
913
944
914
907
903
922
931
934
934
980
