1065
924
939
919
915
927
935
936
930
928
940
917
914
946
934
917
934
939
931
946
913
938
944
922
913
934
927
944
934
921
948
923
934
934
941
936
937
926
925
933
930
930
922
919
910
918
944
933
921
935
939
937
928
923
929
933
913
926
925
920
931
904
928
937
922
937
925
928
923
937
943
920
936
937
928
935
944
915
928
933
936
914
929
955
945
943
922
931
937
934
920
926
925
938
930
951
924
949
950
937
923
936
933
935
925
935
926
947
951
915
930
952
933
938
934
925
923
939
918
945
921
927
945
944
924
923
930
917
924
939
940
938
917
919
936
957
936
930
932
946
927
934
927
935
945
947
931
937
927
944
924
926
922
934
922
923
903
920
934
924
936
917
929
939
936
927
949
930
928
930
948
922
931
931
934
928
942
921
923
908
919
937
936
934
932
930
927
938
942
942
922
924
947
929
942
914
939
924
942
942
942
931
937
930
917
925
935
947
946
948
936
928
916
922
939
944
937
914
909
929
906
903
914
940
921
913
910
931
947
925
946
926
952
931
946
939
924
919
910
925
930
936
903
942
962
943
915
952
932
929
925
919
920
935
948
931
938
932
926
935
936
930
925
943
914
910
929
939
956
946
939
952
912
934
920
917
945
936
942
924
949
907
934
939
927
929
928
922
927
952
927
924
932
930
932
931
931
909
939
928
918
932
930
911
932
931
945
917
920
937
912
920
923
935
921
938
936
931
928
932
939
939
927
915
941
928
934
903
929
939
951
941
928
916
921
918
931
959
939
943
945
943
926
945
916
941
953
949
923
933
943
953
941
938
953
934
924
960
923
935
932
910
932
921
935
940
923
927
934
940
916
931
944
914
926
931
910
944
937
927
919
942
939
946
934
916
929
912
943
936
937
940
916
954
919
937
932
933
926
932
921
933
934
947
924
929
934
927
919
925
926
916
933
936
951
923
942
914
921
917
914
942
920
931
925
927
937
946
928
934
934
952
935
923
929
922
943
930
930
946
954
949
941
940
927
928
932
924
939
936
938
926
941
917
926
933
928
923
944
917
923
932
948
935
933
943
938
927
935
904
914
929
948
949
930
934
926
945
940
946
940
921
938
930
931
931
920
919
923
952
930
951
929
933
949
936
953
922
916
928
925
919
904
936
912
932
924
946
939
929
935
913
930
916
934
926
919
943
942
952
941
925
931
941
933
917
934
935
939
914
941
942
925
934
916
903
916
921
927
931
924
927
925
939
919
940
932
934
937
909
934
931
930
919
933
930
929
912
940
945
933
939
946
944
908
915
939
930
936
947
934
934
937
945
945
919
920
928
941
927
942
923
926
921
927
928
941
926
936
902
930
947
927
936
934
936
944
926
922
946
954
917
932
915
952
924
946
936
936
929
925
923
933
951
936
945
943
927
926
924
911
943
925
937
934
915
906
921
940
947
916
935
947
932
944
907
924
934
918
949
920
953
927
937
926
928
930
919
906
931
915
919
930
916
946
930
925
949
929
916
946
949
925
918
945
935
947
923
932
929
932
924
936
934
942
935
935
933
944
938
931
941
927
930
937
911
941
948
933
923
952
940
932
932
920
927
938
933
941
934
936
930
944
944
917
930
937
931
921
952
942
928
920
923
955
936
936
950
920
931
927
936
938
933
941
925
933
944
923
913
933
925
922
953
933
933
930
921
940
916
929
920
913
939
924
919
927
934
933
927
924
950
918
939
922
944
941
919
910
943
926
918
939
905
953
916
929
933
930
919
932
935
929
933
947
944
934
938
928
947
946
943
924
949
932
926
948
937
940
927
920
913
929
940
947
940
920
924
925
945
950
943
938
933
944
937
936
934
938
925
948
926
942
924
934
924
939
924
923
948
940
938
957
933
932
934
931
917
931
923
932
942
909
928
921
930
938
933
925
905
933
941
933
924
953
919
927
940
925
921
916
950
934
929
922
921
928
926
937
916
925
933
917
928
920
942
967
939
947
934
933
953
920
913
925
927
936
932
933
928
933
943
917
942
937
914
926
935
934
944
930
943
925
922
948
945
906
927
921
936
929
922
941
938
911
923
962
934
938
929
918
924
925
927
906
932
942
909
940
945
951
925
935
933
925
929
926
926
909
932
942
923
937
938
927
939
926
962
926
933
931
929
921
925
926
951
928
927
947
919
952
923
934
921
930
924
922
927
915
939
944
941
938
922
924
938
945
948
933
945
937
940
947
913
937
926
916
917
922
925
933
930
943
952
929
921
931
938
949
927
926
921
949
907
946
931
954
931
940
926
936
927
922
935
935
938
930
921
923
943
928
935
950
947
930
923
915
923
926
942
936
936
932
945
925
935
924
920
929
934
941
930
945
932
925
941
939
929
955
925
942
947
943
924
943
953
944
937
940
914
928
936
938
924
928
932
927
933
951
929
938
916
945
948
936
925
915
943
940
937
944
928
948
919
929
931
937
927
923
937
940
944
935
940
936
947
934
914
925
919
928
932
932
943
931
915
943
921
946
934
930
926
936
946
926
934
950
924
910
936
941
934
929
914
925
928
950
933
923
923
927
913
909
938
906
936
942
945
943
953
922
913
917
939
943
936
918
938
917
933
931
929
941
919
928
938
934
934
926
944
942
941
958
922
934
943
919
912
936
911
938
943
923
948
933
916
923
931
942
933
911
943
936
926
935
934
934
942
929
928
924
921
931
938
925
921
923
923
910
941
941
935
952
941
922
940
930
946
943
912
935
906
938
936
933
924
931
934
936
943
941
924
950
933
923
935
912
939
947
917
949
941
921
936
934
934
928
911
933
921
921
926
933
923
927
907
930
941
929
951
925
951
945
920
926
926
947
924
936
934
912
921
934
927
938
925
944
950
944
935
952
919
922
939
939
922
929
934
924
927
928
933
945
930
939
941
942
943
953
933
941
913
921
944
926
920
914
917
938
932
940
922
932
930
933
918
928
928
946
922
934
935
925
933
943
930
928
934
943
928
917
929
934
914
940
919
910
919
917
935
923
902
921
917
946
929
909
929
932
926
933
935
906
937
950
929
929
927
914
950
949
939
954
921
944
944
936
919
922
940
944
927
922
922
936
929
928
943
930
917
934
928
944
926
936
936
931
949
942
941
921
930
925
935
919
927
946
960
947
948
937
912
923
943
918
937
928
939
930
945
947
921
927
922
938
934
943
934
935
932
935
916
914
911
919
942
922
945
920
928
928
944
920
917
940
901
938
937
937
922
933
923
920
926
950
926
916
937
930
909
959
949
935
921
925
926
943
891
921
932
921
915
931
951
921
951
945
931
934
941
921
936
932
937
911
939
941
936
928
937
942
916
938
914
940
932
935
923
913
937
938
927
927
931
941
936
931
942
927
926
932
925
935
939
931
908
924
931
922
919
946
949
932
937
920
939
935
937
931
904
932
920
926
929
940
924
922
935
923
949
938
940
928
923
923
917
941
939
908
936
934
933
941
934
934
920
944
934
942
936
925
924
936
945
940
934
922
944
925
925
918
934
929
920
931
958
929
929
937
918
929
937
924
919
930
942
922
918
932
925
918
936
945
934
929
934
940
923
924
922
913
928
938
911
925
927
935
927
932
930
927
914
916
944
934
934
924
936
937
932
921
929
919
914
936
932
928
928
943
930
919
930
938
936
943
933
933
937
918
928
953
936
909
935
957
939
921
905
936
940
938
946
937
932
931
929
943
933
929
927
914
933
931
948
911
927
942
951
947
952
932
945
918
926
933
923
932
938
948
935
914
922
915
925
926
942
931
935
919
916
935
928
914
945
940
944
933
922
915
915
918
921
947
930
911
940
926
905
917
957
916
951
935
925
929
927
943
916
944
923
961
932
944
944
931
925
914
929
942
935
941
933
912
935
932
925
933
918
939
943
943
938
935
917
936
932
926
931
928
925
942
928
949
932
927
890
936
934
931
946
929
938
930
930
926
947
940
919
913
934
914
925
931
939
940
924
925
928
940
947
941
928
934
930
928
944
921
945
933
950
938
929
922
928
927
961
944
920
927
943
952
941
944
947
925
958
927
941
921
936
927
950
934
918
916
917
938
952
927
933
936
937
916
939
937
919
922
937
947
933
927
935
918
937
913
937
936
919
950
934
939
936
938
909
932
946
935
929
950
912
920
908
923
928
931
927
930
947
932
929
946
938
930
944
923
934
910
924
936
934
916
938
951
899
928
942
927
929
928
914
944
948
932
931
941
921
935
926
921
931
930
920
947
948
941
945
937
907
948
931
933
953
933
939
947
928
935
934
937
942
938
929
942
929
932
921
926
922
936
942
937
929
939
925
944
926
909
942
917
923
934
915
948
935
941
926
927
919
941
945
934
926
922
931
917
935
927
920
921
916
944
929
951
929
962
925
938
903
929
915
934
939
945
937
947
937
932
935
925
943
915
931
934
913
940
934
951
938
926
942
931
939
924
925
919
917
941
926
936
927
934
926
930
929
904
943
929
936
924
912
924
944
932
929
915
928
936
921
924
903
929
940
948
942
937
924
910
915
943
955
936
938
941
952
931
937
952
925
938
917
919
939
929
929
942
927
944
943
918
931
928
945
929
930
946
945
924
947
937
926
917
946
929
934
929
926
912
939
941
932
926
938
925
947
945
938
928
932
953
925
930
934
949
930
933
917
952
934
928
935
937
940
938
923
917
937
946
934
940
936
918
932
937
944
923
946
932
949
957
930
939
926
948
942
951
921
927
919
925
929
916
933
937
937
933
954
910
947
937
927
940
935
922
951
940
925
952
932
940
941
933
927
947
940
936
940
925
918
935
928
939
935
924
929
945
936
928
923
905
922
932
932
949
926
948
938
928
936
917
944
930
922
920
931
941
918
940
938
930
936
933
945
951
923
945
945
897
932
932
934
925
947
924
932
935
938
933
940
920
932
957
931
934
924
933
936
927
921
931
916
944
923
937
918
947
943
952
937
932
919
951
954
951
918
934
921
921
910
909
948
932
923
932
940
928
945
919
913
926
941
922
934
942
938
939
929
926
929
933
941
927
949
940
930
919
925
935
935
932
925
912
916
921
928
925
945
935
912
936
926
943
941
939
933
954
942
944
915
943
945
942
925
920
942
948
958
927
915
929
927
923
928
942
943
941
927
932
936
939
935
943
943
958
934
929
939
947
938
938
919
936
934
928
949
921
939
938
923
945
943
937
946
917
917
912
930
930
925
932
941
927
923
921
918
916
931
917
950
925
947
918
930
916
940
923
924
926
924
937
942
935
939
930
921
926
913
934
930
915
930
935
939
927
919
925
917
921
941
947
946
937
943
946
945
948
937
943
934
925
939
910
937
920
940
934
934
943
948
945
930
928
904
922
935
928
927
934
946
931
948
942
951
937
930
940
943
931
902
920
943
919
919
933
919
944
937
944
921
936
956
927
927
931
922
943
944
944
938
910
930
927
922
928
945
922
948
932
918
930
929
923
947
920
948
919
916
928
923
923
946
930
913
936
930
946
931
915
942
941
932
926
908
933
921
918
927
925
945
930
939
942
938
935
938
943
945
929
927
928
934
940
945
939
933
930
914
900
929
936
928
931
918
913
915
947
929
946
926
920
923
922
936
937
928
929
921
916
923
947
920
902
925
942
932
948
912
897
943
942
921
909
938
916
924
953
931
924
933
944
933
940
929
927
908
928
926
924
948
939
914
981
