1065
921
919
941
924
939
931
919
918
959
940
945
939
918
936
939
924
935
931
945
949
932
928
924
950
944
946
930
944
891
942
946
928
925
923
943
923
919
949
931
937
929
941
938
939
942
941
929
914
942
927
930
931
918
921
929
937
932
935
914
936
922
911
937
955
943
934
935
942
942
923
937
926
914
929
938
927
933
941
945
933
924
925
926
919
929
921
928
938
927
932
920
925
941
930
939
932
943
938
932
924
924
931
948
923
927
943
930
932
922
913
926
937
919
909
933
954
938
916
927
934
924
934
941
922
937
923
941
931
932
929
922
932
935
932
946
943
957
940
913
945
931
942
936
916
926
925
946
921
943
907
952
911
937
924
939
929
939
936
929
954
939
920
939
939
928
928
917
939
936
939
925
930
932
919
923
928
942
920
947
940
916
917
929
960
921
944
933
935
937
914
931
907
916
904
906
932
924
937
928
926
937
941
942
944
914
916
949
942
943
936
933
930
934
925
928
948
951
914
925
936
923
928
928
931
929
948
932
930
939
922
945
937
948
958
936
926
924
915
946
942
933
941
936
931
939
941
950
923
960
931
942
938
934
924
937
943
938
934
915
935
921
914
967
934
938
929
923
937
962
926
909
942
917
921
925
934
932
951
926
946
926
930
927
933
941
918
921
944
944
942
959
915
921
933
930
930
934
944
931
927
911
916
933
928
942
949
914
922
930
930
938
904
925
923
944
929
922
924
942
939
939
929
950
947
927
945
928
924
931
930
944
925
935
944
942
941
937
930
941
949
927
903
913
933
949
958
956
913
939
939
931
940
920
921
921
940
934
915
926
950
933
926
945
934
944
944
945
931
935
945
908
938
931
930
914
943
940
937
926
919
942
945
932
923
936
942
951
949
945
945
930
940
940
931
938
923
917
920
912
942
917
926
939
938
915
941
931
928
921
941
930
943
948
919
913
928
919
928
921
927
940
926
917
925
929
928
921
938
950
919
957
946
931
923
935
925
905
932
955
944
938
944
935
935
932
922
924
933
928
936
934
933
948
934
936
942
924
933
929
916
912
941
920
925
926
954
917
940
934
925
933
914
932
917
923
915
927
948
944
942
929
926
927
937
945
941
945
928
908
951
947
925
932
928
939
915
949
936
906
919
930
925
943
928
939
919
928
923
946
956
943
910
939
950
923
915
933
923
951
925
931
940
944
957
927
940
941
925
937
919
917
927
923
950
931
911
925
922
928
947
939
938
927
921
937
922
942
919
940
921
932
938
925
945
927
927
931
911
937
927
922
942
931
940
922
938
939
937
934
909
941
934
945
935
940
926
928
945
951
924
956
938
912
925
913
924
929
932
948
943
899
932
918
916
927
931
935
931
937
923
918
936
939
936
928
941
933
953
930
934
924
936
942
930
940
934
936
922
928
939
933
943
941
923
930
926
923
950
916
928
931
927
915
943
942
936
932
928
915
932
918
947
917
939
942
936
926
932
920
915
944
923
948
918
957
920
935
916
915
930
918
955
937
936
919
930
922
920
952
923
936
930
931
915
925
948
947
916
931
933
932
922
914
933
924
925
922
936
933
958
939
935
935
924
928
897
942
914
937
936
934
942
916
934
943
918
944
931
905
925
943
931
939
916
929
940
921
940
950
920
922
935
926
945
930
937
940
939
918
927
927
945
920
929
943
942
916
927
945
923
930
929
938
936
948
919
925
931
930
936
947
913
909
936
904
942
923
933
936
929
927
926
941
926
915
921
925
904
937
921
922
928
924
932
943
925
936
939
953
937
959
945
945
942
949
944
920
935
931
939
931
944
944
927
932
932
925
929
934
932
937
941
935
929
921
929
915
928
936
933
924
916
911
915
926
930
911
937
914
953
937
915
937
926
916
910
928
922
949
933
927
905
955
935
925
928
922
918
939
938
937
928
940
917
942
944
934
917
922
931
916
949
921
942
928
923
917
920
941
936
932
937
933
942
921
945
928
918
921
924
915
943
937
937
935
920
943
924
935
936
953
939
925
919
944
959
948
930
938
927
938
942
944
944
949
937
918
942
935
957
930
932
945
913
908
925
923
941
940
925
917
934
918
920
939
935
921
907
961
941
951
939
952
910
941
913
943
943
927
920
932
928
917
918
937
935
932
924
947
932
932
928
930
940
931
925
965
936
935
932
940
956
951
925
921
931
944
928
921
931
940
916
923
935
930
918
920
930
933
969
916
913
938
924
941
942
936
944
914
922
922
925
926
915
922
929
931
922
951
947
932
920
942
924
936
944
909
931
935
946
944
917
936
947
928
914
944
942
945
931
922
927
954
934
932
935
936
934
931
945
921
928
932
923
933
933
936
928
918
945
919
929
939
922
943
943
938
949
926
930
918
940
939
934
920
928
916
928
925
941
942
922
927
940
917
926
938
949
924
942
919
929
928
923
919
946
914
914
926
942
922
908
939
928
947
926
938
931
920
932
941
937
927
925
938
931
936
944
950
939
931
911
938
924
914
927
935
926
939
930
931
933
928
937
941
948
930
934
930
930
929
932
926
905
931
945
962
933
933
940
935
940
936
926
933
922
940
922
924
920
925
930
937
902
949
924
913
935
923
918
950
943
932
935
934
933
922
933
932
933
927
939
921
913
941
917
921
928
930
923
916
945
937
923
914
931
930
932
922
926
927
938
934
915
947
951
923
937
936
920
932
943
938
928
919
941
923
932
944
929
916
931
928
927
945
921
942
926
911
930
923
931
928
935
916
931
925
926
927
921
931
942
922
926
928
930
922
954
919
920
927
929
920
936
939
944
941
924
937
928
909
927
939
911
928
936
947
931
916
925
930
941
932
931
937
949
925
924
946
929
931
931
933
955
930
929
932
929
951
937
941
954
931
938
938
942
932
911
912
902
932
915
933
948
946
948
943
935
949
919
943
929
943
941
936
938
928
932
920
919
925
921
957
947
932
916
926
948
951
949
947
935
918
911
925
935
912
938
923
955
925
924
927
930
939
930
934
936
925
933
924
926
947
931
933
936
940
919
916
933
944
927
930
934
935
940
925
918
920
932
945
920
932
925
929
909
933
921
941
922
931
935
930
911
942
930
931
951
914
911
963
944
930
931
911
933
932
930
925
929
929
921
937
943
909
928
922
913
930
939
937
939
939
911
938
924
914
936
939
937
935
915
919
942
935
912
924
916
938
962
914
941
934
909
914
947
941
937
946
941
932
935
933
936
950
931
932
920
939
935
926
938
931
940
927
937
938
937
932
952
948
946
914
942
934
922
909
934
932
933
935
943
951
931
927
941
930
927
932
926
927
942
938
920
945
927
945
952
917
924
930
921
922
941
944
928
938
910
946
948
935
938
942
919
920
940
928
937
951
936
937
930
950
940
926
906
926
936
934
933
934
930
949
937
935
934
912
922
931
930
932
935
930
939
934
943
935
939
939
927
943
942
927
941
956
931
925
920
922
932
952
937
937
908
922
922
939
928
940
934
931
918
937
940
917
922
935
947
926
933
940
933
932
934
920
921
933
914
920
915
910
931
924
938
929
936
950
941
949
926
929
934
918
913
936
927
936
930
933
933
954
926
930
943
950
911
920
945
925
936
920
952
927
941
931
928
908
906
922
921
960
928
924
932
920
950
943
919
942
921
918
935
950
936
919
930
943
937
957
940
917
928
945
934
924
921
927
927
914
932
918
907
946
933
922
945
924
942
917
917
925
928
942
923
907
940
934
916
935
942
932
934
929
917
955
931
934
934
922
953
942
936
939
929
940
922
930
933
935
939
920
937
931
914
900
926
936
928
949
942
947
947
921
919
940
907
932
937
931
927
943
926
936
917
931
932
924
929
934
945
921
930
940
931
949
927
952
919
928
940
942
925
917
929
944
927
942
925
946
950
916
938
938
952
928
928
933
916
938
929
919
933
912
925
940
950
915
921
943
925
930
939
933
926
932
920
929
937
910
912
940
913
918
940
929
942
951
932
908
908
930
939
933
921
933
924
933
922
926
945
936
937
940
946
950
933
910
933
926
922
930
934
933
930
925
926
933
920
939
930
934
945
925
935
927
919
937
937
935
926
935
926
937
955
931
920
918
917
923
915
927
907
948
926
940
910
931
933
916
932
936
939
927
924
930
933
924
926
928
937
920
936
933
915
921
940
916
928
935
932
925
903
933
955
932
942
946
918
917
931
926
935
940
943
925
946
937
941
897
947
933
938
916
934
927
914
952
934
925
928
933
913
928
943
934
921
922
921
942
940
926
937
911
947
944
910
942
929
944
920
919
944
948
931
931
908
948
931
929
944
922
929
943
928
926
926
932
929
932
940
930
923
922
938
939
927
943
944
941
934
933
923
906
925
932
938
956
920
936
920
923
953
944
947
929
931
931
937
920
918
941
927
942
953
934
926
929
928
929
939
942
952
937
958
932
946
926
920
937
931
918
920
914
939
938
938
949
929
942
926
921
932
918
929
928
933
937
944
925
930
953
922
932
925
940
926
924
942
942
905
921
933
937
925
936
945
924
919
938
926
935
952
932
905
915
924
938
932
926
929
919
912
930
927
936
908
943
942
947
967
940
932
919
932
940
944
955
952
944
939
925
910
915
928
927
947
932
925
931
913
927
919
938
941
910
936
929
926
939
942
932
937
921
939
927
950
946
942
933
912
933
948
934
940
926
950
947
943
928
901
931
937
940
951
935
925
932
908
943
939
934
924
927
937
943
913
920
923
942
932
931
945
943
944
944
929
926
928
943
934
935
946
939
936
931
931
946
932
915
910
922
915
938
928
930
958
939
925
939
935
933
908
931
917
930
928
927
933
928
917
929
924
936
948
935
943
948
920
941
921
936
924
924
923
930
937
925
930
931
940
933
945
919
932
940
927
929
942
931
932
942
937
922
933
929
926
935
924
926
909
942
931
918
933
914
909
935
946
936
933
938
921
933
957
939
954
940
917
920
914
912
922
917
936
940
927
942
940
935
947
919
922
930
930
922
926
932
938
920
933
940
916
936
916
934
926
925
919
942
956
931
925
923
928
929
942
929
939
932
943
926
919
947
934
944
932
957
949
922
933
948
934
943
924
963
927
931
911
943
945
919
923
940
926
929
935
924
929
934
917
927
948
930
913
936
903
945
928
919
899
912
930
934
934
946
935
946
929
940
950
920
917
942
927
933
920
927
923
931
923
938
924
926
909
942
934
930
969
933
916
918
935
945
951
930
929
934
940
924
951
933
912
923
919
935
932
934
929
934
959
941
955
914
933
941
931
914
940
941
932
914
916
918
932
942
951
943
935
931
922
938
935
926
945
937
918
951
954
921
946
922
932
944
939
908
929
912
938
940
955
936
937
956
942
938
928
935
946
919
944
933
929
923
935
942
938
919
932
922
938
940
948
941
950
906
926
918
940
933
936
913
922
937
938
934
944
918
933
929
921
938
942
924
919
930
933
923
931
945
942
916
925
938
948
931
948
931
934
936
934
927
942
942
934
927
934
920
940
944
950
943
934
913
942
938
941
940
925
926
954
931
922
935
939
939
935
921
927
919
926
935
951
934
922
921
941
929
938
936
917
924
918
902
914
919
926
937
930
951
915
934
929
931
945
940
924
937
959
943
935
941
934
924
924
906
932
934
935
931
946
947
947
937
952
944
926
929
920
930
942
934
936
925
937
927
918
942
931
939
976
