1065
923
922
936
899
920
923
941
940
951
935
912
928
922
900
928
938
940
935
926
936
929
917
947
906
929
939
927
939
941
928
929
935
939
927
940
925
939
969
934
938
894
938
939
950
925
925
927
912
927
909
943
949
917
930
912
937
941
934
934
941
938
924
940
937
939
918
936
949
938
917
918
939
944
937
944
936
939
943
936
950
944
938
947
942
912
946
943
920
923
929
929
927
917
943
940
948
924
917
932
923
939
945
928
931
948
920
944
946
931
931
944
936
913
946
936
905
939
926
941
954
921
915
926
945
942
928
945
946
933
939
935
935
932
935
920
933
918
928
924
936
928
933
921
926
931
950
930
913
953
932
929
925
915
938
926
940
913
916
919
940
921
933
912
937
961
941
943
939
933
915
936
941
926
950
934
919
948
927
921
928
929
927
930
948
973
940
956
905
935
935
939
931
920
934
934
918
935
927
925
935
919
944
940
927
944
935
928
933
926
921
928
932
933
931
928
931
947
902
900
935
931
936
930
928
899
916
941
912
905
952
928
935
923
919
938
946
937
947
935
921
920
938
915
933
942
936
926
923
923
936
924
935
926
938
936
940
915
932
931
924
936
919
933
922
926
924
955
939
931
938
933
922
916
920
934
912
946
932
931
927
960
935
945
918
933
939
913
920
948
944
944
928
936
923
938
948
920
914
938
925
930
941
957
928
913
929
934
935
908
913
930
944
924
912
941
938
930
924
923
951
938
915
944
940
936
930
937
933
939
932
932
922
937
958
937
933
927
955
942
940
935
928
924
918
922
944
953
933
922
941
931
915
923
928
926
933
931
946
913
931
947
942
931
947
929
946
922
945
931
921
910
934
907
925
932
943
942
925
929
936
930
922
928
937
924
936
949
933
934
916
950
939
919
935
922
938
947
954
929
935
934
935
930
923
940
921
929
924
924
932
945
927
904
931
928
911
934
929
945
923
923
912
915
911
938
940
928
932
939
921
932
955
940
928
945
925
919
934
931
948
933
928
918
918
921
948
927
954
955
942
926
930
932
920
928
927
945
908
932
916
954
938
927
940
936
927
947
922
935
940
944
930
952
935
933
929
928
922
950
934
946
941
920
946
899
923
932
927
905
942
937
916
937
928
934
938
918
902
950
953
934
920
891
918
924
936
926
922
939
905
945
942
936
947
914
925
910
916
929
919
937
910
919
930
936
919
941
936
925
930
953
944
911
933
928
933
943
917
932
926
940
943
926
922
926
922
935
910
925
922
942
945
933
926
939
933
933
936
945
932
945
932
937
924
940
938
908
924
925
928
932
934
951
941
934
941
925
948
927
938
905
922
920
924
932
927
918
934
952
939
925
943
922
943
932
937
928
948
957
926
941
950
925
943
948
947
938
940
939
916
917
940
945
926
935
929
918
924
952
916
934
925
937
947
948
926
934
948
930
920
928
943
949
939
966
910
948
933
941
962
928
927
942
956
939
944
920
930
934
946
930
939
926
911
929
930
930
931
953
936
924
938
932
939
932
926
925
933
910
945
935
934
938
936
930
927
940
961
931
938
926
919
909
932
929
930
938
950
939
925
929
906
933
950
935
941
925
922
922
933
932
946
922
925
940
929
928
936
924
910
918
934
923
938
937
946
929
916
927
937
939
929
948
932
942
925
926
918
932
944
933
927
935
940
937
929
917
933
919
918
934
931
931
937
941
947
939
920
921
930
942
921
938
944
947
936
938
943
963
920
950
916
926
955
938
903
931
931
919
923
932
926
942
918
938
930
917
913
937
920
924
919
928
950
921
935
943
924
920
939
943
931
926
935
934
922
922
946
929
929
949
919
929
931
942
929
931
915
938
939
950
927
947
934
932
923
938
940
926
932
935
926
937
937
934
945
945
932
917
939
933
932
915
926
944
928
929
949
951
933
958
934
954
920
940
929
936
935
954
927
926
926
944
924
940
927
933
933
917
928
936
947
926
952
931
927
936
927
949
942
945
955
944
924
929
930
932
935
933
932
914
920
924
923
924
921
936
950
906
923
928
920
933
934
933
949
931
937
953
934
950
930
931
921
934
934
925
931
925
937
918
921
930
938
930
933
935
960
924
945
936
945
909
932
919
951
904
917
937
918
924
927
951
945
921
921
946
950
924
933
936
921
938
929
928
955
937
920
939
942
936
928
928
961
920
942
938
933
937
930
933
930
914
940
962
957
917
941
941
935
928
917
931
951
953
930
927
928
931
950
949
935
947
955
933
918
931
950
938
929
924
931
926
953
940
931
918
938
944
938
929
915
918
936
945
934
918
921
934
935
932
938
913
927
928
951
921
921
924
932
936
932
921
934
950
953
938
918
911
907
929
926
922
937
921
943
935
936
917
907
940
924
927
912
934
934
932
933
923
924
945
944
922
934
938
940
936
938
927
930
946
933
940
925
928
950
944
922
918
928
941
942
939
938
933
936
916
935
930
906
926
922
922
916
937
923
923
933
940
942
939
919
931
943
949
907
951
956
917
936
941
919
942
925
935
937
923
938
955
932
932
956
939
940
947
941
924
937
941
940
912
935
923
896
937
934
931
937
928
900
948
933
944
947
937
925
920
935
932
926
904
937
946
952
921
918
923
942
935
918
953
941
923
912
930
925
926
941
938
941
922
943
930
922
912
927
943
932
927
949
928
924
937
936
931
928
930
893
919
934
920
940
917
941
925
945
929
923
945
944
935
942
931
921
919
919
939
931
925
909
920
926
924
946
944
949
948
929
921
960
929
953
914
942
927
941
930
944
944
930
921
935
941
933
940
933
899
930
926
928
945
934
936
930
924
926
919
927
941
943
944
919
930
918
921
937
920
922
928
929
940
942
904
930
924
904
928
931
947
924
921
935
934
940
927
933
930
913
945
945
929
936
929
943
943
943
934
935
955
934
921
925
916
950
929
931
918
947
934
923
933
932
936
920
928
934
952
936
935
933
933
940
925
950
936
937
931
932
937
930
931
925
907
928
927
930
953
942
936
930
949
907
930
932
923
932
931
921
928
945
937
933
940
926
935
922
928
924
917
914
935
922
918
926
936
936
942
927
932
926
944
914
940
938
939
951
961
917
931
931
940
928
911
920
935
944
936
947
929
916
934
914
910
919
911
924
928
922
934
916
929
939
930
911
934
926
940
942
950
930
924
920
930
907
939
923
926
932
936
939
954
935
944
932
919
953
941
946
936
924
921
939
948
945
922
927
933
943
903
945
945
928
952
925
930
937
925
936
937
927
928
914
927
945
914
933
897
920
932
904
926
947
918
944
902
914
925
926
931
933
930
916
931
944
941
958
949
933
931
930
902
920
921
901
932
930
928
944
927
949
906
949
938
941
934
934
942
905
936
921
948
929
938
925
945
935
930
930
925
919
928
936
927
919
935
944
930
928
940
948
931
930
930
909
941
944
929
935
936
928
936
925
925
934
928
930
930
938
936
930
939
919
936
943
949
923
917
940
926
919
935
930
940
926
929
950
933
939
924
934
934
935
925
937
922
909
930
929
928
915
926
937
943
943
936
947
945
915
942
915
930
909
938
955
915
929
910
930
942
933
927
917
917
919
934
914
924
935
928
924
943
926
926
929
940
931
908
926
921
930
944
933
935
957
942
941
960
956
943
918
930
916
922
921
930
918
951
929
944
929
927
940
947
926
935
939
930
920
912
947
937
936
948
940
923
909
936
934
955
917
923
939
936
929
928
936
931
945
949
919
926
914
930
939
934
938
934
935
936
937
908
942
922
953
945
942
923
927
954
938
953
945
919
902
926
942
926
925
949
923
928
922
926
927
918
932
930
939
926
931
931
938
928
916
936
913
912
930
934
931
924
941
937
944
927
928
918
950
932
925
918
936
931
941
924
924
923
952
919
938
929
923
939
923
922
928
929
919
909
928
923
911
930
925
953
912
924
926
931
937
932
934
929
926
956
937
921
919
918
921
941
935
926
940
918
933
920
919
961
934
937
948
921
929
941
924
934
936
924
934
948
945
933
934
931
957
919
942
909
929
920
922
929
942
920
944
917
958
933
926
940
940
933
936
928
909
911
949
940
942
923
940
928
924
928
938
920
940
935
926
948
926
953
928
935
946
912
924
931
928
933
933
933
923
936
939
927
941
932
920
926
938
935
941
929
940
934
948
950
928
925
917
925
933
957
938
920
928
931
933
938
917
940
920
934
934
942
932
941
941
945
936
937
953
927
924
953
938
930
937
939
946
931
910
935
927
944
939
926
950
944
939
934
950
953
920
947
950
935
947
929
924
944
929
917
918
932
941
924
937
925
944
949
944
935
934
927
949
920
934
945
950
927
942
938
936
933
920
939
914
925
957
940
933
938
928
907
932
932
908
924
946
942
935
935
933
949
934
920
927
916
938
934
938
922
939
946
912
933
942
912
936
945
930
931
931
934
913
926
945
933
923
924
949
944
920
939
929
931
920
942
930
936
935
940
941
941
944
943
921
936
921
933
952
944
932
948
917
938
930
911
918
905
945
925
918
939
928
923
922
929
927
917
927
936
937
924
925
914
938
934
924
920
936
945
934
942
933
942
949
942
941
933
945
943
946
933
937
948
939
922
924
918
928
924
940
933
925
940
938
927
912
936
936
931
921
931
946
941
930
938
930
935
916
943
941
937
941
916
921
943
921
927
944
933
913
930
943
950
916
930
910
931
940
925
931
942
959
944
946
916
937
938
925
942
944
932
923
938
916
941
929
925
933
931
934
937
929
944
951
945
944
958
934
921
920
943
954
950
945
921
945
925
938
923
930
950
913
939
954
925
949
940
930
920
930
949
908
929
920
934
903
920
952
932
930
933
937
940
944
952
940
940
942
913
942
942
932
930
937
921
926
920
940
940
944
913
924
934
929
910
927
931
911
929
940
918
920
936
924
948
923
954
931
929
951
937
934
929
936
938
925
939
945
914
909
926
915
935
913
919
935
950
927
941
936
937
924
933
917
926
920
922
926
927
924
927
929
928
929
943
939
926
930
939
941
939
933
908
935
919
944
947
936
922
923
918
935
948
920
930
936
923
943
930
926
939
921
934
934
937
922
939
926
921
930
926
936
934
927
920
941
965
930
938
918
932
924
934
953
947
935
905
924
924
911
904
927
928
923
939
948
957
935
956
944
916
949
934
917
904
944
925
923
946
946
941
916
933
942
930
932
935
957
915
926
921
916
945
954
925
930
930
925
933
927
930
928
952
936
936
925
931
942
932
929
920
939
927
945
955
930
946
924
933
939
941
946
926
935
916
939
933
944
901
907
947
948
950
927
910
936
947
928
947
934
937
931
936
929
921
958
928
921
955
936
938
907
929
918
921
931
925
930
941
959
917
922
929
923
922
937
939
928
927
929
941
943
940
920
922
934
940
944
937
912
925
925
932
913
933
937
942
955
922
945
917
933
943
943
907
934
928
930
956
918
933
923
922
933
918
956
935
932
925
928
953
932
935
904
939
952
933
940
923
939
925
928
952
942
944
932
943
916
912
920
926
928
930
923
924
936
930
909
927
932
963
925
947
937
923
933
906
934
914
935
928
943
928
929
952
912
947
939
914
926
922
941
927
928
934
920
925
935
933
937
929
917
906
952
911
920
917
929
924
921
930
921
919
939
941
928
929
932
906
910
918
926
951
946
947
922
927
914
938
943
935
937
931
976
