1065
925
937
936
927
930
928
920
918
924
933
920
928
945
944
927
924
921
934
925
945
953
923
909
923
938
914
945
954
936
940
929
928
934
940
916
937
942
932
927
923
932
927
945
919
930
914
927
919
930
927
923
916
950
940
954
938
932
930
927
920
931
924
924
935
937
918
929
949
931
944
929
936
928
934
925
927
932
929
912
924
923
945
944
937
927
934
900
910
924
915
931
939
928
926
912
951
943
946
936
942
934
938
934
922
911
910
938
939
948
933
930
944
936
926
938
935
916
908
916
916
941
936
955
924
926
923
922
940
925
939
941
947
927
945
931
939
941
933
935
931
914
926
918
931
917
944
921
931
939
936
919
922
941
921
915
935
930
921
927
936
930
936
936
921
924
943
904
926
922
912
928
933
944
940
927
927
908
943
939
929
903
918
938
924
949
950
935
938
909
913
934
919
930
925
938
955
939
937
936
944
924
946
918
925
921
958
939
923
937
914
931
936
942
945
934
930
925
940
949
928
924
941
940
919
932
940
933
940
936
935
940
938
908
937
948
941
923
895
920
918
911
922
918
917
911
931
925
954
955
922
905
944
939
959
927
924
948
920
927
931
919
925
922
956
944
933
943
933
947
916
914
936
947
916
929
931
937
940
935
949
942
939
929
942
927
922
925
930
940
956
933
911
944
925
940
940
926
921
905
932
934
936
945
943
951
921
940
944
938
924
938
915
932
921
920
931
933
940
941
930
915
958
943
934
923
929
931
945
930
916
926
933
920
920
934
914
941
943
944
916
909
922
926
934
932
920
922
934
941
941
930
943
934
920
935
926
921
926
914
927
961
910
920
916
942
937
939
938
934
913
917
910
950
928
918
948
925
930
911
936
934
918
936
947
944
936
940
925
948
928
940
921
936
948
929
932
910
927
930
908
932
921
943
905
928
928
913
927
948
943
936
938
917
933
936
918
927
952
940
930
922
970
914
951
948
938
941
922
927
951
934
926
937
924
936
948
931
909
928
945
948
949
936
947
952
923
932
925
918
938
936
953
927
911
949
915
925
955
917
934
950
938
925
931
907
945
916
936
936
930
944
930
921
943
935
928
948
938
934
921
928
911
950
925
925
935
942
943
926
939
917
926
959
925
947
947
923
962
940
936
937
938
930
945
948
943
958
937
925
935
917
945
931
926
938
919
919
934
925
924
951
922
943
923
938
916
933
946
934
931
934
926
927
932
942
933
926
938
953
958
930
932
929
926
924
952
943
945
908
932
945
918
965
941
932
917
933
941
943
923
928
933
944
928
954
927
924
940
927
939
917
944
941
929
946
935
919
920
932
936
937
939
911
940
942
936
935
916
919
915
907
930
912
933
939
918
926
950
948
929
946
941
932
900
915
929
926
935
944
956
928
931
948
924
936
934
950
946
953
942
941
906
934
929
913
915
936
925
930
912
933
938
926
911
934
931
934
939
909
927
920
950
926
929
956
931
946
939
939
928
939
939
939
953
928
944
932
947
933
930
932
916
945
932
922
920
934
928
935
933
948
919
935
933
921
927
906
952
904
927
956
930
929
926
932
924
939
931
898
924
926
912
932
930
937
923
922
943
937
938
949
935
923
923
948
932
925
921
942
960
928
923
942
924
945
951
923
932
932
936
941
926
917
938
935
922
934
941
926
928
931
919
930
927
930
952
951
930
934
939
927
937
952
942
944
936
906
946
926
941
936
931
935
933
955
930
939
931
926
951
948
928
930
918
934
934
937
928
930
915
921
912
920
915
950
938
909
939
927
937
911
931
919
939
918
925
937
940
936
939
939
942
936
938
926
943
938
914
950
943
935
932
937
950
928
932
923
925
939
937
909
938
925
929
931
931
944
930
941
922
939
951
946
931
932
931
944
960
948
924
929
923
943
925
922
936
935
925
928
926
922
936
923
924
913
930
943
949
920
949
936
934
942
949
931
931
923
933
932
932
929
928
926
935
941
931
918
940
922
937
922
925
916
928
939
934
939
939
937
940
942
929
928
931
928
933
939
950
934
928
936
946
939
950
933
919
925
923
932
940
948
938
915
931
920
914
942
940
920
960
923
920
920
928
924
939
937
932
934
933
933
941
930
943
940
947
951
933
943
934
927
949
916
930
918
941
916
936
926
948
919
937
902
933
941
908
926
917
923
944
931
923
938
920
942
933
926
937
909
944
915
937
921
944
942
957
933
938
922
942
926
927
934
915
947
920
944
919
910
927
938
932
935
950
933
940
903
937
913
941
943
937
919
933
910
926
936
928
942
922
932
924
944
922
924
951
948
935
912
940
935
923
933
960
932
938
937
927
937
912
943
915
938
910
951
923
940
919
924
945
934
924
928
919
918
931
923
938
939
959
926
937
934
926
919
926
924
935
930
937
943
926
932
927
940
935
921
931
952
940
947
934
950
942
932
932
931
913
926
941
939
931
925
947
920
928
940
945
935
928
918
949
940
915
943
922
941
926
941
944
946
932
920
916
927
939
943
912
930
948
916
933
918
919
925
949
928
939
947
926
932
932
935
933
932
937
943
930
927
947
933
949
930
936
938
926
934
938
940
942
936
931
930
938
942
935
923
939
933
937
923
947
941
923
926
934
926
912
917
934
928
919
913
918
929
935
926
915
937
934
928
917
947
932
931
936
944
923
926
912
922
931
951
944
936
920
923
926
949
925
935
908
927
936
949
923
920
931
925
928
930
929
912
926
942
932
942
926
956
923
926
930
920
948
942
939
948
937
937
936
932
914
927
912
941
943
945
948
925
944
946
944
925
921
931
937
934
938
931
916
937
937
929
916
935
925
938
931
945
929
944
929
940
938
903
918
913
956
921
947
941
939
931
922
945
923
908
934
930
946
931
930
919
928
914
928
927
935
940
935
953
931
934
927
937
944
925
926
945
930
933
925
939
920
928
934
925
917
941
939
923
913
945
919
942
934
951
931
924
958
907
932
950
955
936
942
947
929
932
935
936
911
940
933
925
923
929
929
922
943
938
933
927
904
939
923
943
957
933
928
925
942
943
946
936
942
936
953
939
932
928
928
940
933
938
919
900
902
933
950
932
940
936
915
940
942
936
935
934
925
943
924
934
912
923
924
948
926
924
932
947
934
928
936
936
949
959
932
917
932
917
936
939
922
923
937
938
947
944
933
932
921
926
933
955
939
938
935
898
935
928
933
929
930
946
928
956
930
941
944
944
927
905
935
936
915
932
940
915
935
935
939
932
940
926
931
947
944
936
931
925
931
926
927
941
925
931
917
913
920
919
927
930
923
929
920
921
925
952
941
920
954
936
925
926
936
944
920
918
911
941
924
949
937
911
935
912
937
943
948
921
924
946
922
930
937
928
914
921
939
934
931
940
928
913
936
931
921
929
920
925
937
940
935
925
943
942
931
931
951
943
922
941
925
940
937
932
930
938
922
936
935
942
928
939
928
932
928
942
928
923
925
945
912
925
929
907
922
945
942
928
927
919
938
937
932
912
941
930
936
948
941
931
921
932
943
907
924
929
940
934
922
933
946
933
954
942
936
947
939
932
930
909
920
934
947
919
930
933
935
927
921
922
933
939
916
917
925
922
947
949
939
951
938
928
930
915
929
922
922
922
948
919
921
949
915
913
918
926
913
930
945
924
911
930
943
948
946
938
927
915
932
927
932
939
951
931
938
931
928
925
940
940
918
927
943
931
934
941
923
935
934
940
915
958
934
929
917
933
946
925
928
944
906
935
913
939
931
936
934
918
924
921
925
949
938
931
940
929
942
922
936
932
941
942
923
924
928
950
925
919
929
940
939
939
928
930
937
939
934
927
916
932
934
917
930
943
935
929
935
920
921
945
929
939
935
951
947
932
932
923
950
937
920
919
944
947
918
919
936
918
909
942
910
920
924
951
942
956
932
933
924
926
931
920
918
931
939
938
943
937
947
932
937
942
934
947
911
923
917
914
941
942
936
934
904
938
922
934
923
945
930
929
935
938
937
937
945
954
955
938
906
939
921
940
913
921
933
933
919
922
922
926
932
919
930
912
937
924
943
948
958
931
922
933
940
944
952
933
942
938
922
908
930
941
925
919
922
945
920
917
927
907
938
934
935
931
942
934
951
928
946
939
952
951
921
907
922
931
941
911
936
930
939
949
931
943
923
928
931
951
939
924
930
932
920
926
937
930
943
920
945
925
940
935
924
921
920
925
927
931
948
913
926
942
916
926
915
923
946
930
941
930
919
923
929
927
939
933
922
922
947
930
925
925
947
930
912
910
921
929
919
943
942
913
942
946
938
911
934
939
930
923
935
936
914
928
946
925
949
929
923
936
919
927
927
952
922
921
930
928
936
916
940
926
940
931
919
924
932
918
929
934
928
938
939
921
938
940
923
912
952
937
909
921
924
945
933
941
917
926
936
934
925
930
941
928
919
927
933
940
940
935
944
942
925
928
932
936
908
929
921
919
926
922
944
943
905
944
938
922
935
943
899
918
944
950
942
931
943
941
931
946
922
927
945
922
936
927
941
944
939
916
921
925
934
937
933
934
947
939
926
911
925
945
923
936
934
936
932
925
912
919
934
955
936
933
930
938
937
934
955
937
925
929
917
937
936
933
933
924
908
929
926
915
944
929
930
925
928
931
920
919
924
927
944
922
946
919
936
928
923
914
928
929
919
907
950
947
918
933
922
922
962
925
922
938
927
916
940
917
934
917
949
952
942
928
929
929
918
955
924
940
943
931
922
946
934
921
928
942
928
936
925
924
929
952
938
944
930
932
923
909
928
960
937
936
933
928
932
935
945
903
937
928
948
958
911
934
926
927
928
931
946
925
949
953
918
906
916
923
941
933
935
926
946
951
945
943
932
957
960
931
915
930
947
926
935
925
940
928
904
933
952
922
940
926
918
936
948
955
922
921
952
935
939
938
936
944
946
946
921
923
939
938
921
942
926
955
950
932
940
927
930
944
940
941
937
924
945
916
935
920
921
937
932
927
940
933
939
940
939
924
929
930
950
943
927
928
913
921
926
928
923
932
923
924
944
919
943
943
932
934
947
949
950
933
937
941
953
941
959
927
948
940
918
940
940
948
949
927
922
932
927
925
927
923
934
929
941
933
925
929
936
923
940
924
949
955
929
945
935
937
920
913
918
947
936
923
935
920
929
932
929
957
943
931
934
935
950
951
956
949
940
949
903
935
929
918
935
928
930
912
942
948
946
910
912
907
929
941
959
932
930
929
949
951
911
920
942
941
928
933
924
937
918
947
934
915
939
926
919
926
935
934
920
943
968
939
929
947
934
943
918
920
941
915
924
925
942
930
941
921
941
939
931
916
948
925
932
958
932
949
933
937
929
926
928
942
917
931
940
947
945
906
932
935
935
908
939
939
932
936
932
940
956
922
931
935
920
934
939
928
909
922
940
946
956
943
932
944
934
912
950
932
917
943
883
938
938
916
918
932
936
932
933
935
932
932
926
939
927
912
912
922
928
920
930
936
912
930
923
944
930
948
932
922
929
938
946
921
931
918
935
923
925
939
926
924
944
932
950
947
952
935
930
940
940
947
931
930
927
933
936
939
960
941
937
935
911
922
938
901
924
930
932
930
927
935
920
938
936
931
937
922
920
906
924
938
930
926
925
932
936
943
931
926
947
909
946
939
938
940
933
935
926
944
927
934
985
