1065
927
912
941
936
932
941
949
942
932
904
940
908
947
944
919
944
931
917
928
925
943
948
940
930
950
938
935
935
912
935
905
928
932
926
942
942
916
927
917
942
925
925
948
940
920
940
915
915
924
933
926
951
936
922
941
935
943
942
940
921
925
931
936
949
925
933
927
931
935
930
942
923
933
935
934
942
932
923
928
932
921
916
928
928
936
919
958
948
952
940
942
950
947
940
911
938
929
933
945
930
927
945
919
931
934
925
935
940
930
933
923
937
914
934
938
942
952
929
907
944
946
945
931
923
947
913
928
917
939
903
931
935
941
935
921
922
924
943
918
930
922
952
938
938
914
933
941
928
936
935
921
934
945
942
913
930
923
914
935
945
938
944
927
919
926
934
915
928
937
923
940
938
946
921
929
924
906
917
924
922
950
925
945
919
951
947
917
944
932
925
949
937
927
912
915
917
940
926
937
937
926
926
902
929
931
928
920
943
929
950
936
933
924
920
924
939
921
930
934
926
938
926
940
931
939
953
929
936
938
935
917
926
927
928
920
922
946
929
944
939
913
942
948
933
948
921
920
948
931
934
926
941
936
926
915
928
928
919
935
931
931
914
947
945
926
913
920
932
929
943
915
921
934
922
924
934
942
928
934
932
927
932
926
940
924
935
919
932
935
915
933
927
929
922
925
944
944
927
934
938
949
932
914
923
926
943
944
941
916
945
943
949
936
924
946
938
948
933
910
936
932
938
926
914
942
928
897
915
931
948
933
943
949
958
960
923
917
932
931
933
923
910
917
933
933
930
928
932
922
921
933
925
919
925
943
922
926
919
942
925
906
961
932
930
928
946
951
960
917
918
940
926
923
939
932
931
922
960
915
939
937
928
906
923
921
952
935
937
928
930
922
922
925
918
912
934
926
920
953
926
934
951
953
930
942
934
923
925
926
948
926
923
933
939
938
924
910
943
926
932
933
930
950
946
930
941
943
944
925
947
934
948
924
935
948
927
923
945
923
939
930
935
931
944
925
913
932
917
926
931
924
922
925
925
942
921
933
923
956
940
925
950
937
923
921
942
946
939
928
928
930
935
954
929
943
929
932
950
920
945
931
922
910
928
952
919
933
939
929
941
937
936
929
935
929
928
934
930
929
921
909
907
937
934
920
935
923
937
946
936
949
924
911
908
933
917
922
946
950
918
919
925
929
943
938
960
931
940
929
929
934
944
940
930
928
934
934
935
944
926
948
921
906
953
952
943
945
926
915
927
934
928
948
941
942
952
913
924
933
926
924
947
928
930
946
937
940
927
946
929
909
938
937
901
941
942
924
946
939
927
926
933
923
933
924
943
943
948
946
954
953
944
932
934
942
924
951
950
931
926
930
929
938
916
939
926
907
944
933
937
912
933
928
934
929
926
928
932
923
937
928
955
929
939
951
931
927
925
942
891
917
925
924
935
944
933
948
937
917
925
937
947
935
945
944
932
933
945
922
951
917
939
923
940
927
928
939
917
914
930
935
944
924
950
934
931
955
925
944
938
937
933
941
942
935
944
928
935
934
929
947
926
913
933
929
938
927
930
942
927
919
939
935
940
927
930
916
918
934
928
936
935
920
921
922
927
923
935
932
936
944
943
927
919
937
957
917
902
922
934
941
927
917
926
925
930
946
929
934
912
941
916
932
927
947
938
918
929
941
936
922
918
933
919
945
944
927
927
928
918
912
940
953
941
920
937
926
912
929
945
938
926
929
921
927
942
942
935
928
925
915
913
913
935
940
947
922
935
942
943
930
941
944
935
929
927
944
949
959
944
919
945
946
926
926
945
926
933
927
921
934
914
906
943
930
935
913
919
931
942
938
940
944
941
951
949
950
950
944
941
933
924
936
923
942
964
941
923
928
937
938
956
930
933
954
927
942
945
932
930
915
930
918
930
937
914
946
930
933
946
934
934
935
941
933
937
919
920
937
925
929
924
950
936
917
924
926
923
943
929
922
925
920
912
941
932
937
906
924
948
927
922
934
926
915
929
924
923
932
931
925
931
920
926
926
938
930
943
927
934
927
935
932
922
939
941
936
937
910
940
937
945
938
931
926
955
927
938
927
914
941
939
957
930
931
921
935
947
930
932
944
932
917
912
939
936
941
935
956
929
916
933
934
942
925
929
935
924
932
941
935
940
929
931
938
931
931
919
932
933
919
946
945
936
935
926
937
913
924
920
941
921
922
937
935
958
954
937
921
923
924
946
926
933
924
940
956
951
928
935
909
923
933
921
935
942
940
943
924
929
939
932
936
927
920
948
938
945
931
923
934
947
918
923
940
941
933
934
922
929
928
916
935
949
944
945
931
934
931
945
931
932
934
948
935
930
947
913
925
937
919
939
928
932
953
927
912
913
920
935
944
931
930
927
925
915
933
950
918
925
918
928
949
920
945
937
931
940
953
923
935
930
929
918
928
936
925
944
916
948
927
935
928
919
942
952
953
943
934
953
947
941
930
915
929
920
918
951
951
938
911
929
946
920
935
930
931
932
952
947
922
930
935
936
926
936
927
943
932
914
931
934
952
933
933
927
921
917
929
933
934
946
929
929
928
932
950
931
940
945
929
942
943
932
929
940
915
936
908
941
930
938
930
961
948
927
940
930
927
919
934
921
937
932
925
922
934
948
942
944
937
951
927
941
929
931
928
932
920
929
928
948
919
928
929
927
934
948
930
926
938
919
916
920
915
909
942
938
951
939
920
922
914
925
928
914
941
938
913
939
929
943
945
928
910
934
926
922
957
935
926
942
944
934
959
951
945
926
923
918
923
933
924
929
939
920
932
949
931
926
926
951
924
931
927
927
934
937
917
955
925
942
928
941
924
922
929
912
928
932
938
940
922
933
929
940
922
920
934
919
933
929
953
920
920
936
922
942
939
923
927
927
950
951
927
932
939
917
916
933
930
938
930
947
934
930
955
958
922
928
934
937
923
933
936
929
927
932
931
918
939
917
939
944
936
937
920
934
940
904
939
924
935
939
956
942
921
921
924
914
896
930
928
946
933
899
938
929
937
919
937
916
929
934
942
929
926
922
936
938
940
932
941
925
933
924
931
920
941
939
946
926
929
924
919
923
935
950
945
934
944
940
926
920
936
936
943
924
942
942
920
947
934
917
951
928
938
941
925
930
931
902
931
934
929
930
940
931
926
932
955
935
951
927
948
938
925
910
918
926
909
964
927
929
926
926
943
940
949
929
946
946
925
918
929
928
911
929
947
929
926
929
931
924
931
931
910
934
915
922
935
940
910
952
931
936
922
952
922
918
947
926
928
930
922
925
909
893
911
940
912
932
930
924
950
946
948
939
926
929
922
921
916
943
926
954
924
926
929
920
928
950
934
949
934
928
919
927
933
907
915
933
930
925
935
939
925
915
934
932
925
924
935
926
938
913
924
920
931
943
942
932
943
923
940
917
937
933
928
923
945
942
920
944
936
938
929
935
954
936
925
928
927
930
937
919
936
927
921
918
925
921
938
944
940
927
939
937
930
911
933
946
917
921
945
929
936
918
936
934
928
926
912
940
946
938
933
924
923
932
944
925
918
908
929
926
940
936
939
925
908
932
937
935
924
936
924
938
927
938
932
913
912
928
943
942
940
937
927
941
944
936
943
936
943
941
945
944
920
947
947
925
930
940
930
941
940
939
930
949
921
908
924
939
917
940
939
929
926
913
914
916
947
921
938
943
925
928
930
921
918
934
931
936
944
939
936
934
927
936
930
925
906
929
936
948
956
955
935
922
931
945
946
915
928
925
948
933
955
927
925
935
927
931
933
930
939
937
951
942
933
929
933
915
923
910
935
934
923
922
924
939
940
933
939
951
912
932
942
945
927
936
928
902
945
921
916
929
924
952
941
928
935
932
919
952
940
910
923
904
922
936
913
922
939
929
925
968
941
935
943
944
926
932
925
946
949
948
926
941
935
907
933
933
946
939
931
923
948
939
924
946
926
920
916
952
925
914
952
930
926
926
940
921
923
931
943
924
943
938
952
936
917
944
925
937
933
948
919
914
937
951
930
920
917
936
936
935
948
918
936
914
940
925
932
922
926
941
935
941
932
921
921
956
927
933
935
925
937
931
920
934
931
917
948
918
938
933
931
916
924
943
933
934
938
934
919
952
913
936
928
934
931
924
943
926
936
944
941
927
917
915
949
925
954
911
906
947
947
935
938
937
936
932
944
938
954
941
937
953
928
942
929
949
933
932
932
952
917
929
929
948
937
923
916
926
941
933
940
911
925
932
939
946
934
937
932
942
923
936
934
931
939
943
948
951
940
929
927
915
931
940
948
924
948
938
929
916
946
939
928
921
939
942
939
936
918
923
950
891
936
941
942
915
925
919
934
929
932
924
934
915
925
930
933
932
935
913
937
949
936
952
933
945
941
935
935
928
936
936
916
938
911
945
946
941
921
929
929
939
923
936
950
943
924
929
921
922
925
905
923
931
921
916
925
936
925
939
936
927
936
947
960
915
937
931
911
929
928
925
954
937
926
913
934
935
943
939
937
928
939
931
932
933
939
936
935
931
917
922
922
946
932
920
931
927
937
941
935
926
936
925
934
931
939
935
928
942
929
935
912
934
938
919
944
917
925
934
938
918
913
944
943
924
916
939
927
934
921
918
947
940
924
908
925
928
925
915
905
930
931
932
915
921
901
926
936
935
931
942
927
914
923
916
938
916
938
917
956
954
939
940
932
939
965
940
930
940
928
924
932
928
942
918
955
929
925
926
923
942
933
935
939
926
931
931
930
920
929
925
924
922
928
931
939
951
935
953
950
953
921
917
933
904
933
929
929
930
926
928
929
928
932
925
934
919
919
937
940
932
929
932
924
899
939
949
940
938
927
957
945
938
915
924
921
949
928
937
936
928
927
915
937
923
918
931
933
913
922
926
940
937
928
941
944
926
953
930
934
941
922
934
948
949
927
916
918
911
945
926
925
921
926
937
930
935
929
919
936
921
936
932
939
933
922
939
936
913
936
958
934
953
930
932
943
923
948
928
926
925
926
927
934
948
936
938
929
945
939
920
934
931
932
929
932
939
951
933
934
942
937
924
920
943
945
939
949
943
917
926
952
928
920
935
923
930
942
941
921
925
928
921
909
916
917
926
926
951
951
943
944
941
924
934
927
912
927
939
940
944
922
926
949
927
940
939
924
946
917
923
945
917
924
935
936
930
945
929
922
934
937
947
924
936
943
922
902
926
914
942
934
915
934
939
912
939
938
947
933
927
924
915
936
918
927
939
924
936
943
931
925
931
955
934
931
931
929
940
957
935
950
936
934
928
919
907
923
916
915
935
938
949
934
942
937
935
919
938
942
933
920
913
946
950
945
946
922
943
937
923
927
931
938
938
943
930
919
924
923
927
940
940
928
934
934
932
940
939
918
929
940
933
948
931
927
919
914
924
936
928
930
937
943
934
933
952
922
917
923
935
942
938
938
934
928
944
939
925
941
943
934
932
955
934
947
934
920
945
949
929
929
939
911
917
946
920
920
943
941
930
934
924
939
917
928
934
926
928
930
928
936
948
925
938
939
937
915
918
940
934
941
926
933
919
935
929
948
942
928
943
917
930
925
918
923
925
923
933
938
932
926
944
941
925
921
918
932
918
926
924
906
926
945
934
933
969
930
923
932
976
