1065
921
926
941
917
957
925
939
939
936
916
933
939
945
927
916
922
909
953
941
943
939
943
906
939
947
957
925
938
936
949
960
949
931
910
935
916
917
959
924
943
914
926
934
954
932
936
943
927
930
920
921
939
937
934
949
916
923
946
941
921
937
940
915
935
936
928
928
925
942
918
929
935
938
925
920
915
933
925
947
929
920
939
931
936
937
927
947
937
945
921
948
910
931
937
918
921
919
931
930
925
928
937
942
927
947
937
940
933
926
926
934
919
940
943
951
943
927
935
941
915
930
948
917
930
947
930
938
949
918
945
924
948
937
941
936
947
941
942
926
938
918
926
934
929
915
945
932
924
939
938
931
934
928
925
942
925
936
938
935
915
931
933
920
930
939
932
959
940
967
906
927
923
928
931
951
931
939
922
925
923
929
920
932
939
931
929
937
947
943
939
944
927
922
931
935
919
919
926
925
913
926
925
930
941
945
931
920
940
933
947
954
927
924
944
926
927
941
936
921
937
934
940
931
914
922
935
924
923
924
941
932
937
933
939
933
903
917
946
921
925
943
946
940
919
917
928
939
929
946
906
912
934
906
926
934
911
949
929
925
940
929
941
939
921
945
939
926
927
939
939
928
965
904
921
931
944
932
937
932
909
929
918
918
933
937
930
927
921
929
922
945
937
942
941
901
944
948
930
937
934
924
916
924
932
928
936
950
921
933
926
931
928
937
932
914
927
923
936
931
933
914
919
942
922
908
936
934
923
946
941
944
947
938
938
921
936
941
935
919
936
939
913
919
927
931
932
913
938
924
916
915
938
945
938
951
943
933
927
939
912
954
932
920
943
934
918
940
946
932
932
930
922
924
915
936
923
934
927
945
918
925
930
933
935
951
928
931
934
936
932
925
915
935
931
918
943
940
942
947
929
923
933
937
934
938
917
908
943
942
904
934
937
932
940
922
932
907
924
944
926
923
934
928
937
939
920
936
932
928
928
929
920
936
919
941
935
921
938
913
918
937
911
921
938
942
945
936
922
927
940
941
914
926
909
910
929
919
947
915
922
921
921
933
935
936
942
931
925
915
925
934
918
944
938
944
937
920
932
929
944
935
942
931
920
930
931
918
931
912
933
923
934
937
921
933
949
934
937
940
926
929
930
937
925
919
902
941
945
940
921
932
930
932
932
939
945
969
938
936
926
936
926
900
922
932
938
951
938
931
931
942
949
934
950
931
944
918
911
919
922
938
947
953
936
912
962
931
950
959
928
925
914
946
960
919
929
929
919
928
919
942
930
939
919
923
927
936
935
938
932
937
915
924
940
940
931
935
933
922
932
914
931
936
928
932
954
924
941
928
919
939
932
929
945
939
919
934
944
927
935
939
924
920
933
919
940
927
924
918
910
926
942
950
940
940
927
952
948
948
944
940
944
950
918
935
931
940
940
930
917
943
940
926
931
944
949
933
923
924
918
947
945
928
943
943
930
931
926
931
929
924
920
928
927
952
939
919
921
923
917
938
931
948
943
940
932
913
922
926
935
934
927
923
933
938
925
924
930
912
929
946
945
930
921
934
921
921
929
945
918
938
929
929
934
923
922
949
926
932
938
936
917
933
927
934
931
949
918
936
940
942
938
935
921
927
935
946
945
948
935
953
920
946
921
930
941
933
925
931
953
927
944
932
922
929
930
924
938
930
955
936
928
919
953
918
933
912
934
939
920
937
940
938
950
923
920
920
919
908
943
932
931
955
927
935
927
940
931
921
916
938
937
938
925
922
938
948
915
933
941
917
930
931
934
919
944
929
924
939
926
914
935
940
929
915
939
939
936
901
934
929
915
930
930
912
925
950
949
945
923
932
939
917
943
942
928
923
932
936
944
935
928
911
926
948
935
940
938
929
940
921
902
905
952
944
932
924
950
949
920
930
935
932
940
927
949
923
956
942
939
927
939
940
922
946
941
922
939
945
928
921
947
918
941
941
914
928
933
926
920
919
939
931
913
920
919
917
946
935
960
948
934
936
937
926
924
937
924
931
940
923
945
931
929
930
929
921
952
934
923
941
936
934
943
935
941
961
961
934
925
934
924
958
940
926
918
908
911
930
930
924
914
939
916
912
932
910
932
924
931
925
930
932
924
948
918
927
937
928
939
913
925
929
934
932
928
947
943
953
933
955
926
923
936
963
931
953
951
927
935
951
931
930
941
922
928
921
937
948
942
923
931
925
940
934
908
931
936
931
942
933
924
950
899
908
913
936
933
927
938
929
933
951
950
920
930
931
931
936
932
951
938
938
932
924
920
916
934
943
925
933
919
928
934
930
912
945
921
923
929
926
940
929
920
949
943
930
930
933
914
924
941
952
943
928
949
931
929
905
936
910
924
945
927
929
923
923
938
934
950
922
927
939
944
928
951
922
948
922
932
927
925
931
933
917
953
937
936
939
916
907
930
939
935
946
937
933
915
926
909
926
928
951
930
917
928
932
931
904
937
944
908
922
907
938
976
932
932
940
931
942
938
938
943
930
936
930
925
918
941
926
929
919
937
931
918
927
952
911
924
941
949
940
938
936
934
929
927
930
931
912
930
918
922
934
918
932
943
952
942
940
938
922
921
944
922
943
934
930
914
922
934
936
948
944
931
931
932
944
929
955
935
924
952
932
935
941
927
928
926
948
930
930
940
933
927
952
952
938
933
929
931
933
910
940
924
922
948
930
916
953
938
943
931
920
926
954
933
916
930
921
938
918
934
943
947
949
949
926
935
908
919
912
935
944
928
921
926
938
939
938
944
927
937
924
932
944
925
926
947
941
953
931
919
940
935
932
915
913
937
934
917
929
924
930
936
937
930
920
906
933
912
938
926
921
930
917
937
934
936
925
935
938
931
933
934
941
923
923
936
935
917
921
937
921
932
925
930
944
932
932
905
947
950
931
941
947
929
915
933
937
951
920
932
928
928
939
919
930
908
931
916
952
947
920
923
918
939
957
963
934
943
937
930
940
939
950
920
934
934
928
924
930
955
948
921
936
931
944
941
943
949
933
942
942
935
935
903
936
934
922
934
928
940
922
936
925
942
950
938
939
934
943
962
928
925
931
929
939
922
924
934
935
926
936
945
937
921
925
941
931
937
906
930
930
937
948
924
926
922
959
930
923
921
929
939
925
931
942
931
929
930
950
926
947
928
937
938
937
916
913
927
925
948
928
930
932
934
911
943
937
963
922
928
913
921
936
925
939
948
932
954
926
947
922
930
920
926
948
942
951
921
920
928
935
948
948
942
946
939
929
941
953
930
931
926
940
933
921
927
920
909
938
930
940
922
923
925
926
924
948
932
956
914
955
925
937
925
937
950
937
918
928
935
938
933
926
939
927
929
914
927
921
925
916
932
922
940
918
923
925
927
918
928
934
943
914
929
922
947
948
932
912
929
927
951
945
927
916
934
945
939
917
931
937
923
952
945
934
958
933
934
933
938
931
924
943
945
946
939
930
915
916
932
921
927
916
946
942
927
911
941
912
931
914
907
925
942
926
931
928
923
929
917
944
945
936
947
928
934
907
938
930
944
922
926
932
931
927
927
923
919
921
942
936
924
920
942
912
913
937
927
925
935
934
928
927
942
926
932
932
925
919
924
920
933
922
908
919
924
936
925
931
945
932
933
943
915
920
937
935
952
922
925
943
925
942
928
936
922
927
921
934
934
941
929
924
925
952
924
941
938
922
937
951
947
940
950
939
944
938
923
922
944
943
920
944
948
933
951
940
933
939
930
940
935
921
925
934
912
926
948
939
948
919
937
947
931
921
930
924
938
929
934
944
923
941
937
932
942
931
921
916
935
936
932
952
929
944
934
927
924
930
949
930
934
935
953
918
920
927
954
930
923
934
933
914
931
934
941
923
926
946
951
936
926
932
926
940
933
935
938
942
957
953
932
940
912
931
926
908
913
933
911
930
945
943
911
914
926
941
930
944
926
909
923
941
936
938
917
931
924
927
914
930
936
909
922
932
933
929
936
959
925
941
923
931
917
934
913
922
931
911
940
951
926
941
943
929
947
924
942
932
939
939
929
929
931
939
931
926
934
939
949
948
945
936
947
922
928
951
930
950
938
915
930
929
950
939
940
937
909
932
936
918
943
926
917
936
924
909
928
921
936
925
937
928
913
936
946
941
925
937
913
925
938
928
953
944
934
935
917
934
940
945
918
941
931
934
934
929
924
930
945
919
922
927
933
935
922
905
915
934
938
957
938
931
915
916
917
936
917
928
928
950
950
932
919
935
939
929
922
923
939
944
912
943
958
945
942
917
950
934
924
923
927
927
907
925
933
928
919
942
938
937
929
949
938
938
938
942
919
934
945
927
923
926
921
922
925
932
934
921
928
909
932
940
923
942
926
918
937
943
910
927
950
942
921
945
937
939
934
938
948
931
928
954
928
925
933
931
935
933
913
925
929
919
940
935
949
946
927
959
936
961
941
931
940
923
925
944
926
926
947
922
937
932
931
936
913
938
935
931
937
920
912
917
930
922
942
936
926
949
930
946
932
931
931
936
937
923
932
929
927
924
924
938
954
913
939
918
938
919
951
929
908
937
923
911
927
922
926
943
917
937
939
943
943
951
913
938
948
902
924
924
933
929
923
924
934
935
933
935
942
945
960
926
917
945
933
939
923
925
908
932
940
942
937
933
941
935
918
935
930
925
919
940
917
939
932
953
925
935
920
945
936
945
937
903
916
914
918
919
925
924
928
952
909
928
917
950
951
931
932
938
951
919
925
924
953
948
936
937
942
927
936
919
922
909
928
942
936
926
928
934
925
918
932
945
921
933
937
955
948
925
912
927
920
934
923
931
914
939
941
928
957
920
934
938
947
930
934
930
927
943
931
937
928
926
930
946
938
932
935
947
943
928
931
912
924
944
936
933
933
936
938
917
912
953
948
931
944
937
929
929
946
934
948
945
922
919
922
941
935
943
925
934
926
913
927
917
936
929
931
928
947
933
901
928
922
920
937
925
935
941
940
925
917
941
921
930
934
930
945
936
939
953
920
917
949
938
937
937
917
949
926
927
917
916
917
909
935
936
933
934
911
925
943
928
941
933
945
924
936
938
943
917
940
924
948
921
921
932
927
940
948
927
929
921
934
939
928
940
925
910
919
928
943
939
941
932
936
940
940
927
942
921
933
923
922
928
945
929
939
950
923
936
943
931
943
930
942
934
955
934
933
942
920
968
932
914
906
941
938
934
928
941
931
934
918
927
931
930
931
943
938
926
956
935
943
942
946
931
941
926
938
906
932
936
928
945
925
928
945
945
942
928
941
894
942
930
937
923
937
922
939
930
925
952
932
941
924
928
926
932
929
945
918
942
936
923
937
927
936
943
936
936
963
937
925
930
929
905
934
948
933
929
906
942
938
917
921
944
922
935
924
920
926
940
934
924
939
961
931
940
932
904
924
923
929
938
929
934
926
922
940
921
936
930
940
956
947
934
926
919
928
924
935
927
956
924
937
920
946
927
932
920
929
918
931
900
914
944
912
934
906
922
930
930
925
921
919
924
915
930
934
923
937
932
945
913
920
938
937
928
944
941
925
935
928
921
941
942
926
931
940
938
923
941
933
936
928
943
933
945
941
909
922
920
919
939
911
941
931
940
941
930
913
947
941
930
944
931
939
944
938
948
934
940
978
