1065
924
952
930
927
931
908
904
935
934
935
944
954
958
930
939
940
939
936
917
909
936
932
923
944
939
928
935
927
924
935
926
947
929
933
915
936
936
915
935
933
931
932
966
917
925
935
931
948
926
920
927
917
949
932
924
944
933
950
943
957
909
934
929
933
935
918
944
929
921
936
953
935
916
917
917
928
933
958
908
950
934
937
919
924
931
943
920
935
933
935
933
932
929
943
915
919
932
932
926
916
920
951
943
925
927
941
939
940
941
928
950
958
924
906
925
942
921
931
945
944
916
937
916
941
931
937
932
925
951
927
938
915
911
912
926
948
936
923
946
925
919
930
931
928
929
939
928
957
940
936
913
936
952
936
931
915
946
929
931
942
930
928
927
919
923
935
917
942
931
942
933
934
929
923
934
913
947
924
912
939
937
930
936
928
944
927
921
909
932
945
960
950
938
928
959
921
939
955
928
957
948
936
932
938
949
921
943
939
936
914
913
929
927
926
935
932
939
926
921
934
941
934
913
942
931
941
945
924
942
943
933
914
938
941
946
932
924
929
938
926
946
954
928
915
934
939
913
915
932
943
920
949
925
937
933
912
945
950
933
919
915
906
927
919
914
933
940
941
934
919
934
929
923
917
919
952
932
913
927
935
950
953
932
945
948
935
920
922
922
944
933
922
944
937
940
947
940
926
942
926
924
949
955
949
948
940
931
939
934
941
918
923
930
957
948
930
921
942
933
929
926
928
929
919
940
932
938
942
929
925
924
930
923
928
929
938
943
923
939
922
938
937
933
932
931
929
937
904
914
943
929
923
917
941
933
934
915
943
925
918
914
955
918
925
941
924
930
953
950
918
949
935
932
942
935
940
925
949
938
939
928
932
938
932
928
909
910
934
945
934
931
942
937
924
913
924
926
921
941
947
927
938
951
926
917
921
949
931
922
936
936
939
936
940
942
936
942
949
919
951
939
891
916
927
939
937
942
920
937
949
921
927
935
959
937
951
918
906
945
924
928
920
942
943
938
927
942
930
933
918
944
938
930
929
941
930
950
926
942
945
938
934
943
908
929
924
938
931
941
937
941
923
910
937
922
926
939
933
941
924
928
931
914
924
929
924
947
938
931
939
958
924
928
929
939
928
945
919
929
934
906
919
932
942
939
932
946
932
938
926
930
935
919
932
932
930
933
954
896
944
943
921
924
932
934
920
927
943
950
938
909
933
929
927
928
949
952
934
945
926
942
933
914
956
936
934
941
935
944
911
933
923
943
943
930
924
933
926
923
925
937
938
941
948
936
908
902
924
930
951
920
933
951
962
920
924
916
940
936
944
926
910
951
930
935
937
930
928
943
955
933
942
923
926
908
928
932
939
920
931
952
912
955
933
931
936
931
924
936
938
929
935
942
916
935
935
922
954
939
921
937
927
935
937
923
921
924
944
929
907
917
937
932
928
917
932
944
952
944
927
946
941
932
930
928
916
920
922
931
937
930
912
928
942
935
936
930
934
960
926
935
929
933
915
925
940
931
931
939
926
945
935
926
932
925
917
934
933
937
927
937
952
927
932
904
918
933
936
925
928
927
926
929
949
920
924
936
928
943
931
945
930
929
963
946
939
914
938
918
938
935
927
913
912
935
926
935
942
932
925
940
924
938
942
924
935
926
930
906
938
932
937
951
935
926
942
932
950
917
933
928
932
927
956
918
938
934
949
928
934
935
931
930
929
924
930
946
928
939
944
942
939
963
918
941
922
933
954
939
948
940
937
930
937
928
942
916
938
935
889
936
929
941
946
931
937
932
937
919
939
943
939
909
923
934
917
924
933
942
930
921
919
942
934
947
939
931
926
924
931
918
928
936
930
927
935
929
933
948
923
911
926
905
934
936
948
934
931
924
931
920
928
930
921
921
930
928
938
932
934
919
922
927
935
939
944
936
938
942
918
923
933
940
915
926
941
955
957
943
925
931
930
928
923
947
920
943
928
929
913
940
926
933
930
938
968
921
935
938
945
935
923
943
913
951
928
916
936
937
944
948
926
934
932
916
923
926
930
922
916
922
935
933
928
937
915
943
949
937
937
939
925
916
935
919
933
933
946
934
931
927
922
929
936
936
924
908
944
930
933
935
938
939
944
920
932
940
926
926
921
906
931
917
931
921
921
947
941
938
940
927
922
917
905
932
933
954
927
943
942
933
930
942
942
919
916
933
933
947
923
924
917
915
932
927
913
919
936
957
934
922
938
931
948
918
922
945
937
932
939
927
925
931
940
928
955
932
917
955
948
927
895
942
948
918
921
923
931
945
929
930
947
952
938
927
918
938
944
933
946
931
920
940
939
927
929
942
924
930
939
937
941
944
936
939
921
933
930
929
933
923
933
941
930
925
936
915
945
943
938
944
932
937
935
937
939
911
937
909
923
918
937
942
930
937
905
935
924
950
931
949
926
939
912
927
915
947
945
914
936
944
937
938
950
931
913
919
931
923
924
908
933
928
927
919
913
928
941
948
938
916
927
922
928
927
925
912
915
939
926
927
932
944
932
940
927
943
939
929
941
955
938
918
940
939
928
931
923
903
943
935
919
923
924
923
937
948
936
942
917
940
930
930
942
925
908
932
916
928
935
922
946
922
923
919
925
916
922
932
933
959
940
939
938
947
914
930
930
930
949
936
943
928
944
934
936
919
918
935
934
921
944
929
908
930
909
914
919
942
924
953
941
930
932
937
904
939
907
926
912
934
924
932
930
925
927
944
944
924
936
928
928
936
939
938
914
916
924
943
927
936
922
942
932
935
916
930
930
929
949
913
918
922
940
930
942
927
934
940
934
940
944
929
922
922
932
915
931
921
921
930
930
943
943
939
921
950
936
946
938
945
933
920
938
930
946
939
933
921
926
926
935
933
928
929
953
917
929
917
928
939
928
928
915
947
942
931
943
914
924
936
927
939
944
919
949
956
941
945
940
944
920
927
935
932
947
939
923
931
947
915
942
928
948
942
934
944
939
938
933
957
926
937
922
925
931
935
920
930
945
931
939
925
937
929
927
941
978
921
939
924
932
928
918
934
944
920
952
930
938
928
937
956
919
922
938
925
951
955
933
928
917
933
937
922
937
934
909
936
926
943
922
921
929
922
903
940
929
933
933
933
935
927
934
928
942
940
919
930
921
920
948
944
934
926
926
957
929
929
927
945
928
930
928
926
922
943
938
933
934
933
936
931
927
928
936
936
930
933
953
948
920
916
935
942
943
917
927
947
919
919
949
935
952
923
936
941
945
930
918
933
938
938
926
944
935
924
939
930
942
942
928
943
936
926
913
957
926
940
917
935
932
917
940
943
953
941
936
945
944
947
934
945
956
935
944
933
943
928
930
943
922
922
920
932
929
929
949
944
927
929
921
935
930
916
934
920
929
908
931
927
920
929
944
936
927
921
935
928
939
947
933
918
936
931
936
928
942
933
938
919
918
927
924
906
915
943
944
924
922
919
930
949
933
904
948
931
944
914
936
947
932
949
928
937
948
933
940
933
925
935
951
932
936
918
954
920
936
928
939
953
918
924
941
933
939
956
928
936
947
950
915
942
928
930
923
944
921
931
933
936
932
952
934
939
915
942
940
929
948
933
937
927
940
933
927
936
937
939
943
924
918
931
931
944
923
935
945
924
907
932
927
943
925
929
914
929
937
936
913
937
926
926
917
924
932
935
931
942
922
928
923
933
959
926
939
957
936
945
932
924
918
918
926
922
942
919
917
950
953
919
952
919
920
939
924
936
928
913
923
926
934
937
934
937
930
940
940
946
939
950
937
907
947
944
943
906
935
936
913
941
926
936
939
945
950
924
942
937
920
946
952
948
947
921
920
945
941
936
926
950
935
933
937
958
937
934
945
930
940
946
935
916
928
940
922
925
927
943
937
941
932
947
947
960
938
927
927
927
923
932
927
930
934
946
918
928
926
931
925
906
942
942
929
925
927
951
940
922
924
919
933
932
934
913
926
928
934
927
920
913
923
920
925
939
917
942
921
944
919
939
943
946
928
942
924
945
941
901
917
917
911
927
943
930
960
933
937
938
920
902
935
951
947
940
931
936
920
921
930
934
942
932
933
944
947
958
943
921
939
934
938
922
942
947
948
933
930
932
926
933
931
931
927
928
938
934
945
929
935
923
928
941
920
925
919
935
941
933
936
938
951
933
950
926
933
936
930
911
909
930
942
926
933
929
935
930
922
897
909
941
921
932
927
942
942
931
943
946
926
937
933
935
953
929
925
935
922
932
924
948
929
938
934
920
926
938
950
925
917
939
934
939
926
922
926
946
931
942
935
929
948
939
960
929
931
919
939
932
926
922
916
942
934
953
929
942
932
935
924
913
924
940
948
924
956
917
956
933
926
929
940
938
929
924
932
936
953
917
936
907
929
929
940
929
916
935
909
928
925
940
944
917
917
920
952
932
960
937
930
935
934
949
945
939
942
930
927
914
927
939
934
948
929
936
914
933
932
922
920
934
925
922
938
942
933
946
934
938
940
947
926
927
942
933
932
908
938
926
918
929
936
928
934
923
933
913
941
943
943
934
944
930
918
930
923
928
920
932
941
932
919
954
941
932
942
952
945
921
924
938
944
925
940
928
922
908
920
931
938
928
922
917
946
933
930
924
925
943
942
924
920
922
927
927
927
935
921
956
938
930
920
928
926
932
944
933
933
924
936
924
928
927
935
926
912
924
944
920
932
943
922
922
939
954
922
916
931
934
935
945
945
908
933
937
894
938
920
925
933
928
946
930
947
930
937
919
933
922
954
938
936
945
936
942
946
954
922
932
941
934
933
939
910
919
961
916
938
929
935
941
903
912
931
943
924
928
944
929
917
945
942
929
941
924
949
932
931
942
946
948
927
940
926
921
929
936
926
920
936
925
928
936
946
935
936
944
915
934
929
940
902
922
930
925
936
940
952
925
937
931
921
914
915
948
928
940
917
932
930
937
925
921
944
926
919
947
920
922
914
937
947
957
926
932
932
931
927
929
944
935
958
943
954
947
939
928
944
931
916
948
935
958
955
939
924
936
926
930
939
930
937
938
949
955
940
914
935
921
939
944
941
948
936
925
945
944
923
927
949
923
949
929
926
928
936
919
920
936
937
915
933
932
929
934
916
933
938
947
922
934
925
923
936
926
922
895
931
929
958
923
929
932
935
923
947
923
916
925
930
935
922
925
924
925
920
946
926
938
938
926
933
937
926
931
949
915
935
909
947
933
944
929
916
926
941
951
925
924
939
923
915
940
928
921
919
919
933
926
946
942
934
917
946
944
924
929
935
933
922
931
942
943
952
946
946
925
931
910
933
926
920
909
931
945
941
916
909
925
948
936
900
936
931
926
928
918
939
938
917
958
938
928
933
934
937
932
932
945
933
926
936
915
943
927
926
925
938
928
935
929
920
947
926
916
921
926
930
916
910
913
938
949
919
910
936
943
925
921
918
923
948
925
937
918
946
945
928
913
931
932
921
923
926
936
942
934
927
912
938
948
937
931
913
943
931
919
923
949
949
952
945
922
933
911
918
930
934
913
904
929
930
945
935
933
934
938
944
933
919
951
931
930
935
926
928
936
929
954
948
932
956
946
955
931
948
937
927
946
924
924
929
940
946
938
938
933
929
929
914
928
930
916
930
933
940
922
922
920
978
