1065
919
930
939
947
934
934
931
942
929
930
942
918
941
933
964
937
912
937
946
924
938
923
929
950
954
929
921
926
924
941
937
949
940
921
941
937
937
951
945
940
937
935
936
929
916
919
932
929
948
921
930
921
949
929
927
923
923
927
926
927
925
941
913
943
935
937
914
922
914
940
931
933
945
919
929
939
938
938
924
940
970
942
935
934
920
922
925
924
897
952
933
942
933
918
909
918
943
915
927
935
918
939
927
918
927
923
918
926
932
934
909
917
913
924
931
932
920
944
935
938
939
938
927
937
931
927
912
914
928
923
922
921
927
916
951
934
940
929
935
930
939
935
943
928
936
931
927
925
925
940
947
934
923
944
942
941
913
925
927
932
931
900
933
929
944
946
915
931
924
929
928
935
916
943
934
915
934
936
924
929
934
908
918
929
923
931
935
914
928
910
940
930
933
928
928
926
936
936
928
932
937
917
918
923
922
939
927
925
934
930
938
930
917
946
922
930
926
930
938
949
928
935
947
926
924
925
933
927
942
929
952
935
926
921
943
947
937
944
926
931
942
944
942
936
924
931
927
945
930
925
934
934
936
924
940
936
920
928
923
946
943
955
926
927
936
930
922
933
945
923
935
943
934
924
940
926
928
907
928
924
927
916
940
934
950
936
931
934
923
928
910
919
931
913
930
937
941
949
950
936
940
931
934
913
940
922
938
935
958
928
939
946
957
941
932
949
938
939
927
940
953
923
920
931
952
922
925
927
940
932
932
932
924
929
953
937
944
933
924
933
923
918
936
918
926
931
923
929
920
922
923
940
924
938
923
911
921
935
936
921
921
932
939
933
925
922
946
924
927
928
940
923
915
938
935
925
922
916
934
929
939
923
944
929
920
916
935
949
938
931
941
944
933
930
918
931
934
939
945
911
923
918
923
920
934
945
916
926
918
930
937
948
943
936
945
934
924
934
940
927
957
919
922
917
918
934
927
950
920
929
958
930
934
935
928
941
922
946
924
950
922
916
931
935
929
914
938
932
943
955
931
927
922
927
936
921
919
935
938
937
925
922
926
941
943
931
935
953
946
921
917
948
930
912
927
931
916
946
945
936
927
937
932
910
922
934
947
917
905
923
953
930
931
919
920
923
943
922
949
946
927
928
936
939
922
949
921
941
943
924
914
916
933
945
921
923
924
929
922
939
955
942
943
936
919
936
940
928
936
934
933
925
913
920
923
950
927
934
940
942
924
917
920
934
940
922
918
938
913
926
923
940
941
920
938
928
950
925
922
943
929
930
932
938
938
931
957
926
935
954
931
929
927
921
941
930
933
930
948
917
928
929
955
927
955
929
948
920
931
933
950
946
922
937
942
931
933
926
935
934
925
925
955
924
926
940
944
903
928
939
917
946
934
941
924
926
929
928
930
937
924
929
928
944
912
934
938
929
912
917
949
915
939
942
923
930
923
948
946
938
956
944
923
909
920
913
939
934
919
911
938
934
933
935
929
950
943
948
940
941
930
941
928
956
918
932
935
948
916
938
936
925
950
925
952
915
905
938
956
950
935
937
919
907
944
945
936
932
938
943
927
931
928
936
934
934
931
947
950
960
928
938
928
926
931
938
929
949
926
924
926
936
916
929
929
945
928
927
942
945
909
932
912
931
935
947
938
933
942
921
941
953
932
931
942
941
918
915
915
929
927
919
922
919
922
918
947
927
941
962
938
931
934
914
919
968
938
930
931
937
938
913
954
923
926
927
912
946
915
920
918
931
942
916
918
925
943
906
934
947
933
928
937
934
919
939
936
925
942
926
929
919
933
945
919
932
928
932
929
934
935
923
925
921
925
911
944
942
932
933
925
928
930
932
953
947
918
939
941
927
928
952
929
929
931
927
932
928
927
938
946
946
943
921
934
926
938
939
919
937
914
954
929
934
926
926
939
946
938
944
922
935
937
939
941
937
932
935
926
938
921
937
934
939
925
910
935
941
934
932
933
940
936
932
943
916
937
921
944
930
946
944
943
922
912
937
944
925
928
913
953
940
924
922
942
921
933
929
947
911
931
945
936
924
951
936
929
944
922
929
938
932
935
922
926
921
914
936
951
927
934
942
935
932
935
952
945
928
933
953
943
932
944
928
946
932
927
928
907
939
916
946
931
934
936
916
945
933
929
927
912
931
938
931
944
933
923
922
916
948
933
938
921
915
926
931
945
935
939
934
935
939
934
936
932
932
947
925
951
926
911
915
933
927
932
924
934
943
934
944
925
940
929
921
920
935
933
946
927
956
929
923
949
944
942
935
928
928
939
943
930
932
927
934
953
932
930
920
909
909
928
936
925
943
912
915
934
934
931
947
938
948
937
928
928
936
932
929
937
944
923
948
951
926
922
926
936
945
948
947
928
919
932
905
918
937
941
933
926
954
923
915
944
926
948
936
934
940
931
923
943
932
942
917
929
928
916
944
933
946
943
945
947
965
929
942
949
939
930
912
925
947
940
920
930
929
939
930
942
946
950
938
951
936
942
933
948
943
923
915
913
930
948
940
930
939
943
930
935
922
932
925
925
923
953
931
912
925
936
946
938
928
938
938
944
937
936
926
935
934
936
920
931
941
932
941
921
922
914
922
939
944
927
942
919
916
940
928
935
934
927
936
939
958
953
942
919
936
926
933
915
916
935
938
941
910
934
922
919
932
917
934
934
929
950
934
919
942
940
943
945
925
942
948
943
937
934
926
934
943
958
922
933
921
928
944
931
927
909
948
918
912
925
920
922
920
920
907
943
954
926
927
934
943
944
928
939
926
930
930
927
940
946
928
942
930
947
951
926
966
924
935
951
922
947
947
928
947
939
920
943
936
927
930
935
902
929
940
927
945
946
944
928
922
931
916
930
920
930
919
926
921
944
941
933
947
925
917
938
939
939
923
939
931
948
950
937
937
945
941
908
946
937
921
917
924
927
921
914
941
952
960
930
939
925
939
928
943
946
931
938
943
929
940
954
923
927
899
926
938
931
943
947
926
920
930
922
949
931
932
940
957
922
933
929
931
913
924
944
965
931
921
951
931
910
939
951
925
926
950
941
938
945
952
926
922
933
908
944
942
942
925
929
939
941
941
919
928
940
928
948
927
926
943
922
942
929
925
939
916
930
941
925
941
946
939
947
936
930
920
931
942
924
928
937
934
941
913
915
942
952
939
926
931
928
944
942
913
917
927
910
912
938
933
930
912
938
927
938
922
936
926
935
915
937
939
940
929
953
921
935
926
918
940
919
931
917
927
938
927
926
935
940
923
934
938
933
909
932
930
942
936
936
925
916
925
924
948
947
932
931
952
948
929
935
935
935
955
934
938
914
937
910
915
920
929
919
914
938
920
947
935
929
916
905
930
944
943
935
911
924
921
919
942
920
908
935
941
912
925
942
935
925
922
930
919
924
949
946
932
941
936
946
941
938
911
917
921
929
950
935
927
956
931
920
924
906
933
926
930
969
938
915
933
931
930
936
917
920
935
936
914
914
931
937
934
944
943
929
932
923
924
935
925
932
933
930
928
919
952
960
933
924
935
965
919
930
940
931
922
924
928
936
958
913
935
922
955
938
949
933
921
945
914
935
920
943
919
937
930
944
938
938
896
944
928
920
911
936
926
934
934
913
899
931
923
962
929
934
917
939
926
952
935
932
943
906
951
942
937
934
940
946
926
935
920
934
934
934
938
925
944
912
931
935
941
951
942
917
921
928
937
937
943
928
935
915
963
944
953
949
949
946
921
938
943
953
919
940
927
936
928
948
929
930
938
934
914
950
944
941
927
930
949
935
927
935
928
928
940
931
931
937
928
919
927
934
935
919
931
943
924
941
946
939
948
951
931
920
930
938
941
932
918
940
918
928
941
946
942
950
952
927
932
932
943
938
927
926
948
938
939
934
903
935
915
901
932
916
940
949
924
943
945
935
936
928
920
942
938
934
915
935
927
941
928
916
930
933
914
926
959
952
944
929
916
920
941
930
937
920
912
915
909
931
935
955
943
945
918
943
945
922
928
908
920
948
937
926
925
944
945
930
927
949
932
936
931
955
919
935
952
951
934
905
918
937
937
953
930
915
912
946
921
942
941
925
904
925
920
932
938
944
951
919
940
940
921
927
908
921
927
933
915
942
933
921
935
915
935
931
939
943
924
941
949
939
936
938
919
942
931
927
931
932
945
943
941
921
942
938
918
947
925
947
929
945
930
940
937
919
926
921
940
930
933
946
931
913
935
934
924
945
953
943
926
925
930
939
936
913
918
938
926
947
929
928
935
939
944
905
930
931
926
920
921
929
934
931
919
941
931
925
941
923
944
917
946
938
934
938
942
933
935
945
942
939
940
966
935
947
917
920
954
914
910
937
937
940
908
941
962
945
935
916
934
913
919
935
930
941
917
956
921
929
934
916
906
946
914
931
916
942
936
927
951
937
928
947
941
949
928
933
930
939
945
927
930
946
939
944
952
935
926
928
912
923
937
932
915
928
956
926
919
943
940
946
949
937
931
930
933
928
922
950
943
936
911
909
934
934
935
942
939
921
948
919
932
937
959
941
932
951
946
920
931
942
923
945
939
928
937
927
942
931
920
946
934
910
940
927
927
951
944
932
919
935
924
922
936
926
959
932
935
920
910
919
945
930
933
907
926
926
916
919
929
960
943
922
925
925
935
933
942
933
922
926
894
936
935
946
943
915
928
932
908
919
935
927
947
944
946
949
937
932
927
942
916
951
932
932
940
945
919
919
918
933
927
922
933
943
940
931
912
919
946
945
947
919
927
940
941
940
941
938
921
940
922
937
917
934
912
939
915
942
923
927
904
947
925
940
926
936
923
937
923
928
928
917
931
933
923
939
928
923
941
928
950
938
922
945
924
943
932
933
928
954
931
931
928
931
951
926
945
945
917
926
928
935
932
931
934
935
942
930
937
938
931
921
916
922
916
924
921
915
934
917
931
940
927
926
916
938
955
943
919
935
951
942
925
958
929
936
942
925
952
934
921
934
936
934
927
937
933
942
922
936
926
944
934
938
935
925
920
937
931
939
929
924
917
935
913
940
922
943
928
958
955
940
952
947
920
932
950
905
922
937
944
915
941
940
922
935
924
941
908
937
924
932
951
938
940
916
914
940
952
946
933
935
934
944
936
913
955
947
945
943
918
937
932
920
922
926
949
937
950
957
933
918
938
936
927
941
942
940
910
932
930
924
926
932
952
937
943
926
945
955
938
913
917
922
938
931
928
923
931
939
913
946
905
936
934
936
911
916
910
938
927
920
933
924
936
928
943
910
945
952
918
923
935
937
931
935
945
947
924
924
943
936
940
930
928
906
925
933
932
942
934
931
937
939
946
940
942
958
944
932
927
920
927
943
942
920
913
926
935
922
916
913
914
954
943
932
923
926
922
966
928
944
926
915
944
916
933
926
943
936
947
927
966
959
920
934
924
920
943
941
937
921
922
919
941
918
942
933
942
930
920
946
936
929
923
919
939
911
954
941
944
925
935
943
939
922
936
945
915
934
925
907
948
922
925
939
931
931
934
937
927
922
930
928
902
925
947
932
918
918
930
930
924
929
949
950
923
939
915
921
922
940
952
941
918
937
941
943
933
929
939
918
914
915
921
909
927
943
910
931
932
942
956
926
910
920
948
927
932
938
935
938
978
