1065
922
908
937
943
939
922
922
923
936
917
928
942
923
940
945
934
926
915
936
958
942
941
935
944
960
939
935
931
928
929
968
906
944
934
932
920
922
940
932
930
937
930
920
939
935
948
942
946
953
931
929
942
910
932
919
939
937
947
947
923
935
941
941
940
932
936
912
926
931
940
944
910
919
908
925
942
922
924
917
934
920
948
934
934
916
931
945
936
913
950
932
940
940
937
927
927
923
931
927
950
939
915
935
913
937
946
910
910
922
926
928
917
927
928
935
936
931
923
937
940
920
925
923
928
926
931
927
933
914
913
917
921
931
928
930
934
932
938
932
946
933
922
928
955
937
942
933
923
949
920
935
920
926
925
931
937
958
942
957
931
927
953
940
909
935
949
939
945
940
937
953
938
941
922
944
934
912
928
925
919
928
924
910
957
927
925
926
929
939
923
918
925
923
946
947
957
927
937
932
935
929
921
930
955
917
935
936
935
948
921
942
923
920
933
935
917
931
931
927
940
927
949
926
930
933
928
932
958
939
933
920
922
929
927
929
947
943
945
948
939
956
930
928
919
945
926
943
928
944
928
934
921
928
914
930
926
931
944
937
931
925
933
924
918
947
938
947
935
934
941
940
945
936
923
918
932
924
939
926
930
929
924
927
940
952
923
943
919
912
935
946
923
937
935
922
955
930
924
943
934
929
931
928
938
925
932
936
901
925
951
953
938
935
936
918
917
930
931
932
949
934
947
922
930
939
942
930
931
936
914
942
931
922
962
942
920
919
943
941
935
935
941
909
931
937
930
927
926
945
937
926
920
926
931
918
958
934
937
933
930
942
925
918
914
923
911
938
937
931
931
935
919
950
934
926
945
935
931
930
933
940
919
927
916
910
928
938
911
911
952
933
935
918
910
933
947
906
932
936
938
918
929
932
933
926
924
922
932
920
937
932
915
941
918
928
925
949
918
936
942
947
934
919
928
946
942
926
923
936
925
941
921
912
918
943
937
932
914
913
934
929
932
929
938
952
934
934
935
946
921
927
926
937
944
934
939
899
919
922
938
926
944
926
921
945
926
924
947
933
914
923
928
934
936
926
932
938
935
962
931
951
914
935
934
927
929
929
937
927
923
927
948
933
932
955
929
939
933
923
908
922
933
931
917
933
940
919
937
927
941
932
928
921
945
922
908
919
936
912
924
926
936
932
944
928
916
896
931
946
937
942
932
936
916
937
926
927
940
940
924
939
937
912
911
915
939
936
930
933
944
950
926
919
906
942
930
939
916
921
940
936
918
940
928
931
938
943
932
940
914
915
926
954
924
941
932
943
940
950
934
931
929
930
934
940
919
926
951
935
922
945
932
930
937
922
943
931
938
933
926
939
929
927
934
927
946
941
919
948
943
946
953
951
915
924
910
943
936
924
963
944
928
943
938
923
922
932
934
912
927
946
926
932
928
936
913
907
943
939
912
943
937
927
942
934
932
934
938
943
927
941
948
913
923
914
914
952
930
936
944
941
930
938
925
928
927
922
940
929
932
922
944
917
917
953
928
944
927
940
934
934
930
943
926
942
940
920
915
925
933
932
937
924
933
948
933
943
929
915
902
936
926
938
938
937
920
921
934
945
918
937
927
930
922
928
920
944
937
955
931
939
933
939
939
913
934
933
937
933
949
938
934
936
933
918
946
936
933
923
937
928
919
939
927
922
937
933
948
936
920
922
930
928
925
923
937
923
940
914
935
929
926
942
931
922
941
928
943
942
926
915
948
947
939
917
939
946
936
924
916
914
915
931
932
925
933
932
927
944
948
937
942
932
918
931
927
923
934
930
950
935
931
903
919
927
949
939
946
931
922
924
923
954
941
935
926
919
914
938
949
926
937
931
932
944
939
923
923
937
931
932
947
937
921
928
937
932
939
935
928
931
948
944
919
938
929
923
933
947
921
939
917
909
923
941
928
921
927
936
932
930
916
932
932
927
952
939
943
945
942
929
934
923
932
920
931
927
941
939
927
935
930
931
923
923
929
935
942
930
922
951
920
940
926
927
914
920
957
925
905
932
937
927
921
950
943
946
947
949
939
937
950
931
913
921
933
929
936
943
927
929
941
923
927
930
927
932
912
938
929
936
927
933
952
912
929
925
936
949
940
948
945
925
925
935
932
922
922
952
936
938
939
928
914
938
925
932
937
942
920
935
932
946
937
944
930
938
927
930
929
934
940
922
937
936
938
920
941
925
934
902
931
932
936
932
908
944
953
932
950
948
913
926
942
918
911
951
937
935
922
944
929
931
936
940
922
947
925
924
944
938
925
933
931
935
894
932
922
938
951
910
912
944
922
944
937
921
930
935
936
930
919
920
925
913
952
948
904
940
946
930
947
927
945
929
906
937
939
916
929
926
945
942
915
914
939
930
925
921
929
944
922
952
953
912
936
937
920
910
938
931
928
938
936
924
921
932
923
940
937
931
930
938
930
926
952
918
945
925
931
937
930
922
942
940
940
941
932
946
939
941
944
944
926
918
921
905
907
933
936
922
905
916
944
950
933
945
922
946
919
932
921
933
936
933
953
942
924
919
940
924
931
930
939
935
938
929
919
926
938
922
948
936
909
951
932
918
921
919
956
936
937
925
940
943
939
962
920
936
933
935
928
922
898
921
927
922
916
929
941
930
945
947
930
929
925
925
926
922
928
949
938
917
924
930
934
919
923
944
939
918
904
927
943
924
929
953
936
938
919
948
937
942
929
933
937
928
916
907
925
941
947
940
912
924
933
922
934
927
928
930
931
953
936
924
946
936
927
942
944
948
936
928
932
923
938
926
936
948
935
919
927
941
939
946
916
904
929
933
931
932
932
925
921
933
932
910
939
939
940
947
923
940
939
929
955
930
931
938
924
939
942
925
935
954
937
932
938
938
925
942
920
925
951
941
918
921
923
939
940
922
903
924
928
931
929
946
942
928
937
912
918
927
941
932
931
941
933
946
947
940
929
924
918
924
935
918
939
924
926
943
939
948
956
927
946
928
953
934
930
939
937
923
944
918
936
928
950
938
932
940
941
942
915
929
925
930
922
935
932
944
938
927
936
939
916
939
930
933
951
919
916
916
926
920
910
926
925
936
935
929
948
936
930
928
936
929
933
918
924
929
929
944
938
928
939
928
911
942
919
949
917
931
918
924
919
940
946
943
932
900
940
934
937
933
930
934
957
952
944
918
923
948
923
921
936
930
946
932
914
933
944
938
910
939
952
935
931
925
926
905
937
909
936
935
922
942
942
926
933
919
926
931
921
933
927
926
946
928
926
949
929
938
936
939
931
937
954
934
936
933
937
931
916
945
934
948
935
937
918
929
922
906
955
930
928
943
932
934
950
928
952
930
934
919
930
932
926
944
938
931
930
937
930
926
940
925
937
918
943
909
935
934
920
934
931
930
933
938
931
921
944
943
958
952
946
907
920
934
924
929
912
929
933
926
924
932
910
933
912
930
945
927
938
916
946
940
937
929
924
931
933
925
933
923
926
940
956
931
917
929
934
933
935
924
931
936
926
934
932
948
932
911
933
933
947
950
945
936
940
931
933
941
927
945
935
933
945
927
930
904
944
939
928
954
935
929
941
941
918
931
944
953
938
923
935
944
937
930
943
948
955
945
947
935
933
953
940
935
937
940
929
919
922
938
925
903
927
937
944
947
927
917
923
945
928
933
960
928
942
924
944
913
941
942
948
922
929
944
922
935
927
919
932
929
927
925
937
915
924
915
930
939
930
931
938
921
931
940
909
935
939
938
932
936
932
922
934
934
943
934
944
952
940
929
918
926
935
939
935
924
926
921
918
934
934
953
942
932
948
927
918
927
918
929
933
932
928
948
927
931
921
936
924
927
923
932
924
948
938
907
935
941
930
927
922
935
919
930
939
932
951
927
926
912
927
943
932
920
913
946
951
936
935
937
934
944
934
923
927
933
943
940
927
946
946
913
918
933
920
937
939
919
931
937
935
919
938
914
917
944
931
950
934
931
931
915
946
928
934
941
926
930
928
925
924
927
936
947
931
937
942
954
932
951
929
938
915
935
937
923
920
926
950
944
922
934
946
945
923
924
929
912
933
949
942
938
926
930
930
918
925
926
928
935
935
929
939
925
930
939
925
941
940
921
932
916
931
926
936
931
942
950
917
936
928
924
931
932
925
913
951
963
935
926
935
935
930
925
945
945
914
933
936
956
931
916
931
931
934
923
926
933
947
924
934
937
942
936
951
928
910
930
925
924
930
956
931
930
910
919
928
939
925
933
938
932
940
946
936
934
932
942
946
919
917
916
940
915
929
920
926
919
931
938
920
931
936
924
935
936
934
922
939
949
922
940
944
950
923
938
932
915
919
941
937
935
945
931
940
929
932
919
927
948
920
930
927
910
909
930
924
929
952
924
934
939
917
926
944
933
930
914
926
936
930
937
935
927
928
929
933
918
937
928
914
923
938
922
928
921
951
943
950
943
939
943
945
956
948
933
953
943
931
930
924
924
931
925
934
921
920
928
911
914
944
916
919
923
911
921
937
941
927
942
948
914
941
935
940
926
937
928
925
938
953
931
924
965
943
928
915
918
927
924
926
951
936
934
919
941
939
916
929
923
915
952
916
943
951
936
936
938
926
923
940
942
929
925
930
937
948
934
935
955
933
936
954
927
924
923
942
927
928
923
946
942
942
921
929
922
932
927
934
916
932
922
934
918
934
941
920
932
914
953
935
937
938
945
933
956
907
930
927
941
936
912
943
932
929
929
928
913
935
920
943
930
926
919
940
925
931
941
931
939
932
934
955
938
938
949
927
950
935
930
941
948
918
922
933
946
940
914
938
937
935
915
932
922
932
932
933
945
943
931
936
922
931
942
943
922
937
968
945
945
940
952
941
938
935
935
936
945
934
922
924
938
914
931
927
917
909
908
929
938
939
933
930
923
924
926
891
943
940
941
934
920
934
936
933
949
932
935
925
926
930
924
933
918
926
963
933
936
943
935
935
928
925
925
911
946
931
918
918
957
934
922
930
938
923
944
940
942
924
934
935
920
932
934
938
938
941
940
930
906
940
945
930
938
952
932
951
936
912
929
932
917
933
926
939
937
942
942
925
938
939
920
932
940
937
927
938
936
928
933
937
907
905
913
941
931
921
927
923
927
950
941
926
935
942
927
946
929
918
929
934
931
927
939
919
923
944
907
922
915
949
937
943
946
920
944
933
924
941
930
938
933
924
948
933
925
946
921
936
912
943
939
946
922
932
910
922
937
929
937
927
922
932
936
939
937
941
917
928
929
924
930
921
943
929
946
954
931
912
948
938
916
925
932
908
944
939
929
923
929
912
943
933
941
962
936
951
913
924
934
919
940
937
932
948
931
925
929
914
924
906
936
929
942
940
930
929
939
944
925
946
946
953
897
950
930
940
951
933
921
932
917
911
929
945
919
928
949
915
936
933
935
925
952
933
938
913
920
939
920
921
938
925
932
933
937
945
926
941
940
939
920
935
933
941
921
931
932
918
924
926
932
921
927
930
930
941
926
926
932
930
939
943
910
949
937
918
936
918
927
919
930
925
940
920
941
923
937
939
932
922
939
923
934
930
940
931
937
952
940
921
933
938
917
943
929
912
927
941
922
924
929
929
946
947
921
916
930
933
932
937
945
931
930
979
