1065
922
905
920
936
908
908
929
912
940
928
943
934
936
940
939
940
916
917
921
920
924
924
942
933
947
914
944
926
941
915
929
934
928
940
963
933
938
911
918
913
923
923
935
922
924
938
947
925
924
903
935
939
931
925
940
934
929
909
925
948
920
932
931
916
921
939
922
927
921
922
916
937
921
931
921
946
928
945
909
933
926
927
944
950
926
946
958
928
938
940
935
952
942
944
910
935
918
915
931
927
943
942
936
918
941
938
930
925
935
945
911
929
944
920
912
946
923
924
937
920
946
928
927
931
949
952
942
922
934
930
929
917
934
920
933
926
931
923
922
916
912
936
944
936
963
925
929
938
920
924
942
943
937
926
935
949
921
940
922
936
942
935
929
930
938
925
949
929
914
910
944
930
931
916
947
933
931
929
937
941
913
940
933
946
930
940
930
926
968
943
944
917
923
929
939
930
931
953
918
920
928
919
939
919
917
938
941
923
931
938
939
945
928
919
937
942
951
924
927
933
937
931
928
938
939
965
910
932
922
932
932
939
931
918
946
940
936
930
928
953
917
925
944
926
940
939
936
926
933
927
912
915
933
924
922
921
936
936
951
938
941
931
924
950
926
924
923
928
917
937
942
945
936
937
924
924
936
937
936
926
936
958
937
931
923
939
938
912
932
933
937
934
941
937
909
919
952
945
936
929
936
933
941
926
925
934
929
928
931
931
913
938
916
921
949
939
953
940
932
923
917
951
925
939
917
929
951
929
922
929
920
928
924
936
932
935
954
922
921
907
945
920
920
941
928
936
926
931
934
929
937
952
917
944
931
941
914
927
943
939
946
938
927
915
932
936
958
943
923
931
938
931
931
947
934
929
931
936
949
908
936
925
950
927
915
907
911
941
955
940
936
911
927
916
926
943
937
923
922
932
932
958
932
949
931
907
930
923
926
935
938
935
937
953
946
918
923
933
924
939
952
931
931
935
936
933
929
923
926
937
932
936
936
932
931
931
937
952
954
933
942
927
932
921
903
936
923
924
937
918
953
922
925
924
930
933
926
931
932
929
923
933
949
926
908
935
934
937
940
933
952
942
947
936
933
924
913
935
918
920
927
944
927
929
921
928
938
928
920
918
927
960
944
940
919
930
925
948
942
920
934
908
923
945
939
922
920
926
913
929
938
933
931
927
904
947
939
939
936
925
945
933
946
949
928
932
915
928
929
915
938
941
928
928
922
948
934
938
944
923
909
926
934
937
927
926
954
943
943
923
926
932
934
936
941
942
943
932
929
927
947
913
944
927
933
934
916
940
931
925
930
934
939
955
944
936
943
949
929
942
932
918
925
928
928
937
928
938
913
932
936
942
923
938
909
929
953
914
931
936
954
948
943
917
930
940
927
931
933
933
946
937
932
938
920
927
931
919
940
945
934
923
927
934
937
938
936
948
937
934
941
936
910
930
930
913
944
925
935
924
947
918
938
944
947
939
907
924
922
937
936
951
932
939
945
949
927
933
911
937
938
923
926
939
932
938
940
938
945
944
918
917
928
943
939
929
922
947
941
922
935
925
937
925
935
927
930
922
934
935
924
919
953
928
924
942
937
946
923
934
930
940
932
934
951
948
931
910
936
956
943
931
923
944
939
926
928
918
941
931
928
928
926
949
930
920
932
945
932
923
918
930
935
918
935
909
934
931
935
932
935
926
945
928
939
920
937
942
935
925
927
924
938
935
930
943
946
947
941
923
942
920
934
907
943
931
927
937
916
938
916
937
936
942
914
916
928
942
940
947
933
931
918
943
927
947
926
934
933
929
917
924
923
921
932
930
918
922
939
927
939
948
936
912
898
958
924
917
921
937
919
929
927
931
919
926
940
941
938
930
911
919
922
915
905
917
932
940
920
943
930
923
944
926
944
959
925
935
941
922
930
918
961
947
940
940
933
950
948
943
930
942
941
926
930
937
914
939
935
922
923
940
927
928
941
926
931
925
938
923
940
934
924
931
914
926
916
915
922
940
922
941
957
941
929
933
928
928
940
917
920
930
914
939
923
949
927
945
920
938
924
924
927
934
931
936
944
929
936
920
926
923
937
921
936
941
946
920
939
907
931
924
942
925
934
918
922
913
924
925
938
915
932
937
926
936
928
939
940
943
932
917
925
935
932
935
940
924
925
922
946
946
936
936
935
932
927
947
945
933
922
912
938
945
928
938
915
932
903
931
934
948
934
932
934
919
966
930
912
927
949
926
936
938
933
926
935
935
947
953
908
922
921
949
950
947
959
953
942
932
940
919
923
939
924
937
917
925
953
919
936
931
943
937
948
929
907
955
933
916
962
922
933
942
903
916
924
938
934
935
933
929
940
949
916
950
918
923
940
927
939
951
930
946
947
952
921
906
943
940
941
936
940
931
949
965
935
944
929
940
908
929
944
939
949
934
931
961
930
924
943
916
923
922
932
926
939
933
939
934
918
949
924
947
936
941
941
921
930
927
927
934
932
955
939
937
924
922
945
915
947
918
928
932
913
930
927
928
939
910
927
927
928
919
919
926
924
945
915
942
936
928
928
950
926
932
941
915
941
925
928
932
904
926
931
908
925
931
925
946
918
937
925
939
921
931
940
925
935
921
913
922
960
962
947
940
930
944
942
924
931
923
946
938
922
916
935
929
922
912
936
936
926
937
926
914
936
934
941
942
946
931
944
930
931
925
942
947
937
919
926
938
919
895
931
952
911
933
917
919
914
934
923
931
904
963
939
933
926
947
950
913
939
945
927
928
929
921
940
946
925
927
925
931
924
957
927
915
952
927
921
939
920
923
935
924
943
920
934
926
925
906
936
927
924
933
923
938
943
945
943
928
930
903
932
932
933
940
950
920
923
918
920
943
937
932
917
908
932
929
936
939
928
941
928
946
927
950
935
937
936
937
948
953
956
926
937
917
935
939
921
935
904
930
923
923
934
945
932
942
946
943
923
906
945
923
924
935
926
948
932
937
933
927
934
919
945
922
934
919
915
909
936
946
938
947
929
913
923
935
936
924
926
921
926
938
935
925
942
950
930
922
923
924
929
925
913
944
920
926
946
925
938
948
927
934
936
959
938
924
927
915
932
935
948
950
925
942
947
960
944
949
938
919
922
917
942
913
935
922
916
947
946
944
940
961
920
925
934
914
922
920
933
927
920
936
932
936
922
925
913
946
944
943
922
943
928
930
935
896
932
950
931
937
933
921
947
942
913
938
952
926
928
928
925
914
922
917
936
968
941
937
936
963
930
912
930
916
926
940
938
928
940
916
935
942
949
939
916
937
930
938
921
927
933
934
945
940
908
940
927
910
913
918
946
926
930
924
924
929
925
944
932
946
935
915
926
932
922
936
940
946
950
938
931
917
931
933
920
932
948
949
936
938
935
939
934
911
947
947
927
915
927
927
926
917
921
930
941
914
944
953
937
946
927
930
938
933
929
939
931
921
936
929
921
937
932
939
914
914
929
920
952
945
933
892
936
926
933
941
927
954
922
933
929
937
945
919
930
931
944
928
935
916
936
954
945
940
937
915
926
934
894
929
937
929
932
933
938
919
928
941
929
943
928
942
942
946
935
928
942
924
924
935
944
928
931
927
918
933
926
936
948
926
923
922
935
941
922
926
939
919
936
932
943
929
941
906
939
936
923
937
927
940
946
918
947
930
943
936
947
939
926
921
927
943
940
913
926
933
943
934
938
928
916
922
938
939
947
929
917
924
952
939
942
933
924
928
934
920
948
932
929
928
942
922
913
920
924
929
916
950
935
923
929
931
915
935
952
938
919
944
938
908
941
922
915
929
943
894
935
946
948
951
935
922
914
935
938
931
915
931
919
921
942
916
937
932
933
935
915
912
944
937
925
943
922
948
929
931
926
923
933
934
944
941
912
934
922
946
928
934
930
913
947
936
923
917
927
930
941
941
941
927
935
928
942
929
929
930
934
930
930
929
927
925
918
955
939
923
922
926
926
914
941
915
931
928
940
934
951
944
937
923
928
923
943
927
927
959
940
930
938
925
932
927
941
930
943
933
952
921
927
922
925
935
928
931
936
938
946
932
955
934
942
936
948
950
934
921
911
934
929
947
933
935
937
926
917
928
932
941
930
925
926
930
939
923
947
930
909
928
945
963
956
940
933
953
919
926
920
946
945
921
929
933
925
930
941
927
937
920
926
936
935
928
938
927
924
956
934
927
939
915
917
933
916
942
946
935
921
925
929
925
959
936
937
927
939
925
947
952
925
930
934
931
939
924
943
939
939
928
946
923
905
938
937
924
928
923
931
927
936
939
937
938
937
939
936
913
939
929
943
936
936
940
930
931
912
930
938
930
924
913
925
941
907
942
928
922
934
920
936
932
941
930
937
951
938
939
921
943
927
943
920
901
907
922
951
935
952
935
938
947
933
926
936
936
922
928
943
933
949
931
940
924
949
934
924
936
935
921
915
955
930
927
938
930
938
943
915
956
941
937
939
928
917
940
939
949
939
936
927
924
935
932
936
923
913
938
927
935
943
935
949
919
930
954
922
919
927
953
935
942
943
937
928
926
927
931
925
930
929
921
930
924
925
951
927
930
940
928
918
934
932
954
937
931
934
935
937
931
936
925
918
941
937
932
934
927
957
938
919
927
946
920
933
929
953
942
930
918
934
925
936
929
941
917
945
929
938
933
942
938
934
925
940
911
928
935
942
930
927
938
929
925
936
950
934
935
942
937
944
932
930
932
958
930
929
944
942
939
941
922
930
936
918
943
945
944
938
919
950
934
912
945
934
946
929
945
917
924
915
925
947
924
940
927
944
941
933
931
927
927
910
929
919
921
920
934
924
948
917
939
945
943
943
935
916
937
931
915
936
926
920
944
942
938
955
931
934
926
928
930
933
926
965
924
910
932
928
919
919
935
930
932
925
930
939
931
949
928
944
923
939
941
942
933
931
935
936
953
943
951
939
934
939
938
941
942
956
920
946
927
924
932
931
935
931
936
934
947
922
920
930
940
928
903
921
920
934
947
949
931
944
955
929
936
918
921
928
926
932
960
903
933
933
934
942
936
946
929
914
924
930
929
931
951
938
931
954
937
923
942
939
948
935
925
950
947
915
933
953
934
933
930
941
924
921
947
928
918
932
935
926
943
938
926
936
907
883
923
929
933
927
916
924
932
926
952
909
939
928
934
935
928
933
916
948
940
922
915
927
944
937
944
936
933
943
910
937
949
930
927
945
943
944
908
915
926
926
926
931
944
923
932
935
947
933
950
942
928
916
929
918
943
934
951
947
919
953
938
919
918
941
914
928
937
946
927
930
924
946
945
913
914
945
922
912
927
936
924
940
936
908
925
921
932
926
943
944
948
932
931
938
942
938
949
936
949
945
911
919
929
917
930
928
941
933
913
922
956
930
928
941
934
931
954
933
915
950
932
924
923
946
932
940
905
932
924
931
929
939
922
926
928
934
920
940
946
918
913
937
919
927
939
928
946
912
941
928
925
945
929
917
928
934
937
923
948
932
919
922
934
951
933
936
935
920
941
922
942
922
934
936
936
947
946
933
940
933
938
935
924
933
934
948
930
923
927
926
916
945
931
934
927
944
948
910
925
936
919
932
933
934
938
931
923
932
921
928
929
925
923
928
912
923
939
922
937
952
953
939
949
930
932
935
926
929
976
