250
250
249.9
249.8
249.7
249.6
249.5
249.4
249.3
249.2
249.1
249
248.9
248.8
248.7
248.6
248.5
248.4
248.3
248.2
248.1
248
247.9
247.8
247.7
247.6
247.5
247.4
247.3
247.2
247.1
247
246.9
246.8
246.7
246.6
246.5
246.4
246.3
246.2
246.1
246
245.9
245.8
245.7
245.6
245.5
245.4
245.3
245.2
245.1
245
244.9
244.8
244.7
244.6
244.5
244.4
244.3
244.2
244.1
244
243.9
243.8
243.7
243.6
243.5
243.4
243.3
243.2
243.1
243
242.9
242.8
242.7
242.6
242.5
242.4
242.3
242.2
242.1
242
241.9
241.8
241.7
241.6
241.5
241.4
241.3
241.2
241.1
241
240.9
240.8
240.7
240.6
240.5
240.4
240.3
240.2
240.1
240
239.9
239.8
239.7
239.6
239.5
239.4
239.3
239.2
239.1
239
238.9
238.8
238.7
238.6
238.5
238.4
238.3
238.2
238.1
238
237.9
237.8
237.7
237.6
237.5
237.4
237.3
237.2
237.1
237
236.9
236.8
236.7
236.6
236.5
236.4
236.3
236.2
236.1
236
235.9
235.8
235.7
235.6
235.5
235.4
235.3
235.2
235.1
235
234.9
234.8
234.7
234.6
234.5
234.4
234.3
234.2
234.1
234
233.9
233.8
233.7
233.6
233.5
233.4
233.3
233.2
233.1
233
232.9
232.8
232.7
232.6
232.5
232.4
232.3
232.2
232.1
232
231.9
231.8
231.7
231.6
231.5
231.4
231.3
231.2
231.1
231
230.9
230.8
230.7
230.6
230.5
230.4
230.3
230.2
230.1
230
229.9
229.8
229.7
229.6
229.5
229.4
229.3
229.2
229.1
229
228.9
228.8
228.7
228.6
228.5
228.4
228.3
228.2
228.1
228
227.9
227.8
227.7
227.6
227.5
227.4
227.3
227.2
227.1
227
226.9
226.8
226.7
226.6
226.5
226.4
226.3
226.2
226.1
226
225.9
225.8
225.7
225.6
225.5
225.4
225.3
225.2
225.1
225
224.9
224.8
224.7
224.6
224.5
224.4
224.3
224.2
224.1
224
223.9
223.8
223.7
223.6
223.5
223.4
223.3
223.2
223.1
223
222.9
222.8
222.7
222.6
222.5
222.4
222.3
222.2
222.1
222
221.9
221.8
221.7
221.6
221.5
221.4
221.3
221.2
221.1
221
220.9
220.8
220.7
220.6
220.5
220.4
220.3
220.2
220.1
220
219.9
219.8
219.7
219.6
219.5
219.4
219.3
219.2
219.1
219
218.9
218.8
218.7
218.6
218.5
218.4
218.3
218.2
218.1
218
217.9
217.8
217.7
217.6
217.5
217.4
217.3
217.2
217.1
217
216.9
216.8
216.7
216.6
216.5
216.4
216.3
216.2
216.1
216
215.9
215.8
215.7
215.6
215.5
215.4
215.3
215.2
215.1
215
214.9
214.8
214.7
214.6
214.5
214.4
214.3
214.2
214.1
214
213.9
213.8
213.7
213.6
213.5
213.4
213.3
213.2
213.1
213
212.9
212.8
212.7
212.6
212.5
212.4
212.3
212.2
212.1
212
211.9
211.8
211.7
211.6
211.5
211.4
211.3
211.2
211.1
211
210.9
210.8
210.7
210.6
210.5
210.4
210.3
210.2
210.1
210
209.9
209.8
209.7
209.6
209.5
209.4
209.3
209.2
209.1
209
208.9
208.8
208.7
208.6
208.5
208.4
208.3
208.2
208.1
208
207.9
207.8
207.7
207.6
207.5
207.4
207.3
207.2
207.1
207
206.9
206.8
206.7
206.6
206.5
206.4
206.3
206.2
206.1
206
205.9
205.8
205.7
205.6
205.5
205.4
205.3
205.2
205.1
205
204.9
204.8
204.7
204.6
204.5
204.4
204.3
204.2
204.1
204
203.9
203.8
203.7
203.6
203.5
203.4
203.3
203.2
203.1
203
202.9
202.8
202.7
202.6
202.5
202.4
202.3
202.2
202.1
202
201.9
201.8
201.7
201.6
201.5
201.4
201.3
201.2
201.1
201
200.9
200.8
200.7
200.6
200.5
200.4
200.3
200.2
200.1
200
199.9
199.8
199.7
199.6
199.5
199.4
199.3
199.2
199.1
199
198.9
198.8
198.7
198.6
198.5
198.4
198.3
198.2
198.1
198
197.9
197.8
197.7
197.6
197.5
197.4
197.3
197.2
197.1
197
196.9
196.8
196.7
196.6
196.5
196.4
196.3
196.2
196.1
196
195.9
195.8
195.7
195.6
195.5
195.4
195.3
195.2
195.1
195
194.9
194.8
194.7
194.6
194.5
194.4
194.3
194.2
194.1
194
193.9
193.8
193.7
193.6
193.5
193.4
193.3
193.2
193.1
193
192.9
192.8
192.7
192.6
192.5
192.4
192.3
192.2
192.1
192
191.9
191.8
191.7
191.6
191.5
191.4
191.3
191.2
191.1
191
190.9
190.8
190.7
190.6
190.5
190.4
190.3
190.2
190.1
190
189.9
189.8
189.7
189.6
189.5
189.4
189.3
189.2
189.1
189
188.9
188.8
188.7
188.6
188.5
188.4
188.3
188.2
188.1
188
187.9
187.8
187.7
187.6
187.5
187.4
187.3
187.2
187.1
187
186.9
186.8
186.7
186.6
186.5
186.4
186.3
186.2
186.1
186
185.9
185.8
185.7
185.6
185.5
185.4
185.3
185.2
185.1
185
184.9
184.8
184.7
184.6
184.5
184.4
184.3
184.2
184.1
184
183.9
183.8
183.7
183.6
183.5
183.4
183.3
183.2
183.1
183
182.9
182.8
182.7
182.6
182.5
182.4
182.3
182.2
182.1
182
181.9
181.8
181.7
181.6
181.5
181.4
181.3
181.2
181.1
181
180.9
180.8
180.7
180.6
180.5
180.4
180.3
180.2
180.1
180
179.9
179.8
179.7
179.6
179.5
179.4
179.3
179.2
179.1
179
178.9
178.8
178.7
178.6
178.5
178.4
178.3
178.2
178.1
178
177.9
177.8
177.7
177.6
177.5
177.4
177.3
177.2
177.1
177
176.9
176.8
176.7
176.6
176.5
176.4
176.3
176.2
176.1
176
175.9
175.8
175.7
175.6
175.5
175.4
175.3
175.2
175.1
175
174.9
174.8
174.7
174.6
174.5
174.4
174.3
174.2
174.1
174
173.9
173.8
173.7
173.6
173.5
173.4
173.3
173.2
173.1
173
172.9
172.8
172.7
172.6
172.5
172.4
172.3
172.2
172.1
172
171.9
171.8
171.7
171.6
171.5
171.4
171.3
171.2
171.1
171
170.9
170.8
170.7
170.6
170.5
170.4
170.3
170.2
170.1
170
169.9
169.8
169.7
169.6
169.5
169.4
169.3
169.2
169.1
169
168.9
168.8
168.7
168.6
168.5
168.4
168.3
168.2
168.1
168
167.9
167.8
167.7
167.6
167.5
167.4
167.3
167.2
167.1
167
166.9
166.8
166.7
166.6
166.5
166.4
166.3
166.2
166.1
166
165.9
165.8
165.7
165.6
165.5
165.4
165.3
165.2
165.1
165
164.9
164.8
164.7
164.6
164.5
164.4
164.3
164.2
164.1
164
163.9
163.8
163.7
163.6
163.5
163.4
163.3
163.2
163.1
163
162.9
162.8
162.7
162.6
162.5
162.4
162.3
162.2
162.1
162
161.9
161.8
161.7
161.6
161.5
161.4
161.3
161.2
161.1
161
160.9
160.8
160.7
160.6
160.5
160.4
160.3
160.2
160.1
160
159.9
159.8
159.7
159.6
159.5
159.4
159.3
159.2
159.1
159
158.9
158.8
158.7
158.6
158.5
158.4
158.3
158.2
158.1
158
157.9
157.8
157.7
157.6
157.5
157.4
157.3
157.2
157.1
157
156.9
156.8
156.7
156.6
156.5
156.4
156.3
156.2
156.1
156
155.9
155.8
155.7
155.6
155.5
155.4
155.3
155.2
155.1
155
154.9
154.8
154.7
154.6
154.5
154.4
154.3
154.2
154.1
154
153.9
153.8
153.7
153.6
153.5
153.4
153.3
153.2
153.1
153
152.9
152.8
152.7
152.6
152.5
152.4
152.3
152.2
152.1
152
151.9
151.8
151.7
151.6
151.5
151.4
151.3
151.2
151.1
151
150.9
150.8
150.7
150.6
150.5
150.4
150.3
150.2
150.1
150
149.9
149.8
149.7
149.6
149.5
149.4
149.3
149.2
149.1
149
148.9
148.8
148.7
148.6
148.5
148.4
148.3
148.2
148.1
148
147.9
147.8
147.7
147.6
147.5
147.4
147.3
147.2
147.1
147
146.9
146.8
146.7
146.6
146.5
146.4
146.3
146.2
146.1
146
145.9
145.8
145.7
145.6
145.5
145.4
145.3
145.2
145.1
145
144.9
144.8
144.7
144.6
144.5
144.4
144.3
144.2
144.1
144
143.9
143.8
143.7
143.6
143.5
143.4
143.3
143.2
143.1
143
142.9
142.8
142.7
142.6
142.5
142.4
142.3
142.2
142.1
142
141.9
141.8
141.7
141.6
141.5
141.4
141.3
141.2
141.1
141
140.9
140.8
140.7
140.6
140.5
140.4
140.3
140.2
140.1
140
139.9
139.8
139.7
139.6
139.5
139.4
139.3
139.2
139.1
139
138.9
138.8
138.7
138.6
138.5
138.4
138.3
138.2
138.1
138
137.9
137.8
137.7
137.6
137.5
137.4
137.3
137.2
137.1
137
136.9
136.8
136.7
136.6
136.5
136.4
136.3
136.2
136.1
136
135.9
135.8
135.7
135.6
135.5
135.4
135.3
135.2
135.1
135
134.9
134.8
134.7
134.6
134.5
134.4
134.3
134.2
134.1
134
133.9
133.8
133.7
133.6
133.5
133.4
133.3
133.2
133.1
133
132.9
132.8
132.7
132.6
132.5
132.4
132.3
132.2
132.1
132
131.9
131.8
131.7
131.6
131.5
131.4
131.3
131.2
131.1
131
130.9
130.8
130.7
130.6
130.5
130.4
130.3
130.2
130.1
130
129.9
129.8
129.7
129.6
129.5
129.4
129.3
129.2
129.1
129
128.9
128.8
128.7
128.6
128.5
128.4
128.3
128.2
128.1
128
127.9
127.8
127.7
127.6
127.5
127.4
127.3
127.2
127.1
127
126.9
126.8
126.7
126.6
126.5
126.4
126.3
126.2
126.1
126
125.9
125.8
125.7
125.6
125.5
125.4
125.3
125.2
125.1
125
124.9
124.8
124.7
124.6
124.5
124.4
124.3
124.2
124.1
124
123.9
123.8
123.7
123.6
123.5
123.4
123.3
123.2
123.1
123
122.9
122.8
122.7
122.6
122.5
122.4
122.3
122.2
122.1
122
121.9
121.8
121.7
121.6
121.5
121.4
121.3
121.2
121.1
121
120.9
120.8
120.7
120.6
120.5
120.4
120.3
120.2
120.1
120
119.9
119.8
119.7
119.6
119.5
119.4
119.3
119.2
119.1
119
118.9
118.8
118.7
118.6
118.5
118.4
118.3
118.2
118.1
118
117.9
117.8
117.7
117.6
117.5
117.4
117.3
117.2
117.1
117
116.9
116.8
116.7
116.6
116.5
116.4
116.3
116.2
116.1
116
115.9
115.8
115.7
115.6
115.5
115.4
115.3
115.2
115.1
115
114.9
114.8
114.7
114.6
114.5
114.4
114.3
114.2
114.1
114
113.9
113.8
113.7
113.6
113.5
113.4
113.3
113.2
113.1
113
112.9
112.8
112.7
112.6
112.5
112.4
112.3
112.2
112.1
112
111.9
111.8
111.7
111.6
111.5
111.4
111.3
111.2
111.1
111
110.9
110.8
110.7
110.6
110.5
110.4
110.3
110.2
110.1
110
109.9
109.8
109.7
109.6
109.5
109.4
109.3
109.2
109.1
109
108.9
108.8
108.7
108.6
108.5
108.4
108.3
108.2
108.1
108
107.9
107.8
107.7
107.6
107.5
107.4
107.3
107.2
107.1
107
106.9
106.8
106.7
106.6
106.5
106.4
106.3
106.2
106.1
106
105.9
105.8
105.7
105.6
105.5
105.4
105.3
105.2
105.1
105
104.9
104.8
104.7
104.6
104.5
104.4
104.3
104.2
104.1
104
103.9
103.8
103.7
103.6
103.5
103.4
103.3
103.2
103.1
103
102.9
102.8
102.7
102.6
102.5
102.4
102.3
102.2
102.1
102
101.9
101.8
101.7
101.6
101.5
101.4
101.3
101.2
101.1
101
100.9
100.8
100.7
100.6
100.5
100.4
100.3
100.2
100.1
100
99.9
99.8
99.7
99.6
99.5
99.4
99.3
99.2
99.1
99
98.9
98.8
98.7
98.6
98.5
98.4
98.3
98.2
98.1
98
97.9
97.8
97.7
97.6
97.5
97.4
97.3
97.2
97.1
97
96.9
96.8
96.7
96.6
96.5
96.4
96.3
96.2
96.1
96
95.9
95.8
95.7
95.6
95.5
95.4
95.3
95.2
95.1
95
94.9
94.8
94.7
94.6
94.5
94.4
94.3
94.2
94.1
94
93.9
93.8
93.7
93.6
93.5
93.4
93.3
93.2
93.1
93
92.9
92.8
92.7
92.6
92.5
92.4
92.3
92.2
92.1
92
91.9
91.8
91.7
91.6
91.5
91.4
91.3
91.2
91.1
91
90.9
90.8
90.7
90.6
90.5
90.4
90.3
90.2
90.1
90
89.9
89.8
89.7
89.6
89.5
89.4
89.3
89.2
89.1
89
88.9
88.8
88.7
88.6
88.5
88.4
88.3
88.2
88.1
88
87.9
87.8
87.7
87.6
87.5
87.4
87.3
87.2
87.1
87
86.9
86.8
86.7
86.6
86.5
86.4
86.3
86.2
86.1
86
85.9
85.8
85.7
85.6
85.5
85.4
85.3
85.2
85.1
85
84.9
84.8
84.7
84.6
84.5
84.4
84.3
84.2
84.1
84
83.9
83.8
83.7
83.6
83.5
83.4
83.3
83.2
83.1
83
82.9
82.8
82.7
82.6
82.5
82.4
82.3
82.2
82.1
82
81.9
81.8
81.7
81.6
81.5
81.4
81.3
81.2
81.1
81
80.9
80.8
80.7
80.6
80.5
80.4
80.3
80.2
80.1
80
79.9
79.8
79.7
79.6
79.5
79.4
79.3
79.2
79.1
79
78.9
78.8
78.7
78.6
78.5
78.4
78.3
78.2
78.1
78
77.9
77.8
77.7
77.6
77.5
77.4
77.3
77.2
77.1
77
76.9
76.8
76.7
76.6
76.5
76.4
76.3
76.2
76.1
76
75.9
75.8
75.7
75.6
75.5
75.4
75.3
75.2
75.1
75
74.9
74.8
74.7
74.6
74.5
74.4
74.3
74.2
74.1
74
73.9
73.8
73.7
73.6
73.5
73.4
73.3
73.2
73.1
73
72.9
72.8
72.7
72.6
72.5
72.4
72.3
72.2
72.1
72
71.9
71.8
71.7
71.6
71.5
71.4
71.3
71.2
71.1
71
70.9
70.8
70.7
70.6
70.5
70.4
70.3
70.2
70.1
70
69.9
69.8
69.7
69.6
69.5
69.4
69.3
69.2
69.1
69
68.9
68.8
68.7
68.6
68.5
68.4
68.3
68.2
68.1
68
67.9
67.8
67.7
67.6
67.5
67.4
67.3
67.2
67.1
67
66.9
66.8
66.7
66.6
66.5
66.4
66.3
66.2
66.1
66
65.9
65.8
65.7
65.6
65.5
65.4
65.3
65.2
65.1
65
64.9
64.8
64.7
64.6
64.5
64.4
64.3
64.2
64.1
64
63.9
63.8
63.7
63.6
63.5
63.4
63.3
63.2
63.1
63
62.9
62.8
62.7
62.6
62.5
62.4
62.3
62.2
62.1
62
61.9
61.8
61.7
61.6
61.5
61.4
61.3
61.2
61.1
61
60.9
60.8
60.7
60.6
60.5
60.4
60.3
60.2
60.1
60
59.9
59.8
59.7
59.6
59.5
59.4
59.3
59.2
59.1
59
58.9
58.8
58.7
58.6
58.5
58.4
58.3
58.2
58.1
58
57.9
57.8
57.7
57.6
57.5
57.4
57.3
57.2
57.1
57
56.9
56.8
56.7
56.6
56.5
56.4
56.3
56.2
56.1
56
55.9
55.8
55.7
55.6
55.5
55.4
55.3
55.2
55.1
55
54.9
54.8
54.7
54.6
54.5
54.4
54.3
54.2
54.1
54
53.9
53.8
53.7
53.6
53.5
53.4
53.3
53.2
53.1
53
52.9
52.8
52.7
52.6
52.5
52.4
52.3
52.2
52.1
52
51.9
51.8
51.7
51.6
51.5
51.4
51.3
51.2
51.1
51
50.9
50.8
50.7
50.6
50.5
50.4
50.3
50.2
50.1
50
49.9
49.8
49.7
49.6
49.5
49.4
49.3
49.2
49.1
49
48.9
48.8
48.7
48.6
48.5
48.4
48.3
48.2
48.1
48
47.9
47.8
47.7
47.6
47.5
47.4
47.3
47.2
47.1
47
46.9
46.8
46.7
46.6
46.5
46.4
46.3
46.2
46.1
46
45.9
45.8
45.7
45.6
45.5
45.4
45.3
45.2
45.1
45
44.9
44.8
44.7
44.6
44.5
44.4
44.3
44.2
44.1
44
43.9
43.8
43.7
43.6
43.5
43.4
43.3
43.2
43.1
43
42.9
42.8
42.7
42.6
42.5
42.4
42.3
42.2
42.1
42
41.9
41.8
41.7
41.6
41.5
41.4
41.3
41.2
41.1
41
40.9
40.8
40.7
40.6
40.5
40.4
40.3
40.2
40.1
40
39.9
39.8
39.7
39.6
39.5
39.4
39.3
39.2
39.1
39
38.9
38.8
38.7
38.6
38.5
38.4
38.3
38.2
38.1
38
37.9
37.8
37.7
37.6
37.5
37.4
37.3
37.2
37.1
37
36.9
36.8
36.7
36.6
36.5
36.4
36.3
36.2
36.1
36
35.9
35.8
35.7
35.6
35.5
35.4
35.3
35.2
35.1
35
34.9
34.8
34.7
34.6
34.5
34.4
34.3
34.2
34.1
34
33.9
33.8
33.7
33.6
33.5
33.4
33.3
33.2
33.1
33
32.9
32.8
32.7
32.6
32.5
32.4
32.3
32.2
32.1
32
31.9
31.8
31.7
31.6
31.5
31.4
31.3
31.2
31.1
31
30.9
30.8
30.7
30.6
30.5
30.4
30.3
30.2
30.1
30
29.9
29.8
29.7
29.6
29.5
29.4
29.3
29.2
29.1
29
28.9
28.8
28.7
28.6
28.5
28.4
28.3
28.2
28.1
28
27.9
27.8
27.7
27.6
27.5
27.4
27.3
27.2
27.1
27
26.9
26.8
26.7
26.6
26.5
26.4
26.3
26.2
26.1
26
25.9
25.8
25.7
25.6
25.5
25.4
25.3
25.2
25.1
25
24.9
24.8
24.7
24.6
24.5
24.4
24.3
24.2
24.1
24
23.9
23.8
23.7
23.6
23.5
23.4
23.3
23.2
23.1
23
22.9
22.8
22.7
22.6
22.5
22.4
22.3
22.2
22.1
22
21.9
21.8
21.7
21.6
21.5
21.4
21.3
21.2
21.1
21
20.9
20.8
20.7
20.6
20.5
20.4
20.3
20.2
20.1
20
19.9
19.8
19.7
19.6
19.5
19.4
19.3
19.2
19.1
19
18.9
18.8
18.7
18.6
18.5
18.4
18.3
18.2
18.1
18
17.9
17.8
17.7
17.6
17.5
17.4
17.3
17.2
17.1
17
16.9
16.8
16.7
16.6
16.5
16.4
16.3
16.2
16.1
16
15.9
15.8
15.7
15.6
15.5
15.4
15.3
15.2
15.1
15
14.9
14.8
14.7
14.6
14.5
14.4
14.3
14.2
14.1
14
13.9
13.8
13.7
13.6
13.5
13.4
13.3
13.2
13.1
13
12.9
12.8
12.7
12.6
12.5
12.4
12.3
12.2
12.1
12
11.9
11.8
11.7
11.6
11.5
11.4
11.3
11.2
11.1
11
10.9
10.8
10.7
10.6
10.5
10.4
10.3
10.2
10.1
9.99999
9.89999
9.79999
9.69999
9.59999
9.49999
9.39999
9.29999
9.19999
9.09999
8.99999
8.89999
8.79999
8.69999
8.59999
8.49999
8.39999
8.29999
8.19999
8.09999
7.99999
7.89999
7.79999
7.69999
7.59999
7.49999
7.39999
7.29999
7.19999
7.09999
6.99999
6.89999
6.79999
6.69999
6.59999
6.49999
6.39999
6.29999
6.19999
6.09999
5.99999
5.89999
5.79999
5.69999
5.59999
5.49999
5.39999
5.29999
5.19999
5.09999
4.99999
4.89999
4.79999
4.69999
4.59999
4.49999
4.39999
4.29999
4.19999
4.09999
3.99999
3.89999
3.79999
3.69999
3.59999
3.49999
3.39999
3.29999
3.19999
3.09999
2.99999
2.89999
2.79999
2.69999
2.59999
2.49999
2.39999
2.29999
2.19999
2.09999
1.99999
1.89999
1.79999
1.69999
1.59999
1.49999
1.39999
1.29999
1.19999
1.09999
0.999988
0.899988
0.799988
0.699988
0.599988
0.499988
0.399988
0.299988
0.199988
0.0999881
