250
250
250.013
250.053
250.118
250.211
250.329
250.474
250.645
250.843
251.068
251.319
251.597
251.901
252.233
252.592
252.977
253.39
253.831
254.299
254.794
255.318
255.869
256.449
257.057
257.693
258.358
259.053
259.776
260.529
261.312
262.124
262.967
263.84
264.744
265.679
266.645
267.643
268.673
269.736
270.831
271.959
273.121
274.316
275.546
276.81
278.11
279.444
280.815
282.222
283.667
285.148
286.668
288.226
289.822
291.459
293.135
294.852
296.611
298.411
300.254
302.14
304.07
306.044
308.064
310.129
312.242
314.401
316.609
318.866
321.173
323.531
325.94
328.402
330.917
333.487
336.112
338.793
341.532
344.329
347.185
350.102
353.08
356.122
359.227
362.398
365.635
368.94
372.314
375.758
379.274
382.863
386.527
390.267
394.084
397.981
401.959
406.019
410.163
414.394
418.712
423.119
427.618
432.21
436.898
441.682
446.567
451.552
456.642
461.837
467.141
472.555
478.082
483.725
489.486
495.368
501.373
507.505
513.765
520.158
526.685
533.35
540.157
547.108
554.207
561.457
568.862
576.425
584.15
592.041
600.101
608.336
616.748
625.342
634.123
643.095
652.263
661.63
671.203
680.987
690.985
701.204
711.649
722.326
733.24
744.397
755.803
767.466
779.39
791.582
804.05
816.8
829.84
843.177
856.818
870.772
885.046
899.648
914.588
929.874
945.514
961.519
977.898
994.66
1011.82
1029.38
1047.35
1065.75
1084.59
1103.88
1123.63
1143.85
1164.56
1185.77
1207.5
1229.75
1252.54
1275.89
1299.81
1324.31
1349.43
1375.16
1401.53
1428.56
1456.26
1484.66
1513.77
1543.61
1574.2
1605.57
1637.74
1670.73
1704.56
1739.27
1774.86
1811.37
1848.83
1887.26
1926.7
1967.16
2008.69
2051.31
2095.05
2139.95
2186.04
2233.37
2281.95
2331.84
2383.07
2435.68
2489.72
2545.22
2602.23
2660.8
2720.97
2782.8
2846.33
2911.62
2978.72
3047.69
3118.58
3191.46
3266.39
3343.42
3422.63
3504.09
3587.86
3674.03
3762.65
3853.83
3947.62
4044.13
4143.43
4245.61
4350.78
4459.01
4570.42
4685.11
4803.18
4924.74
5049.92
5178.82
5311.56
5448.29
5589.12
5734.2
5883.66
6037.65
6196.32
6359.83
6528.35
6702.03
6881.06
7065.62
7255.89
7452.07
7654.35
7862.96
8078.1
8300
8528.9
8765.02
9008.64
9260
9519.37
9787.04
10063.3
10348.4
10642.8
10946.6
11260.4
11584.3
11918.8
12264.3
12621.1
12989.6
13370.3
13763.7
14170.1
14590
15023.9
15472.4
15935.9
16415.1
16910.4
17422.6
17952.1
18499.7
19065.9
19651.6
20257.4
20884.1
21532.4
22203.2
22897.3
23615.6
24358.9
25128.4
25924.8
26749.3
27602.9
28486.8
29402.1
30350
31331.7
32348.6
33402
34493.3
35624
36795.7
38009.9
39268.4
40572.7
41924.8
43326.5
44779.8
46286.7
47849.3
49469.9
51150.8
52894.4
54703.1
56579.7
58526.7
60547.2
62644
64820.2
67079.1
69424
71858.5
74386.1
77010.8
79736.5
82567.3
85507.6
88562
91735.1
95031.9
98457.5
102017
105717
109562
113560
117715
122035
126528
131199
136057
141110
146366
151834
157522
163441
169600
176010
182681
189625
196854
204380
212216
220375
228872
237722
246940
256543
266547
276970
287831
299150
310946
323242
336059
349421
363352
377879
393028
408827
425306
442496
460429
479140
498663
519036
540299
562491
585657
609842
635091
661456
688988
717741
747773
779143
811915
846154
881930
919316
958387
999224
1.04191e+06
1.08653e+06
1.13319e+06
1.18197e+06
1.23298e+06
1.28633e+06
1.34213e+06
1.4005e+06
1.46156e+06
1.52544e+06
1.59228e+06
1.66222e+06
1.73542e+06
1.81204e+06
1.89223e+06
1.97619e+06
2.06408e+06
2.15611e+06
2.25248e+06
2.35341e+06
2.45912e+06
2.56984e+06
2.68584e+06
2.80736e+06
2.93469e+06
3.06812e+06
3.20796e+06
3.35452e+06
3.50815e+06
3.66919e+06
3.83804e+06
4.01508e+06
4.20072e+06
4.39541e+06
4.59961e+06
4.8138e+06
5.0385e+06
5.27424e+06
5.52159e+06
5.78115e+06
6.05355e+06
6.33945e+06
6.63955e+06
6.95459e+06
7.28534e+06
7.63263e+06
7.99731e+06
8.3803e+06
8.78256e+06
9.20509e+06
9.64897e+06
1.01153e+07
1.06053e+07
1.11202e+07
1.16614e+07
1.22301e+07
1.2828e+07
1.34564e+07
1.41172e+07
1.4812e+07
1.55426e+07
1.63109e+07
1.7119e+07
1.79691e+07
1.88634e+07
1.98042e+07
2.07942e+07
2.18359e+07
2.29322e+07
2.40862e+07
2.53008e+07
2.65795e+07
2.79258e+07
2.93433e+07
3.08361e+07
3.24082e+07
3.4064e+07
3.58082e+07
3.76457e+07
3.95816e+07
4.16214e+07
4.3771e+07
4.60365e+07
4.84243e+07
5.09413e+07
5.35947e+07
5.63924e+07
5.93423e+07
6.2453e+07
6.57338e+07
6.91942e+07
7.28445e+07
7.66953e+07
8.07583e+07
8.50454e+07
8.95695e+07
9.43442e+07
9.9384e+07
1.04704e+08
1.1032e+08
1.1625e+08
1.22512e+08
1.29124e+08
1.36107e+08
1.43484e+08
1.51276e+08
1.59507e+08
1.68205e+08
1.77395e+08
1.87108e+08
1.97373e+08
2.08223e+08
2.19692e+08
2.31818e+08
2.44638e+08
2.58195e+08
2.72532e+08
2.87695e+08
3.03734e+08
3.207e+08
3.3865e+08
3.57642e+08
3.7774e+08
3.99008e+08
4.21518e+08
4.45346e+08
4.70569e+08
4.97274e+08
5.25549e+08
5.55491e+08
5.872e+08
6.20784e+08
6.56359e+08
6.94045e+08
7.33972e+08
7.76278e+08
8.21108e+08
8.6862e+08
9.18976e+08
9.72355e+08
1.02894e+09
1.08894e+09
1.15255e+09
1.22001e+09
1.29155e+09
1.36744e+09
1.44793e+09
1.53332e+09
1.62392e+09
1.72006e+09
1.82208e+09
1.93035e+09
2.04527e+09
2.16726e+09
2.29677e+09
2.43427e+09
2.58027e+09
2.73533e+09
2.9e+09
3.07491e+09
3.26071e+09
3.45811e+09
3.66784e+09
3.8907e+09
4.12754e+09
4.37925e+09
4.6468e+09
4.93122e+09
5.2336e+09
5.5551e+09
5.89697e+09
6.26055e+09
6.64723e+09
7.05855e+09
7.4961e+09
7.96162e+09
8.45693e+09
8.98401e+09
9.54494e+09
1.0142e+10
1.07775e+10
1.1454e+10
1.21742e+10
1.29412e+10
1.37579e+10
1.46276e+10
1.5554e+10
1.65408e+10
1.75921e+10
1.87121e+10
1.99055e+10
2.11773e+10
2.25327e+10
2.39774e+10
2.55174e+10
2.71592e+10
2.89096e+10
3.07761e+10
3.27665e+10
3.48894e+10
3.71536e+10
3.9569e+10
4.21459e+10
4.48953e+10
4.78291e+10
5.096e+10
5.43015e+10
5.78683e+10
6.16758e+10
6.57407e+10
7.00809e+10
7.47155e+10
7.96651e+10
8.49514e+10
9.0598e+10
9.66302e+10
1.03075e+11
1.09961e+11
1.17319e+11
1.25183e+11
1.33588e+11
1.42573e+11
1.52178e+11
1.62447e+11
1.73427e+11
1.85168e+11
1.97726e+11
2.11157e+11
2.25525e+11
2.40895e+11
2.5734e+11
2.74937e+11
2.93768e+11
3.13921e+11
3.35493e+11
3.58584e+11
3.83306e+11
4.09774e+11
4.38117e+11
4.68469e+11
5.00977e+11
5.35796e+11
5.73097e+11
6.13058e+11
6.55875e+11
7.01756e+11
7.50926e+11
8.03625e+11
8.60114e+11
9.2067e+11
9.85593e+11
1.05521e+12
1.12985e+12
1.20991e+12
1.29577e+12
1.38788e+12
1.48669e+12
1.5927e+12
1.70645e+12
1.82851e+12
1.95951e+12
2.10012e+12
2.25106e+12
2.4131e+12
2.58707e+12
2.77388e+12
2.97449e+12
3.18994e+12
3.42136e+12
3.66996e+12
3.93703e+12
4.22399e+12
4.53233e+12
4.8637e+12
5.21984e+12
5.60265e+12
6.01417e+12
6.45659e+12
6.93229e+12
7.44382e+12
7.99394e+12
8.58561e+12
9.22205e+12
9.90671e+12
1.06433e+13
1.14359e+13
1.22888e+13
1.32067e+13
1.41946e+13
1.52581e+13
1.6403e+13
1.76356e+13
1.89628e+13
2.03921e+13
2.19314e+13
2.35894e+13
2.53754e+13
2.72995e+13
2.93726e+13
3.16065e+13
3.40138e+13
3.66083e+13
3.94049e+13
4.24195e+13
4.56697e+13
4.9174e+13
5.29527e+13
5.70279e+13
6.14231e+13
6.6164e+13
7.12784e+13
7.67962e+13
8.27498e+13
8.91744e+13
9.61078e+13
1.03591e+14
1.11669e+14
1.2039e+14
1.29805e+14
1.39971e+14
1.50949e+14
1.62806e+14
1.75612e+14
1.89446e+14
2.0439e+14
2.20537e+14
2.37985e+14
2.5684e+14
2.77217e+14
2.99244e+14
3.23054e+14
3.48795e+14
3.76628e+14
4.06724e+14
4.39271e+14
4.74472e+14
5.12549e+14
5.53739e+14
5.98302e+14
6.4652e+14
6.98697e+14
7.55165e+14
8.16282e+14
8.82439e+14
9.54057e+14
1.0316e+15
1.11556e+15
1.20648e+15
1.30494e+15
1.41159e+15
1.52712e+15
1.65228e+15
1.78788e+15
1.93482e+15
2.09405e+15
2.26663e+15
2.45368e+15
2.65646e+15
2.87629e+15
3.11464e+15
3.3731e+15
3.65339e+15
3.95739e+15
4.28713e+15
4.64484e+15
5.03292e+15
5.45401e+15
5.91094e+15
6.40684e+15
6.94506e+15
7.5293e+15
8.16354e+15
8.85214e+15
9.59983e+15
1.04118e+16
1.12936e+16
1.22513e+16
1.32917e+16
1.4422e+16
1.565e+16
1.69844e+16
1.84345e+16
2.00105e+16
2.17235e+16
2.35857e+16
2.56102e+16
2.78113e+16
3.02049e+16
3.28079e+16
3.56389e+16
3.87184e+16
4.20683e+16
4.57129e+16
4.96785e+16
5.39937e+16
5.869e+16
6.38015e+16
6.93654e+16
7.54225e+16
8.20171e+16
8.91977e+16
9.70172e+16
1.05533e+17
1.14809e+17
1.24913e+17
1.35921e+17
1.47914e+17
1.60983e+17
1.75224e+17
1.90746e+17
2.07664e+17
2.26107e+17
2.46213e+17
2.68136e+17
2.92041e+17
3.18111e+17
3.46545e+17
3.7756e+17
4.11394e+17
4.48307e+17
4.88584e+17
5.32535e+17
5.80501e+17
6.32854e+17
6.90001e+17
7.52388e+17
8.20502e+17
8.94876e+17
9.76095e+17
1.0648e+18
1.16168e+18
1.26752e+18
1.38314e+18
1.50947e+18
1.6475e+18
1.79836e+18
1.96323e+18
2.14344e+18
2.34044e+18
2.55581e+18
2.7913e+18
3.0488e+18
3.33041e+18
3.63842e+18
3.97533e+18
4.3439e+18
4.74713e+18
5.18834e+18
5.67116e+18
6.19956e+18
6.7779e+18
7.41098e+18
8.10404e+18
8.86285e+18
9.69373e+18
1.06036e+19
1.16001e+19
1.26916e+19
1.38873e+19
1.51972e+19
1.66324e+19
1.82051e+19
1.99285e+19
2.18175e+19
2.38879e+19
2.61576e+19
2.8646e+19
3.13745e+19
3.43663e+19
3.76475e+19
4.12463e+19
4.51939e+19
4.95244e+19
5.42757e+19
5.9489e+19
6.521e+19
7.14886e+19
7.83801e+19
8.59449e+19
9.42497e+19
1.03368e+20
1.1338e+20
1.24375e+20
1.36451e+20
1.49715e+20
1.64286e+20
1.80293e+20
1.97882e+20
2.17208e+20
2.38448e+20
2.61792e+20
2.87452e+20
3.1566e+20
3.46672e+20
3.80772e+20
4.18269e+20
4.59508e+20
5.04866e+20
5.54759e+20
6.09647e+20
6.70036e+20
7.36484e+20
8.09608e+20
8.90086e+20
9.78666e+20
1.07617e+21
1.18352e+21
1.30172e+21
1.43186e+21
1.57519e+21
1.73305e+21
1.90692e+21
2.09846e+21
2.30948e+21
2.54199e+21
2.79821e+21
3.08057e+21
3.39178e+21
3.73482e+21
4.113e+21
4.52994e+21
4.98967e+21
5.49664e+21
6.05575e+21
6.67245e+21
7.35271e+21
8.10318e+21
8.93119e+21
9.84485e+21
1.08531e+22
1.19659e+22
1.31942e+22
1.455e+22
1.60469e+22
1.76997e+22
1.95248e+22
2.15402e+22
2.37663e+22
2.62252e+22
2.89415e+22
3.19425e+22
3.52584e+22
3.89226e+22
4.29721e+22
4.7448e+22
5.23955e+22
5.7865e+22
6.39123e+22
7.05989e+22
7.79933e+22
8.61712e+22
9.52166e+22
1.05223e+23
1.16292e+23
1.2854e+23
1.42093e+23
1.57091e+23
1.73691e+23
1.92065e+23
2.12405e+23
2.34923e+23
2.59857e+23
2.87467e+23
3.18044e+23
3.5191e+23
3.89424e+23
4.30982e+23
4.77024e+23
5.28042e+23
5.84577e+23
6.47233e+23
7.16681e+23
7.93663e+23
8.79007e+23
9.73631e+23
1.07855e+24
1.19491e+24
1.32396e+24
1.4671e+24
1.62589e+24
1.80205e+24
1.99751e+24
2.2144e+24
2.4551e+24
2.72225e+24
3.01879e+24
3.34798e+24
3.71346e+24
4.11928e+24
4.56992e+24
5.07039e+24
5.62627e+24
6.24374e+24
6.92972e+24
7.69186e+24
8.53873e+24
9.47983e+24
1.05258e+25
1.16883e+25
1.29807e+25
1.44174e+25
1.60149e+25
1.77912e+25
1.97666e+25
2.19637e+25
2.44076e+25
2.71262e+25
3.01508e+25
3.35162e+25
3.72612e+25
4.1429e+25
4.60678e+25
5.12313e+25
5.69797e+25
6.33797e+25
7.0506e+25
7.84418e+25
8.728e+25
9.71243e+25
1.0809e+26
1.20307e+26
1.33919e+26
1.49086e+26
1.65989e+26
1.84827e+26
2.05825e+26
2.29233e+26
2.5533e+26
2.84427e+26
3.16874e+26
3.5306e+26
3.93419e+26
4.38438e+26
4.8866e+26
5.44692e+26
6.07213e+26
6.76981e+26
7.54845e+26
8.41753e+26
9.38766e+26
1.04707e+27
1.16799e+27
1.30302e+27
1.4538e+27
1.62221e+27
1.81031e+27
2.02044e+27
2.2552e+27
2.5175e+27
2.8106e+27
3.13815e+27
3.50425e+27
3.91347e+27
4.37094e+27
4.8824e+27
5.45428e+27
6.09378e+27
6.80899e+27
7.60893e+27
8.50375e+27
9.5048e+27
1.06248e+28
1.18781e+28
1.32805e+28
1.48501e+28
1.6607e+28
1.85737e+28
2.07755e+28
2.32407e+28
2.60011e+28
2.90926e+28
3.2555e+28
3.64333e+28
4.07779e+28
4.56455e+28
5.10994e+28
5.7211e+28
6.40603e+28
7.17372e+28
8.03425e+28
8.99895e+28
1.00805e+29
1.12933e+29
1.26534e+29
1.41787e+29
1.58895e+29
1.78087e+29
1.99617e+29
2.23774e+29
2.50881e+29
2.81301e+29
3.15443e+29
3.53766e+29
3.96787e+29
4.45086e+29
4.99316e+29
5.60214e+29
6.28604e+29
7.05418e+29
7.91702e+29
8.88633e+29
9.97536e+29
1.1199e+30
1.25742e+30
1.41196e+30
1.58567e+30
1.78093e+30
2.00045e+30
2.24726e+30
2.52479e+30
2.8369e+30
3.18792e+30
3.58275e+30
4.0269e+30
4.52659e+30
5.08883e+30
5.7215e+30
6.4335e+30
7.23487e+30
8.13692e+30
9.15239e+30
1.02957e+31
1.1583e+31
1.30327e+31
1.46653e+31
1.65042e+31
1.85756e+31
2.09092e+31
2.35385e+31
2.65012e+31
2.98398e+31
3.36027e+31
3.7844e+31
4.26252e+31
4.80155e+31
5.4093e+31
6.09463e+31
6.86751e+31
7.73921e+31
8.72248e+31
9.83171e+31
1.10832e+32
1.24952e+32
1.40887e+32
1.5887e+32
1.79167e+32
2.02079e+32
2.27945e+32
2.57149e+32
2.90125e+32
3.27365e+32
3.69423e+32
4.16928e+32
4.70591e+32
5.31218e+32
5.99718e+32
6.77122e+32
7.64598e+32
8.63465e+32
9.75219e+32
1.10155e+33
1.24438e+33
1.40588e+33
1.5885e+33
1.79504e+33
2.02864e+33
2.29289e+33
2.59182e+33
2.93004e+33
3.31275e+33
3.74583e+33
4.23598e+33
4.79078e+33
5.4188e+33
6.12979e+33
6.93481e+33
7.84637e+33
8.87868e+33
1.00479e+34
1.13722e+34
1.28725e+34
1.45722e+34
1.64981e+34
1.86805e+34
2.11538e+34
2.39571e+34
2.71347e+34
3.0737e+34
3.48213e+34
3.94524e+34
4.47041e+34
5.06602e+34
5.7416e+34
6.50795e+34
7.37736e+34
8.3638e+34
9.48314e+34
1.07534e+35
1.21951e+35
1.38316e+35
1.56893e+35
1.77983e+35
2.0193e+35
2.29124e+35
2.60006e+35
2.95083e+35
3.34926e+35
3.8019e+35
4.31616e+35
4.90049e+35
5.56452e+35
6.3192e+35
7.17698e+35
8.15205e+35
9.26057e+35
1.05209e+36
1.19541e+36
1.35839e+36
1.54376e+36
1.7546e+36
1.99445e+36
2.26733e+36
2.57781e+36
2.93112e+36
3.3332e+36
3.79084e+36
4.31177e+36
4.90479e+36
5.57996e+36
6.34875e+36
7.22421e+36
8.22126e+36
9.3569e+36
1.06505e+37
1.21243e+37
1.38034e+37
1.57168e+37
1.78972e+37
2.03823e+37
2.3215e+37
2.6444e+37
3.01254e+37
3.43228e+37
3.91092e+37
4.45678e+37
5.07937e+37
5.78953e+37
6.59967e+37
7.52398e+37
8.57863e+37
9.78215e+37
1.11557e+38
1.27234e+38
1.4513e+38
1.65561e+38
1.88887e+38
2.15523e+38
2.4594e+38
2.8068e+38
3.2036e+38
3.65689e+38
4.17476e+38
4.76646e+38
5.4426e+38
6.21531e+38
7.09847e+38
8.10798e+38
9.26203e+38
1.05814e+39
1.20901e+39
1.38153e+39
1.57883e+39
1.80451e+39
2.06265e+39
2.35798e+39
2.69587e+39
3.0825e+39
3.52496e+39
4.03134e+39
4.61096e+39
5.27447e+39
6.0341e+39
6.90385e+39
7.8998e+39
9.04037e+39
1.03467e+40
1.18431e+40
1.35572e+40
1.55212e+40
1.77715e+40
2.03502e+40
2.33055e+40
2.66928e+40
3.05757e+40
3.50271e+40
4.01307e+40
4.59828e+40
5.26939e+40
6.03907e+40
6.92191e+40
7.93465e+40
9.09652e+40
1.04296e+41
1.19593e+41
1.37149e+41
1.57297e+41
1.80425e+41
2.06975e+41
2.37458e+41
2.72458e+41
3.1265e+41
3.58808e+41
4.11825e+41
4.72724e+41
5.42687e+41
6.2307e+41
7.15434e+41
8.21577e+41
9.43567e+41
1.08378e+42
1.24497e+42
1.43028e+42
1.64334e+42
1.88834e+42
2.17009e+42
2.49415e+42
2.8669e+42
3.2957e+42
3.78904e+42
4.35669e+42
5.0099e+42
5.76166e+42
6.62692e+42
7.62293e+42
8.76955e+42
1.00897e+43
1.16098e+43
1.33604e+43
1.53765e+43
1.76987e+43
2.03737e+43
2.34556e+43
2.70064e+43
3.10981e+43
3.58135e+43
4.12482e+43
4.75127e+43
5.47342e+43
6.30601e+43
7.266e+43
8.37303e+43
9.64973e+43
1.11223e+44
1.28209e+44
1.47804e+44
1.70413e+44
1.965e+44
2.26605e+44
2.6135e+44
3.01454e+44
3.47748e+44
4.01194e+44
4.62903e+44
5.34159e+44
6.16449e+44
7.11492e+44
8.21274e+44
9.48095e+44
1.09461e+45
1.26391e+45
1.45955e+45
1.68564e+45
1.94696e+45
2.24903e+45
2.59823e+45
3.00198e+45
3.46883e+45
4.0087e+45
4.63309e+45
5.35529e+45
6.19071e+45
7.15722e+45
8.27549e+45
9.56949e+45
1.1067e+46
1.28002e+46
1.48064e+46
1.71288e+46
1.98176e+46
2.29308e+46
2.65359e+46
3.07111e+46
3.55469e+46
4.11485e+46
4.76378e+46
5.51563e+46
6.38682e+46
7.39638e+46
8.56643e+46
9.92262e+46
1.14947e+47
1.33173e+47
1.54305e+47
1.78809e+47
2.07226e+47
2.40184e+47
2.78414e+47
3.22762e+47
3.74214e+47
4.33914e+47
5.03191e+47
5.8359e+47
6.76906e+47
7.85226e+47
9.10975e+47
1.05697e+48
1.2265e+48
1.42337e+48
1.65201e+48
1.91757e+48
2.22607e+48
2.58446e+48
3.00087e+48
3.48474e+48
4.04706e+48
4.70061e+48
5.46028e+48
6.34338e+48
7.37009e+48
8.56388e+48
9.95207e+48
1.15665e+49
1.34443e+49
1.56285e+49
1.81695e+49
2.11259e+49
2.45659e+49
2.8569e+49
3.3228e+49
3.86509e+49
4.49634e+49
5.23125e+49
6.08691e+49
7.08328e+49
8.24361e+49
9.59503e+49
1.11692e+50
1.30029e+50
1.51393e+50
1.76286e+50
2.05294e+50
2.391e+50
2.78502e+50
3.24431e+50
3.77974e+50
4.40401e+50
5.13192e+50
5.98076e+50
6.97075e+50
8.12547e+50
9.47246e+50
1.10439e+51
1.28774e+51
1.50169e+51
1.75137e+51
2.04277e+51
2.38292e+51
2.77999e+51
3.24357e+51
3.78485e+51
4.41692e+51
5.1551e+51
6.01728e+51
7.02439e+51
8.20092e+51
9.57552e+51
1.11817e+52
1.30587e+52
1.52523e+52
1.78164e+52
2.08136e+52
2.43177e+52
2.84146e+52
3.32053e+52
3.88078e+52
4.53603e+52
5.30247e+52
6.19907e+52
7.24804e+52
8.4754e+52
9.91165e+52
1.15925e+53
1.35598e+53
1.58627e+53
1.85586e+53
2.1715e+53
2.54108e+53
2.97388e+53
3.48077e+53
4.07448e+53
4.76996e+53
5.58474e+53
6.53938e+53
7.65802e+53
8.96895e+53
1.05054e+54
1.23064e+54
1.44176e+54
1.68927e+54
1.97949e+54
2.31982e+54
2.71894e+54
3.18706e+54
3.73617e+54
4.38035e+54
5.13614e+54
6.02297e+54
7.06367e+54
8.28506e+54
9.71866e+54
1.14015e+55
1.33772e+55
1.56969e+55
1.84207e+55
2.16196e+55
2.53765e+55
2.97895e+55
3.49735e+55
4.1064e+55
4.82203e+55
5.66296e+55
6.65124e+55
7.81282e+55
9.17822e+55
1.07834e+56
1.26706e+56
1.48897e+56
1.74992e+56
2.05683e+56
2.41781e+56
2.84245e+56
3.34203e+56
3.92982e+56
4.62147e+56
5.43542e+56
6.39341e+56
7.52104e+56
8.84847e+56
1.04113e+57
1.22514e+57
1.44183e+57
1.69702e+57
1.99759e+57
2.35165e+57
2.76874e+57
3.26016e+57
3.8392e+57
4.52156e+57
5.32576e+57
6.27366e+57
7.39105e+57
8.70836e+57
1.02615e+58
1.2093e+58
1.42529e+58
1.68002e+58
1.9805e+58
2.33496e+58
2.75315e+58
3.24658e+58
3.82884e+58
4.51601e+58
5.32707e+58
6.28445e+58
7.41467e+58
8.74908e+58
1.03247e+59
1.21854e+59
1.43829e+59
1.69786e+59
2.00447e+59
2.36671e+59
2.7947e+59
3.30043e+59
3.8981e+59
4.60447e+59
5.43943e+59
6.42646e+59
7.5934e+59
8.97319e+59
1.06048e+60
1.25344e+60
1.48167e+60
1.75164e+60
2.07102e+60
2.44888e+60
2.896e+60
3.42511e+60
4.05131e+60
4.79251e+60
5.66991e+60
6.70864e+60
7.93851e+60
9.39483e+60
1.11195e+61
1.31621e+61
1.55817e+61
1.84479e+61
2.18436e+61
2.58672e+61
3.06351e+61
3.62857e+61
4.2983e+61
5.09218e+61
6.03332e+61
7.14916e+61
8.47226e+61
1.00413e+62
1.19021e+62
1.41093e+62
1.67276e+62
1.98338e+62
2.35193e+62
2.78926e+62
3.30825e+62
3.92423e+62
4.65539e+62
5.52335e+62
6.55383e+62
7.77739e+62
9.23035e+62
1.09559e+63
1.30054e+63
1.54399e+63
1.83321e+63
2.17683e+63
2.58513e+63
3.07034e+63
3.64701e+63
4.33243e+63
5.14722e+63
6.11589e+63
7.26762e+63
8.63716e+63
1.02658e+64
1.22029e+64
1.45071e+64
1.72481e+64
2.05092e+64
2.43894e+64
2.90067e+64
3.45018e+64
4.10423e+64
4.88278e+64
5.80963e+64
6.91314e+64
8.22711e+64
9.79187e+64
1.16555e+65
1.38752e+65
1.65194e+65
1.96696e+65
2.3423e+65
2.78955e+65
3.32256e+65
3.95782e+65
4.71504e+65
5.61773e+65
6.69394e+65
7.97716e+65
9.50738e+65
1.13323e+66
1.3509e+66
1.61054e+66
1.92029e+66
2.28985e+66
2.73083e+66
3.25707e+66
3.88512e+66
4.63477e+66
5.52965e+66
6.598e+66
7.8736e+66
9.39679e+66
1.12158e+67
1.33884e+67
1.59836e+67
1.90837e+67
2.27875e+67
2.72131e+67
3.25016e+67
3.88219e+67
4.63761e+67
5.54062e+67
6.62014e+67
7.91083e+67
9.45416e+67
1.12998e+68
1.35071e+68
1.61473e+68
1.93056e+68
2.3084e+68
2.76049e+68
3.30147e+68
3.94887e+68
4.72373e+68
5.65123e+68
6.76155e+68
8.09087e+68
9.68256e+68
1.15886e+69
1.38713e+69
1.66054e+69
1.98805e+69
2.3804e+69
2.85048e+69
3.41376e+69
4.08878e+69
4.89779e+69
5.86748e+69
7.0299e+69
8.4235e+69
1.00944e+70
1.20981e+70
1.45009e+70
1.73829e+70
2.08398e+70
2.49869e+70
2.99623e+70
3.59322e+70
4.30961e+70
5.16938e+70
6.20133e+70
7.44006e+70
8.92717e+70
1.07126e+71
1.28566e+71
1.54312e+71
1.85234e+71
2.22375e+71
2.66992e+71
3.20594e+71
3.84998e+71
4.62388e+71
5.55394e+71
6.67178e+71
8.01544e+71
9.63072e+71
1.15727e+72
1.39078e+72
1.67158e+72
2.00929e+72
2.41547e+72
2.90408e+72
3.49188e+72
4.1991e+72
5.05009e+72
6.07419e+72
7.30672e+72
8.79027e+72
1.05762e+73
1.27262e+73
1.5315e+73
1.84323e+73
2.21865e+73
2.67081e+73
3.21545e+73
3.87158e+73
4.66207e+73
5.61457e+73
6.76237e+73
8.14568e+73
9.813e+73
1.18228e+74
1.42458e+74
1.71672e+74
2.06898e+74
2.49378e+74
3.00612e+74
3.6241e+74
4.36959e+74
5.26897e+74
6.35414e+74
7.66362e+74
9.24393e+74
1.11513e+75
1.34536e+75
1.6233e+75
1.95886e+75
2.36404e+75
2.85333e+75
3.44425e+75
4.15798e+75
5.02015e+75
6.06173e+75
7.32018e+75
8.84083e+75
1.06785e+76
1.28995e+76
1.55841e+76
1.88293e+76
2.27528e+76
2.74966e+76
3.32331e+76
4.01705e+76
4.85612e+76
5.87107e+76
7.0989e+76
8.58442e+76
1.03819e+77
1.2557e+77
1.51895e+77
1.83758e+77
2.22328e+77
2.69022e+77
3.25557e+77
3.94015e+77
4.76918e+77
5.77324e+77
6.98944e+77
8.46272e+77
1.02476e+78
1.24103e+78
1.5031e+78
1.8207e+78
2.20565e+78
2.67225e+78
3.23792e+78
3.92373e+78
4.75531e+78
5.76373e+78
6.98674e+78
8.47015e+78
1.02696e+79
1.24526e+79
1.51013e+79
1.83153e+79
2.22156e+79
2.69494e+79
3.26953e+79
3.96705e+79
4.81388e+79
5.8421e+79
7.09069e+79
8.60703e+79
1.04487e+80
1.26859e+80
1.54036e+80
1.87055e+80
2.27176e+80
2.75932e+80
3.35187e+80
4.07209e+80
4.94759e+80
6.01196e+80
7.30606e+80
8.87967e+80
1.07933e+81
1.31208e+81
1.59518e+81
1.93958e+81
2.35857e+81
2.86838e+81
3.48875e+81
4.24374e+81
5.16266e+81
6.28122e+81
7.64293e+81
9.30083e+81
1.13196e+82
1.37779e+82
1.67719e+82
2.04186e+82
2.48609e+82
3.02728e+82
3.68667e+82
4.49016e+82
5.46934e+82
6.66275e+82
8.11742e+82
9.89073e+82
1.20527e+83
1.46888e+83
1.79033e+83
2.18236e+83
2.66051e+83
3.24377e+83
3.95531e+83
4.82343e+83
5.88271e+83
7.17538e+83
8.75302e+83
1.06787e+84
1.30293e+84
1.5899e+84
1.94029e+84
2.36815e+84
2.89065e+84
3.52881e+84
4.30831e+84
5.26055e+84
6.42394e+84
7.84544e+84
9.5825e+84
1.17054e+85
1.43001e+85
1.74718e+85
2.13492e+85
2.60899e+85
3.18865e+85
3.89752e+85
4.76448e+85
5.8249e+85
7.12209e+85
8.70906e+85
1.06508e+86
1.30268e+86
1.59345e+86
1.94933e+86
2.38494e+86
2.91821e+86
3.57109e+86
4.37049e+86
5.34941e+86
6.54828e+86
8.01667e+86
9.81537e+86
1.20189e+87
1.47187e+87
1.80268e+87
2.20808e+87
2.70493e+87
3.31392e+87
4.06046e+87
4.97569e+87
6.09786e+87
7.4739e+87
9.16142e+87
1.12311e+88
1.37699e+88
1.68843e+88
2.07053e+88
2.53937e+88
3.11469e+88
3.82076e+88
4.68739e+88
5.75119e+88
7.05717e+88
8.66061e+88
1.06295e+89
1.30473e+89
1.60169e+89
1.96643e+89
2.41449e+89
2.96495e+89
3.64129e+89
4.47239e+89
5.49375e+89
6.74907e+89
8.29211e+89
1.0189e+90
1.25211e+90
1.53887e+90
1.8915e+90
2.32517e+90
2.85858e+90
3.51472e+90
4.32193e+90
5.31508e+90
6.53714e+90
8.04103e+90
9.89193e+90
1.21702e+91
1.49747e+91
1.84274e+91
2.26786e+91
2.79134e+91
3.43603e+91
4.23006e+91
5.20812e+91
6.41301e+91
7.89748e+91
9.72659e+91
1.19806e+92
1.47585e+92
1.81824e+92
2.2403e+92
2.76062e+92
3.40215e+92
4.19319e+92
5.16872e+92
6.37186e+92
7.85589e+92
9.68658e+92
1.19451e+93
1.47318e+93
1.81706e+93
2.24144e+93
2.76522e+93
3.41177e+93
4.20992e+93
5.19535e+93
6.41211e+93
7.91467e+93
9.77035e+93
1.20624e+94
1.48937e+94
1.83915e+94
2.27132e+94
2.80533e+94
3.46526e+94
4.28088e+94
5.28904e+94
6.5353e+94
8.07607e+94
9.98115e+94
1.23369e+95
1.52503e+95
1.88537e+95
2.33109e+95
2.88249e+95
3.5647e+95
4.40883e+95
5.45342e+95
6.74622e+95
8.34638e+95
1.03272e+96
1.27794e+96
1.58156e+96
1.95751e+96
2.4231e+96
2.99973e+96
3.71398e+96
4.59878e+96
5.69497e+96
7.0532e+96
8.73627e+96
1.08221e+97
1.34074e+97
1.6612e+97
2.05847e+97
2.55101e+97
3.16174e+97
3.91911e+97
4.85839e+97
6.02343e+97
7.46864e+97
9.26156e+97
1.14861e+98
1.42465e+98
1.76721e+98
2.19237e+98
2.7201e+98
3.37522e+98
4.18856e+98
5.19844e+98
6.45249e+98
8.0099e+98
9.94427e+98
1.23471e+99
1.53321e+99
1.90408e+99
2.3649e+99
2.93756e+99
3.64928e+99
4.5339e+99
5.63357e+99
7.00069e+99
8.70048e+99
1.08141e+100
1.34427e+100
1.67119e+100
2.07784e+100
2.5837e+100
3.21306e+100
3.99615e+100
4.97062e+100
6.18336e+100
7.69279e+100
9.57171e+100
1.19108e+101
1.4823e+101
1.84493e+101
2.29651e+101
2.85892e+101
3.55944e+101
4.43208e+101
5.51923e+101
6.87378e+101
8.56166e+101
1.06651e+102
1.32868e+102
1.65546e+102
2.06284e+102
2.57073e+102
3.204e+102
3.9937e+102
4.97855e+102
6.20693e+102
7.73921e+102
9.65077e+102
1.20357e+103
1.50117e+103
1.87254e+103
2.33604e+103
2.91456e+103
3.63675e+103
4.53835e+103
5.66408e+103
7.06978e+103
8.82527e+103
1.10178e+104
1.37566e+104
1.71779e+104
2.14523e+104
2.67932e+104
3.34674e+104
4.18084e+104
5.22338e+104
6.52658e+104
8.15577e+104
1.01927e+105
1.27397e+105
1.59249e+105
1.99085e+105
2.48913e+105
3.11244e+105
3.89224e+105
4.86794e+105
6.08886e+105
7.61679e+105
9.52915e+105
1.19229e+106
1.49195e+106
1.86713e+106
2.3369e+106
2.92516e+106
3.6619e+106
4.58467e+106
5.74059e+106
7.18869e+106
9.00303e+106
1.12765e+107
1.41255e+107
1.76962e+107
2.21719e+107
2.77824e+107
3.48164e+107
4.36358e+107
5.4695e+107
6.85643e+107
8.59595e+107
1.07779e+108
1.35152e+108
1.69495e+108
2.12587e+108
2.66662e+108
3.34527e+108
4.19708e+108
5.26634e+108
6.6087e+108
8.29411e+108
1.04104e+109
1.30681e+109
1.6406e+109
2.05987e+109
2.58655e+109
3.24824e+109
4.07964e+109
5.12437e+109
6.43732e+109
8.08752e+109
1.01618e+110
1.27695e+110
1.6048e+110
2.01704e+110
2.53544e+110
3.1874e+110
4.00744e+110
5.03899e+110
6.33672e+110
7.96952e+110
1.00241e+111
1.26097e+111
1.58638e+111
1.99599e+111
2.51162e+111
3.16079e+111
3.97817e+111
5.00744e+111
6.30369e+111
7.93632e+111
9.99284e+111
1.25836e+112
1.58477e+112
1.99606e+112
2.51435e+112
3.16756e+112
3.99089e+112
5.02874e+112
6.33716e+112
7.98687e+112
1.00671e+113
1.26904e+113
1.59991e+113
2.01725e+113
2.54372e+113
3.20793e+113
4.046e+113
5.10356e+113
6.43822e+113
8.12277e+113
1.02492e+114
1.29336e+114
1.63228e+114
2.06023e+114
2.60065e+114
3.28318e+114
4.14527e+114
5.23428e+114
6.61009e+114
8.34839e+114
1.05449e+115
1.33208e+115
1.68292e+115
2.12638e+115
2.68699e+115
3.39575e+115
4.29191e+115
5.42515e+115
6.85834e+115
8.67104e+115
1.0964e+116
1.38648e+116
1.75349e+116
2.21788e+116
2.80556e+116
3.54933e+116
4.49075e+116
5.68247e+116
7.19119e+116
9.10145e+116
1.15204e+117
1.45837e+117
1.84635e+117
2.33779e+117
2.96036e+117
3.74911e+117
4.74851e+117
6.01496e+117
7.61998e+117
9.65429e+117
1.2233e+118
1.55021e+118
1.96469e+118
2.49025e+118
3.15674e+118
4.00203e+118
5.07419e+118
6.43426e+118
8.15975e+118
1.0349e+119
1.31271e+119
1.66527e+119
2.11274e+119
2.68072e+119
3.40176e+119
4.3172e+119
5.47956e+119
6.95561e+119
8.83019e+119
1.12112e+120
1.42357e+120
1.8078e+120
2.29598e+120
2.91629e+120
3.70459e+120
4.70647e+120
5.97992e+120
7.59875e+120
9.65682e+120
1.22736e+121
1.56011e+121
1.98328e+121
2.5215e+121
3.20612e+121
4.07705e+121
5.18511e+121
6.59502e+121
8.38918e+121
1.06726e+122
1.35789e+122
1.72784e+122
2.19882e+122
2.79848e+122
3.56205e+122
4.53443e+122
5.77287e+122
7.35033e+122
9.35982e+122
1.19199e+123
1.51819e+123
1.93385e+123
2.46358e+123
3.13874e+123
3.99935e+123
5.09648e+123
6.49526e+123
8.27881e+123
1.05532e+124
1.34539e+124
1.71537e+124
2.18732e+124
2.78941e+124
3.55761e+124
4.53785e+124
5.78879e+124
7.38535e+124
9.42323e+124
1.20247e+125
1.5346e+125
1.95867e+125
2.50019e+125
3.19175e+125
4.07505e+125
5.20333e+125
6.64471e+125
8.48625e+125
1.08393e+126
1.38463e+126
1.76893e+126
2.26013e+126
2.88804e+126
3.69077e+126
4.71712e+126
6.02952e+126
7.70787e+126
9.85443e+126
1.26001e+127
1.61125e+127
2.06062e+127
2.63559e+127
3.37135e+127
4.31295e+127
5.51813e+127
7.06081e+127
9.03573e+127
1.15643e+128
1.48019e+128
1.8948e+128
2.4258e+128
3.10593e+128
3.97717e+128
5.09334e+128
6.52345e+128
8.35598e+128
1.07044e+129
1.37143e+129
1.75724e+129
2.25182e+129
2.88591e+129
3.69893e+129
4.74151e+129
6.07857e+129
7.79351e+129
9.99332e+129
1.28154e+130
1.64362e+130
2.10822e+130
2.70442e+130
3.46961e+130
4.45176e+130
5.71253e+130
7.33113e+130
9.40934e+130
1.2078e+131
1.5505e+131
1.99067e+131
2.55605e+131
3.28236e+131
4.2155e+131
5.41448e+131
6.95522e+131
8.93533e+131
1.14804e+132
1.47519e+132
1.89576e+132
2.4365e+132
3.1318e+132
4.02595e+132
5.17592e+132
6.65508e+132
8.55784e+132
1.10058e+133
1.41554e+133
1.82084e+133
2.34242e+133
3.01373e+133
3.87784e+133
4.99023e+133
6.4224e+133
8.26646e+133
1.06411e+134
1.36994e+134
1.76385e+134
2.27125e+134
2.92494e+134
3.76715e+134
4.85239e+134
6.25091e+134
8.05336e+134
1.03766e+135
1.33715e+135
1.72327e+135
2.2211e+135
2.86306e+135
3.69096e+135
4.75874e+135
6.13609e+135
7.91292e+135
1.02053e+136
1.31633e+136
1.69803e+136
2.19065e+136
2.82649e+136
3.64726e+136
4.70686e+136
6.07494e+136
7.84149e+136
1.01228e+137
1.30692e+137
1.68749e+137
2.17912e+137
2.81427e+137
3.63493e+137
4.6954e+137
6.06589e+137
7.83722e+137
1.01269e+138
1.30868e+138
1.69137e+138
2.1862e+138
2.82609e+138
3.65366e+138
4.72406e+138
6.1087e+138
7.90001e+138
1.02177e+139
1.32167e+139
1.70978e+139
2.21208e+139
2.86226e+139
3.70392e+139
4.79359e+139
6.20448e+139
8.03148e+139
1.03976e+140
1.34621e+140
1.74318e+140
2.25743e+140
2.9237e+140
3.78702e+140
4.90578e+140
6.35571e+140
8.23504e+140
1.06712e+141
1.38295e+141
1.79244e+141
2.32343e+141
3.01203e+141
3.90513e+141
5.06358e+141
6.56636e+141
8.51604e+141
1.10458e+142
1.43285e+142
1.85888e+142
2.41183e+142
3.1296e+142
4.0614e+142
5.27119e+142
6.84207e+142
8.88202e+142
1.15314e+143
1.49726e+143
1.94428e+143
2.52503e+143
3.27959e+143
4.26008e+143
5.53429e+143
7.19039e+143
9.34304e+143
1.21414e+144
1.57796e+144
2.05102e+144
2.66617e+144
3.46619e+144
4.50674e+144
5.86027e+144
7.62113e+144
9.91211e+144
1.28931e+145
