430
364
378
386
366
361
380
371
377
370
371
369
380
384
383
367
370
380
381
377
375
379
379
367
388
379
367
369
372
385
365
383
379
376
370
384
378
376
384
381
381
393
369
380
377
380
378
392
389
383
365
389
371
388
361
348
361
386
358
382
387
378
378
381
384
375
373
372
376
379
385
379
375
385
379
380
381
394
374
371
393
380
378
384
374
378
381
383
374
361
378
367
397
387
372
377
376
372
385
382
385
369
386
385
386
369
381
375
382
371
383
389
381
364
376
375
373
385
369
368
369
376
372
368
370
379
364
367
376
367
370
391
373
372
369
374
380
376
382
380
359
389
376
382
379
361
374
374
376
383
374
378
368
375
380
372
378
372
374
375
378
375
367
379
383
371
369
386
397
368
367
383
372
373
377
382
372
379
368
376
381
369
378
371
382
376
370
377
377
372
375
370
378
366
373
381
379
378
370
373
377
383
379
372
384
381
376
359
375
372
383
380
376
358
373
374
379
372
387
386
372
374
380
379
377
377
383
377
378
386
388
376
375
387
371
376
367
376
376
382
376
383
379
378
370
373
384
368
378
389
367
381
377
373
367
380
387
374
369
371
375
370
366
373
377
370
380
377
389
374
369
385
382
379
384
384
371
386
373
383
376
379
372
386
369
365
379
372
371
374
380
364
378
381
369
374
381
388
380
382
384
387
369
381
374
373
383
371
358
375
374
376
374
380
381
374
367
370
381
383
380
385
373
369
385
385
358
373
384
379
371
371
387
366
375
381
387
369
375
372
378
374
372
374
389
383
385
371
376
367
374
375
359
384
372
357
370
385
382
374
360
373
373
381
371
371
360
371
386
376
384
380
377
376
363
375
373
377
366
383
382
383
378
378
373
387
380
378
373
373
390
374
373
375
364
364
376
373
363
381
369
381
361
370
378
384
381
381
380
381
371
390
384
377
373
380
379
369
384
384
377
371
368
373
378
375
385
366
377
375
384
373
371
383
375
375
380
380
375
365
375
375
376
376
377
372
372
369
377
368
373
385
369
380
378
372
378
365
370
381
387
381
373
378
369
372
372
363
373
378
380
382
378
377
381
379
377
371
388
393
389
376
369
363
389
391
384
376
366
378
382
375
375
373
384
377
384
372
377
366
377
386
377
371
368
369
369
367
362
375
371
368
372
366
373
377
376
386
375
379
369
374
376
379
386
374
381
372
380
374
376
369
388
371
383
377
377
374
378
376
377
367
381
384
369
369
378
368
376
387
371
381
371
372
374
375
385
380
368
367
367
369
375
382
376
376
374
375
368
389
371
355
377
378
377
373
371
370
376
375
377
380
384
368
379
392
373
372
368
362
381
364
378
378
386
379
362
372
378
376
373
375
368
373
378
373
367
376
380
373
368
372
365
371
379
386
381
378
379
386
383
377
375
385
382
388
387
378
379
366
377
372
382
383
386
373
373
376
375
388
382
367
380
376
383
377
375
375
372
360
372
392
382
374
375
374
376
384
382
360
375
374
375
379
364
372
382
388
379
366
372
380
385
388
371
368
360
369
379
381
378
390
380
377
381
364
380
380
381
374
377
377
379
357
367
381
372
376
371
385
374
373
382
370
382
384
369
380
388
383
380
375
390
376
384
364
385
374
371
379
375
376
378
387
390
382
379
386
391
376
378
380
375
373
389
372
371
382
379
385
385
377
381
378
374
372
378
372
375
377
371
376
379
368
369
377
369
366
369
381
368
365
379
385
384
368
381
386
365
379
375
385
382
380
376
371
380
376
378
385
376
371
382
375
371
383
378
382
390
379
385
371
372
384
376
382
368
369
377
385
371
368
377
379
388
378
380
374
370
364
381
369
379
366
378
374
377
379
375
361
374
378
381
380
384
374
380
371
374
386
363
371
386
377
382
380
382
369
371
390
374
384
374
378
369
376
383
375
367
369
373
383
369
382
384
377
378
389
371
367
374
379
390
380
386
379
378
382
378
370
368
375
379
376
373
373
386
373
383
370
380
381
379
379
367
381
379
370
389
382
379
368
381
382
383
376
381
378
386
388
376
365
363
377
369
374
371
381
379
377
375
373
378
371
378
368
376
377
375
388
370
365
374
379
368
384
363
376
378
370
378
380
382
381
382
366
379
367
371
369
383
373
377
358
371
363
374
387
368
361
390
379
392
375
377
363
379
371
371
373
375
373
372
371
378
382
388
361
373
393
371
378
374
382
372
377
372
384
366
369
372
374
368
378
377
383
381
378
377
376
369
385
377
380
369
368
383
389
380
383
380
385
375
375
380
376
389
382
363
373
362
367
394
379
379
386
395
383
382
380
383
362
380
378
376
383
361
372
373
378
373
353
373
378
382
380
372
382
378
378
386
373
381
389
369
364
383
371
374
382
383
383
373
378
367
373
376
362
376
368
369
375
379
385
377
383
367
374
390
383
381
371
394
379
380
368
371
364
376
375
375
374
383
377
378
376
387
371
381
375
374
385
372
390
383
379
377
385
378
377
375
385
373
375
381
400
374
376
383
385
371
367
370
381
384
367
368
372
366
384
384
387
384
384
378
379
386
365
365
373
379
369
384
378
374
365
369
372
376
369
377
368
390
374
369
384
371
373
374
372
380
380
373
367
391
386
376
366
379
371
377
380
383
377
369
381
378
367
377
374
377
377
373
368
373
378
370
374
369
392
381
374
365
369
370
379
368
374
385
378
365
375
384
370
373
383
366
383
367
374
378
380
389
362
370
363
372
370
385
384
381
380
377
369
377
379
373
371
371
371
381
380
365
385
375
372
378
389
361
386
384
388
381
380
382
382
371
367
352
372
377
375
367
368
378
375
377
381
376
386
367
380
373
377
373
374
368
389
376
387
389
382
388
375
390
367
376
373
380
381
372
362
376
381
375
377
371
368
380
382
383
372
359
383
387
376
379
380
380
387
374
372
384
363
372
375
373
382
375
370
370
359
391
380
363
363
374
369
378
376
364
380
360
372
379
374
370
384
382
368
381
389
375
363
383
369
386
371
376
381
378
389
376
379
385
372
380
376
387
380
375
388
381
378
376
375
371
371
370
388
374
376
374
374
376
369
379
373
375
382
384
385
358
370
373
381
370
382
381
385
385
375
375
373
372
372
380
378
380
377
381
386
373
371
368
380
377
375
366
382
384
382
377
380
372
386
376
368
375
380
373
369
376
380
375
378
379
378
384
383
373
377
371
375
377
378
376
371
379
378
387
375
377
378
375
362
391
385
378
369
362
369
382
362
388
374
356
381
359
378
367
364
378
377
376
373
375
371
366
367
387
373
376
370
382
376
369
379
384
378
377
384
384
384
377
373
384
375
364
378
368
377
377
390
386
369
387
371
375
372
363
374
381
374
375
370
378
379
377
375
373
382
384
382
384
380
369
382
375
369
380
368
375
372
374
376
370
379
370
376
378
379
376
369
373
366
374
379
378
379
377
395
367
366
361
376
387
374
377
363
359
388
374
375
384
369
369
365
371
377
374
375
370
371
381
378
376
366
378
382
381
378
383
379
383
374
385
376
369
359
365
381
374
373
380
381
366
372
379
377
366
382
380
374
367
375
384
370
367
373
381
380
387
387
386
372
372
389
360
384
367
383
375
374
379
367
370
365
373
364
366
359
380
379
374
379
381
386
378
366
378
383
369
390
387
387
380
373
378
375
384
374
375
369
379
376
374
365
385
377
370
370
390
381
373
384
373
375
368
369
386
381
371
382
368
370
376
379
382
388
384
381
381
376
383
383
388
379
376
372
372
372
371
363
383
388
382
380
377
376
367
354
371
374
369
374
377
374
380
378
373
375
371
369
376
377
389
369
374
383
386
384
378
379
374
383
374
362
368
373
365
372
378
378
378
372
380
371
375
388
371
387
374
388
372
375
378
380
379
375
383
383
381
380
368
378
378
366
371
374
376
376
375
380
376
377
364
383
376
388
376
367
378
368
371
380
386
377
371
371
375
374
379
382
372
376
366
390
380
368
379
374
377
377
383
377
373
375
384
370
377
377
380
386
376
380
382
373
373
383
381
363
372
371
369
372
374
375
365
383
370
372
387
364
369
363
369
374
386
371
379
360
378
383
377
369
373
385
383
378
384
374
373
381
379
372
380
388
378
355
370
376
386
380
364
372
375
375
368
359
373
377
382
379
362
379
368
375
372
373
370
386
387
377
378
366
391
367
382
381
370
373
391
367
365
369
372
374
374
385
390
394
383
367
372
383
376
381
371
376
375
383
391
373
358
374
372
360
382
367
381
382
367
381
379
366
376
385
369
373
377
374
368
385
374
379
377
371
376
384
382
390
369
381
388
390
375
381
375
382
375
372
386
375
375
380
366
366
375
387
379
389
379
377
370
370
379
377
384
384
383
380
369
381
369
380
379
384
383
381
376
362
384
370
384
369
383
368
380
362
383
381
374
375
380
381
388
371
386
381
378
380
375
370
384
371
378
375
377
375
376
376
362
379
376
386
365
382
384
379
380
395
380
379
385
379
373
373
370
384
357
379
363
377
375
369
379
375
383
375
377
383
374
371
375
381
371
371
373
382
380
365
372
374
369
373
371
375
369
376
378
383
389
376
375
388
373
382
377
383
368
386
378
373
369
376
364
379
382
382
376
374
377
375
375
377
375
368
375
380
383
389
373
368
370
376
392
370
382
387
377
379
365
374
372
378
395
366
369
369
368
383
376
368
383
370
378
384
374
371
373
386
372
379
375
371
367
375
379
372
385
385
379
375
375
371
383
371
375
384
367
388
371
376
372
376
384
368
372
382
380
389
377
378
382
378
382
378
373
385
369
373
375
371
361
377
367
375
375
391
386
374
388
377
371
371
373
374
377
378
378
390
389
395
374
377
390
375
378
362
383
383
373
368
376
376
376
378
375
376
375
380
371
376
386
378
374
377
383
386
376
373
381
374
368
380
374
374
379
380
373
366
382
386
375
379
369
372
372
384
386
374
385
381
383
379
379
371
371
391
376
376
378
377
379
366
379
372
375
375
372
376
367
373
377
381
363
372
372
363
375
360
376
368
375
371
374
375
378
367
376
383
368
370
375
378
383
371
378
381
379
374
375
377
375
376
361
360
360
380
369
370
381
369
382
373
375
370
387
379
381
375
372
377
379
386
380
382
383
380
370
378
370
363
371
374
375
372
379
370
369
368
379
365
375
382
365
370
378
366
376
381
367
382
376
375
375
364
376
375
384
366
379
385
372
359
380
375
383
368
377
375
375
380
357
377
380
368
375
372
362
376
380
371
376
372
374
385
384
389
371
374
373
377
390
375
378
380
372
385
380
367
380
369
370
382
374
366
372
389
381
373
376
373
374
388
385
369
381
368
386
388
374
379
370
373
368
364
379
384
383
382
379
373
375
382
376
378
376
377
392
365
382
393
377
377
378
385
374
375
374
386
377
381
364
396
385
385
377
381
380
377
381
376
376
385
375
372
381
383
387
378
371
372
372
374
372
381
370
362
387
378
383
374
379
377
368
363
391
377
377
382
385
363
364
380
375
379
371
386
385
387
381
372
377
375
386
371
375
372
385
379
370
367
362
385
370
366
389
381
379
380
370
379
381
368
378
381
374
378
384
374
369
369
373
373
377
384
376
374
363
364
375
383
378
373
376
374
371
375
383
378
380
379
377
388
361
370
375
374
404
