430
364
370
376
373
373
373
383
368
373
380
379
379
378
381
375
388
381
380
378
389
369
380
381
385
374
359
377
381
377
362
366
364
369
380
374
382
380
376
377
375
388
372
366
370
371
361
382
382
383
373
373
368
380
381
369
375
366
379
360
390
376
390
364
364
380
380
373
390
378
381
393
368
374
371
377
375
387
381
366
376
385
369
370
378
381
366
366
374
376
376
373
382
357
367
367
381
373
377
376
374
373
362
367
385
376
372
367
382
376
377
369
375
394
377
369
378
370
375
366
389
384
387
377
382
382
372
383
379
371
375
378
380
381
370
370
374
377
383
372
381
381
375
375
373
376
375
375
383
387
371
381
383
372
367
379
373
371
372
370
383
375
369
385
381
378
385
386
383
373
386
369
356
381
376
377
365
379
389
376
386
381
381
375
378
375
383
378
367
362
387
386
380
371
376
384
379
371
377
375
377
381
374
384
381
370
377
382
370
378
373
382
371
368
372
371
362
381
370
377
371
377
382
370
363
369
385
371
371
374
375
377
381
371
385
376
376
401
381
379
375
375
378
393
377
382
376
360
370
371
379
366
386
373
378
370
376
376
374
376
383
377
371
373
384
375
381
386
388
370
381
380
383
366
364
382
369
380
375
392
378
377
365
374
385
382
374
392
371
381
385
384
384
370
364
379
388
382
382
391
379
375
385
379
371
371
376
362
373
377
381
375
384
380
378
366
386
381
370
370
372
367
381
378
378
374
374
380
374
361
366
374
378
371
371
373
373
378
374
375
373
376
379
380
383
373
386
374
372
369
379
381
367
375
380
378
364
377
370
370
394
392
395
380
382
383
379
383
361
386
372
377
378
384
361
386
377
368
382
366
376
383
373
362
370
377
378
384
376
371
368
375
395
376
380
371
379
385
376
373
381
371
381
383
373
382
379
370
370
366
374
367
377
372
374
370
383
371
380
380
378
383
381
378
376
377
366
372
373
372
376
369
368
390
391
383
365
354
381
364
379
376
371
379
383
363
363
368
390
371
383
379
377
364
371
376
388
370
377
372
377
388
394
378
382
384
383
372
362
369
373
382
370
373
374
371
380
367
381
364
367
384
372
387
382
382
382
376
372
379
377
380
381
396
375
369
377
370
380
373
381
371
382
384
387
362
358
374
376
376
370
379
375
379
387
375
371
367
386
378
364
355
376
375
382
366
372
385
381
384
382
380
369
362
380
370
386
369
370
366
374
375
373
371
378
383
379
381
376
380
370
377
380
386
380
386
378
361
378
382
376
368
386
374
386
379
376
377
379
370
375
373
389
373
376
380
382
369
391
376
387
359
383
384
382
376
384
380
383
379
375
374
373
373
375
376
376
380
369
375
378
374
370
369
378
373
368
377
388
383
385
377
364
378
373
377
372
356
370
372
369
373
372
381
381
375
380
371
375
380
371
376
377
374
369
378
372
370
390
379
380
382
378
375
372
382
372
367
377
371
370
377
382
371
370
371
372
369
367
366
386
379
368
375
374
396
383
371
364
378
381
383
385
383
386
375
375
380
384
372
378
382
380
380
367
371
369
380
368
376
378
378
377
372
375
376
378
372
369
380
362
369
377
378
371
379
368
376
374
362
364
380
370
374
379
372
372
375
393
377
378
379
378
381
359
383
383
383
366
376
369
362
372
372
393
372
385
389
367
380
369
372
377
381
379
377
366
375
371
370
380
374
368
382
381
373
375
379
373
371
371
376
370
383
382
381
378
374
386
372
372
374
377
374
371
390
366
378
384
379
363
379
375
386
383
391
379
370
386
385
375
362
385
374
367
378
370
384
361
371
366
383
389
367
391
380
380
377
370
375
378
373
394
381
390
383
379
371
380
381
378
381
374
384
383
370
370
368
369
371
367
372
371
371
383
386
382
383
379
375
371
386
380
383
383
378
377
372
371
365
380
371
370
374
374
375
373
367
370
380
392
379
375
381
370
375
377
375
372
378
381
379
374
368
366
373
385
378
387
362
381
376
372
378
381
384
377
368
366
383
377
381
378
377
383
373
372
363
361
381
378
377
376
381
373
375
376
362
376
378
380
364
374
365
382
381
372
371
374
376
372
372
369
359
380
377
377
379
367
376
367
375
369
371
380
381
381
389
378
373
379
375
378
365
375
385
376
357
378
387
372
374
376
376
377
366
378
378
379
379
374
378
365
362
393
372
381
388
384
374
373
372
380
380
367
374
373
398
381
374
373
382
385
386
375
375
373
376
357
377
377
380
358
372
371
372
373
376
374
377
367
384
383
370
373
381
376
376
376
369
376
380
370
381
379
384
381
378
373
377
375
374
383
370
380
375
373
373
380
382
376
385
374
378
373
379
367
376
381
381
382
377
382
384
375
383
381
368
367
378
373
365
368
371
381
383
376
378
381
386
388
387
390
375
375
375
383
372
367
389
375
373
367
375
390
380
379
379
371
376
382
372
376
370
369
350
368
380
373
363
361
383
373
384
363
390
382
365
377
382
374
369
369
375
381
375
375
373
379
365
376
376
372
378
387
384
380
365
373
370
368
378
383
370
381
377
386
372
370
377
363
372
372
384
380
378
370
372
372
374
383
371
373
370
386
371
376
374
362
370
369
367
380
364
375
388
373
380
379
376
389
384
386
387
386
378
378
380
373
376
369
373
387
368
381
375
383
377
373
377
377
371
386
378
377
382
380
375
377
379
371
377
384
376
379
374
386
378
377
373
370
368
378
372
378
371
386
383
375
371
391
382
383
373
358
371
382
377
363
367
383
381
379
387
370
382
373
375
366
385
378
376
381
374
383
377
377
371
381
390
371
373
365
388
370
385
374
372
378
376
370
363
394
384
380
383
376
386
375
378
371
360
369
378
379
375
379
380
374
375
376
375
379
389
376
384
378
387
375
372
375
376
378
370
365
380
374
371
370
376
388
377
379
384
387
376
369
365
380
376
378
378
374
379
378
377
373
370
381
382
386
386
376
382
373
372
386
385
399
370
378
384
369
376
374
377
369
370
377
374
382
384
378
384
376
373
364
365
382
378
378
373
370
378
373
390
376
381
383
380
372
371
380
377
375
370
375
364
379
381
361
385
381
381
375
380
369
367
370
366
368
368
383
370
371
370
379
372
372
380
377
372
370
365
379
374
377
369
385
376
380
375
368
370
373
380
379
377
358
387
380
391
389
373
381
374
374
372
378
384
379
368
374
377
385
385
371
378
375
378
381
375
384
378
367
380
381
373
376
380
383
373
371
386
377
375
379
371
379
373
377
375
381
375
378
376
385
383
368
369
389
386
397
371
364
386
374
384
375
381
373
375
375
379
379
384
387
382
364
368
373
374
374
374
381
377
374
369
362
366
369
385
378
381
375
380
370
380
379
379
379
367
379
370
375
381
370
363
381
380
380
372
382
377
385
379
384
371
377
377
367
371
384
369
375
386
376
381
371
375
376
362
376
387
376
388
376
376
372
376
378
362
375
380
382
364
367
368
367
374
373
373
359
364
378
385
385
374
376
361
376
364
389
372
379
385
380
377
382
371
376
385
372
369
367
373
382
390
371
374
374
380
368
375
387
380
373
380
383
376
364
359
373
378
363
380
382
383
378
366
367
372
364
377
377
384
379
361
375
367
378
384
375
382
381
372
377
377
370
375
376
388
380
388
378
387
365
369
379
370
378
374
376
380
378
387
374
384
363
359
381
371
389
378
373
369
382
374
370
364
380
370
386
374
382
381
385
383
374
362
370
374
371
364
381
379
385
381
372
388
381
378
364
380
370
376
380
372
378
384
375
374
378
363
366
373
371
373
386
366
382
381
380
371
375
376
358
375
386
379
372
375
369
378
366
392
369
372
389
375
370
372
369
368
360
368
388
370
367
375
382
374
382
376
375
380
381
383
381
371
377
381
386
389
369
382
385
370
368
368
377
369
377
369
388
371
373
378
367
370
382
383
374
381
379
368
366
376
373
369
370
371
383
362
364
368
364
379
376
379
387
389
374
374
371
376
379
381
375
382
384
387
382
378
369
381
369
384
365
366
390
382
379
380
373
370
386
377
374
384
374
376
379
381
379
380
369
374
386
371
374
384
368
382
374
379
369
384
392
382
372
375
377
378
376
379
381
378
383
377
375
368
373
373
379
381
380
368
372
379
380
386
385
386
362
386
367
379
387
378
380
382
378
379
377
379
377
385
365
382
381
381
369
366
363
368
375
383
385
368
371
379
374
384
369
388
384
366
384
384
389
380
372
383
372
359
382
370
385
381
378
371
388
364
378
380
380
386
381
368
380
377
366
374
362
380
383
380
377
377
383
373
371
370
382
372
391
380
373
386
373
375
379
382
374
374
382
376
375
379
376
378
377
380
377
370
375
376
381
382
378
383
380
371
377
374
382
378
370
374
384
384
383
373
369
374
374
364
373
378
384
383
394
371
378
370
388
374
379
366
376
358
375
381
374
376
378
372
374
380
381
372
377
374
383
382
364
364
374
386
371
372
388
383
394
368
380
386
369
370
376
365
381
376
367
384
387
390
371
376
379
382
380
370
386
367
369
367
380
369
372
378
379
383
370
376
375
377
376
372
377
373
382
382
378
387
372
374
371
364
373
384
377
388
371
369
387
384
388
376
380
389
378
381
366
371
375
377
374
366
374
388
376
380
381
372
378
388
379
379
373
388
383
368
369
376
384
380
371
380
368
376
373
373
371
362
372
368
380
370
379
368
382
386
376
378
381
377
382
371
377
365
371
372
377
373
376
378
368
385
385
375
390
368
376
384
385
382
384
376
374
379
376
357
376
368
379
377
375
377
386
366
380
371
379
366
370
374
387
377
377
383
388
373
382
383
385
382
375
382
371
365
386
376
367
387
375
375
371
368
375
382
375
374
378
375
382
379
366
384
374
375
370
377
386
371
382
374
378
376
369
377
382
367
369
372
374
374
378
369
380
367
381
376
388
390
378
381
381
373
364
371
380
374
378
376
369
363
373
382
371
370
373
367
379
382
369
376
382
372
374
379
380
383
377
364
383
381
378
381
364
364
369
373
381
380
369
387
385
373
385
377
384
377
373
361
372
381
372
374
380
372
369
365
386
377
373
376
381
382
354
360
372
373
382
382
375
381
376
370
374
374
373
375
389
366
380
375
366
357
370
371
380
370
370
367
360
381
368
382
375
377
385
375
366
376
383
377
381
380
380
388
378
377
373
365
369
376
372
364
386
372
362
378
381
376
372
364
372
372
366
369
379
376
382
376
372
374
376
367
375
367
378
381
370
365
367
381
378
368
384
378
369
372
366
386
392
379
371
367
382
375
375
370
377
387
377
371
382
372
384
372
368
372
396
378
374
378
372
377
372
380
379
374
368
367
376
369
378
381
377
376
374
378
375
382
372
385
366
377
374
369
375
370
378
380
365
375
380
378
377
375
366
372
376
367
383
371
376
372
378
376
380
373
379
380
375
368
367
379
386
376
378
391
385
385
379
375
372
369
382
369
370
375
371
371
370
376
371
388
370
377
377
380
377
381
377
374
372
368
385
385
373
384
371
376
372
382
379
381
365
375
382
355
377
380
379
374
375
373
372
371
370
374
374
370
388
387
380
376
387
376
385
385
386
375
388
388
384
369
391
378
376
363
380
377
377
372
377
378
379
380
365
382
382
375
378
380
374
367
403
