430
360
375
377
365
376
370
362
378
375
380
381
370
365
376
373
382
379
375
365
377
375
383
378
369
377
382
381
366
375
374
381
376
385
377
377
370
372
385
365
368
382
374
380
374
386
373
367
375
374
373
372
364
368
373
375
366
371
380
373
377
377
381
374
375
375
373
376
367
381
369
375
376
367
380
382
386
369
361
380
385
373
375
372
383
371
377
379
376
377
376
374
377
377
379
369
383
380
375
383
374
371
372
377
381
382
373
361
375
376
370
381
364
375
367
386
371
378
386
385
375
363
387
374
372
373
384
373
375
369
366
375
373
373
380
374
379
370
371
367
383
384
389
383
365
384
375
366
373
380
382
372
374
390
369
392
387
386
378
384
378
369
376
373
373
365
374
370
381
367
377
379
384
375
389
381
379
366
362
365
383
384
365
379
371
386
381
386
380
384
380
374
385
382
367
378
374
387
374
386
366
399
384
380
380
379
373
379
377
374
384
369
375
373
378
381
369
381
376
378
380
380
378
376
375
380
371
375
392
380
365
376
383
362
379
379
380
387
376
386
372
384
367
370
374
373
376
378
382
382
370
369
371
362
359
395
390
373
378
374
387
390
376
375
378
374
375
387
377
387
379
379
371
379
358
357
378
382
380
377
364
371
383
381
379
371
375
377
376
372
388
390
365
379
370
385
378
373
379
376
387
379
372
392
366
388
380
374
375
373
383
390
372
379
385
362
377
369
374
379
371
368
382
386
377
376
387
381
385
385
379
383
360
378
380
375
370
376
368
379
378
379
373
383
386
369
378
365
387
375
385
385
368
373
382
377
376
384
375
377
373
375
378
373
384
375
355
372
372
369
371
384
376
377
378
378
372
384
378
379
387
378
384
377
378
375
381
376
375
374
369
377
382
373
383
367
382
382
369
372
364
380
377
381
377
373
382
381
389
385
380
379
373
366
380
377
381
374
368
372
364
368
388
383
368
376
373
384
389
375
371
371
361
382
375
375
380
380
374
373
373
374
378
376
382
378
377
367
384
376
369
377
396
384
373
378
379
377
365
376
367
376
380
391
379
373
360
370
380
376
365
384
381
378
373
377
375
384
371
369
375
377
378
379
385
391
382
385
386
379
386
375
372
372
373
372
381
395
387
365
380
380
372
378
375
367
367
382
377
380
374
376
369
373
368
378
372
385
381
376
380
378
378
379
385
378
382
374
377
385
378
385
377
372
380
384
379
368
383
383
389
376
377
380
368
372
376
379
378
372
375
380
366
371
377
385
370
359
379
383
372
387
374
369
382
377
376
375
372
370
386
375
364
383
363
376
382
381
379
375
381
381
381
365
382
379
380
366
376
368
367
369
379
377
373
368
362
368
373
374
369
380
377
375
389
373
371
381
374
384
376
379
385
376
375
377
379
384
370
369
381
369
383
364
377
375
368
364
378
382
379
378
366
379
374
379
365
366
385
373
372
381
379
375
375
367
381
381
387
383
380
370
392
383
382
368
373
380
382
372
374
368
374
390
387
357
382
374
388
375
376
390
382
395
364
368
373
383
375
377
372
372
385
384
382
367
378
377
386
382
371
382
376
378
372
380
373
378
380
373
368
382
380
372
374
378
373
380
369
370
375
394
370
370
377
382
368
378
374
373
364
374
375
383
367
375
367
380
372
373
366
373
371
371
372
366
364
375
388
375
374
375
383
385
390
378
377
373
379
372
376
382
372
381
385
378
385
381
364
371
371
378
376
386
377
378
380
366
379
377
356
372
374
386
387
379
375
366
364
369
397
377
375
363
378
365
382
385
373
369
382
374
373
376
357
384
375
374
387
369
378
386
365
379
380
370
366
372
370
383
372
370
374
373
381
366
379
383
366
379
393
386
379
377
372
377
375
383
383
376
380
379
380
377
378
380
381
381
376
387
373
378
384
360
379
375
398
369
371
380
372
371
379
381
382
378
372
375
372
374
386
368
371
383
361
361
368
380
375
375
374
373
377
367
375
386
373
381
379
367
384
377
376
368
374
367
380
370
370
380
386
375
374
384
364
381
365
370
376
387
382
383
386
381
387
374
382
380
368
377
366
375
387
377
376
385
388
378
362
376
367
373
389
378
385
374
384
370
381
369
371
376
381
379
377
364
386
379
372
379
379
374
373
381
370
367
379
371
376
375
376
382
369
372
394
361
376
373
380
379
360
390
370
390
379
376
351
377
364
382
363
368
372
363
374
370
380
386
388
375
370
384
376
373
382
374
372
386
377
373
372
377
373
366
378
386
396
377
372
382
382
382
382
360
375
370
367
384
381
378
378
370
377
380
382
383
370
377
378
380
382
382
371
374
377
391
377
373
376
375
376
374
365
381
387
376
364
370
372
376
380
381
380
370
390
378
379
373
372
369
376
378
381
375
382
383
380
366
374
363
381
374
368
365
380
380
375
369
384
386
371
375
378
385
369
383
383
378
377
373
374
372
388
380
367
374
365
384
380
369
379
388
374
383
385
381
383
389
389
372
379
375
369
362
368
365
374
380
379
386
378
367
371
385
378
376
381
379
370
376
377
375
372
371
379
374
386
380
374
364
377
380
379
383
373
380
363
358
362
377
386
380
382
372
380
383
378
370
382
382
364
380
371
376
378
372
372
369
382
380
378
372
380
378
392
379
384
382
362
374
380
389
368
391
378
377
372
375
374
370
373
380
371
369
379
369
364
383
368
372
370
387
372
374
379
380
385
383
371
379
384
384
380
383
376
363
378
379
373
371
373
384
376
371
376
373
383
376
388
381
376
379
360
370
377
391
371
386
387
363
365
365
381
377
369
373
360
364
376
375
379
385
376
384
370
375
362
371
381
379
381
361
367
376
374
383
378
378
379
377
370
375
371
371
377
382
380
390
369
382
377
380
379
381
379
369
368
375
383
379
383
377
362
376
375
381
370
373
385
368
367
381
378
373
363
382
372
369
378
385
374
377
373
379
380
387
370
375
381
371
376
383
384
369
368
366
371
383
366
387
383
390
384
371
377
386
375
380
369
384
380
382
371
387
362
373
379
371
379
393
379
384
392
378
379
374
372
375
372
359
364
383
382
378
385
371
380
373
370
365
386
377
359
363
377
372
376
372
366
366
370
374
385
373
388
379
380
374
381
383
376
380
378
388
371
387
381
372
367
381
368
377
378
369
374
380
377
387
381
384
369
372
377
379
377
370
368
380
374
373
378
371
371
372
377
374
372
385
376
383
396
388
384
369
362
382
380
371
368
364
371
364
382
366
383
376
369
370
386
388
379
370
383
379
378
380
379
364
380
375
374
376
385
374
384
376
371
370
372
380
365
382
391
378
376
364
374
379
374
382
376
383
380
384
375
372
372
382
385
383
372
374
366
382
383
365
379
372
378
379
370
374
373
370
381
379
372
383
385
377
384
382
370
376
384
376
370
381
380
364
370
386
374
373
375
372
388
370
366
383
375
376
369
377
375
370
358
368
372
383
383
370
374
377
394
373
385
369
380
377
373
371
376
378
385
371
385
367
392
373
376
382
365
366
373
369
370
362
378
370
386
383
371
374
376
374
368
378
364
373
364
376
381
377
390
378
363
376
376
373
371
367
367
374
376
368
367
380
382
378
379
385
371
391
377
378
386
377
387
378
367
380
385
374
381
387
385
377
375
373
379
375
374
378
376
384
363
374
376
383
372
379
383
379
368
369
373
377
381
375
378
364
369
387
367
372
386
380
369
371
371
373
373
377
376
385
375
375
383
379
376
382
371
379
374
377
369
365
380
387
376
380
369
370
368
369
367
379
378
378
377
384
372
389
372
385
375
371
376
368
367
372
373
381
383
369
376
389
381
368
372
377
372
367
381
380
378
379
369
382
392
369
368
368
366
378
382
376
377
383
367
380
391
370
375
372
377
379
381
385
369
380
383
382
382
388
381
382
379
378
382
384
388
378
362
380
370
373
366
368
377
388
377
377
374
375
370
372
369
373
376
375
378
389
381
372
374
367
375
380
381
378
370
379
381
368
379
371
368
366
381
389
369
378
382
370
375
371
385
374
373
366
380
389
381
380
362
377
375
368
370
378
377
375
379
374
381
391
381
367
367
386
379
371
370
367
378
379
374
379
388
384
376
375
385
375
394
375
376
383
375
386
391
392
381
377
369
376
382
370
378
371
365
383
376
370
384
381
374
384
374
381
386
376
382
364
378
381
378
378
380
369
383
373
368
378
370
375
361
381
382
375
371
388
387
387
376
364
379
360
384
375
374
370
373
383
381
371
384
378
382
390
389
381
370
383
362
386
381
377
377
370
375
377
375
379
384
384
375
378
368
372
378
383
368
371
366
381
378
374
375
368
378
376
375
369
375
375
375
376
367
376
378
379
377
380
361
361
366
380
379
372
369
380
387
373
378
374
376
375
381
376
381
369
383
371
372
371
365
380
377
382
379
385
376
374
370
355
370
372
370
382
378
370
382
376
376
370
373
379
366
374
372
373
369
380
374
374
383
374
381
381
380
368
373
379
380
373
388
366
383
374
385
387
375
379
372
361
377
374
369
365
378
383
363
365
384
375
362
372
370
369
372
384
379
385
374
372
375
382
364
380
383
369
381
390
386
369
372
379
387
374
383
372
376
376
384
384
380
375
384
380
371
384
382
391
372
364
385
374
377
377
379
382
370
381
376
381
378
368
367
380
377
380
377
368
378
358
383
381
389
385
371
364
383
386
391
375
382
365
383
382
380
377
369
379
373
374
370
386
383
380
379
380
380
372
380
379
383
373
388
367
379
376
377
375
387
374
371
377
379
380
377
378
382
380
386
377
382
376
375
377
381
381
383
383
386
373
363
372
368
375
363
383
373
368
376
368
385
379
377
373
380
374
377
371
372
385
387
378
384
378
379
382
374
372
381
366
381
390
367
373
375
383
375
378
380
377
367
376
374
369
374
369
382
384
382
380
376
380
379
371
371
365
372
371
391
372
376
375
384
375
367
369
374
381
379
381
389
380
375
385
376
371
373
377
364
382
376
386
382
370
379
360
381
393
363
388
385
391
377
382
379
382
391
379
371
381
388
374
379
384
377
371
385
394
368
372
375
366
376
372
381
378
372
384
371
383
377
381
372
366
370
378
391
389
373
372
380
370
382
386
383
382
376
379
379
368
372
380
381
381
377
386
384
375
382
387
372
381
377
373
367
388
387
384
364
382
382
374
373
381
380
375
372
373
382
372
391
374
381
375
385
376
374
371
370
378
370
389
375
375
375
376
381
385
375
392
379
368
380
383
383
372
382
370
372
387
380
385
375
368
383
382
375
400
370
377
366
370
386
375
383
384
387
377
364
378
367
377
383
367
381
381
379
387
372
361
368
378
383
366
369
376
374
366
375
372
373
367
375
379
368
365
371
379
370
382
375
373
377
379
371
377
364
381
373
370
382
377
374
369
376
377
384
367
375
383
381
371
363
375
381
376
372
374
380
365
374
376
384
369
379
367
381
368
384
376
387
380
377
385
370
381
372
379
366
371
380
386
384
354
372
380
366
391
367
373
375
373
369
363
374
377
374
376
386
380
375
368
379
387
372
370
385
375
377
383
378
369
366
360
369
377
375
370
388
386
385
365
373
380
382
391
389
388
376
385
391
363
374
374
381
374
374
373
388
365
379
371
371
377
378
384
381
389
378
373
374
370
402
