5000
1
0.997651
0.996665
0.992013
0.992033
0.991046
0.989364
0.988372
0.988588
0.986371
0.984334
0.983937
0.98457
0.986579
0.984269
0.982442
0.981617
0.983739
0.981593
0.979601
0.981826
0.981601
0.976921
0.978205
0.977877
0.97928
0.978165
0.978879
0.977405
0.977729
0.979585
0.981503
0.977258
0.980288
0.979285
0.979634
0.97679
0.978427
0.976866
0.976351
0.976326
0.975929
0.974709
0.977648
0.976324
0.977151
0.975871
0.977588
0.977211
0.973853
0.972471
0.972771
0.973635
0.975098
0.973977
0.974058
0.973276
0.974352
0.974686
0.974735
0.973384
0.972865
0.971202
0.971851
0.971474
0.971807
0.972897
0.972799
0.973473
0.971604
0.97169
0.970961
0.969136
0.972402
0.974524
0.973878
0.973307
0.97421
0.972752
0.973056
0.973769
0.97316
0.968784
0.972446
0.971893
0.970795
0.971528
0.970599
0.969643
0.969045
0.970943
0.97116
0.972741
0.973861
0.974112
0.971676
0.968584
0.967344
0.971555
0.970866
0.969157
0.970588
0.970632
0.972806
0.973759
0.972507
0.972434
0.972592
0.972909
0.968621
0.971087
0.970108
0.969923
0.967118
0.969212
0.969368
0.969895
0.969625
0.968889
0.969788
0.971329
0.96961
0.972094
0.972116
0.972149
0.972082
0.971498
0.972883
0.970384
0.972306
0.970816
0.970443
0.971661
0.971669
0.972253
0.973151
0.976185
0.973549
0.974974
0.971838
0.973658
0.969055
0.97118
0.971667
0.973907
0.971389
0.973317
0.972318
0.974559
0.972073
0.972151
0.971953
0.972527
0.969354
0.970742
0.972383
0.969241
0.969932
0.972842
0.971711
0.971449
0.974204
0.971744
0.972274
0.970666
0.970736
0.967358
0.97153
0.970471
0.96944
0.973259
0.973501
0.9711
0.973813
0.971544
0.972979
0.971094
0.972455
0.970206
0.972219
0.971513
0.975083
0.973613
0.972309
0.973966
0.976264
0.973482
0.972573
0.972582
0.972726
0.974525
0.972772
0.97592
0.973297
0.974301
0.974248
0.97442
0.975103
0.973124
0.97453
0.97393
0.973338
0.974565
0.972501
0.970441
0.971324
0.97122
0.973366
0.971743
0.971135
0.972924
0.971795
0.969903
0.970822
0.967545
0.967032
0.964847
0.966423
0.966122
0.966232
0.964931
0.96609
0.967585
0.969025
0.967531
0.966751
0.971795
0.969686
0.970056
0.970735
0.972801
0.973008
0.972002
0.973357
0.972742
0.972086
0.974614
0.975221
0.975724
0.975861
0.972774
0.973083
0.974513
0.971865
0.97263
0.971726
0.970181
0.971445
0.972335
0.970796
0.969622
0.970747
0.970157
0.968343
0.967568
0.966764
0.970352
0.969501
0.970902
0.971005
0.971822
0.97183
0.971425
0.971306
0.971874
0.972258
0.972727
0.971695
0.971782
0.972669
0.972101
0.973189
0.972858
0.975499
0.976414
0.971962
0.972969
0.973973
0.974902
0.972712
0.971469
0.970462
0.973003
0.973435
0.971402
0.970581
0.970307
0.97085
0.970875
0.967531
0.96902
0.971432
0.967655
0.967371
0.967958
0.970361
0.970924
0.971864
0.972071
0.971845
0.969014
0.971727
0.968586
0.971293
0.971512
0.969154
0.971754
0.97266
0.971605
0.972164
0.971973
0.970682
0.973738
0.97132
0.971146
0.974784
0.974076
0.973612
0.972711
0.971789
0.970948
0.972876
0.974372
0.976881
0.975476
0.976468
0.977665
0.975655
0.974167
0.974365
0.975256
0.976779
0.975729
0.975691
0.97487
0.9749
0.973049
0.974355
0.972663
0.973978
0.972886
0.972504
0.973559
0.97291
0.974022
0.975575
0.973837
0.972373
0.971739
0.970806
0.969743
0.970537
0.971176
0.969087
0.972867
0.973014
0.971403
0.972522
0.974294
0.971317
0.969396
0.974752
0.974104
0.976454
0.97526
0.973861
0.971493
0.973946
0.97474
0.973601
0.975503
0.974977
0.972997
0.971506
0.971889
0.974237
0.973902
0.975569
0.974405
0.975976
0.97508
0.975971
0.978576
0.979458
0.975509
0.978219
0.977044
0.976711
0.975992
0.978816
0.976589
0.978426
0.976773
0.975909
0.975461
0.975243
0.975777
0.97716
0.976846
0.979181
0.981653
0.976681
0.977272
0.974614
0.977044
0.977955
0.976429
0.975212
0.975429
0.975792
0.973575
0.977147
0.975864
0.978381
0.976541
0.975964
0.976522
0.975337
0.977252
0.976659
0.975782
0.974715
0.976226
0.973912
0.977084
0.976774
0.976625
0.978204
0.976603
0.973051
0.97699
0.978048
0.97225
0.975959
0.973235
0.974404
0.974237
0.973815
0.97477
0.975833
0.975887
0.976861
0.974733
0.974649
0.977105
0.979472
0.975601
0.978798
0.973142
0.976134
0.974917
0.974223
0.974988
0.974828
0.974701
0.973751
0.976398
0.977265
0.975623
0.975201
0.974291
0.976575
0.974256
0.97777
0.975819
0.976816
0.976741
0.974814
0.978687
0.976447
0.975746
0.975557
0.976854
0.976805
0.975438
0.974735
0.973902
0.974157
0.974115
0.972763
0.973345
0.975217
0.97259
0.973759
0.972308
0.972881
0.973585
0.973286
0.971821
0.973562
0.973141
0.974593
0.975037
0.975847
0.975318
0.971979
0.976947
0.974026
0.974701
0.974758
0.974031
0.971664
0.976053
0.971652
0.974293
0.975523
0.97508
0.971924
0.975098
0.974571
0.971274
0.973378
0.976537
0.973665
0.973439
0.973736
0.972478
0.976918
0.972005
0.9707
0.971082
0.973411
0.972637
0.973098
0.972089
0.975712
0.972608
0.973865
0.972775
0.973881
0.970222
0.971746
0.969325
0.974098
0.97202
0.971419
0.974392
0.976775
0.974433
0.973097
0.972318
0.973095
0.973493
0.975769
0.974315
0.977307
0.974598
0.976272
0.973515
0.973617
0.970648
0.971185
0.973071
0.971967
0.97357
0.971824
0.970935
0.971981
0.971066
0.972173
0.971571
0.970513
0.970093
0.970608
0.973336
0.97299
0.973989
0.971528
0.976771
0.975793
0.975273
0.975418
0.975054
0.973984
0.975211
0.975017
0.975464
0.977519
0.975493
0.973825
0.975242
0.975731
0.973378
0.975047
0.970639
0.97195
0.975469
0.973666
0.973319
0.975397
0.973736
0.973707
0.977669
0.976815
0.977062
0.975557
0.973
0.973636
0.976539
0.976419
0.975398
0.975773
0.974994
0.974393
0.975559
0.974778
0.975453
0.97762
0.974163
0.973551
0.977261
0.974848
0.97369
0.975931
0.97597
0.975109
0.975574
0.975523
0.975015
0.974619
0.976066
0.974682
0.976469
0.974602
0.974602
0.979297
0.976998
0.977688
0.975648
0.977382
0.974824
0.974193
0.977136
0.976599
0.976596
0.978723
0.977602
0.977089
0.978065
0.976613
0.977463
0.977929
0.975694
0.975231
0.97321
0.975731
0.977154
0.978142
0.977517
0.976246
0.977871
0.979092
0.977451
0.976471
0.975403
0.977725
0.974931
0.974712
0.973402
0.977291
0.973305
0.974654
0.974092
0.975264
0.975195
0.976584
0.97433
0.974049
0.971036
0.975334
0.97347
0.97506
0.97596
0.97567
0.976582
0.977299
0.977925
0.976972
0.978223
0.976623
0.976715
0.97877
0.978676
0.978857
0.976447
0.978264
0.97542
0.975302
0.977804
0.976868
0.975293
0.975893
0.97491
0.973664
0.974768
0.973718
0.97479
0.975104
0.974327
0.974879
0.976227
0.976523
0.976139
0.977475
0.977113
0.97476
0.974412
0.978037
0.98078
0.978223
0.977586
0.97926
0.978185
0.97675
0.980086
0.980949
0.977687
0.979724
0.979366
0.980515
0.979609
0.978348
0.979906
0.978163
0.976462
0.974142
0.975102
0.974084
0.976003
0.97864
0.975787
0.976382
0.976675
0.975478
0.973414
0.974502
0.97426
0.972715
0.974624
0.972066
0.974063
0.971612
0.974377
0.973098
0.972845
0.973473
0.972825
0.973273
0.972004
0.970602
0.971965
0.971104
0.973553
0.974472
0.970351
0.973345
0.969861
0.970734
0.97032
0.970182
0.970976
0.972211
0.971766
0.97075
0.97115
0.973788
0.971486
0.976742
0.97587
0.974274
0.97489
0.972615
0.975017
0.973843
0.972575
0.974491
0.973379
0.973721
0.973033
0.972625
0.971249
0.971112
0.972212
0.972458
0.97545
0.974007
0.971817
0.974814
0.975646
0.972958
0.97408
0.976091
0.975638
0.972662
0.978229
0.975909
0.975656
0.972577
0.96975
0.973276
0.97578
0.972022
0.974274
0.978108
0.976933
0.97535
0.975196
0.974928
0.975622
0.974787
0.976836
0.976432
0.976302
0.977624
0.976493
0.974239
0.975787
0.976816
0.977895
0.974566
0.977254
0.977054
0.977265
0.975859
0.978964
0.979856
0.976007
0.975397
0.977378
0.977532
0.977023
0.977447
0.976625
0.979581
0.978925
0.98017
0.977134
0.976814
0.97707
0.976191
0.979554
0.977285
0.978539
0.973732
0.972921
0.97345
0.974467
0.973122
0.974467
0.974837
0.974656
0.975368
0.974604
0.975713
0.974415
0.975995
0.976549
0.977532
0.97508
0.976157
0.973686
0.973083
0.9736
0.972858
0.972405
0.975134
0.974084
0.974432
0.976083
0.977606
0.974781
0.975594
0.97459
0.973947
0.974197
0.978062
0.974544
0.974125
0.976075
0.973159
0.975628
0.97576
0.971591
0.971756
0.972901
0.973932
0.973355
0.977917
0.976324
0.974679
0.975218
0.97534
0.977418
0.975691
0.976353
0.975458
0.97525
0.976986
0.97606
0.976468
0.974653
0.974432
0.974389
0.974946
0.974948
0.976987
0.975893
0.975074
0.975242
0.974947
0.976483
0.976058
0.976904
0.975474
0.974797
0.977326
0.977679
0.979204
0.978615
0.979343
0.97668
0.975105
0.978605
0.978552
0.977689
0.978486
0.978886
0.978476
0.979175
0.977543
0.975635
0.977183
0.976004
0.976473
0.977127
0.977106
0.975742
0.97779
0.979916
0.978332
0.976594
0.976105
0.979346
0.974878
0.975095
0.975193
0.976157
0.976127
0.975297
0.976483
0.973414
0.975192
0.974713
0.974883
0.974103
0.974421
0.975475
0.977354
0.974625
0.974494
0.973676
0.974547
0.971365
0.9757
0.974785
0.971982
0.971359
0.971189
0.974564
0.972979
0.973145
0.974983
0.975745
0.978058
0.97735
0.980118
0.977492
0.976421
0.976541
0.975931
0.976748
0.978202
0.977004
0.975136
0.975901
0.975099
0.977347
0.97745
0.975908
0.976705
0.976073
0.975717
0.975859
0.97601
0.97489
0.972359
0.974089
0.971451
0.971155
0.972505
0.972415
0.974928
0.971839
0.972938
0.972483
0.972186
0.972486
0.971579
0.971164
0.972335
0.970947
0.973912
0.972626
0.971273
0.971636
0.970641
0.972858
0.97272
0.972095
0.972123
0.971818
0.975373
0.974645
0.974618
0.97411
0.975246
0.974772
0.973528
0.975775
0.971217
0.972498
0.973044
0.973763
0.976065
0.97529
0.975564
0.974114
0.973871
0.970572
0.972315
0.972983
0.972986
0.975972
0.975285
0.974829
0.972858
0.972301
0.972488
0.97153
0.972733
0.974477
0.973043
0.972832
0.972845
0.973014
0.974706
0.974327
0.97191
0.974004
0.972661
0.975785
0.974569
0.974108
0.973942
0.972715
0.973028
0.972856
0.973917
0.967436
0.96999
0.973263
0.971817
0.970807
0.973991
0.971998
0.971365
0.973118
0.970186
0.970751
0.972127
0.971445
0.972532
0.971591
0.971842
0.971179
0.974942
0.973812
0.971828
0.972702
0.971059
0.972384
0.973712
0.972423
0.971899
0.971504
0.971544
0.974127
0.969653
0.974432
0.974501
0.973322
0.97246
0.972743
0.970574
0.970041
0.972158
0.972797
0.973127
0.973457
0.97501
0.976591
0.975069
0.974923
0.9768
0.975991
0.975101
0.976722
0.978471
0.975172
0.974201
0.974815
0.978611
0.977321
0.975287
0.973705
0.97606
0.976139
0.974318
0.974403
0.974002
0.97226
0.974974
0.97229
0.973648
0.972365
0.972082
0.974483
0.971733
0.974427
0.97609
0.978606
0.977322
0.977592
0.978586
0.976248
0.979427
0.976236
0.973438
0.975751
0.974759
0.971387
0.974656
0.971857
0.973942
0.973076
0.974938
0.973299
0.973136
0.969128
0.970616
0.972351
0.972168
0.969238
0.971072
0.970986
0.972302
0.972694
0.971586
0.97417
0.971332
0.973308
0.972466
0.976319
0.975703
0.974067
0.972205
0.975374
0.975132
0.974631
0.972952
0.974401
0.976424
0.976178
0.977516
0.977168
0.975404
0.976151
0.977274
0.975196
0.975035
0.976484
0.976945
0.976993
0.975939
0.976948
0.975513
0.976789
0.97544
0.97455
0.976489
0.976923
0.975335
0.973953
0.97545
0.974447
0.975417
0.972749
0.972705
0.972106
0.974742
0.973903
0.972443
0.975522
0.976789
0.97446
0.979
0.97631
0.973528
0.976401
0.975468
0.975051
0.975452
0.975022
0.975412
0.972931
0.972267
0.973355
0.974947
0.972956
0.971235
0.972432
0.973025
0.971409
0.972784
0.971592
0.971741
0.974264
0.973461
0.97365
0.974407
0.974253
0.97492
0.977331
0.977645
0.974345
0.978199
0.975712
0.97726
0.975991
0.975464
0.97572
0.974138
0.973165
0.974537
0.97652
0.974292
0.975809
0.976118
0.974596
0.976326
0.973779
0.977876
0.977543
0.976645
0.975418
0.976347
0.973693
0.973495
0.978092
0.975771
0.973697
0.976954
0.974317
0.97269
0.975113
0.974992
0.976202
0.974374
0.976548
0.975992
0.975838
0.977676
0.975483
0.976238
0.976748
0.97992
0.980167
0.979955
0.978945
0.978875
0.979641
0.980168
0.978581
0.976479
0.97672
0.977747
0.974719
0.979065
0.976673
0.976221
0.976769
0.977299
0.979626
0.976115
0.979213
0.976176
0.976032
0.977958
0.97718
0.976068
0.976234
0.975852
0.976803
0.973437
0.974885
0.973796
0.974945
0.977231
0.973675
0.972397
0.975497
0.973473
0.974704
0.975526
0.973547
0.975724
0.973542
0.973394
0.975324
0.973243
0.975624
0.975718
0.974726
0.974244
0.972706
0.972695
0.975668
0.975651
0.975025
0.97455
0.977522
0.97756
0.976805
0.974602
0.975963
0.973987
0.974503
0.973058
0.973109
0.975957
0.972107
0.974801
0.973081
0.969722
0.973008
0.974266
0.972123
0.972881
0.971881
0.973299
0.970213
0.969712
0.968303
0.973743
0.973829
0.972654
0.9713
0.970699
0.973622
0.974938
0.972736
0.972593
0.972752
0.969206
0.974213
0.970377
0.970629
0.969919
0.973558
0.97395
0.973594
0.972696
0.971829
0.969756
0.971175
0.971891
0.970234
0.971775
0.970462
0.969357
0.969201
0.969662
0.971265
0.971692
0.971071
0.975101
0.974411
0.975347
0.973743
0.975253
0.977192
0.97586
0.980562
0.977239
0.978052
0.976287
0.976971
0.977004
0.976809
0.975987
0.976065
0.97699
0.977218
0.976433
0.973967
0.973451
0.973633
0.973057
0.973961
0.974259
0.9759
0.97396
0.972078
0.97435
0.975366
0.976317
0.975502
0.975926
0.97503
0.976945
0.976389
0.974578
0.97431
0.973462
0.976203
0.973541
0.973825
0.969635
0.973239
0.971133
0.970459
0.968995
0.973367
0.973505
0.973967
0.973978
0.969938
0.972599
0.972797
0.971024
0.974118
0.971775
0.971647
0.972363
0.973653
0.971275
0.972169
0.973763
0.97699
0.97525
0.973568
0.974387
0.975642
0.974173
0.974546
0.974708
0.977252
0.97556
0.976337
0.974156
0.974495
0.974504
0.973524
0.974085
0.975007
0.973305
0.973268
0.974328
0.975902
0.973754
0.971079
0.970873
0.970206
0.974743
0.971981
0.97029
0.970529
0.973016
0.972382
0.973891
0.972163
0.970819
0.973401
0.975499
0.971699
0.973931
0.972304
0.971378
0.973874
0.974807
0.971659
0.969057
0.971728
0.972315
0.971102
0.971534
0.973185
0.972015
0.973471
0.977609
0.975095
0.97345
0.976362
0.974709
0.972763
0.974451
0.976696
0.974281
0.975846
0.973944
0.972929
0.972402
0.974364
0.972388
0.974325
0.976286
0.973824
0.971081
0.97146
0.975162
0.972733
0.971656
0.972754
0.971664
0.969445
0.970687
0.971425
0.974742
0.976528
0.972226
0.973613
0.973858
0.974942
0.975139
0.976805
0.97503
0.976858
0.9764
0.975062
0.974724
0.969746
0.972803
0.974724
0.971071
0.972698
0.972778
0.974827
0.971581
0.971076
0.97335
0.971641
0.971465
0.974063
0.973328
0.975004
0.975146
0.970765
0.973577
0.973456
0.975243
0.973505
0.978301
0.977758
0.977465
0.976267
0.976877
0.977822
0.97747
0.976435
0.974664
0.973415
0.975928
0.973986
0.970376
0.973892
0.971595
0.974421
0.971563
0.976201
0.974307
0.972923
0.975143
0.975105
0.976622
0.977081
0.975509
0.977839
0.975785
0.975938
0.974042
0.973676
0.97245
0.973829
0.974372
0.974394
0.975008
0.975632
0.973914
0.973022
0.974418
0.977555
0.977327
0.974346
0.974149
0.972968
0.974983
0.974672
0.977087
0.97597
0.9741
0.975597
0.975048
0.973077
0.972989
0.972212
0.97343
0.974964
0.975644
0.973019
0.971388
0.974712
0.975782
0.974556
0.975591
0.971438
0.973824
0.971821
0.971078
0.970967
0.97255
0.972398
0.97293
0.972461
0.97205
0.97294
0.97305
0.973188
0.972418
0.971796
0.971507
0.972344
0.971633
0.974518
0.974591
0.972507
0.973275
0.971429
0.971468
0.970634
0.972814
0.972311
0.973869
0.973287
0.973156
0.974213
0.972511
0.973277
0.972874
0.973758
0.973196
0.972003
0.969853
0.970848
0.971395
0.970258
0.972404
0.973749
0.973156
0.972804
0.976435
0.972615
0.973183
0.972275
0.974652
0.974435
0.97405
0.975519
0.976707
0.976493
0.976532
0.976988
0.974747
0.976081
0.978694
0.976171
0.976623
0.975825
0.974917
0.975722
0.976971
0.975939
0.974588
0.971925
0.972834
0.971697
0.972571
0.973527
0.971698
0.972064
0.971339
0.972301
0.973724
0.975192
0.975215
0.9759
0.974182
0.973045
0.973915
0.977351
0.971115
0.969897
0.971254
0.968676
0.969728
0.97084
0.973732
0.976119
0.973226
0.971074
0.974612
0.971151
0.972888
0.972756
0.973711
0.974024
0.972026
0.971339
0.975052
0.975515
0.971141
0.97201
0.97171
0.97476
0.974263
0.975025
0.975842
0.974789
0.974804
0.972433
0.973353
0.970411
0.974525
0.971486
0.971969
0.971697
0.972163
0.973432
0.974086
0.973045
0.973449
0.972129
0.971956
0.972652
0.972008
0.9736
0.972135
0.97343
0.974676
0.972428
0.97313
0.972485
0.973065
0.974504
0.97084
0.975504
0.976165
0.974512
0.978285
0.977959
0.976737
0.978595
0.978092
0.979175
0.979131
0.977637
0.976661
0.975086
0.975227
0.97473
0.975162
0.976312
0.975869
0.976501
0.972194
0.971596
0.972474
0.973801
0.975355
0.974306
0.975482
0.972989
0.972587
0.972283
0.971762
0.973833
0.974005
0.974725
0.975143
0.972836
0.973195
0.97028
0.971951
0.975071
0.976754
0.975412
0.974004
0.974981
0.974677
0.977529
0.975712
0.974844
0.973189
0.971712
0.974528
0.97192
0.971582
0.97365
0.975116
0.970633
0.973546
0.970571
0.973132
0.973879
0.972817
0.973458
0.973194
0.974144
0.973805
0.975202
0.971776
0.972792
0.973206
0.975923
0.973339
0.973488
0.973767
0.972596
0.970481
0.972993
0.974713
0.97423
0.975458
0.972913
0.973353
0.970756
0.973246
0.972166
0.97318
0.972033
0.973323
0.973207
0.973066
0.973322
0.973657
0.973182
0.973029
0.968844
0.973234
0.970898
0.970856
0.969241
0.970549
0.97168
0.971501
0.971329
0.972043
0.972236
0.972535
0.973088
0.971687
0.973152
0.975904
0.974428
0.978667
0.974204
0.975573
0.974823
0.974869
0.976431
0.975193
0.976829
0.974982
0.974815
0.975127
0.972953
0.97495
0.973498
0.973156
0.975228
0.973992
0.975861
0.973774
0.972816
0.972628
0.972258
0.972979
0.974582
0.972192
0.972296
0.971881
0.971852
0.972506
0.970465
0.968642
0.972179
0.972056
0.974756
0.972778
0.971234
0.973344
0.973449
0.976308
0.973829
0.975523
0.97505
0.97171
0.974168
0.973831
0.971806
0.971073
0.970778
0.967865
0.967813
0.968467
0.971537
0.970781
0.972578
0.971557
0.97025
0.972091
0.975476
0.970792
0.971927
0.972376
0.972647
0.971918
0.971163
0.970547
0.973826
0.972806
0.971037
0.971412
0.970117
0.972146
0.971534
0.971471
0.968516
0.971746
0.970218
0.970049
0.970552
0.971671
0.97246
0.969893
0.971805
0.975064
0.97391
0.971779
0.971775
0.971321
0.971618
0.973184
0.967367
0.969957
0.967922
0.969951
0.971186
0.973233
0.974966
0.976281
0.976428
0.972932
0.973632
0.973252
0.971756
0.970833
0.968054
0.970734
0.967776
0.969566
0.969438
0.967769
0.969537
0.970807
0.972726
0.973442
0.969328
0.972149
0.9719
0.972837
0.971786
0.970211
0.969925
0.971319
0.972908
0.974358
0.973741
0.971629
0.9746
0.974441
0.975238
0.976763
0.972545
0.974501
0.974999
0.975477
0.971517
0.974783
0.972016
0.976103
0.976208
0.973014
0.974309
0.97355
0.973708
0.974544
0.971676
0.973756
0.975037
0.97348
0.972435
0.972253
0.970939
0.969525
0.972524
0.971764
0.971926
0.972329
0.972829
0.971657
0.970598
0.971674
0.970715
0.973058
0.974731
0.971825
0.973398
0.971973
0.976983
0.972968
0.97518
0.975912
0.977754
0.977622
0.975405
0.975138
0.97417
0.972605
0.975476
0.971826
0.975042
0.974867
0.977821
0.975754
0.977485
0.972972
0.975482
0.976262
0.974647
0.971013
0.974966
0.974865
0.975656
0.972412
0.970949
0.97308
0.972773
0.971852
0.974178
0.973528
0.973742
0.972842
0.972107
0.971896
0.971225
0.972427
0.969457
0.97272
0.973035
0.97229
0.973857
0.971969
0.971876
0.972281
0.975039
0.973731
0.974709
0.974408
0.97112
0.970842
0.971848
0.969385
0.967553
0.971056
0.972469
0.970659
0.971475
0.970981
0.973599
0.972134
0.973538
0.973449
0.969838
0.971066
0.971922
0.971993
0.969739
0.972866
0.974189
0.972417
0.973009
0.974398
0.972785
0.974276
0.976476
0.976529
0.975275
0.973686
0.973449
0.975472
0.972842
0.97453
0.974205
0.971673
0.973041
0.971791
0.97475
0.975532
0.973051
0.975617
0.972635
0.97662
0.977838
0.976235
0.97599
0.976123
0.975751
0.975457
0.974
0.974467
0.97251
0.975866
0.974428
0.973641
0.975576
0.976273
0.973647
0.969917
0.97353
0.972705
0.972458
0.971239
0.970486
0.973145
0.972411
0.970288
0.972719
0.972893
0.970342
0.970931
0.973498
0.972259
0.973448
0.972222
0.969687
0.972174
0.973561
0.974008
0.973194
0.972494
0.971205
0.973158
0.975762
0.975116
0.973936
0.975789
0.976155
0.974774
0.974691
0.978449
0.975696
0.977274
0.976632
0.97485
0.975733
0.973738
0.975218
0.974555
0.974174
0.975004
0.976876
0.975586
0.974243
0.975181
0.976996
0.980251
0.979588
0.977717
0.97608
0.976334
0.978473
0.975122
0.975411
0.973054
0.975547
0.972577
0.975168
0.974801
0.972299
0.972906
0.972856
0.9749
0.972146
0.971399
0.973804
0.974595
0.971915
0.972258
0.972466
0.97256
0.970852
0.973347
0.972267
0.974168
0.974394
0.973129
0.977462
0.97477
0.97428
0.975432
0.973359
0.972471
0.971023
0.971673
0.970517
0.972924
0.972174
0.973156
0.972583
0.971313
0.972128
0.970916
0.971177
0.971345
0.973588
0.972859
0.973104
0.971108
0.972388
0.97001
0.973115
0.969868
0.973188
0.974202
0.972128
0.971814
0.974525
0.97212
0.968867
0.97106
0.97281
0.970542
0.973843
0.970199
0.972469
0.973593
0.97201
0.972255
0.97332
0.970759
0.970461
0.970282
0.969378
0.968673
0.971202
0.971536
0.969293
0.97209
0.972931
0.972236
0.973179
0.97256
0.969796
0.969337
0.971516
0.973012
0.969229
0.970924
0.97139
0.970028
0.970467
0.969763
0.970433
0.972935
0.973583
0.975145
0.974308
0.971423
0.975254
0.973963
0.974917
0.971759
0.975095
0.976171
0.976394
0.979001
0.975026
0.977053
0.975834
0.974508
0.972396
0.973252
0.973409
0.975752
0.977261
0.974668
0.973389
0.977674
0.974492
0.975238
0.974573
0.974739
0.973931
0.972387
0.974226
0.974629
0.973717
0.973519
0.973718
0.974241
0.974997
0.977509
0.976012
0.975054
0.972844
0.971939
0.969773
0.969518
0.970661
0.97066
0.972339
0.971968
0.972869
0.971472
0.973541
0.975713
0.974483
0.974536
0.975735
0.976803
0.977185
0.977827
0.980806
0.975291
0.977681
0.978082
0.976439
0.977953
0.977437
0.976044
0.973503
0.971974
0.972702
0.973853
0.971427
0.973393
0.97409
0.974333
0.972231
0.970016
0.967845
0.969102
0.968719
0.96987
0.969662
0.971068
0.972673
0.974131
0.973405
0.971032
0.970483
0.97029
0.971152
0.9697
0.971102
0.969473
0.970513
0.969521
0.968414
0.967331
0.969638
0.970582
0.969753
0.968629
0.96947
0.971045
0.968223
0.965674
0.965362
0.970569
0.971247
0.971574
0.971359
0.970502
0.974412
0.974358
0.973416
0.97178
0.972268
0.974024
0.974126
0.972511
0.973386
0.971344
0.970109
0.967095
0.968699
0.971669
0.971983
0.970306
0.968421
0.972263
0.971303
0.968162
0.96981
0.970334
0.967906
0.971902
0.971758
0.972175
0.973309
0.971519
0.973261
0.970692
0.969731
0.969291
0.968802
0.968295
0.969818
0.972862
0.970397
0.972196
0.973139
0.972157
0.974001
0.974438
0.972584
0.970289
0.970822
0.971218
0.97187
0.972893
0.973453
0.969768
0.972534
0.970822
0.972822
0.969392
0.968215
0.971341
0.971805
0.966728
0.968006
0.968307
0.971062
0.971847
0.969807
0.96698
0.972212
0.970141
0.968736
0.968698
0.966252
0.965768
0.969904
0.968308
0.970096
0.967809
0.968418
0.970877
0.969586
0.969171
0.968427
0.966849
0.968376
0.96681
0.968875
0.968819
0.968585
0.971185
0.971532
0.971947
0.966706
0.969605
0.968952
0.969998
0.969181
0.968991
0.967375
0.967099
0.96919
0.966948
0.96521
0.965296
0.966113
0.968238
0.968475
0.96818
0.968425
0.968538
0.969805
0.966423
0.968757
0.969379
0.970513
0.968637
0.969105
0.971622
0.972099
0.969545
0.972352
0.970326
0.973111
0.971944
0.970696
0.970436
0.969115
0.971743
0.972809
0.974321
0.97031
0.972442
0.973042
0.970662
0.970406
0.972854
0.972939
0.971523
0.972504
0.971645
0.97222
0.972854
0.973703
0.970802
0.971297
0.968381
0.971085
0.972795
0.973081
0.972974
0.972083
0.973791
0.975475
0.972755
0.975023
0.97383
0.972277
0.973619
0.969508
0.970149
0.971516
0.967666
0.971343
0.970406
0.972878
0.971199
0.972184
0.970946
0.97245
0.970738
0.969225
0.971215
0.96996
0.967259
0.968057
0.970793
0.97318
0.970227
0.971967
0.970632
0.972523
0.97047
0.972946
0.970483
0.96972
0.970408
0.972047
0.969207
0.972391
0.975767
0.971964
0.971056
0.974763
0.97098
0.972603
0.972071
0.971089
0.97053
0.969751
0.970589
0.973671
0.974741
0.973797
0.973801
0.973174
0.974858
0.972265
0.973227
0.970792
0.970754
0.970592
0.969771
0.972473
0.969814
0.971882
0.973406
0.972769
0.973414
0.972336
0.971129
0.971424
0.968794
0.970704
0.970408
0.971185
0.970405
0.972859
0.971682
0.970392
0.970919
0.971001
0.974925
0.973192
0.972544
0.969987
0.971999
0.973379
0.975378
0.974904
0.972623
0.972594
0.971014
0.971916
0.972383
0.968972
0.972884
0.969854
0.973539
0.970118
0.972272
0.968818
0.971253
0.970732
0.969065
0.971447
0.971622
0.971948
0.970641
0.96902
0.969177
0.969371
0.97095
0.970589
0.971029
0.97226
0.973663
0.974674
0.972722
0.971379
0.969935
0.970384
0.969419
0.96992
0.970664
0.971785
0.972429
0.969919
0.968877
0.969834
0.969851
0.971725
0.972223
0.967884
0.969336
0.971355
0.968907
0.969621
0.96865
0.9701
0.969387
0.972082
0.971541
0.969653
0.968791
0.969089
0.968293
0.968
0.969136
0.972178
0.971734
0.969767
0.969809
0.968242
0.969641
0.970792
0.971836
0.972735
0.97157
0.970561
0.971991
0.968918
0.972121
0.969108
0.972413
0.968483
0.971623
0.972392
0.968368
0.968017
0.967043
0.968166
0.969729
0.969247
0.966872
0.968492
0.967115
0.967711
0.969327
0.968183
0.970497
0.968035
0.97121
0.969975
0.96929
0.969366
0.971413
0.968597
0.968177
0.971036
0.971083
0.973615
0.969569
0.969703
0.97121
0.969844
0.968827
0.968969
0.968157
0.968939
0.971999
0.972888
0.97063
0.971656
0.969585
0.969627
0.969068
0.969231
0.969036
0.9694
0.966815
0.966013
0.968637
0.970455
0.969647
0.96841
0.968354
0.96792
0.968857
0.968821
0.966339
0.964726
0.965166
0.965901
0.96363
0.966599
0.96426
0.965375
0.964529
0.965028
0.963755
0.964414
0.964789
0.966811
0.969672
0.968642
0.967137
0.968728
0.965313
0.969593
0.966019
0.966613
0.967025
0.96468
0.966956
0.967127
0.96843
0.969711
0.969431
0.970441
0.968163
0.967716
0.972279
0.967854
0.968821
0.966282
0.966603
0.969694
0.969695
0.968688
0.968137
0.965517
0.967586
0.967005
0.96802
0.969827
0.9666
0.967078
0.965913
0.969919
0.971303
0.968365
0.96985
0.968152
0.968883
0.96986
0.971354
0.970157
0.971198
0.970826
0.96992
0.970212
0.968088
0.966703
0.968466
0.970638
0.968638
0.969632
0.969294
0.969757
0.968897
0.969905
0.975979
0.970123
0.971561
0.970148
0.974261
0.974505
0.971284
0.971486
0.971017
0.971522
0.973891
0.973117
0.972579
0.976824
0.972415
0.973599
0.972533
0.969352
0.967981
0.970531
0.970616
0.970955
0.970173
0.970795
0.969987
0.972445
0.971805
0.971923
0.967351
0.967583
0.970127
0.966748
0.970225
0.972683
0.970263
0.970697
0.971278
0.973269
0.971113
0.970134
0.971242
0.972051
0.971732
0.96822
0.971618
0.969483
0.968245
0.970577
0.969847
0.970069
0.969294
0.971058
0.970251
0.970461
0.97292
0.973983
0.970748
0.975101
0.973873
0.974042
0.971862
0.971302
0.972484
0.973045
0.973229
0.97271
0.974664
0.974206
0.975971
0.971363
0.973899
0.972531
0.973079
0.974831
0.971039
0.971098
0.970382
0.969254
0.968717
0.96983
0.971273
0.9692
0.973214
0.971449
0.974812
0.975125
0.974071
0.972892
0.976349
0.973778
0.974516
0.974664
0.974769
0.973014
0.971459
0.970732
0.971799
0.970688
0.970981
0.967877
0.966255
0.96944
0.968118
0.971517
0.972842
0.970097
0.970426
0.968609
0.970114
0.970182
0.971926
0.972611
0.973468
0.972218
0.969817
0.971156
0.972135
0.972591
0.972809
0.972375
0.973124
0.969807
0.97319
0.972325
0.969349
0.971082
0.968337
0.968118
0.968478
0.968078
0.967698
0.968079
0.971374
0.96731
0.966432
0.968436
0.971417
0.969522
0.969988
0.968217
0.971204
0.969646
0.969355
0.966303
0.967073
0.970131
0.969199
0.967775
0.96879
0.969969
0.968134
0.968674
0.970739
0.969229
0.969716
0.972206
0.970594
0.96985
0.969663
0.967593
0.967472
0.96893
0.970433
0.969875
0.967994
0.97075
0.966505
0.967794
0.968072
0.966877
0.966491
0.966049
0.96757
0.967603
0.968734
0.968648
0.967353
0.96884
0.970633
0.967838
0.96923
0.971022
0.969143
0.968973
0.968116
0.969389
0.969119
0.970882
0.968063
0.972104
0.969975
0.969175
0.969174
0.971063
0.970505
0.970135
0.967288
0.968698
0.969941
0.968975
0.970861
0.972831
0.971444
0.971315
0.971315
0.971176
0.972472
0.974714
0.974606
0.972348
0.971999
0.972251
0.972573
0.969718
0.969904
0.969587
0.971906
0.970904
0.971657
0.970434
0.970265
0.971768
0.971196
0.96973
0.970789
0.972631
0.968884
0.970261
0.96957
0.968106
0.968726
0.970805
0.968575
0.966866
0.970029
0.967091
0.967039
0.967175
0.96965
0.968305
0.969059
0.971591
0.968083
0.966409
0.967677
0.965751
0.966497
0.966458
0.968583
0.964923
0.967489
0.96858
0.968789
0.962992
0.965579
0.96814
0.967958
0.963888
0.966753
0.966387
0.970192
0.968498
0.971229
0.972236
0.972756
0.975326
0.974948
0.973438
0.971824
0.973414
0.973399
0.972988
0.975377
0.976151
0.975921
0.974267
0.975521
0.973196
0.97478
0.971831
0.97237
0.972942
0.972131
0.971308
0.972225
0.971999
0.973493
0.973251
0.972793
0.974475
0.975642
0.976097
0.976053
0.973946
0.97365
0.969851
0.969967
0.968536
0.970282
0.974582
0.973977
0.973119
0.969116
0.971737
0.970626
0.97284
0.970888
0.972794
0.970043
0.974384
0.974322
0.973799
0.971886
0.968874
0.969889
0.970882
0.96967
0.969139
0.972771
0.971153
0.974481
0.971778
0.970405
0.968153
0.971768
0.971201
0.974417
0.973526
0.97405
0.971689
0.973864
0.973652
0.976149
0.976739
0.975896
0.973873
0.975183
0.97229
0.971372
0.970272
0.968822
0.970723
0.971454
0.968728
0.969689
0.969505
0.970316
0.969392
0.970029
0.96699
0.968482
0.96852
0.967633
0.965668
0.966736
0.969445
0.969004
0.967621
0.967017
0.967662
0.968441
0.968259
0.965312
0.966249
0.965416
0.966116
0.965721
0.96866
0.969321
0.971716
0.96961
0.968472
0.967155
0.967059
0.967253
0.969481
0.971707
0.970918
0.971367
0.970365
0.969527
0.968213
0.970433
0.971784
0.969885
0.969211
0.968764
0.971467
0.969839
0.9688
0.971826
0.97092
0.972573
0.971134
0.971996
0.972278
0.969158
0.969365
0.969004
0.968403
0.968445
0.966678
0.967392
0.966224
0.967968
0.968841
0.966117
0.969402
0.969523
0.966791
0.966811
0.967556
0.968389
0.968098
0.968909
0.968784
0.969556
0.968766
0.966251
0.966247
0.968425
0.968017
0.967348
0.966982
0.967039
0.969775
0.968749
0.968862
0.965831
0.966194
0.965725
0.965532
0.966909
0.968536
0.966395
0.966356
0.964288
0.967016
0.964625
0.968295
0.968529
0.967646
0.967883
0.969612
0.969228
0.969806
0.96609
0.96494
0.964779
0.965747
0.96736
0.967879
0.96723
0.96944
0.967916
0.966418
0.968019
0.964492
0.966003
0.966922
0.968077
0.965967
0.964803
0.961001
0.963488
0.963906
0.964438
0.965219
0.964763
0.962566
0.966089
0.966612
0.961968
0.965575
0.965033
0.964163
0.965206
0.96814
0.962135
0.963576
0.96483
0.966709
0.966819
0.963527
0.961478
0.964193
0.96289
0.964779
0.964136
0.963572
0.961694
0.963573
0.964427
0.961429
0.962352
0.964555
0.962512
0.961178
0.963119
0.964137
0.965189
0.962138
0.96446
0.963688
0.965259
0.966303
0.963028
0.965162
0.9657
0.967462
0.963251
0.963998
0.964819
0.966879
0.967058
0.968364
0.966973
0.967048
0.965867
0.969383
0.968402
0.970467
0.966982
0.969279
0.969278
0.968951
0.968582
0.967478
0.965472
0.967034
0.965933
0.965875
0.964626
0.965674
0.967871
0.96555
0.964828
0.965843
0.966107
0.963807
0.967988
0.969711
0.967469
0.965304
0.966911
0.96484
0.968078
0.965808
0.967469
0.96523
0.969764
0.968745
0.968377
0.969084
0.969791
0.963885
0.966606
0.967515
0.968765
0.966952
0.967651
0.967146
0.967754
0.968868
0.968336
0.965446
0.961925
0.965829
0.966188
0.969084
0.969663
0.96989
0.969074
0.968418
0.971128
0.970448
0.966528
0.965777
0.966012
0.965061
0.964996
0.964455
0.965638
0.964749
0.963111
0.963695
0.966087
0.968014
0.966571
0.963775
0.963012
0.964291
0.965562
0.964736
0.964593
0.963496
0.96259
0.964333
0.966654
0.965721
0.963434
0.964219
0.963774
0.962517
0.964228
0.959563
0.960301
0.961322
0.961572
0.959759
0.962307
0.962979
0.960419
0.965305
0.966697
0.963776
0.964632
0.967478
0.964208
0.967467
0.965925
0.967968
0.967786
0.965417
0.967162
0.968086
0.965147
0.967649
0.966147
0.966058
0.968859
0.968215
0.968151
0.966501
0.966692
0.967793
0.969833
0.96978
0.970262
0.967095
0.965728
0.965017
0.96795
0.965589
0.964286
0.965058
0.966782
0.96658
0.968501
0.967665
0.967967
0.968467
0.970352
0.971715
0.970865
0.967503
0.967098
0.965032
0.967403
0.964567
0.964443
0.965501
0.964891
0.966331
0.964589
0.964784
0.962815
0.962429
0.963111
0.965627
0.963888
0.96309
0.965623
0.962515
0.964297
0.963979
0.962625
0.964852
0.965429
0.9615
0.963556
0.96328
0.964798
0.963144
0.963295
0.965342
0.964528
0.965198
0.966664
0.966187
0.965539
0.964202
0.966045
0.965575
0.965271
0.963351
0.965332
0.966139
0.964449
0.967048
0.965921
0.96701
0.968423
0.966917
0.966612
0.965926
0.966604
0.965493
0.96571
0.964467
0.966129
0.968027
0.966603
0.966975
0.967941
0.964325
0.969358
0.96833
0.966801
0.967324
0.964844
0.966545
0.969814
0.965729
0.965728
0.965172
0.967676
0.966993
0.967403
0.967028
0.966092
0.968528
0.970521
0.969848
0.969711
0.969218
0.968825
0.969619
0.971384
0.969415
0.969414
0.965534
0.965247
0.968065
0.965036
0.965108
0.964431
0.966408
0.966632
0.967438
0.968486
0.967746
0.965846
0.96698
0.966925
0.965518
0.967385
0.965671
0.970617
0.968988
0.967362
0.966322
0.969154
0.965241
0.962151
0.96114
0.961911
0.963411
0.961977
0.962703
0.966783
0.969653
0.969566
0.966157
0.962408
0.964211
0.963406
0.960995
0.96305
0.965283
0.964067
0.965082
0.964866
0.965167
0.964747
0.963739
0.965626
0.963866
0.965532
0.963281
0.964861
0.966332
0.968869
0.966449
0.965321
0.963219
0.964338
0.96513
0.962883
0.960975
0.961349
0.963697
0.964497
0.965197
0.96534
0.96839
0.965124
0.964259
0.967256
0.96331
0.963454
0.960638
0.962763
0.962925
0.963605
0.96683
0.967934
0.963278
0.966979
0.966513
0.968762
0.964797
0.966927
0.963666
0.967446
0.966522
0.967155
0.965377
0.965004
0.964124
0.964108
0.966675
0.967307
0.965122
0.965324
0.962764
0.961618
0.962956
0.962891
0.960312
0.959241
0.963913
0.962995
0.96083
0.962267
0.962382
0.965179
0.963583
0.963213
0.96426
0.965274
0.963657
0.966494
0.968104
0.966005
0.963176
0.966505
0.964101
0.961353
0.961967
0.963799
0.95999
0.962912
0.9649
0.964614
0.963432
0.962012
0.963667
0.959533
0.958892
0.962275
0.963113
0.961129
0.961857
0.963073
0.962481
0.964143
0.965
0.962286
0.962028
0.965175
0.962098
0.961725
0.963542
0.966354
0.965189
0.967314
0.966767
0.96716
0.967766
0.964195
0.968223
0.96447
0.964175
0.964225
0.965729
0.964976
0.966581
0.965741
0.96539
0.965333
0.966972
0.964305
0.965035
0.96463
0.965461
0.963914
0.963312
0.960696
0.963037
0.962459
0.959656
0.961112
0.966862
0.967801
0.964873
0.964715
0.962129
0.962302
0.961834
0.964132
0.963084
0.964053
0.96222
0.959741
0.96236
0.963741
0.95995
0.964112
0.962554
0.963119
0.961232
0.964017
0.964615
0.964463
0.964591
0.96529
0.966282
0.967377
0.966462
0.965934
0.964376
0.968072
0.965239
0.967331
0.965162
0.963686
0.9618
0.964108
0.962963
0.963064
0.9647
0.965129
0.966614
0.96725
0.96597
0.96503
0.967779
0.967461
0.969226
0.969212
0.966882
0.968373
0.9653
0.966141
0.969873
0.96929
0.969055
0.970469
0.971232
0.967467
0.967798
0.968324
0.970452
0.969652
0.968581
0.968371
0.968203
0.969302
0.967616
0.968552
0.966276
0.970376
0.970105
0.967311
0.967348
0.967318
0.966817
0.968729
0.967824
0.967971
0.966795
0.967193
0.9666
0.966402
0.963473
0.963985
0.966715
0.967584
0.966574
0.96786
0.966845
0.965948
0.965438
0.96646
0.964457
0.96464
0.96609
0.96701
0.967863
0.966441
0.96891
0.967815
0.970365
0.967837
0.966589
0.966254
0.965194
0.967983
0.967724
0.962296
0.965193
0.963844
0.966952
0.966659
0.964854
0.966016
0.968135
0.967078
0.970054
0.969505
0.968059
0.970214
0.97128
0.968018
0.969609
0.970834
0.970756
0.968365
0.9696
0.967724
0.969537
0.969925
0.970797
0.970567
0.967964
0.967194
0.967841
0.966747
0.967889
0.9656
0.970482
0.967444
0.970015
0.97338
0.969617
0.972375
0.972013
0.970623
0.968851
0.969082
0.972095
0.967927
0.968346
0.971048
0.972185
0.968219
0.967691
0.968952
0.970427
0.969243
0.96753
0.966305
0.965098
0.969474
0.96957
0.966334
0.967214
0.964675
0.964109
0.964995
0.964318
0.965317
0.965644
0.966913
0.96343
0.96333
0.96317
0.963894
0.962733
0.964364
0.96412
0.963091
0.966217
0.966184
0.964178
0.964119
0.96501
0.966221
0.966312
0.966681
0.965734
0.96393
0.961875
0.965021
0.963493
0.964094
0.965079
0.963839
0.965749
0.96756
0.966005
0.963575
0.967649
0.965706
0.969251
0.965345
0.966936
0.963868
0.964414
0.965373
0.965972
0.963822
0.962514
0.96579
0.965996
0.967752
0.967881
0.965774
0.965901
0.966831
0.967915
0.965637
0.961981
0.961795
0.962241
0.961667
0.957634
0.95726
0.964193
0.961313
0.961761
0.962134
0.960496
0.963225
0.96069
0.96528
0.96154
0.965028
0.96316
0.965755
0.967297
0.966245
0.963001
0.96366
0.961203
0.963766
0.963329
0.961218
0.960528
0.962989
0.963185
0.961183
0.962755
0.961023
0.959166
0.960459
0.961212
0.963163
0.958844
0.957064
0.960252
0.960762
0.960818
0.961977
0.964231
0.962994
0.961789
0.963641
0.960545
0.959714
0.963414
0.958718
0.960798
0.961949
0.960077
0.958634
0.962004
0.958519
0.957011
0.95603
0.960702
0.958818
0.959632
0.959432
0.962158
0.958898
0.959841
0.958177
0.956897
0.964784
0.962122
0.961525
0.957062
0.962946
0.959995
0.962202
0.961263
0.965031
0.964946
0.963292
0.962153
0.961167
0.963785
0.962164
0.963797
0.964149
0.965082
0.964847
0.965642
0.965218
0.96378
0.96326
0.965946
0.963199
0.962929
0.962857
0.960277
0.961449
0.962355
0.959125
0.959936
0.959723
0.959681
0.960548
0.960893
0.958182
0.95813
0.960042
0.959408
0.958783
0.960608
0.958485
0.958524
0.95909
0.96256
0.960632
0.963154
0.963439
0.963617
0.965117
0.962501
0.964863
0.962222
0.959192
0.961667
0.965311
0.963717
0.961529
0.962092
0.962225
0.96369
0.965208
0.962059
0.965422
0.964283
0.965818
0.962468
0.960924
0.961396
0.961546
0.960813
0.957739
0.959962
0.95871
0.95985
0.958287
0.959835
0.958081
0.958089
0.956752
0.958146
0.963151
0.960853
0.959501
0.958949
0.958913
0.959594
0.959418
0.960581
0.95667
0.958938
0.963302
0.961903
0.962064
0.960776
0.960517
0.959121
0.95846
0.960108
0.961626
0.961691
0.963075
0.960507
0.963087
0.962926
0.962085
0.962573
0.961698
0.960903
0.960135
0.960189
0.961252
0.959
0.961383
0.958454
0.958426
0.958197
0.956019
0.960168
0.959061
0.959641
0.960827
0.960928
0.960278
0.958367
0.961166
0.958956
0.960234
0.96021
0.965252
0.964547
0.966407
0.967919
0.964823
0.964548
0.96208
0.96326
0.962032
0.962734
0.96478
0.963185
0.962277
0.963171
0.961858
0.961738
0.958601
0.9582
0.960485
0.960309
0.962146
0.963387
0.960873
0.960423
0.961355
0.961805
0.960079
0.960703
0.962519
0.961386
0.960019
0.961562
0.963324
0.962073
0.958481
0.957949
0.957699
0.957658
0.957861
0.959267
0.95666
0.956516
0.961059
0.95846
0.959215
0.960761
0.961488
0.962106
0.962014
0.964383
0.962356
0.962163
0.960419
0.963972
0.962998
0.966298
0.962386
0.964328
0.960429
0.962275
0.96382
0.965146
0.962841
0.961856
0.963492
0.962493
0.962826
0.95958
0.960846
0.962827
0.962289
0.963661
0.961733
0.962596
0.960925
0.961601
0.958509
0.957253
0.956909
0.958636
0.956351
0.958992
0.953591
0.957892
0.953769
0.957694
0.957967
0.956894
0.958245
0.957575
0.957309
0.95576
0.952192
0.952291
0.957977
0.958017
0.957686
0.955967
0.959927
0.956211
0.957593
0.955312
0.95848
0.956317
0.957065
0.959054
0.960088
0.958091
0.957015
0.959178
0.959418
0.956986
0.95616
0.957702
0.958161
0.959692
0.961593
0.960303
0.959651
0.961014
0.958513
0.962518
0.95815
0.958922
0.958484
0.959503
0.958855
0.957702
0.957585
0.955917
0.957901
0.962064
0.957338
0.958699
0.958067
0.957943
0.960094
0.96064
0.958101
0.959348
0.962625
0.961116
0.96232
0.959219
0.959841
0.959445
0.962347
0.962021
0.958091
0.95543
0.958197
0.959902
0.955458
0.959809
0.957371
0.959414
0.960054
0.955723
0.95677
0.956921
0.957688
0.95676
0.961025
0.959056
0.957583
0.955746
0.954876
0.955881
0.955631
0.956947
0.954613
0.955279
0.95798
0.957895
0.959755
0.958455
0.955261
0.955589
0.95202
0.95522
0.958355
0.955458
0.955838
0.955941
0.955079
0.955229
0.954884
0.953952
0.956222
0.958802
0.959334
0.960254
0.960325
0.958804
0.958488
0.958345
0.960058
0.962218
0.964037
0.963192
0.964387
0.965151
0.963047
0.965029
0.960739
0.961124
0.957228
0.958338
0.957308
0.959421
0.961249
0.962739
0.962456
0.960059
0.961923
0.961914
0.962528
0.959842
0.964238
0.963381
0.962326
0.961682
0.959233
0.959902
0.959882
0.954934
0.95801
0.957611
0.958705
0.958685
0.961586
0.958894
0.96098
0.960651
0.959937
0.96019
0.957898
0.962799
0.957799
0.959477
0.962272
0.960141
0.959002
0.961254
0.959644
0.959716
0.957067
0.954911
0.955913
0.954697
0.955381
0.956474
0.955542
0.956379
0.956478
0.956039
0.959935
0.959239
0.960374
0.960781
0.960246
0.958952
0.958148
0.959884
0.958135
0.959269
0.95838
0.95798
0.958838
0.96121
0.956179
0.959647
0.959241
0.960916
0.960542
0.961498
0.959932
0.958687
0.958207
0.959217
0.958712
0.960425
0.95924
0.961736
0.96387
0.962681
0.963658
0.966212
0.959169
0.958424
0.960902
0.96143
0.960694
0.961242
0.960076
0.959359
0.958407
0.958217
0.958076
0.95828
0.960765
0.959067
0.960996
0.961014
0.96082
0.95907
0.959214
0.95943
0.95901
0.958103
0.95908
0.955793
0.954572
0.955644
0.958864
0.956312
0.954597
0.957714
0.956958
0.955431
0.956543
0.955478
0.956279
0.958937
0.954578
0.955361
0.958869
0.959437
0.957409
0.960153
0.955431
0.955312
0.956204
0.953525
0.953627
0.957529
0.955455
0.958271
0.958061
0.956811
0.953803
0.957533
0.955712
0.954771
0.956633
0.957914
0.959699
0.957845
0.957206
0.957735
0.957672
0.955535
0.957951
0.956027
0.955302
0.95442
0.952234
0.954659
0.95738
0.957739
0.956699
0.954343
0.95816
0.958027
0.958285
0.959045
0.958948
0.957545
0.95899
0.956665
0.955444
0.955525
0.955243
0.95528
0.957203
0.95535
0.956319
0.958574
0.958715
0.956584
0.956009
0.956682
0.958761
0.956432
0.953144
0.957404
0.957745
0.956692
0.956314
0.957952
0.955086
0.95497
0.955044
0.954029
0.956226
0.951802
0.953298
0.956324
0.955299
0.957928
0.955192
0.954045
0.956343
0.957265
0.957439
0.95549
0.953631
0.957308
0.956385
0.959281
0.956383
0.955691
0.957729
0.959614
0.960745
0.959023
0.960879
0.961081
0.960097
0.959576
0.96155
0.960289
0.958688
0.959347
0.960958
0.958047
0.95899
0.959749
0.955881
0.95942
0.954849
0.958744
0.957467
0.958038
0.957547
0.957696
0.95894
0.959424
0.958365
0.960014
0.960893
0.957623
0.960575
0.956876
0.95453
0.956012
0.95377
0.953886
0.956558
0.956868
0.958833
0.956675
0.954744
0.960484
0.958137
0.955738
0.954101
0.953159
0.952885
0.954606
0.954679
0.956896
0.95226
0.956155
0.955329
0.95464
0.954644
0.956448
0.954972
0.954612
0.955416
0.949631
0.948675
0.951204
0.952421
0.953557
0.951802
0.952894
0.95071
0.952914
0.952688
0.953855
0.951435
0.954234
0.954043
0.955124
0.952975
0.952817
0.952088
0.956555
0.955712
0.951922
0.950735
0.948902
0.950314
0.952612
0.949124
0.952171
0.951916
0.954107
0.951688
0.954058
0.953205
0.954538
0.953491
0.950056
0.954894
0.954085
0.953477
0.956673
0.959177
0.954712
0.952229
0.953333
0.953589
0.952643
0.955643
0.957856
0.956724
0.960277
0.955722
0.956715
0.956759
0.956118
0.95661
0.957398
0.958671
0.957698
0.959869
0.959765
0.960721
0.960021
0.958315
0.953692
0.958281
0.958637
0.958565
0.9595
0.95811
0.958982
0.958717
0.959355
0.957051
0.955935
0.956757
0.952181
0.953764
0.953492
0.952579
0.953018
0.952157
0.952122
0.954651
0.954028
0.956961
0.953217
0.955443
0.957037
0.955259
0.957993
0.957545
0.955145
0.955251
0.954662
0.954901
0.955658
0.952238
0.950317
0.951812
0.953726
0.951179
0.954057
0.956448
0.96055
0.957432
0.95633
0.955312
0.956206
0.956187
0.954317
0.956412
0.952471
0.955832
0.954373
0.956401
0.955271
0.955678
0.955668
0.956134
0.955646
0.956828
0.960395
0.956577
0.958509
0.958541
0.961084
0.957854
0.957244
0.956809
0.955983
0.956509
0.956023
0.954133
0.956569
0.954264
0.953768
0.953617
0.956092
0.954715
0.953957
0.953406
0.95271
0.953068
0.95228
0.951435
0.952019
0.952315
0.952643
0.949926
0.951837
0.954808
0.952407
0.953199
0.951654
0.950637
0.95116
0.952266
0.951714
0.951259
0.953369
0.953883
0.95347
0.950556
0.950593
0.953639
0.948743
0.951357
0.951529
0.951676
0.950298
0.951609
0.952785
0.95434
0.956144
0.957485
0.9546
0.957037
0.954966
0.954463
0.958015
0.952252
0.955494
0.955563
0.954251
0.950219
0.950326
0.952408
0.952806
0.951957
0.952958
0.952006
0.952157
0.950232
0.950967
0.951777
0.953395
0.952686
0.952635
0.952452
0.953709
0.951475
0.950369
0.945883
0.950264
0.945442
0.94791
0.947081
0.947478
0.947993
0.948524
0.945664
0.950082
0.948418
0.951805
0.950239
0.950914
0.949584
0.952574
0.95344
0.953945
0.953246
0.953041
0.950981
0.953855
0.95336
0.952843
0.949632
0.954111
0.950391
0.951388
0.949303
0.95165
0.950133
0.94545
0.946727
0.943299
0.943566
0.948353
0.946197
0.948142
0.953314
0.952011
0.95334
0.957731
0.955465
0.953925
0.949738
0.949674
0.951878
0.953141
0.953474
0.952281
0.949994
0.951514
0.947286
0.950338
0.951338
0.950928
0.952974
0.955736
0.951437
0.953
0.951654
0.952177
0.950747
0.951266
0.952062
0.952875
0.952718
0.950798
0.950973
0.950438
0.949399
0.949425
0.948924
0.946235
0.949776
0.94784
0.948253
0.952092
0.952787
0.953544
0.951418
0.951417
0.951519
0.95387
0.956772
0.956164
0.954222
0.955046
0.957423
0.956445
0.956512
0.957452
0.955865
0.953091
0.956314
0.954359
0.953311
0.950379
0.951345
0.952066
0.952742
0.951791
0.952673
0.954018
0.953594
0.954239
0.95408
0.952273
0.949291
0.951831
0.949252
0.951198
0.955999
0.952595
0.950368
0.952183
0.95256
0.95242
0.954296
0.950957
0.953008
0.955338
0.951504
0.952541
0.953775
0.951952
0.952372
0.955204
0.958406
0.956504
0.955681
0.952499
0.956563
0.952425
0.953282
0.947905
0.949193
0.950439
0.954342
0.949354
0.949096
0.948538
0.950064
0.950892
0.951645
0.95197
0.951934
